# # time shift (tau) HDelta HGamma HeII4685 HBeta HeI5875 HAlpha HeI5015 OI8446
-1.000000000000000000e+01 3.048165567354169797e-02 1.505505457989696483e-01 6.699546506549371172e-02 1.121386139687328976e-01 -3.475610243731932503e-01 -2.403701198495502289e-01 -2.735973449414793590e-01 -1.327128269926101112e-01
-9.000000000000000000e+00 -1.858986072563451053e-01 6.755820790335012593e-02 -1.664444417929543396e-01 7.843491767196059117e-02 -3.384659917015150343e-01 -1.296427229185568852e-01 -2.692551160335164839e-01 1.239634987368831709e-01
-8.000000000000000000e+00 -3.731570911514498490e-01 -6.995484751064134921e-02 -8.856342285245755175e-02 -4.452662737003489080e-02 -3.721919487010085237e-01 -2.311851590472190909e-01 -3.218116469941397217e-01 2.040227885918270700e-02
-7.000000000000000000e+00 -3.628698007416270577e-01 -2.592018050106839056e-01 6.963553360172058948e-02 -2.898647131407160460e-01 -5.256797707063547431e-01 -3.534833499889639685e-01 -5.559897285276358403e-01 -3.028714100991971581e-01
-6.000000000000000000e+00 -1.666375812020710057e-01 -1.493201680675629306e-01 2.785569487397968613e-01 -1.100576796494308895e-01 -2.695707642904111023e-01 -2.145662066867092543e-01 -5.352617963759588315e-01 -1.777274777478728696e-01
-5.000000000000000000e+00 4.463386312551785584e-02 3.674512973028578461e-02 4.398391719958733015e-01 1.632572617335206200e-01 -7.228704593409680801e-02 -1.162932884232120712e-01 -4.565703030469946966e-01 -9.564057272805054355e-02
-4.000000000000000000e+00 2.167172354558853375e-01 1.446780116352387735e-01 4.643051590385181004e-01 2.314664453198810867e-01 -1.482020630570446418e-02 -1.795051343247059117e-01 -6.272479885284177881e-01 -1.083191095866007647e-01
-3.000000000000000000e+00 3.813858121784235999e-01 3.279992781299851390e-01 5.383339246794039967e-01 4.462317936354009418e-01 4.093280140424655489e-01 9.448710532662962791e-02 -4.333870674001683021e-01 1.334860983294740289e-01
-2.000000000000000000e+00 6.310951458101297096e-01 4.899528329097921908e-01 6.660233102076728029e-01 6.069490960986692052e-01 5.835034459962786801e-01 2.902483570188169049e-01 -3.013756500161319241e-01 7.759073572590977075e-02
-1.000000000000000000e+00 7.661849822800004262e-01 6.239534054835352839e-01 7.294096021172458144e-01 6.776621917514755733e-01 6.294705479948262683e-01 4.942359087438971121e-01 -2.265480013898575340e-01 2.056259066843364181e-01
0.000000000000000000e+00 8.410068472632965531e-01 8.285158195536043158e-01 7.823174639553934773e-01 8.043933025153292560e-01 7.932273292551822452e-01 7.794866202111983000e-01 1.069274483907660250e-01 5.452649968385332446e-01
1.000000000000000000e+00 8.527574454329612808e-01 8.476307484079464993e-01 6.209695895288724898e-01 8.194132842141517159e-01 7.505802716025392618e-01 7.288814626667743379e-01 1.528636650130892338e-01 4.784401169097319828e-01
2.000000000000000000e+00 7.450298588397961108e-01 8.136988819548894858e-01 4.599157874687667125e-01 8.012985773811408530e-01 6.784895201396777820e-01 6.199957664694961679e-01 7.959056374404127610e-02 4.813081504303585723e-01
3.000000000000000000e+00 5.026652973018954640e-01 6.517859509230476966e-01 1.132277755473526382e-01 8.208139195179928738e-01 6.630328245981428337e-01 6.428447663573895188e-01 1.136100187083528279e-01 6.102326966550510878e-01
4.000000000000000000e+00 3.691175593411211708e-01 2.439198367017237634e-01 8.120245441944035081e-03 5.059601061622037710e-01 3.990037797375735606e-01 3.557047047652644456e-01 4.072420684083896680e-02 3.067740691988469770e-01
5.000000000000000000e+00 3.397737644812504065e-01 3.399194727190746335e-01 2.168096420732748553e-01 4.514593069385752777e-01 2.233579863405373289e-01 3.861668175445382989e-01 1.637036660923633230e-02 3.771570681045446349e-01
6.000000000000000000e+00 2.874007904766673338e-01 2.870529259365928731e-01 2.666105432067644165e-01 3.065721302347015342e-01 1.043138301484376473e-01 1.688875564837036825e-01 1.555437621074642202e-02 1.467873929204407957e-01
7.000000000000000000e+00 2.815327916556850663e-01 2.389741300257425261e-01 2.192789959379191356e-01 1.249090827604633774e-01 4.359546740555014788e-02 2.004717883624324015e-02 -5.361732779689823425e-02 -2.452243244972585057e-02
8.000000000000000000e+00 1.681287702476528256e-01 2.753013243963191581e-01 1.197017092570100971e-01 1.925182941033052042e-01 -1.055716635029618350e-01 8.439043220734432360e-02 -1.779560148342785308e-01 3.646018804240299671e-01
9.000000000000000000e+00 -9.037411445754534034e-02 -1.556137380832577077e-01 -1.843186579199110886e-01 -8.793596861365479689e-02 -1.504876293240944851e-01 -1.225187118397190189e-01 -3.575646035224916419e-01 -1.890191944511299127e-02
1.000000000000000000e+01 -3.891882246808811008e-01 -4.466550236203093993e-01 -1.305248894049582664e-01 -3.976717405473422784e-01 -2.852426745623312110e-01 -2.104315840351062561e-01 -4.557160767109547650e-01 -3.880707841086286081e-01
1.100000000000000000e+01 -1.971808006055976725e-01 -1.535910576692205431e-01 9.814385318406794456e-02 -1.288120097792447294e-01 -3.591306294948769240e-02 6.419079546796598035e-02 -4.100550944901071859e-01 -6.009076299082914685e-02
1.200000000000000000e+01 3.165652215294777888e-02 -4.073311108999609631e-02 3.499139326699853836e-01 -6.043522638223832594e-02 1.572663764169149048e-01 4.856120837895874093e-02 -1.518781805804564899e-01 -1.832700530608954992e-01
1.300000000000000000e+01 2.016782948390102581e-01 2.000826574344474196e-01 6.015231848313270513e-01 1.303610038238836311e-01 2.034599891168749619e-01 6.538813406011953488e-02 -3.834212152019059183e-01 1.016878124801908201e-01
1.400000000000000000e+01 4.052939392164873755e-01 2.895344670469822135e-01 6.113002289617185392e-01 3.657468422682348397e-01 4.620394283618086129e-01 6.183949201335420254e-02 -3.017539271566035269e-02 1.080528964540658915e-01
1.500000000000000000e+01 4.688998314614598595e-01 3.735452582956550471e-01 7.254898368548747811e-01 4.807077439534396257e-01 5.347204098949790430e-01 1.426607064774521594e-01 2.450456375247376251e-01 -6.707208785329688006e-02
