# extraction with python 
#  import numpy as np 
#  data = np.loadtxt(velodelaymap_Cont5100_HDelta_ICCF.txt) 
#  timeHist = data[1:,0] 
#  velocityBoundaries = data[0,1:] 
#  velocityDelayMap = data[1:,1:]
0.000000000000000000e+00 -9.600000000000000000e+03 -9.200000000000000000e+03 -8.800000000000000000e+03 -8.400000000000000000e+03 -8.000000000000000000e+03 -7.600000000000000000e+03 -7.200000000000000000e+03 -6.800000000000000000e+03 -6.400000000000000000e+03 -6.000000000000000000e+03 -5.600000000000000000e+03 -5.200000000000000000e+03 -4.800000000000000000e+03 -4.400000000000000000e+03 -4.000000000000000000e+03 -3.600000000000000000e+03 -3.200000000000000000e+03 -2.800000000000000000e+03 -2.400000000000000000e+03 -2.000000000000000000e+03 -1.600000000000000000e+03 -1.200000000000000000e+03 -8.000000000000000000e+02 -4.000000000000000000e+02 0.000000000000000000e+00 4.000000000000000000e+02 8.000000000000000000e+02 1.200000000000000000e+03 1.600000000000000000e+03 2.000000000000000000e+03 2.400000000000000000e+03 2.800000000000000000e+03 3.200000000000000000e+03 3.600000000000000000e+03 4.000000000000000000e+03 4.400000000000000000e+03 4.800000000000000000e+03 5.200000000000000000e+03 5.600000000000000000e+03 6.000000000000000000e+03 6.400000000000000000e+03 6.800000000000000000e+03 7.200000000000000000e+03 7.600000000000000000e+03 8.000000000000000000e+03 8.400000000000000000e+03 8.800000000000000000e+03 9.200000000000000000e+03 9.600000000000000000e+03
-1.000000000000000000e+01 -4.379687916738254083e-01 -1.434362613737254766e-01 -6.759814823033637177e-02 -3.273132563121083916e-01 5.015664000330555955e-02 5.267997488296157771e-01 3.731764288003740493e-01 2.450850426623752409e-01 6.578020825028531027e-01 3.245032806528698188e-01 1.455570756543496935e-01 8.808742341576769608e-01 3.255778467193574249e-02 1.351319497790267332e-01 3.235970626167429254e-01 -1.629121295937019931e-01 -2.236498320266606943e-01 -4.382085343374406139e-03 -1.518893274512725378e-01 1.240867961883561493e-01 -3.770054627705356209e-02 -2.809366655564554671e-01 -3.712437205682552754e-01 -2.432704069583104256e-01 -3.843272110411584119e-01 -4.500197558128674613e-01 -1.262756498339151490e-01 -1.999510429434500358e-01 -1.088607690104992920e-01 2.450690242659763207e-01 2.947507080562954962e-01 2.017711813518782704e-01 1.858266305391270967e-01 2.573216905250613196e-01 1.113650050954906323e-02 5.216193206728412246e-01 -6.143861269425447691e-03 -3.327630623056027637e-01 9.085984250805329010e-02 2.454877913913209309e-01 2.301493803938784999e-01 -1.138296469758981883e-01 3.703362241416656153e-01 2.752961483511146001e-01 -2.538359255623649502e-01 -4.309335919850531549e-01 -1.000684588038661393e-01 -6.880460023865554442e-01 -7.108253576668579488e-01
-9.000000000000000000e+00 -5.038814592102295320e-01 -3.285426687789744782e-01 -2.301142512343429813e-01 -4.904365074005078151e-01 -1.473118555153038745e-01 3.077231315203926010e-01 2.776224445367174720e-01 -6.814216575643176899e-02 2.931269453682627812e-01 -3.571424445425387673e-03 -1.160243864161826233e-01 4.120560521906531104e-01 -1.310179213114601449e-01 -7.764699852796583257e-02 1.356400617441909096e-01 -2.852483454640496463e-01 -2.836500248242906225e-02 1.100072404726398362e-01 -1.241439344442626658e-01 2.341636676019198116e-01 -7.372579677965310219e-02 -3.024116957048818000e-01 -4.282518649397515920e-01 -3.226556473624291876e-01 -3.814242460340309115e-01 -5.881103266012582820e-01 -1.974767890929218506e-01 -2.826109804986678409e-01 -1.496250974605463080e-01 1.425658758499478707e-01 3.046432023517825494e-01 2.446230997643261684e-01 6.950134938024062070e-02 1.474785730584723675e-01 -9.105731049254352227e-02 1.190873758066099686e-01 -2.682896437062391448e-01 -2.845228115341899011e-01 7.871223118904849270e-02 2.330561043060124515e-01 5.527604416171665036e-03 -1.846675513105229816e-01 2.130961363312493528e-01 1.643571339741597970e-01 1.330256307388790749e-01 -2.719971692554910003e-01 -2.579273325979468678e-01 -5.916681340360121499e-01 -6.332312301886651174e-01
-8.000000000000000000e+00 -6.277683783722184385e-01 -4.964984451464826698e-01 -4.135134828834023946e-01 -7.114993044836712688e-01 -3.554054992916653166e-01 -3.015010349757281383e-02 4.875672589152660330e-02 -1.824651693794125951e-01 -9.906338350078423838e-02 6.407961525988877666e-03 -2.144895391871130819e-01 2.012021042128611381e-01 -3.178630281896743237e-01 -2.919708065608279113e-01 -1.361508130884089840e-02 -5.030469715825311994e-01 -2.549154948882406124e-01 -5.106795262199596147e-02 -9.434048487810195449e-04 2.554629912564679861e-01 -2.057076463743181816e-01 -6.409538233917014827e-01 -3.263081481223805147e-01 -2.287573859689857325e-01 -4.681646227750448919e-01 -6.896005799884813436e-01 -3.826050273479683073e-01 -3.008653315996884792e-01 -1.214473409948440552e-01 1.685538718306454076e-01 2.945791978044316473e-01 8.570062098042674492e-02 9.296577788614002191e-02 1.291910515563580164e-01 -1.004512620691145053e-01 1.770390017110422543e-01 -3.179479952783412222e-01 -2.282145552616380024e-01 7.719864838561310560e-02 9.173620770486835829e-02 -1.361832145371574543e-01 -2.785193062655931806e-01 1.288620633202564314e-01 -7.893318667494236829e-03 2.192944891082988512e-01 -1.538690763089295699e-01 -9.526020933342073393e-02 -4.879583109391192330e-01 -6.125563279965684504e-01
-7.000000000000000000e+00 -6.870156827835091073e-01 -5.842955714638862208e-01 -5.454474151648359692e-01 -6.973521453709651263e-01 -3.739457955754433849e-01 -1.522971487956751580e-01 -4.824412618051844570e-02 -3.210216765949594486e-01 -2.160358037776908824e-01 -6.964248318665521020e-02 -3.767708451885623533e-02 -6.394972391602612993e-02 -3.573570337566552846e-01 -2.085795179952363021e-01 1.183657845124133634e-02 -3.889747327176009684e-01 -3.448943204056268974e-01 -1.730722753672385428e-01 6.812221209702115643e-02 3.132370150105898143e-01 -2.121036089945858572e-01 -5.544086991394189257e-01 -3.270019099282462371e-01 -1.752052644727516983e-01 -2.992245323073112195e-01 -6.477916262533784941e-01 -3.700867158381087596e-01 -3.442221186035797631e-01 -1.351833443723247097e-01 1.022454980632928473e-01 3.939201610578239587e-01 1.510027806048588606e-01 1.855055061368332536e-01 2.794494243996091254e-01 6.720088467982479608e-02 2.119557830698944600e-01 -9.719022429533821783e-02 -1.230416104614536765e-01 1.118729597360428041e-01 2.136636637282831319e-01 -1.103244652043980367e-02 -7.478607470577491867e-02 6.009319527044790221e-02 5.038869126674363347e-02 2.417085675183466842e-01 4.810042677931471167e-02 1.340672650610930661e-01 -3.731520535027030294e-01 -4.989230769178737424e-01
-6.000000000000000000e+00 -7.056331007733877003e-01 -5.956133264757449419e-01 -5.223367452861301663e-01 -7.089716739193421269e-01 -4.470839567614399712e-01 -2.360290370166207297e-01 -1.049843174842711585e-01 -3.237905009733248463e-01 -2.253190122899149661e-01 8.448259508423283659e-02 7.783007616548534569e-02 -1.015473913163372766e-01 -3.475757649196424826e-01 -2.707219132228645408e-01 5.964971370457739647e-02 -3.690297633576716252e-01 -1.710004223586303329e-01 -1.008257719941720587e-01 1.807881142645925698e-02 3.820538065512381065e-01 1.905559527918453122e-02 -3.390816879940475870e-01 -1.465433428183857967e-01 -9.432287490386312423e-03 -1.667123617135754521e-01 -6.144515210926048132e-01 -2.608688055881314694e-01 -1.005606528267606048e-01 1.190885791510810227e-02 1.939884920340819441e-01 4.481788416539128628e-01 1.179711324079246726e-01 2.204224568987001864e-01 2.867071226573230103e-01 1.552292395905241484e-01 2.707484480622243672e-01 -9.408162600798783415e-02 1.338719272405563820e-01 8.456466668441450785e-02 2.035786550613415957e-01 -1.487621404163345096e-01 -2.212644909955003292e-01 1.367375686487226349e-01 -1.220011933898989820e-01 3.723169159198552736e-01 2.062544615075146137e-01 2.304933373088206283e-01 -1.337519971471137770e-01 -3.463720152583771861e-01
-5.000000000000000000e+00 -7.223790845690328810e-01 -6.249713586153382572e-01 -5.915047550512565477e-01 -7.835614618622859240e-01 -5.740509782476136413e-01 -1.565220496645229609e-01 -1.451768929705593569e-02 -4.366440956142552121e-01 -3.405019025864119420e-01 -6.552859400598264050e-03 1.464284588119721224e-02 -3.205691249966141632e-01 -5.118498174280856627e-01 -4.205059166271595816e-01 -9.894238468083307869e-02 -4.486647649934895066e-01 -1.247547722012150445e-01 -1.742228700898758309e-02 1.472635665765926749e-01 4.689258484226414003e-01 7.832653309023407395e-02 -1.598228748537283694e-01 4.521021725742034592e-02 2.141031379880921626e-01 -3.451312076406642948e-03 -5.119807847220406716e-01 -2.899977297300213586e-01 1.152311639974649971e-02 1.819349794693991273e-01 2.998125007439920719e-01 5.182847686381550911e-01 5.731261419590141792e-02 1.049601952135178762e-01 2.011786874487256349e-01 4.630706465790890292e-02 1.877993060997777408e-01 -1.808062496735409475e-01 2.003536440249505807e-02 -8.487527736983974114e-02 1.011642062872449011e-01 -3.484684032142836285e-01 -3.470957730117070206e-01 -1.748806785491023030e-01 -1.753661285894337896e-01 4.619738098127363912e-01 2.236798264998150487e-01 3.541263533908393657e-01 -1.023908518011897306e-01 -2.468513322646523345e-01
-4.000000000000000000e+00 -7.258144853616262937e-01 -7.023130346871123697e-01 -6.245843501849051016e-01 -7.818663725612843285e-01 -6.445900808618433286e-01 -1.893756909799341748e-01 -1.323134282559915720e-01 -4.327032368227219372e-01 -3.823142771325068190e-01 -1.089208875790338149e-01 -1.050353431755086109e-01 -3.753404553567225022e-01 -4.350177545071349794e-01 -4.534556306685244009e-01 -8.228825932044805946e-02 -4.273303722108407476e-01 -1.041435280286975434e-01 1.881747536418157743e-03 2.969452613382614348e-01 5.163187165877668461e-01 3.112698752878455960e-02 -1.689324281845076547e-01 1.421492205119089802e-01 2.886945104450000521e-01 1.311433680068566643e-01 -3.043797171257114909e-01 -3.381524433049890588e-01 1.251280349326713837e-01 2.798120787512878849e-01 2.773075380969238779e-01 4.599905963244882434e-01 -1.645583724468777376e-01 -8.343744235725612801e-02 1.630104335655742642e-01 3.637458862049254560e-03 1.199754258633430465e-01 -2.226024213984792721e-01 -7.673005389440096247e-02 -1.598383867455580032e-01 -1.838938425463741144e-01 -1.915635064270194421e-01 -2.786998782618894666e-01 -4.787639319015618566e-02 -2.306128454518870108e-01 2.817371843305246371e-01 1.728228899170133892e-01 5.531165026285421726e-01 1.106260255199852660e-01 -1.156348824574737755e-02
-3.000000000000000000e+00 -5.995067351886850249e-01 -5.616690594173826545e-01 -5.411202737416117570e-01 -6.139007960811949660e-01 -5.582182453208691664e-01 -1.800544096706885588e-01 -1.666027401621534842e-01 -6.068511098730894338e-01 -4.789591729671045517e-01 -1.999905443280109441e-01 -4.084783304317526204e-02 -4.474506242644704090e-01 -4.442820812370876227e-01 -4.934544178537419445e-01 -5.073136051478013830e-02 -2.680754641564231933e-01 5.835267468396294899e-02 -8.056081111422848384e-02 6.032589956269992365e-02 3.836767300334499864e-01 -4.732151852846248896e-02 8.063838795388351965e-02 8.288032388996952049e-02 2.669205762540534654e-01 2.579781493094537859e-01 -8.411163567139148811e-02 -6.729320969814203690e-02 2.318200716374733683e-01 4.073469252661983120e-01 2.389196866193983582e-01 4.254300298838667449e-01 -1.336139797451708633e-01 -4.003730049338522640e-02 1.648678047069158936e-02 -2.842223112533442952e-02 -7.219884862696046568e-02 -4.011712671337351321e-01 -5.275606906212653574e-02 -3.433346897975473877e-01 -2.622897469461539233e-01 -2.694692345825380198e-01 -1.654347958976163657e-01 -2.809748109182648168e-01 -3.274819039587090752e-01 5.029974425897123513e-01 2.992754978105172103e-01 4.294651773307668896e-01 2.765958899014609451e-01 1.560780920364505386e-01
-2.000000000000000000e+00 -4.326838138090789432e-01 -3.749808756348783079e-01 -4.352772476968149729e-01 -4.569260960995353282e-01 -4.603199982836065907e-01 5.355098409672365278e-02 -8.420844622813723757e-02 -5.338548685338821986e-01 -5.310889370608076199e-01 2.696955471442830446e-02 -1.475083667069763405e-01 -2.876035961033795996e-01 -9.777104483749804453e-02 -1.654635356433593885e-01 1.604084105987941267e-01 -4.827547208301570525e-02 4.134701261928718230e-01 3.324270480540496564e-01 4.102586037436696809e-01 5.765761532075039941e-01 2.239007083182396607e-01 3.309999846906899190e-01 3.367467895260334854e-01 5.155549011552071903e-01 4.430783665346159639e-01 6.688531632596385335e-02 1.174982578279442635e-01 4.481270628310727311e-01 4.347825205127465731e-01 4.184114224280794936e-01 5.351669702204818746e-01 -1.271095300834876596e-01 5.233615487666491012e-02 8.519767687529404554e-02 -7.409061874467930131e-02 -5.489655359108295413e-02 -3.139582598236638766e-01 -3.452182281563745403e-02 -4.468004917655863384e-01 -2.266590640145498825e-01 -1.907817899059730538e-01 -1.779725473748347553e-01 -4.857789672016641913e-01 -3.884125376094754722e-01 5.653160212716379363e-01 3.775892826383090428e-01 3.055694638242225092e-01 1.975989641609436909e-01 5.679651822826337071e-02
-1.000000000000000000e+00 -3.234173198905722635e-01 -1.919100107724905357e-01 -2.672168859528410434e-01 -2.776935721443921645e-01 -2.229893662950723499e-01 7.627645849428353608e-02 -7.660591365531302377e-02 -5.418980644529185486e-01 -4.794325314893309042e-01 -3.294513143760709889e-02 -1.312696776022515555e-01 -2.897935006734327912e-01 -1.169130881312993586e-01 3.380894986517176543e-02 1.690704649961446426e-01 1.888778173165867602e-01 4.379707748300067927e-01 2.361166045106775913e-01 3.775793341887239696e-01 6.169931097510104046e-01 3.819755240988748080e-01 4.114660644365794595e-01 4.571602791500306573e-01 6.203591265349438499e-01 6.523393200593115004e-01 3.532106684625035964e-01 3.921908929824110546e-01 5.565504088672679206e-01 5.331380667100173998e-01 5.031670041491945744e-01 6.020197491453904703e-01 1.651287676089870926e-01 3.993738752653115398e-01 3.249895729656195331e-01 5.656063673707485695e-02 -2.301378372999383637e-01 -1.902218132309743681e-01 -3.352253199156660091e-02 -1.947884403842778667e-01 -7.146990798202604300e-02 -1.723688346790825388e-01 2.362200337668130326e-02 -5.230778116515371057e-01 -1.967394434287589866e-01 4.875788136901914038e-01 3.749326983872188213e-01 2.545408084509383495e-01 1.323024247230342454e-01 7.838365797788045264e-02
0.000000000000000000e+00 -1.175377249115023559e-01 1.849986752825373559e-02 -1.695175090540206042e-02 -3.769904745232458693e-02 2.534422305371211714e-02 2.413216994155638617e-01 1.427375006281382808e-01 -3.402881797382939499e-01 -3.348431986794656590e-01 1.416935969423544495e-01 -2.941467424772869349e-02 -1.584148658281915589e-01 -1.397338849804153627e-01 1.164363172065608909e-01 3.057628272633974298e-01 3.310260329415067870e-01 4.911577185582380323e-01 3.403283009748709897e-01 3.397515968509799422e-01 6.493702317238128074e-01 5.528781925880780213e-01 5.661103063804650004e-01 5.488070298319149831e-01 7.143339691559859039e-01 7.345865261032916704e-01 5.294688829853574363e-01 5.869936370214501320e-01 7.206228338470602734e-01 7.133702912462367429e-01 7.357340963285197155e-01 7.432945713150301836e-01 4.243674394471773637e-01 4.847691547411132618e-01 3.310756270172779403e-01 1.444421530088692007e-01 -2.342409222050022555e-01 -2.246591397542035407e-01 3.865106015131299089e-02 -1.687673196928687613e-01 5.888910014912589197e-02 -1.149893649731210804e-01 -3.352242618111003075e-02 -2.342269362055717785e-01 -2.055382167960863871e-01 3.416838386266075056e-01 1.931054192178587869e-01 1.302933505509763779e-01 1.428556412001486808e-01 2.802126228217412252e-02
1.000000000000000000e+00 4.318845436524682002e-02 1.442912640573861816e-01 7.213849259406204806e-02 -3.137667807138533327e-03 7.409648564774411195e-02 2.715677991539869884e-01 3.082845044272413126e-01 -2.680267772432554096e-01 -4.091156466274507020e-01 1.710188592412750230e-01 -1.067073803137622845e-01 -4.842463737580506022e-02 -1.544650714005368630e-01 1.092746356917537881e-01 4.204330272644107858e-01 3.602994506579450529e-01 5.539301479836423736e-01 4.059539276774960515e-01 3.721488818462184156e-01 6.276610085396441274e-01 5.343890845653829214e-01 5.598401799680323698e-01 5.445853797307158572e-01 8.232173429641860274e-01 7.660280483684474007e-01 6.345470530445792567e-01 6.662086595594268745e-01 7.618289284753043678e-01 7.572279883290975455e-01 8.122685332551192738e-01 8.569329520030386504e-01 5.303580800402108997e-01 4.835148064528268508e-01 3.968188702503299137e-01 1.693329665985496835e-01 -1.302826935894594307e-01 -2.128851693604044693e-02 1.134132025467301658e-01 -5.616443786861508025e-02 2.044120527873702908e-01 -9.591275523131509440e-02 -8.232852366782411613e-02 -4.758694303763309486e-01 6.112595747301808463e-02 4.576362198156164740e-01 1.730932140883970349e-01 1.014558749165063306e-01 1.091935001689141316e-01 8.124990537796079881e-02
2.000000000000000000e+00 2.621283582600303363e-03 5.271417896735208775e-02 1.618208813612574681e-02 -1.600812767706804862e-01 -1.346962383833586741e-01 3.161872510274745807e-01 1.966203743832186379e-01 -2.825197437226565356e-01 -4.686683032681672190e-01 2.303036308430363166e-02 -3.928257500943425073e-01 -1.826565472445962901e-01 -2.110725108627811153e-01 -5.470364930083868038e-02 2.022309022477144225e-01 1.588662650074528504e-01 5.528562153086107323e-01 4.607637481296404935e-01 4.316096219615538354e-01 6.194644105638575926e-01 4.455677210988025494e-01 4.865046136837531399e-01 5.742149893881310918e-01 8.087149430741541467e-01 6.911542000699064658e-01 6.159067810467530046e-01 5.690485784094078126e-01 8.368106545976534694e-01 7.994282228947902080e-01 7.891752203561392953e-01 8.288060766670081181e-01 3.660168491902016097e-01 2.620852264055765768e-01 1.793897089718499149e-01 2.517622962777183587e-02 -2.159189354890794221e-01 -8.723890224893315892e-02 1.590882424891969932e-02 3.719739135748932612e-02 1.283943847079043188e-01 8.235324580591273091e-02 -3.602364868735272868e-02 -2.610695978003385043e-01 -9.902875318364645629e-02 1.783860476883173951e-01 9.352330593961388772e-02 1.567541255379880649e-01 1.739511102169179479e-01 3.123685055867400084e-01
3.000000000000000000e+00 1.892158651474050435e-02 1.023708714466056852e-01 1.168586695098922795e-01 -9.638233340794943871e-02 -1.227145287485220809e-01 2.767487641411972565e-01 1.671534767452566295e-01 -3.282885609133556759e-01 -2.287830453104189032e-01 -9.069131440661787336e-02 -2.654656172727798413e-01 -2.560388781691769200e-01 -2.343516546439523285e-01 -3.121609353861847791e-01 4.246226690733617692e-02 8.031072310488934773e-02 3.707451206614648109e-01 -3.181692602299787676e-02 6.613674386031595520e-02 2.866612686715353520e-01 1.185091345212932745e-01 3.543650402312120695e-01 4.232766105911577315e-01 5.942756062523465443e-01 6.128517453082744648e-01 5.226274326720843355e-01 4.233046891880923868e-01 7.000989057743587374e-01 7.092421651461624510e-01 5.508446972926004381e-01 5.952075459524348577e-01 2.154391985553345823e-01 3.800923725157564492e-01 -1.876620757477274748e-01 -2.943024262492016652e-02 -3.258214158423884399e-01 -4.468225326477218706e-01 -1.252588880317757614e-01 -7.526358057085144604e-02 -5.319223361509636816e-02 -2.358499309435992397e-01 -1.028465851758837424e-01 -2.889814121502408684e-01 -2.828575334086918525e-01 3.383092220285564555e-01 7.359608527084797458e-02 5.096309511887495147e-02 2.299711217222007720e-01 2.257921410397029649e-01
4.000000000000000000e+00 1.525906309248641346e-01 8.745807053814005916e-02 6.501649469232974321e-02 -7.250645868059751864e-02 -1.080368435423039175e-01 2.456208631669604403e-01 1.174140518010234335e-01 -2.403816093762141393e-01 -5.518131009603116643e-01 -8.883190185235770309e-02 -4.586124692503746880e-01 -1.295070330723031571e-01 8.425056517616980045e-02 -1.139562388257900349e-01 2.879073790726235371e-01 1.105381003127277467e-01 4.244288070227372756e-01 2.540040036113547228e-01 1.849649951889654476e-01 3.166495714420685670e-01 9.806909195018781444e-03 3.669200374232817197e-01 3.634932683523603436e-01 4.081761645646956316e-01 4.708432374813380505e-01 4.130285668677623478e-01 3.119118247924340670e-01 5.431027863496972197e-01 4.019857945826247336e-01 2.986124184981734375e-01 3.561292631307434453e-01 -2.210221506561216576e-01 1.924136893215287747e-02 -3.446979453538460136e-01 -4.782384040689145466e-01 -2.580860672988001259e-01 -3.616476915682057536e-01 -2.862078057515944907e-01 -5.598109948629546029e-01 -1.627763299744481584e-01 4.232972069986942754e-02 -1.044912118622002145e-01 -3.307416751695371748e-01 -3.697976600111146928e-01 3.514246056737935220e-01 1.193992427129247358e-01 -1.556947369798394598e-01 -2.835478180079105057e-03 7.359086548155438501e-02
5.000000000000000000e+00 1.941081693215956916e-01 2.353184576648250093e-01 1.743205182886277127e-01 9.566822833471323728e-02 4.737780453803054626e-02 2.132869169957395117e-01 1.328595276738751829e-02 -3.488256284224484083e-01 -4.795603641756105984e-01 -2.050201561595687560e-01 -4.332867142685903894e-01 -8.769601911555388596e-02 1.576544273514070282e-02 1.735810426522008121e-01 2.831520228140494422e-01 3.890442913948713999e-01 3.887342039081549960e-01 2.614106730011391266e-01 2.368978527728559935e-01 2.446262491541396078e-01 2.691773658058973506e-01 4.587781940743621001e-01 3.485715227021507490e-01 2.975641288406604135e-01 5.978792798551765264e-01 5.830026499738689694e-01 4.997857185198523178e-01 4.462278884192254491e-01 4.600634832683078157e-01 3.658523230206256471e-01 2.554277066586574940e-01 -4.230722921896440392e-02 4.475614352764398785e-01 -2.580010064634278844e-01 -4.510233138295444699e-01 -4.599160585019266834e-01 -5.015107590131842041e-01 -1.873696433270877482e-01 -3.668611245385491326e-01 -6.794132578789968679e-03 1.440300391250018130e-01 6.219690755199439036e-02 -3.744871654731993793e-01 -2.961302552614638595e-01 2.069934128644981275e-01 1.637656284552240771e-01 -2.494732425437463652e-01 -1.031396865594769729e-01 2.849858822769673616e-01
6.000000000000000000e+00 1.136530694488023380e-01 2.671048084513682475e-01 1.817866460910730064e-01 2.400430915049418246e-01 6.280572258536190611e-02 3.063090072476263304e-01 7.018828801624581171e-02 -2.450549011362706808e-01 -3.582106455271252266e-01 7.281383200968871705e-02 -1.647198808061894615e-01 7.958674350320243951e-03 3.367759991565871802e-02 4.466132994763181707e-01 4.413436879901658227e-01 5.936652380893996384e-01 3.352239991720228351e-01 3.999397519341479912e-01 2.946368699812750847e-01 3.053515503637028172e-01 6.215388508192080108e-01 5.202592990478465129e-01 3.448890023098762359e-01 3.127530027622240083e-01 5.141092181265921601e-01 5.645957837503789989e-01 5.306406245258306065e-01 3.719449872659609246e-01 4.768366485822417844e-01 4.993939578351417330e-01 2.866216722636985015e-01 1.355866042891197831e-01 4.416587562138718503e-01 1.115378110416710422e-01 -2.818716398462303707e-01 -3.421334904462861592e-01 -3.362990849997007925e-01 2.997671744320929560e-02 -2.793290247049350916e-01 -1.195528216525418297e-02 2.204766437598132123e-01 4.032747414919220230e-03 -4.654802132480483357e-01 -4.980913900514220838e-02 1.628461789118202385e-01 2.629594428035607612e-01 2.351768981289228955e-02 -1.980309896401577507e-02 2.311535476322245375e-01
7.000000000000000000e+00 8.203951343014934117e-02 3.299387589807839527e-01 1.518511611741664713e-01 4.048947764660993931e-01 1.989871124739278074e-01 4.481910741776733431e-01 2.798387249502888863e-01 -1.761823751212114320e-01 -1.047576381643286758e-01 4.056513262374265016e-01 1.569371028992207762e-01 2.353662415198360947e-01 5.055122862181219562e-02 5.661168272930793277e-01 3.775507617736653665e-01 5.138278077913348563e-01 3.449957212485594837e-01 6.325909051734728283e-01 3.106253845196235708e-01 2.813885036359809466e-01 6.951313686364649636e-01 5.799614660068260763e-01 4.020140007096166812e-01 4.309620071690651866e-01 4.715440963219936776e-01 5.143067171076066701e-01 4.913995873414923610e-01 3.464915636440297764e-01 5.205413312258139191e-01 5.860887874332992853e-01 4.676107815219314734e-01 3.784638993984535960e-01 1.282416485965042485e-01 4.392779504120171707e-01 -6.071970132140391829e-02 -2.957016922596873987e-01 -2.893603454717295631e-01 5.223169763042673913e-02 2.434273704243498926e-02 -3.885372902893756419e-02 1.660564342752397504e-01 1.691750941480253956e-01 -5.990838249337622212e-01 3.896667701610693202e-01 2.088666441845110910e-01 1.061393756637544761e-01 2.525771937963322555e-01 1.796144826437472697e-01 2.085240600997516069e-01
8.000000000000000000e+00 -1.113554875734862337e-03 1.630695535801583718e-01 -4.809725313453627749e-02 2.126689623432167497e-01 4.636284151677331350e-02 5.270090202034134474e-01 2.741622010654858332e-01 -1.511358444626742514e-01 2.609129559852934460e-02 4.298704889401474549e-01 1.894480193042157312e-01 2.866877724559928065e-01 -6.388074727363252103e-02 3.661212468581766522e-01 2.214308170710746482e-01 1.263010827969428262e-01 3.745087182103809531e-01 6.149377750930449249e-01 2.800461282936517748e-01 2.976166754784676516e-01 5.906878677952072110e-01 4.860195360710960477e-01 2.603548284037967564e-01 4.615796664984446185e-01 3.586687847256179174e-01 3.405354451727758969e-01 3.577513755929093708e-01 3.900835035941772611e-01 4.823025107667500144e-01 5.841963651413852876e-01 4.489814764731330787e-01 4.049361357760307145e-01 -2.204451604308798884e-01 4.070295225214522472e-01 2.129196827763780442e-01 -9.251598625734452908e-02 -2.888927294387761968e-01 -1.129813806675168675e-01 2.186162562076693350e-01 -2.313164163778069216e-01 1.645778475897146098e-01 2.856791329894268205e-01 -3.477759890821046640e-01 2.708953526417773316e-01 -5.230875593252852507e-02 -2.316375416140632471e-01 2.702421210624639247e-01 4.144043692946677848e-01 5.114400767636361200e-01
9.000000000000000000e+00 -4.692527984789031381e-02 -2.324695752700112195e-02 -7.657821971797437732e-02 1.214915001805502576e-01 5.684933423286411824e-02 4.083574796349959124e-01 3.791330930448753023e-01 -7.825992667042382112e-02 2.450872591402003253e-01 1.691421764211197554e-01 5.614080716763659995e-02 2.608435110994648531e-01 7.916359719709559206e-02 1.116700778878604722e-01 2.144919931604080676e-01 1.821973806332322088e-02 3.910802252496837772e-01 3.239612405128651229e-01 3.860413813236268088e-01 3.616874808234810112e-01 1.846797036477566822e-01 1.842892790912628587e-01 -5.640476848934367071e-02 3.923309059347187544e-01 3.246069073071229938e-01 1.379434097773203916e-01 1.946446422385996744e-01 2.342888829251936200e-01 2.624620752919429867e-01 4.022153691663200581e-01 3.936827132412912267e-01 5.074976117293189537e-01 -2.042272486454561609e-01 3.159433857670375378e-02 3.452342096004351046e-01 5.871445438795114269e-02 -3.775964526674830957e-01 -2.330184938328740962e-01 2.960850223536585779e-01 8.011516800833146101e-03 9.517836198444826201e-02 5.346122127649451800e-03 -1.981106402699423230e-01 7.261489383524426244e-02 2.852532683919262874e-02 -4.696926632585667338e-01 -5.102026780629673186e-02 3.690671609329639891e-01 3.391368339836596246e-01
1.000000000000000000e+01 -4.392011576670016432e-02 -3.071829757592924315e-01 -1.853540648390908097e-01 -1.189607305381204932e-01 3.722502109899533673e-02 -2.584313977777623339e-02 7.241066543579119386e-02 -1.747904523419964717e-01 -1.465902996377849432e-01 -4.949953626185447098e-01 -5.534164460754517068e-01 3.713606378440637013e-02 1.083444127663052148e-01 -4.812317365501053712e-02 2.197688411015615018e-01 -3.774574332104987939e-02 4.624442870575565800e-01 2.011714894962765565e-01 4.217308641330733687e-01 5.162298865664861625e-01 -1.778496008147220642e-01 -1.750338648584481849e-01 -2.762710704320044397e-01 5.875107744640173379e-02 1.616586957902215460e-01 -1.957512284297679983e-02 6.631974272793131342e-02 1.304996689791881881e-01 4.552671272852468198e-02 1.158952479274685810e-01 1.187759080399871658e-01 3.556723363339955868e-01 -2.099737347729952186e-01 -3.928952460851574680e-01 8.162111748322800620e-02 -1.799431553026719643e-01 -4.297730229001320290e-01 -2.769743026428910793e-01 1.636144888748010118e-01 4.338787460803632257e-02 1.207673469771386177e-01 -1.514105152930078635e-02 9.116468968228463865e-02 -1.344730141526969680e-01 5.025272465823776846e-02 -4.209921569611831393e-01 -4.364501054287978632e-01 -6.986401165567984739e-02 1.044230608834765955e-01
1.100000000000000000e+01 -8.909207565479873581e-02 -3.594584812865606605e-01 -8.453426189010325442e-02 -2.628536327461744593e-01 -1.100505962190774789e-01 -4.201409774430956978e-01 -2.297823068187577200e-01 -2.465466603012049507e-01 -4.504811276919176710e-01 -5.972839545192901722e-01 -6.233847847539988329e-01 -2.763445346252291768e-01 -3.366082070774873425e-01 -3.325486153599889194e-01 7.820586209160188332e-03 1.256120769446153473e-02 1.627966378462385455e-01 -1.132748508417728978e-01 1.508117216068680655e-01 2.004825851344902155e-01 -4.031668435979963161e-01 -3.683986702591783846e-01 -2.950287491259802053e-01 -5.695621075218962326e-02 3.842700219968406272e-02 1.717563907410434021e-02 8.596548025535440118e-02 2.252870189668618878e-02 1.262729282071413106e-01 1.607964615392930285e-02 1.044334515977719119e-02 4.145316727688740377e-01 3.052489409920986496e-01 -4.845005217030288747e-01 -6.907457311109824194e-03 -4.008163105298432893e-01 -4.346273265208788761e-01 2.088166873578179983e-01 1.781651716122850948e-01 3.377035211822388971e-01 8.076594436000289479e-02 -1.221673764649433142e-01 -1.107109797042589439e-02 -4.338258519354405429e-01 4.275518695721211015e-01 1.219397236276549001e-01 -5.551691979354216322e-01 -3.026546860158944585e-01 -9.519334942726850879e-02
1.200000000000000000e+01 -9.374396743843158020e-02 -2.497861790070403376e-01 -6.154535874064783613e-02 -2.082167785527546111e-01 -1.578843083125547886e-01 -5.504469559617195529e-01 -3.919963225667540407e-01 -1.289079208417142908e-01 -5.798460142858969935e-01 -1.531871592758636269e-01 -3.558270621584357918e-01 -2.780184104766007525e-01 -3.238354575385134493e-01 -1.887445560371559528e-01 -6.366056085916974028e-02 6.337923654270355422e-03 -1.807039957487065474e-01 -1.575608688569460070e-01 1.183483074039925892e-01 9.628601137160046342e-02 -2.126562895813517151e-01 -2.504010449802250848e-01 3.417281192268491197e-02 6.982920245728548719e-03 -4.069421524673316054e-02 -1.638335914581164759e-02 -4.846357092128632943e-02 -2.209037068107051402e-02 3.123293819858555947e-02 -7.891472100807322976e-02 4.863085414359893943e-02 1.282892796812569458e-01 3.627112232496651489e-01 -4.081396487365479553e-01 -2.670109982249782576e-02 -1.815207475135350856e-01 2.830881189702120354e-02 6.148849582169239048e-01 2.390409989920102007e-01 5.163077431663238848e-01 5.530353020940782099e-02 1.169793188731346051e-01 -1.158735079523828676e-01 -3.667572426769616922e-01 5.005705799641101406e-01 5.176093953433674733e-01 -1.125325531520446898e-01 -1.772714148094321485e-01 -2.106291379381736162e-01
1.300000000000000000e+01 -1.723322125816103279e-01 -5.547262753825767112e-02 -8.874048538950018994e-03 -2.393240764384700070e-01 -3.666316305189548652e-01 -3.770229358674118680e-01 -3.273102780928075495e-01 -6.859748052677605568e-02 -3.481723857189407134e-01 3.612506072380680666e-01 3.419988419031469440e-01 -2.972450804575867411e-01 -3.916289450411883921e-01 -3.230303783158131048e-01 -2.934886743101996487e-01 -8.943040420069339747e-02 -3.165585950705357421e-01 -3.267641353012580852e-01 -2.729581558438595734e-01 -1.392077415449713418e-01 1.772400186572793690e-01 -3.751835553820553892e-03 3.072561637875481644e-01 8.014390102971116758e-02 -1.100717087238470282e-02 -1.358338685418908343e-02 -5.988008456194346407e-02 4.723242035547062928e-02 5.475521897931665688e-02 -1.037789092646904804e-01 1.055612567686312203e-01 -1.103417978984471970e-01 4.952174555689602409e-01 6.914457819118413617e-02 2.132585547491197275e-01 1.003401977393792444e-01 3.509812626516728984e-01 7.042991805628651125e-01 2.195219928563069967e-01 3.258409820863251150e-01 -1.967285875916448268e-01 -2.260477855669792979e-02 -7.117746445691455759e-02 -4.487879971795452616e-01 4.510245281858737409e-01 6.576982638942840964e-01 3.756322007853548084e-01 4.928788378450428276e-01 1.835237778015435528e-01
1.400000000000000000e+01 -2.185810018271428234e-01 5.160087405304333852e-02 -1.494654055527393777e-01 -2.882147619542075323e-01 -3.975039049943224212e-01 -8.185927698216077797e-02 -3.441037810734350055e-02 -1.815915671595208503e-01 1.052339736248902730e-01 5.272876621528845842e-01 7.011962573834026324e-01 -2.940872192495537218e-01 -2.683777431617104803e-01 -4.431630348727524371e-01 -4.408217744090875967e-01 -2.732633306943137996e-01 -2.520966513718196356e-01 -2.856422650270977193e-01 -1.045949195999801573e-01 5.327507058738421147e-02 3.692347415602311722e-01 2.416155329642383220e-01 4.635043654944354108e-01 2.608445216843940928e-01 9.364141123636168795e-02 -6.271576725797649299e-02 -1.526506989104257361e-01 5.467946767449524681e-02 5.346482551373688691e-02 2.177803012999869614e-02 3.791784288355623533e-01 -4.499247268268488087e-01 2.455608092638535689e-01 3.515072835293593378e-01 2.625202914459732750e-01 4.763397917045080754e-01 4.911053258126712451e-01 1.965856405310418276e-01 -2.980766680185194528e-01 -3.148878161809046117e-02 -5.399635329756652391e-01 -6.088327747242960886e-01 -1.118920584099013515e-01 -4.292781271675506494e-01 2.452658559955779305e-01 3.843933067089662647e-01 6.279067969353986367e-01 6.588748525040040160e-01 3.280925464297818617e-01
1.500000000000000000e+01 -1.188395652210901543e-01 5.531725412525823060e-02 -2.362071823087736333e-01 -1.941079280091737302e-01 -1.788492223273616399e-01 1.215919072450238336e-01 5.755403852504417661e-02 -3.740151793827251603e-01 3.672519556012782127e-01 1.647192400608315371e-02 4.777332661650468548e-01 -3.073817139979939106e-01 2.495143020646774235e-02 -2.413361951096610614e-01 -1.831684211437900334e-01 -1.136076359582785800e-01 -2.448666728614248139e-02 -1.502022081675325194e-01 1.411281624766572151e-01 3.481997473371788443e-01 3.176284423283357028e-01 3.120021066844806956e-01 4.018931765594252470e-01 2.624435465081362828e-01 2.618064745994405640e-01 2.432942842680611145e-02 -8.986200782787118202e-02 1.922919630243129785e-01 1.378785335296422998e-01 1.447632938202156883e-01 3.539782027084568683e-01 -4.991769368796153961e-01 -1.069508466191330942e-01 8.020212646389068833e-01 2.230182259427231917e-01 4.207302326752082600e-01 4.109014354146421910e-01 -5.470037434785273156e-01 -6.769771010935971001e-01 -6.580362492856440815e-01 -4.663979798737420968e-01 -3.512072636961126038e-01 9.786396010620555808e-02 -2.397077537915317524e-01 -2.979588292287705942e-01 -3.073187440367103340e-02 5.791129863758772700e-01 7.103483330393564055e-01 4.342551496207133210e-01
