# time shift (tau) 	 correlation coefficient 	 number of simulations: 20000	 FR: True	 RSS: True
-1.000000000000000000e+01 3.500000000000000000e+01
-9.000000000000000000e+00 1.000000000000000000e+01
-8.000000000000000000e+00 2.000000000000000000e+00
-7.000000000000000000e+00 0.000000000000000000e+00
-6.000000000000000000e+00 3.000000000000000000e+00
-5.000000000000000000e+00 1.900000000000000000e+01
-4.000000000000000000e+00 2.700000000000000000e+01
-3.000000000000000000e+00 4.600000000000000000e+01
-2.000000000000000000e+00 4.200000000000000000e+01
-1.000000000000000000e+00 7.000000000000000000e+01
0.000000000000000000e+00 1.350000000000000000e+02
1.000000000000000000e+00 1.450000000000000000e+02
2.000000000000000000e+00 5.470000000000000000e+02
3.000000000000000000e+00 4.714000000000000000e+03
4.000000000000000000e+00 6.525000000000000000e+03
5.000000000000000000e+00 5.957000000000000000e+03
6.000000000000000000e+00 1.206000000000000000e+03
7.000000000000000000e+00 2.190000000000000000e+02
8.000000000000000000e+00 1.050000000000000000e+02
9.000000000000000000e+00 5.500000000000000000e+01
1.000000000000000000e+01 3.000000000000000000e+01
1.100000000000000000e+01 4.600000000000000000e+01
1.200000000000000000e+01 3.800000000000000000e+01
1.300000000000000000e+01 2.000000000000000000e+01
1.400000000000000000e+01 3.000000000000000000e+00
1.500000000000000000e+01 1.000000000000000000e+00
