# time shift (tau) 	 correlation coefficient 	 number of simulations: 40000	 FR: True	 RSS: True
-1.000000000000000000e+01 2.250000000000000000e+02
-9.000000000000000000e+00 1.000000000000000000e+01
-8.000000000000000000e+00 2.000000000000000000e+01
-7.000000000000000000e+00 1.400000000000000000e+01
-6.000000000000000000e+00 4.500000000000000000e+01
-5.000000000000000000e+00 7.100000000000000000e+01
-4.000000000000000000e+00 1.890000000000000000e+02
-3.000000000000000000e+00 2.730000000000000000e+02
-2.000000000000000000e+00 5.400000000000000000e+02
-1.000000000000000000e+00 1.034000000000000000e+03
0.000000000000000000e+00 1.150000000000000000e+03
1.000000000000000000e+00 1.604000000000000000e+03
2.000000000000000000e+00 5.649000000000000000e+03
3.000000000000000000e+00 1.811000000000000000e+04
4.000000000000000000e+00 7.732000000000000000e+03
5.000000000000000000e+00 2.300000000000000000e+03
6.000000000000000000e+00 5.160000000000000000e+02
7.000000000000000000e+00 2.310000000000000000e+02
8.000000000000000000e+00 2.000000000000000000e+02
9.000000000000000000e+00 5.100000000000000000e+01
1.000000000000000000e+01 9.000000000000000000e+00
1.100000000000000000e+01 7.000000000000000000e+00
1.200000000000000000e+01 2.000000000000000000e+00
1.300000000000000000e+01 0.000000000000000000e+00
1.400000000000000000e+01 5.000000000000000000e+00
1.500000000000000000e+01 1.300000000000000000e+01
