# time shift (tau) 	 correlation coefficient 	 number of simulations: 20000	 FR: True	 RSS: True
-1.000000000000000000e+01 3.350000000000000000e+02
-9.000000000000000000e+00 7.580000000000000000e+02
-8.000000000000000000e+00 2.050000000000000000e+02
-7.000000000000000000e+00 6.000000000000000000e+01
-6.000000000000000000e+00 1.370000000000000000e+02
-5.000000000000000000e+00 2.920000000000000000e+02
-4.000000000000000000e+00 3.850000000000000000e+02
-3.000000000000000000e+00 5.100000000000000000e+02
-2.000000000000000000e+00 5.690000000000000000e+02
-1.000000000000000000e+00 6.020000000000000000e+02
0.000000000000000000e+00 7.870000000000000000e+02
1.000000000000000000e+00 7.950000000000000000e+02
2.000000000000000000e+00 7.420000000000000000e+02
3.000000000000000000e+00 1.440000000000000000e+03
4.000000000000000000e+00 2.458000000000000000e+03
5.000000000000000000e+00 3.406000000000000000e+03
6.000000000000000000e+00 2.419000000000000000e+03
7.000000000000000000e+00 1.547000000000000000e+03
8.000000000000000000e+00 1.311000000000000000e+03
9.000000000000000000e+00 4.020000000000000000e+02
1.000000000000000000e+01 3.210000000000000000e+02
1.100000000000000000e+01 2.750000000000000000e+02
1.200000000000000000e+01 1.140000000000000000e+02
1.300000000000000000e+01 9.600000000000000000e+01
1.400000000000000000e+01 1.000000000000000000e+00
1.500000000000000000e+01 3.300000000000000000e+01
