# time shift (tau) 	 correlation coefficient 	 number of simulations: 20000	 FR: True	 RSS: True
-1.000000000000000000e+01 1.000000000000000000e+00
-9.000000000000000000e+00 0.000000000000000000e+00
-8.000000000000000000e+00 1.000000000000000000e+00
-7.000000000000000000e+00 2.000000000000000000e+00
-6.000000000000000000e+00 5.000000000000000000e+00
-5.000000000000000000e+00 8.000000000000000000e+00
-4.000000000000000000e+00 2.500000000000000000e+01
-3.000000000000000000e+00 4.400000000000000000e+01
-2.000000000000000000e+00 8.700000000000000000e+01
-1.000000000000000000e+00 1.050000000000000000e+02
0.000000000000000000e+00 1.620000000000000000e+02
1.000000000000000000e+00 7.285000000000000000e+03
2.000000000000000000e+00 5.136000000000000000e+03
3.000000000000000000e+00 1.052000000000000000e+03
4.000000000000000000e+00 5.620000000000000000e+02
5.000000000000000000e+00 1.726000000000000000e+03
6.000000000000000000e+00 1.301000000000000000e+03
7.000000000000000000e+00 9.860000000000000000e+02
8.000000000000000000e+00 7.910000000000000000e+02
9.000000000000000000e+00 3.420000000000000000e+02
1.000000000000000000e+01 2.550000000000000000e+02
1.100000000000000000e+01 7.600000000000000000e+01
1.200000000000000000e+01 8.000000000000000000e+00
1.300000000000000000e+01 2.900000000000000000e+01
1.400000000000000000e+01 4.000000000000000000e+00
1.500000000000000000e+01 0.000000000000000000e+00
1.600000000000000000e+01 0.000000000000000000e+00
1.700000000000000000e+01 2.000000000000000000e+00
1.800000000000000000e+01 1.000000000000000000e+00
1.900000000000000000e+01 4.000000000000000000e+00
2.000000000000000000e+01 0.000000000000000000e+00
