# # time shift (tau) UVW2 Cont1150_not_optical_calibrated LyAlpha_not_optical_calibrated HBeta_not_optical_calibrated OI8446_not_optical_calibrated Cont1460_not_optical_calibrated
-1.000000000000000000e+01 -4.758158409317352344e-01 -2.432079327541651903e-01 9.530480728060751472e-03 4.259947139501820690e-01 5.639663284233156215e-01 -1.773515066081528813e-01
-9.000000000000000000e+00 -4.708269375741748752e-01 -1.340111730749722341e-01 -1.185045115278144656e-01 2.564578075485800523e-01 5.609775259088535249e-01 -4.894312382646572035e-02
-8.000000000000000000e+00 -2.756150373008182664e-01 1.018945814419150442e-01 -1.428706894996515861e-02 1.966223154207188961e-01 4.598546915858655604e-01 1.971572557927158964e-01
-7.000000000000000000e+00 1.174704803583132978e-01 2.331938402460583259e-01 1.760516893540233774e-01 2.904242569489458581e-01 2.189147759124788761e-01 3.488956102195351350e-01
-6.000000000000000000e+00 2.113708491432449987e-01 2.710311421351110361e-01 3.142686382496147068e-01 4.461605809162845770e-01 3.160524351212261052e-01 3.909039097509503513e-01
-5.000000000000000000e+00 2.289912962261398954e-01 2.897252728530800292e-01 2.364637131467085540e-01 4.019027510080644960e-01 1.433263274806826360e-01 3.618540112338994863e-01
-4.000000000000000000e+00 2.716277166217386241e-01 1.829171811468646713e-01 7.153322185250074461e-02 2.990452962906423595e-01 6.728133046911258242e-02 2.194866142636127671e-01
-3.000000000000000000e+00 3.519474911214340862e-01 3.230908225105554310e-01 4.491383098483400088e-02 2.224699992915694091e-01 4.703114273474978679e-02 3.161174856473202843e-01
-2.000000000000000000e+00 5.640251887273703968e-01 5.660127622618920107e-01 1.255078037310419503e-01 1.850484507605006101e-01 -1.034519389618001328e-01 5.517443339295723392e-01
-1.000000000000000000e+00 7.824804897714370266e-01 8.194410083819412272e-01 4.074015052401382952e-01 3.998224558337661327e-01 1.616562627758736936e-01 8.184411685389118007e-01
0.000000000000000000e+00 9.389580477721702900e-01 9.793797674988374835e-01 7.090456113231086155e-01 6.040870809509720774e-01 3.717600675181402248e-01 1.000000000000000000e+00
1.000000000000000000e+00 8.427694512652859071e-01 7.469518479726118265e-01 8.683366946051991331e-01 7.559329519747026715e-01 4.026113963791043693e-01 8.184411685389118007e-01
2.000000000000000000e+00 6.169629525662797542e-01 4.472423006958490266e-01 8.300561991727433142e-01 7.321317096067792018e-01 3.964598572167371549e-01 5.517443339295723392e-01
3.000000000000000000e+00 4.169820280442540494e-01 2.463996063104638423e-01 5.794958742097182647e-01 6.217413456557139284e-01 3.178959026608507710e-01 3.161174856473202843e-01
4.000000000000000000e+00 3.795325112458539651e-01 1.557877789096666632e-01 4.631142649065383976e-01 3.415837414071952738e-01 1.523102103530058482e-01 2.194866142636127671e-01
5.000000000000000000e+00 4.579999400068783810e-01 3.030483463677964284e-01 4.609468215384616707e-01 3.682335084685914306e-01 2.118615279347385305e-01 3.618540112338994863e-01
6.000000000000000000e+00 4.238033977386004292e-01 3.548071179963798727e-01 4.403140652433785718e-01 3.706830751249555189e-01 1.078213327486904072e-01 3.909039097509503513e-01
7.000000000000000000e+00 3.472818830659800682e-01 3.603963502198049840e-01 2.809847190704203856e-01 3.357912726915787127e-01 2.278059418624873156e-01 3.488956102195351350e-01
8.000000000000000000e+00 1.452778723384025583e-01 2.534159503302951810e-01 1.615513189674945838e-01 4.804210387649896496e-01 5.463953599058937183e-01 1.971572557927158964e-01
9.000000000000000000e+00 -7.972989308998150448e-02 1.578032540218192448e-02 4.455699763276712438e-02 4.730523810082856162e-01 4.600239399568694099e-01 -4.894312382646572035e-02
1.000000000000000000e+01 -2.126029575204943511e-01 -1.925254243909678142e-01 -8.222502554678445819e-02 3.125363557612011456e-01 3.647336145830558651e-01 -1.773515066081528813e-01
1.100000000000000000e+01 -2.757030585501667463e-01 -9.085015717542443969e-02 -2.120212880365743291e-01 -5.536453717185444920e-03 2.413713021647037882e-01 -6.015104618219999089e-02
1.200000000000000000e+01 -1.570633289337211302e-01 -4.165921640658033082e-02 -1.961530004914455450e-01 -4.670538123889344528e-01 -8.814751056720307454e-02 4.019189775550480181e-02
1.300000000000000000e+01 -1.718098178739782544e-01 -1.804224421871856721e-01 -7.400214216583253513e-02 -4.933458344415512786e-01 -1.351069799042976249e-01 -3.415771531874236405e-02
1.400000000000000000e+01 -1.694093733890759679e-01 -1.605038989527565740e-01 -1.512038710058525026e-01 -3.802400453139785919e-01 -4.868766183768317157e-01 -1.650526165388453981e-01
1.500000000000000000e+01 9.385482980832846045e-02 -5.011556894106344862e-02 -1.368356741462908588e-01 -2.397261993608883479e-01 -5.017855556359757108e-01 -2.508204860140318404e-01
1.600000000000000000e+01 2.499139163423585996e-01 1.938126492007085089e-01 9.966193539837508997e-02 -1.832442538390634257e-03 -2.378025398908474031e-01 -2.817879601374246104e-02
1.700000000000000000e+01 6.134056920778461208e-01 3.584228347299459050e-01 3.319732601503790903e-01 1.701803746299122011e-01 -2.742031784927477234e-01 3.207966592941451922e-01
1.800000000000000000e+01 5.205538957905977426e-01 1.576486534209627088e-01 3.711603140725637795e-01 3.217386831621644738e-01 1.427554888965114066e-01 4.125432939351886819e-01
1.900000000000000000e+01 3.349758988595609166e-01 6.983615658267749993e-01 -1.845108280857981065e-01 1.791690465591520565e-01 5.942014187278511494e-01 8.519996900636881421e-01
2.000000000000000000e+01 6.803222727789693947e-01 4.470201539164536664e-01 -4.908814800129455980e-02 6.753397168658172856e-01 8.774578969419506436e-01 6.290431403323137882e-01
