# # time shift (tau) HDelta HGamma HeII4685 HBeta HeI5875 HAlpha HeI5015 OI8446 HeI4471 HeI7065 OIII5007 LyALpha
-1.000000000000000000e+01 2.117247564093764634e-01 2.254706455744391047e-01 1.182136042564431444e-01 3.020255027732547948e-01 -3.883916702116339825e-02 -1.125799467823164896e-01 4.440376279772693252e-02 1.499319933360309942e-01 -2.513903952859404545e-02 2.048051662539004114e-01 -1.094518936645796914e-02 -1.146262122032024044e-01
-9.000000000000000000e+00 4.489159179052792936e-03 1.610372604906038230e-01 -3.661034390525085003e-02 2.256318078209050282e-01 -4.418175619164767948e-02 -4.971548037675793674e-02 -4.545051372671529699e-02 2.972856272486265050e-01 -2.142572117204375182e-01 1.679791026879594029e-01 -9.835297677568621832e-02 -1.786638737378927200e-01
-8.000000000000000000e+00 -7.140703735399506202e-02 2.372694636875286381e-02 1.727226842696209796e-02 1.286101297397525788e-02 -4.532956144595390313e-02 -1.852705492445203550e-01 -2.269945271260968012e-01 1.437234858311148833e-01 -5.060949872752735779e-01 -5.879381922124014143e-02 -3.428187125665247414e-01 -1.200002932144460244e-01
-7.000000000000000000e+00 4.092996567665357216e-02 5.544499407335290453e-02 2.386401431669926132e-01 -2.739390648254525634e-02 -1.680153455061462742e-01 -2.264440089053459393e-01 -1.920863850925532135e-01 -1.191184339179012924e-01 -5.233047685773609681e-01 -3.588365475503869917e-02 -3.216236004859697739e-01 3.529307599381860394e-02
-6.000000000000000000e+00 1.551434381133525997e-01 1.942565248598434047e-01 3.950377784249076707e-01 1.515497371594008436e-01 -8.662946891495719448e-02 -1.517662124408517277e-01 -2.313785675385041651e-01 -5.554402892888881532e-02 -4.759594114169143353e-01 1.208435653344025473e-01 -3.332233968315356232e-01 1.859229788626436952e-01
-5.000000000000000000e+00 1.881738400128622479e-01 2.112085566221754696e-01 3.631248421401984672e-01 2.813889767076109272e-01 -5.714013524671018862e-02 -6.040884548421894540e-02 -2.359762616138870728e-01 -7.094387360633278017e-02 -2.325492216470124718e-01 2.287023325983226218e-01 -2.972368317991267439e-01 1.553254236038575375e-01
-4.000000000000000000e+00 1.297702056038142759e-02 1.454109030889250420e-01 1.622970376823952288e-01 3.227701041620375522e-01 -1.495783504893516414e-01 -8.295952253987738667e-02 -2.137207374838558105e-01 -2.977068925907282865e-02 -4.593170855393247098e-02 3.446492574679491661e-01 -2.624726948128588422e-01 3.515754480183161390e-02
-3.000000000000000000e+00 -1.285450439528489641e-01 -3.954368040111350818e-02 6.082012852389630242e-02 2.110131480798731474e-01 -6.901364507247570446e-02 -9.869620636573041284e-02 -3.854991996810477328e-01 -4.194198049588181154e-02 9.234651631443133862e-03 1.343603763071575807e-01 -4.296331962815596595e-01 1.695490815518094566e-02
-2.000000000000000000e+00 -2.349422291424364817e-02 -4.695781269964193622e-02 1.206422193722069269e-01 1.372355454918759710e-01 7.287613899348757696e-02 -4.819861573448107339e-02 -5.196247853436727349e-01 -1.532126441856471732e-01 -1.399850842447399324e-01 -6.356435573272846418e-02 -6.138647324257833215e-01 1.002658303743846485e-01
-1.000000000000000000e+00 2.775074977281788424e-01 1.968089470431127475e-01 4.397427504896069816e-01 2.552693560946613371e-01 2.306920596828913594e-01 6.937514601669109160e-02 -4.565505842343302034e-01 -1.858754917620225253e-02 -1.406506857100993657e-01 -1.911381729940757057e-01 -6.423391614586007048e-01 3.510325529057846117e-01
0.000000000000000000e+00 5.808708860861508949e-01 4.898510768473372523e-01 7.782690153787074072e-01 4.503629302657361499e-01 4.449115321710994664e-01 3.381357944146701766e-01 -1.797887392970564102e-01 1.277344787733107612e-01 5.735272671767064484e-02 -1.308746473321588943e-01 -4.423346962153660300e-01 6.476847019219070800e-01
1.000000000000000000e+00 7.854345678481873261e-01 6.773001012859528602e-01 8.682063840265734633e-01 5.692542791629728871e-01 4.894835815245710542e-01 4.093129903266153335e-01 -4.821969682727852979e-02 1.430019385018241329e-01 2.088811465361535002e-01 2.701931489036200618e-01 -3.369572931526315651e-01 7.749930451605215875e-01
2.000000000000000000e+00 8.076504436810315601e-01 8.044154562048420054e-01 7.613304356081860291e-01 7.310749668917431165e-01 6.675333255781611408e-01 5.505188517234889112e-01 1.168346752829274027e-01 3.044178002995161503e-01 5.264391702292626762e-01 5.731706566342188447e-01 -1.555565933826671687e-01 8.361238473919276881e-01
3.000000000000000000e+00 6.375527920566373963e-01 7.490390328921697760e-01 3.583629524856863924e-01 7.997782492912293151e-01 7.652019910279876935e-01 6.573775711777798403e-01 2.068987670649473365e-01 4.456421754343519726e-01 4.099333576056843897e-01 6.810714353395155296e-01 -6.078256978762746482e-02 6.748145284709141656e-01
4.000000000000000000e+00 4.976069545456821008e-01 5.354693046350220698e-01 1.424048464771748013e-01 6.506630181929379253e-01 6.937276412399584480e-01 6.193793529492011007e-01 2.308087636415884214e-01 4.696732308879382201e-01 2.312685037806643251e-01 5.243808308829301934e-01 -7.295719678493337024e-02 6.144411561474396599e-01
5.000000000000000000e+00 4.511004272968320850e-01 4.706191265666383461e-01 2.414358713934164902e-01 6.017593777768821539e-01 6.011982214348385867e-01 6.827054628229974886e-01 3.268487066440090016e-01 4.769182149519608505e-01 9.705777800477698170e-02 2.727794662856753982e-01 5.016760970795147712e-02 5.901428251637416134e-01
6.000000000000000000e+00 5.256720358192155107e-01 4.257941321632848775e-01 4.118973187212298104e-01 4.857245459045189673e-01 3.995029026897936597e-01 5.109331125883921354e-01 2.478609483434690286e-01 2.980971789735971100e-01 1.113786133529033606e-01 1.121046924431571834e-01 6.326925544081075936e-02 5.008324989098288382e-01
7.000000000000000000e+00 5.621893857754756141e-01 5.350404225601664843e-01 4.709026409303654348e-01 4.662427000818245570e-01 3.220706492361208317e-01 4.196750777961709145e-01 2.236123473858900867e-01 3.911704864032548579e-01 3.767072893187229932e-01 1.301914257188709935e-03 1.107507339700076060e-01 3.484895878846293593e-01
8.000000000000000000e+00 4.626501100048485138e-01 5.072005085847735018e-01 3.538582015962816185e-01 4.684436536008276253e-01 2.387711961834718954e-01 2.430217603928020165e-01 3.091580328366648756e-01 4.787984152247196645e-01 7.095924360543174325e-01 -5.873679615266795551e-02 2.879552205837637713e-01 1.677398681355651566e-01
9.000000000000000000e+00 2.809778033827562971e-01 1.714411410955474224e-01 3.771130060662543360e-02 2.617443434941011948e-01 7.766439178860663761e-02 -2.553498360316147631e-02 8.584171685948360775e-02 1.565592000495729941e-01 7.440136996648050172e-01 -1.664748339334678473e-01 7.333259782760583045e-02 -4.308580770660467435e-02
1.000000000000000000e+01 -2.489438827862237164e-03 -4.091315340690124952e-02 -2.881595408737983588e-01 1.284277894114585761e-01 -1.838535481838464089e-02 3.989526889342669136e-02 1.367680016487026751e-01 9.519553069438210779e-02 4.454048614248733440e-01 6.320310784477507250e-03 8.960913004616678779e-02 -1.328881125621579895e-01
1.100000000000000000e+01 -1.977934819924914156e-01 -2.090420340245767172e-01 -4.793017810106001697e-01 -3.701126165899682602e-02 -1.026953247953833470e-01 1.390643045020646951e-01 2.107860162652822889e-01 1.209948560905205750e-01 -1.561581299211932949e-01 -3.756796975432207669e-02 -2.128757935893252004e-02 -1.797310687094952342e-01
1.200000000000000000e+01 -2.643461578443851989e-01 -2.139915989359453541e-01 -3.214422157046005202e-01 -3.143813067921240045e-01 -3.055575415990035015e-01 7.743032593086188187e-02 6.054461235663323448e-02 -8.116273287871799552e-03 -5.639439307539688695e-01 -2.005495828527372737e-01 -3.037762489551837364e-01 -1.176630254098122719e-01
1.300000000000000000e+01 -3.139482432320422900e-01 -1.562792773225146759e-01 -7.076425145174133902e-02 -3.969163903496315537e-01 -4.083262434846074984e-01 -1.732714828019014386e-01 -2.769135777695610479e-01 -1.027561929309597916e-01 -5.908419232333059767e-01 -1.356536345300272950e-01 -4.702416796793206233e-01 -5.657900396000190013e-02
1.400000000000000000e+01 -3.353002673239344200e-01 -3.333739725107101037e-01 2.364982922899516032e-02 -3.973240307407984728e-01 -2.990000441818225219e-01 -5.619517289673052751e-01 -4.449987610154800821e-01 -4.685004850169384172e-01 -4.095994120706961672e-01 -4.924990369607310514e-01 -2.756983529763625262e-01 -2.274201441042284777e-01
1.500000000000000000e+01 -3.210450523049238059e-01 -3.842217876242229879e-01 1.991305709776630406e-01 -3.356097085999921736e-01 -2.098150363536874785e-01 -6.425419832602359271e-01 -6.283881092848798700e-01 -5.446027371407309303e-01 -1.298938369141703908e-01 -1.824666376685862290e-01 -2.808306466543251112e-01 -2.815317476324823431e-01
1.600000000000000000e+01 -9.872726682286357691e-02 -2.467271604335493640e-01 2.669992331407911590e-01 -1.096843491325969339e-01 1.289245209718271612e-01 -3.105603149575788535e-01 -4.629158094790482569e-01 -2.897216165257462950e-01 5.637539371442602115e-02 1.825788578082239433e-01 -9.836384515746308954e-02 -3.124494170834112711e-02
1.700000000000000000e+01 1.919737793690761141e-01 5.364721358731455031e-02 5.463559037398484364e-01 1.517901213265248628e-01 4.441900295018649247e-01 1.073830086087631253e-01 5.498174963844230934e-02 -1.968315006457716787e-01 1.297173719512090539e-01 5.377923411961083033e-01 1.526781513937601198e-01 2.738553943597847318e-01
1.800000000000000000e+01 4.555503836803455053e-01 5.622903018381062434e-01 4.743855131211303089e-01 4.343538171669623082e-01 5.048893340705375987e-01 4.960186357631141130e-01 2.611474247171368113e-01 2.528814048147046689e-01 8.042314543464186560e-02 8.953737475394234480e-01 -1.442543496582802398e-01 5.049478579353788854e-01
1.900000000000000000e+01 8.901734661252775904e-01 9.446409225318213032e-01 -3.170397364837479470e-01 7.885128843620481387e-01 5.419777964082312938e-01 9.513903904696449088e-01 6.056365928170647228e-01 8.736849840037200776e-01 1.512094832908248143e-01 1.479910650645356873e-01 1.748065921601160699e-01 3.909253898384208448e-01
2.000000000000000000e+01 8.516083017073687866e-01 7.666492495525432105e-01 -4.287390189393897044e-01 8.927306408442055030e-01 9.309659492780035517e-02 7.907120353317300676e-01 6.518655253905110136e-01 8.736639158615054912e-01 6.867445124968571957e-01 -4.970463736488549555e-01 4.683670370180367248e-01 6.344054424586160756e-01
