# time shift (tau) 	 correlation coefficient 	 number of simulations: 20000	 FR: True	 RSS: True
-1.000000000000000000e+01 9.770000000000000000e+02
-9.000000000000000000e+00 1.397000000000000000e+03
-8.000000000000000000e+00 4.920000000000000000e+02
-7.000000000000000000e+00 6.800000000000000000e+01
-6.000000000000000000e+00 4.200000000000000000e+01
-5.000000000000000000e+00 6.300000000000000000e+01
-4.000000000000000000e+00 4.000000000000000000e+01
-3.000000000000000000e+00 1.800000000000000000e+01
-2.000000000000000000e+00 3.000000000000000000e+00
-1.000000000000000000e+00 0.000000000000000000e+00
0.000000000000000000e+00 6.000000000000000000e+00
1.000000000000000000e+00 8.000000000000000000e+00
2.000000000000000000e+00 9.000000000000000000e+01
3.000000000000000000e+00 1.452000000000000000e+03
4.000000000000000000e+00 1.759000000000000000e+03
5.000000000000000000e+00 3.169000000000000000e+03
6.000000000000000000e+00 1.194000000000000000e+03
7.000000000000000000e+00 1.187000000000000000e+03
8.000000000000000000e+00 2.043000000000000000e+03
9.000000000000000000e+00 3.560000000000000000e+02
1.000000000000000000e+01 5.600000000000000000e+02
1.100000000000000000e+01 4.930000000000000000e+02
1.200000000000000000e+01 2.580000000000000000e+02
1.300000000000000000e+01 1.950000000000000000e+02
1.400000000000000000e+01 4.000000000000000000e+00
1.500000000000000000e+01 4.300000000000000000e+01
1.600000000000000000e+01 3.940000000000000000e+02
1.700000000000000000e+01 3.000000000000000000e+01
1.800000000000000000e+01 9.630000000000000000e+02
1.900000000000000000e+01 2.696000000000000000e+03
2.000000000000000000e+01 0.000000000000000000e+00
