# time shift (tau) 	 correlation coefficient 	 number of simulations: 20000	 FR: True	 RSS: True
-1.000000000000000000e+01 9.720000000000000000e+02
-9.000000000000000000e+00 3.900000000000000000e+01
-8.000000000000000000e+00 0.000000000000000000e+00
-7.000000000000000000e+00 3.000000000000000000e+00
-6.000000000000000000e+00 9.000000000000000000e+00
-5.000000000000000000e+00 5.400000000000000000e+01
-4.000000000000000000e+00 2.100000000000000000e+01
-3.000000000000000000e+00 2.000000000000000000e+00
-2.000000000000000000e+00 2.000000000000000000e+00
-1.000000000000000000e+00 2.000000000000000000e+00
0.000000000000000000e+00 7.000000000000000000e+00
1.000000000000000000e+00 8.400000000000000000e+01
2.000000000000000000e+00 3.038000000000000000e+03
3.000000000000000000e+00 1.120800000000000000e+04
4.000000000000000000e+00 2.272000000000000000e+03
5.000000000000000000e+00 1.083000000000000000e+03
6.000000000000000000e+00 6.700000000000000000e+01
7.000000000000000000e+00 4.130000000000000000e+02
8.000000000000000000e+00 6.260000000000000000e+02
9.000000000000000000e+00 1.800000000000000000e+01
1.000000000000000000e+01 4.000000000000000000e+00
1.100000000000000000e+01 7.000000000000000000e+00
1.200000000000000000e+01 0.000000000000000000e+00
1.300000000000000000e+01 0.000000000000000000e+00
1.400000000000000000e+01 7.000000000000000000e+00
1.500000000000000000e+01 6.200000000000000000e+01
