# # time shift (tau) Cont4010 Cont4200 Cont4440 Cont4765 Cont5100 Cont5600 Cont6045 Cont6110 Cont6880 Cont7390 Cont8015 Cont8900 Cont1150
-1.000000000000000000e+01 -5.434578322978929343e-02 6.275492501923804478e-02 1.105207171566461588e-01 1.162677539112946246e-01 1.723752442371882521e-01 7.843529540350582807e-02 1.903859826860497262e-01 3.332556642062727004e-02 4.478836479803680742e-02 3.060966097170712136e-02 -1.124921547413210154e-02 -7.470891286859279723e-03 -2.188939893250029245e-01
-9.000000000000000000e+00 5.191534538810593791e-02 1.223133966410663576e-01 1.320207338487264237e-01 1.330276562509556948e-01 1.627089968813169307e-01 7.752448072508871801e-02 1.568154226761337700e-01 2.140705767804597370e-02 6.538873315316830193e-02 8.063135818716465897e-02 -1.043740440322099561e-02 4.010614432326059520e-02 -1.788659569762749424e-01
-8.000000000000000000e+00 2.986810880679986457e-01 3.295345806789012344e-01 3.511267143726706230e-01 3.172875226714678698e-01 3.636270436891868574e-01 2.463649276479946970e-01 2.500299181866783016e-01 2.097195975680415381e-01 1.770485940367728106e-01 1.515224791854947184e-01 1.330301394582756036e-01 2.727700407981060310e-02 6.948922602636020684e-02
-7.000000000000000000e+00 4.352641636042865469e-01 4.784485842312282688e-01 5.119893138736297811e-01 4.870690938089733413e-01 4.987857671436529694e-01 4.307191274797467218e-01 4.545715082619389835e-01 3.811717787107203881e-01 3.398613122290602973e-01 2.344430963151396263e-01 1.938091392148175163e-01 1.101265509554422706e-01 2.147116974986739146e-01
-6.000000000000000000e+00 6.019489141921510189e-01 6.271141478691838467e-01 6.180058012728119055e-01 6.076219914182448001e-01 6.353734741222514248e-01 6.347511599491173495e-01 6.011600042193534499e-01 5.512400814993247966e-01 5.416953739115953903e-01 5.076264388887559154e-01 4.261525535785731233e-01 3.883853307474799399e-01 3.635490778093951603e-01
-5.000000000000000000e+00 6.581292091095189978e-01 6.383457988534643190e-01 6.461230342701755891e-01 6.210488993776184241e-01 6.555780166663894848e-01 6.565785597649625993e-01 6.354605439814694501e-01 5.682870825975363527e-01 5.564249899418018952e-01 4.780460187269547356e-01 4.771514997292672922e-01 4.001801725315164426e-01 4.461971719958917060e-01
-4.000000000000000000e+00 6.256774454286467835e-01 5.994227328344587935e-01 6.142307330782028618e-01 5.826548993229155871e-01 6.281121532952683717e-01 6.308743646426152596e-01 5.953193993146081997e-01 5.279133410237337731e-01 5.210576673079609922e-01 4.380033274562550871e-01 4.397058110796541186e-01 3.937825329720026080e-01 4.221557642641160513e-01
-3.000000000000000000e+00 7.224999117469129706e-01 6.833853332405519510e-01 6.963925747687673695e-01 6.579763212166653830e-01 6.890485934693063585e-01 6.780374495005869750e-01 6.359177603351621189e-01 6.128881007017461524e-01 6.102959111359929079e-01 5.580618785210217370e-01 5.456611261966954896e-01 5.358492961099121654e-01 5.327713829744751273e-01
-2.000000000000000000e+00 8.266146855046782038e-01 8.107432186270990826e-01 8.177287599319282840e-01 7.940628131861304784e-01 8.070377770275132256e-01 7.810223631320110105e-01 7.411173346089604541e-01 7.544366462576488352e-01 7.225652741418241432e-01 6.635888570815166032e-01 6.479252359291450825e-01 6.041355916913996316e-01 7.457536501333498213e-01
-1.000000000000000000e+00 8.882446167641218082e-01 8.841193126262429924e-01 8.938678547433189792e-01 8.668106291628953075e-01 8.845418818023755847e-01 8.891159865791029571e-01 8.245652401336390769e-01 8.363071519849125668e-01 8.213086063296273220e-01 7.725903316809397126e-01 7.465266938029910815e-01 7.328909964812581057e-01 8.218136049397097853e-01
0.000000000000000000e+00 1.000000000000000000e+00 9.843022640866820883e-01 9.821439450061780763e-01 9.801108749229255901e-01 9.786476478570099724e-01 9.646178886654602769e-01 9.425778770185267996e-01 9.692575909131525558e-01 9.551438022638432113e-01 9.197362940664419728e-01 9.085466706878732035e-01 8.825396028894618716e-01 9.067411411528938370e-01
1.000000000000000000e+00 8.803580890044078178e-01 8.856101449517901347e-01 9.041076273454580203e-01 8.887812701994990405e-01 9.080880854176706096e-01 9.235335177748307256e-01 9.346608602524930642e-01 9.155629364842139406e-01 9.103667599688961554e-01 8.644503902558686725e-01 8.514044772128952498e-01 8.379482915862823678e-01 7.631761737943733026e-01
2.000000000000000000e+00 7.926673204554383068e-01 8.105284996135128095e-01 8.115213078945548997e-01 7.850266846385449693e-01 8.235758510418280665e-01 8.248089200289986378e-01 8.591748612935270479e-01 8.334158549934269633e-01 8.884462414513021322e-01 8.922490950855831437e-01 8.723405584401484614e-01 8.994287805154291826e-01 5.601406099242594028e-01
3.000000000000000000e+00 6.748649907748769383e-01 6.847737557489220750e-01 7.108992639782186762e-01 6.419583921211523547e-01 6.911355702650190391e-01 6.720330802408787108e-01 7.423475877955025837e-01 7.196903053500713909e-01 7.748489314786670690e-01 8.030861168465226463e-01 8.022907671343915137e-01 8.230396296774276088e-01 4.753120796501072443e-01
4.000000000000000000e+00 5.198214008990466040e-01 5.758313020898100376e-01 5.794719526006222310e-01 5.328217025693536835e-01 5.668488946359959701e-01 5.319993769456005106e-01 6.196371948232364257e-01 6.009492232049302718e-01 6.325387433820761629e-01 6.692866465625705308e-01 6.067076756734426368e-01 6.673299290395504624e-01 3.529311784716890887e-01
5.000000000000000000e+00 5.839562305849734791e-01 6.390323818303312864e-01 6.223185637905036538e-01 5.932090715496332045e-01 5.938707088291168557e-01 6.088963769966214690e-01 6.256448519805685171e-01 6.431202955363658491e-01 6.796949884175923495e-01 7.245826064689694368e-01 6.690530336297295655e-01 7.406080256333555933e-01 5.022336578955330921e-01
6.000000000000000000e+00 4.846287475403179279e-01 5.427688387801843373e-01 5.369879566717068453e-01 5.290014489957451937e-01 5.113526230888394419e-01 5.273792055314654448e-01 5.574145204029783418e-01 5.672966553671738854e-01 5.555937988818051565e-01 5.467930163958429901e-01 5.343983053426762941e-01 5.691954532588170412e-01 5.063476910285761301e-01
7.000000000000000000e+00 3.304853600770741862e-01 4.156896649682698675e-01 3.973899408541952116e-01 4.229007957877412016e-01 4.036856209555145236e-01 4.478816169375497980e-01 3.980520155951571271e-01 3.956586686907010986e-01 4.344824908070097913e-01 3.883048114374885729e-01 3.839917702137061184e-01 4.434302112252213046e-01 3.959050379021928912e-01
8.000000000000000000e+00 1.971070056950303406e-01 2.427137557947507407e-01 2.405847277693907438e-01 2.378261498142317520e-01 2.428833826506094917e-01 2.450893186138578261e-01 2.152838996615927258e-01 2.094629214945263329e-01 2.580180755825325911e-01 2.387578823143402251e-01 2.373359157182073076e-01 3.245296614077414765e-01 2.824528147649356669e-01
9.000000000000000000e+00 -5.459537810018930126e-02 -3.211252844111944782e-02 4.000900190149274394e-02 -6.723974366275656256e-03 -1.501374933079421825e-02 -3.321545860600548516e-02 -4.826058879190903150e-02 -4.186104740598103890e-02 -2.824334864921526633e-02 -6.283801360409521641e-02 -7.345251468742527989e-02 -2.036632876878743947e-02 2.801019916383888642e-02
1.000000000000000000e+01 -1.601010355826997800e-01 -1.394687440892946884e-01 -1.127214296851661024e-01 -1.582636632120699716e-01 -1.655139839745571051e-01 -1.669429095129398022e-01 -1.781001782162754399e-01 -1.787955862110715555e-01 -1.213920586391049466e-01 -9.658768546046586634e-02 -8.288856126063245955e-02 -4.506976193280272380e-02 -2.418430155857838326e-01
1.100000000000000000e+01 -9.516558584682653643e-02 -1.077269644052002706e-01 -9.274420507335767727e-02 -1.490471189724818235e-01 -1.836677335822630708e-01 -1.393568201787407645e-01 -1.954077631321246566e-01 -1.349518848524486336e-01 -1.054867232845438790e-01 -4.073857593702798208e-02 -9.987789532555493149e-03 -5.383638131149422884e-02 -9.057260803888772527e-02
1.200000000000000000e+01 -8.496003401456519999e-02 -8.560681544245084262e-02 -1.450499136354838903e-01 -1.027628303949555538e-01 -1.956375365858181448e-01 -1.028150599181977959e-01 -1.479394129107903522e-01 -9.968156562252644681e-02 -1.064516528971169579e-01 -8.964754257966198181e-02 -6.848110320118015737e-02 -1.362800360073228856e-01 1.628572889010170693e-02
1.300000000000000000e+01 -1.348968254404661268e-02 -8.732780545247145754e-02 -1.375249422692017831e-01 -3.806531108078736042e-02 -8.211691888426154995e-02 -2.245593601133605635e-02 -5.885210341963197089e-02 -4.193745943575223623e-02 -9.138721638033091288e-02 -7.848401944437330413e-02 -7.515294771587305300e-02 -1.335382588156587558e-01 -4.945354075644686070e-02
1.400000000000000000e+01 -2.446389994336466839e-02 -1.388542691847712285e-01 -1.315854184440110874e-01 -7.908255217697762740e-02 -5.213124685781036355e-02 -1.179715758416726712e-01 -6.358674890917354050e-02 -8.786062231268340628e-02 -1.789827331526341325e-01 -2.518142843377995654e-01 -2.694201843885650205e-01 -3.222723897394620396e-01 -2.817348202190170237e-02
1.500000000000000000e+01 4.283913472031856962e-02 -5.471405309501094216e-02 -4.045714140854564378e-02 -1.479676658053971638e-02 1.293684084309719429e-01 -4.116300557065355470e-02 5.041006560446031903e-02 -3.429713907457043742e-02 -1.277167370009262837e-01 -2.324339075873519400e-01 -2.118617228144199227e-01 -2.733175094008257755e-01 -9.369682856571896756e-02
