# # time shift (tau) Cont4010 Cont4200 Cont4440 Cont4765 Cont5100 Cont5600 Cont6045 Cont6110 Cont6880 Cont7390 Cont8015 Cont8900
-1.000000000000000000e+01 -7.316134593331088953e-02 6.301704764207266551e-02 1.036651806216684762e-01 1.018935708241992394e-01 1.882676531341573034e-01 1.148597784953731271e-01 1.960537303675456977e-01 2.119535644872965613e-02 2.147628454835444692e-02 -2.968727513079037067e-02 -6.564722884654783375e-02 -6.203457722255176221e-02
-9.000000000000000000e+00 3.496560085574632049e-02 1.375528199538076368e-01 1.496217064402445285e-01 1.194266487203671095e-01 1.985751231755113477e-01 1.213069107292345239e-01 1.393611224812547900e-01 2.777230011682015054e-03 4.746530409921623922e-02 3.430128683526995764e-02 -3.182092997559810010e-03 1.951749192021005885e-03
-8.000000000000000000e+00 2.988138871078843684e-01 3.442549162246950623e-01 3.693785784498046509e-01 3.367837076543035435e-01 3.782110583640646562e-01 2.961495520136592785e-01 2.436839408168428034e-01 2.085625059179834484e-01 1.894207526210919257e-01 1.625136541864353745e-01 1.002125612550684164e-01 4.743011504080882346e-02
-7.000000000000000000e+00 4.691935212393565924e-01 5.164246639135834371e-01 5.323820258454449172e-01 5.217479753502048956e-01 5.395444730930630817e-01 4.764952354484339736e-01 4.791454898279929320e-01 4.234554045219089957e-01 3.645285009601620940e-01 2.736099991610567161e-01 1.988683033813627432e-01 1.385515134196741160e-01
-6.000000000000000000e+00 6.056458398562047929e-01 6.312120937318577152e-01 6.451291902419689084e-01 6.182546578950018912e-01 6.631012694896438742e-01 6.499600599148831481e-01 6.156153819190959275e-01 5.644021028795973560e-01 5.237207230201429420e-01 4.457590766153469164e-01 3.806693408643602172e-01 3.090937164319572106e-01
-5.000000000000000000e+00 6.793969027542567929e-01 6.691425591949697882e-01 6.774226297852488088e-01 6.347973246445274276e-01 6.841139153845499088e-01 6.951413632007402699e-01 6.809381328930170785e-01 5.994414795178404365e-01 5.977182272815251274e-01 4.976781689812874721e-01 5.086005365489507657e-01 4.201928639155546596e-01
-4.000000000000000000e+00 6.333178356496801387e-01 6.057490506763612004e-01 6.157740284835100386e-01 5.793461743654190199e-01 6.301498104052516425e-01 6.449647128578580579e-01 6.159160377979964185e-01 5.448984507966513346e-01 5.393483659324396218e-01 4.635807191194091237e-01 4.590813929530695447e-01 4.005398236641380949e-01
-3.000000000000000000e+00 7.169256090590718777e-01 6.733152456229551941e-01 6.823666695133425719e-01 6.474325084408585340e-01 6.757706521622626195e-01 6.698587370422999232e-01 6.319465155051380290e-01 6.037176991563164563e-01 6.026383022046640781e-01 5.491309426018144979e-01 5.200320572756174098e-01 5.099085700206564820e-01
-2.000000000000000000e+00 8.295688916209570385e-01 8.016858617094650974e-01 8.127943488922968474e-01 7.853486270801285363e-01 8.031136450838738394e-01 7.647502170410136468e-01 7.309926833304799532e-01 7.455026649249423265e-01 7.130964068451124405e-01 6.545052730431295540e-01 6.427752168145862699e-01 6.024703069354977458e-01
-1.000000000000000000e+00 8.936218024821469541e-01 8.969197707541338715e-01 9.156028551250625647e-01 8.882580443828533845e-01 9.029702502338754488e-01 8.872444314778769048e-01 8.366952913871934516e-01 8.554723070559168141e-01 8.368439522930137819e-01 7.796065993287348839e-01 7.506672266931535553e-01 7.339708826723821966e-01
0.000000000000000000e+00 9.843022640866820883e-01 1.000000000000000000e+00 9.886328667976119755e-01 9.865941538833306046e-01 9.885059859098015433e-01 9.736288517232852824e-01 9.564944927452460055e-01 9.823503094643089018e-01 9.754262210870113803e-01 9.418418033587859783e-01 9.208723478517641947e-01 9.057974521365100840e-01
1.000000000000000000e+00 8.817308220716995049e-01 8.969197707541338715e-01 9.126743873538607499e-01 8.925046321899373636e-01 9.140059840115827283e-01 9.348196301193970603e-01 9.482241311166870190e-01 9.263823097676288087e-01 9.295873077683017849e-01 8.982411477150248347e-01 8.779652233179353615e-01 8.803471393970930814e-01
2.000000000000000000e+00 7.813707144683876837e-01 8.016858617094650974e-01 8.089987157024735032e-01 7.804844255074514514e-01 8.143298082108308966e-01 8.135638905698743262e-01 8.628736697450998250e-01 8.271136791924280640e-01 8.754071773575191617e-01 8.774545092339023356e-01 8.593459910014458192e-01 8.924682320361614352e-01
3.000000000000000000e+00 6.499024397996087110e-01 6.733152456229551941e-01 6.936452725377914019e-01 6.331387467184508289e-01 6.789928460090306483e-01 6.477516995454932758e-01 7.212053837651652977e-01 6.942962491327394625e-01 7.492738655036518258e-01 7.784099244466564649e-01 7.742869533968677054e-01 8.053468593219403893e-01
4.000000000000000000e+00 5.451119436429957554e-01 6.057490506763612004e-01 6.167874268766624368e-01 5.596008516198138771e-01 5.834223641418689876e-01 5.380885570008435703e-01 6.188584317282119773e-01 6.103386839242705975e-01 6.343158396078767414e-01 6.587047651710907781e-01 5.944438966161781357e-01 6.600239290551733751e-01
5.000000000000000000e+00 6.094975555960802094e-01 6.691425591949697882e-01 6.679535162801919501e-01 6.314247900420484338e-01 6.228336235137527099e-01 6.240304191231853537e-01 6.465364387280977398e-01 6.655569677254733474e-01 6.823365313891764927e-01 7.058477168016641379e-01 6.565623991314886165e-01 7.064591964276110136e-01
6.000000000000000000e+00 5.807014912993058164e-01 6.312120937318577152e-01 6.254370118587091465e-01 6.198827038904826114e-01 6.021539622573770512e-01 6.069046323481745997e-01 6.376356322548004663e-01 6.367441898313219717e-01 6.132692131231503030e-01 5.947720160518922272e-01 5.739773066896978193e-01 5.999013312468095549e-01
7.000000000000000000e+00 4.459511158094545680e-01 5.164246639135834371e-01 4.947112879883066028e-01 5.274893740271562326e-01 5.077716685672757357e-01 5.405417357727702043e-01 4.833846401207763099e-01 4.836415870740045642e-01 5.048856587628407500e-01 4.488167938536204993e-01 4.469551120043147030e-01 4.869137865462839776e-01
8.000000000000000000e+00 3.115097055426890860e-01 3.442549162246950623e-01 3.502039520333928291e-01 3.551886428344079305e-01 3.598513231355138231e-01 3.438389296766014569e-01 3.318556399588350470e-01 3.148717368041140663e-01 3.409355659109476466e-01 2.987376290812657764e-01 2.990787705484061476e-01 3.766818201205928696e-01
9.000000000000000000e+00 1.161645461752708330e-01 1.375528199538076368e-01 2.278339639352615353e-01 1.688516873504012361e-01 1.697207361935813841e-01 1.192438983591168483e-01 1.319310923744869968e-01 1.312034463162803366e-01 1.366075727455539901e-01 9.627434581540350589e-02 7.720013080271448391e-02 1.281134159600876565e-01
1.000000000000000000e+01 4.198894253937430349e-02 6.301704764207266551e-02 9.943059078246274662e-02 2.320906792295981264e-02 2.705044724611112283e-02 -1.242376473279291696e-02 1.504117059869353179e-02 8.171102981352589001e-03 5.775279609602584907e-02 7.993829482981423817e-02 9.064655263895021742e-02 1.100102918196552149e-01
1.100000000000000000e+01 1.436692769689564553e-01 1.069521087135217319e-01 1.218814839035578246e-01 6.029403747080493148e-02 3.589968667975016597e-02 8.667679421080015656e-02 2.520614077642812506e-02 8.159292299556439310e-02 9.445002368246793734e-02 1.636237441431759865e-01 2.019063584053045202e-01 1.232741905021627893e-01
1.200000000000000000e+01 1.602327661199940134e-01 1.458543171871695132e-01 6.941575249379794421e-02 1.409952833717919574e-01 2.674359046604014509e-02 1.414645059463575660e-01 8.771128577851686203e-02 1.404022465358530369e-01 1.269038693843054233e-01 1.475011516333135375e-01 1.597134238564618669e-01 8.979003852538697261e-02
1.300000000000000000e+01 1.652891076885165123e-01 9.659932478356489383e-02 2.505201938545902757e-02 1.470459826246867663e-01 1.007873609186259456e-01 1.608760895944648661e-01 1.218607865303140136e-01 1.453962292177756466e-01 8.197730963075527955e-02 8.110400632592904002e-02 8.880360459930564110e-02 2.129968874993546854e-02
1.400000000000000000e+01 1.270649231940682300e-01 1.678569434264709503e-02 4.829245000341224336e-02 8.736665885569093459e-02 1.202295707721181828e-01 3.733028654890883230e-02 1.097383973635376042e-01 7.307511106060428363e-02 -1.810870610095975664e-02 -1.316222665416708903e-01 -1.320370756248722688e-01 -1.777045540701026605e-01
1.500000000000000000e+01 2.299777411190232490e-01 1.475804338454414499e-01 1.773053998847005930e-01 1.905838325765867314e-01 3.394004008866911004e-01 1.205770291676903361e-01 2.457825533197602885e-01 1.609296774680459841e-01 6.328300694725738640e-02 -4.539721452846341709e-02 -2.985159785200506427e-02 -8.801088164473144793e-02
