# # time shift (tau) HDelta HGamma HeII4685 HBeta HeI5875 HAlpha HeI5015 OI8446
-1.000000000000000000e+01 1.082178912507064245e-01 2.319883079919557722e-01 7.543998317389453978e-02 1.901928772332050488e-01 -2.069129096555903657e-01 -1.894770015848430134e-01 -8.284902542630520617e-02 -6.949635639470620740e-02
-9.000000000000000000e+00 -6.406498972589810825e-02 1.220404632296804293e-01 -6.256633951281156958e-02 1.391064069517856383e-01 -2.734186702593880414e-01 -1.389848436272736187e-01 -1.502489007921817554e-01 4.912790289062685806e-02
-8.000000000000000000e+00 -1.794899461635635352e-01 1.237119685119369636e-02 -1.407257692347297501e-02 -3.071365612235544412e-02 -2.828901279917792611e-01 -2.099135014822107181e-01 -3.128142785686373051e-01 1.925370959506946672e-02
-7.000000000000000000e+00 -1.403780093514150340e-01 -4.964288535301173561e-02 1.661263834776662840e-01 -1.355098434513896666e-01 -3.518273251098882337e-01 -2.526914298620012156e-01 -3.707298859183464912e-01 -1.825271007402832213e-01
-6.000000000000000000e+00 6.765318206870603313e-03 5.590093438436078560e-02 3.579865692016272471e-01 3.564469753526061657e-03 -2.298324385262810743e-01 -1.967054890469102368e-01 -3.846397726051167254e-01 -1.631568656377706261e-01
-5.000000000000000000e+00 1.196216429364302669e-01 1.377321528507782222e-01 4.273926498487288228e-01 1.807827136645058230e-01 -9.532256328029431458e-02 -1.048224855058058902e-01 -3.716433471356954676e-01 -1.305965906061029302e-01
-4.000000000000000000e+00 1.136473587976514904e-01 1.586619219417411131e-01 3.401812179443303163e-01 2.440498501933797693e-01 -9.447963857033342405e-02 -9.208762869523742789e-02 -4.264976530448157943e-01 -4.610380061287171205e-02
-3.000000000000000000e+00 1.375194067380359209e-01 1.695968867535430635e-01 3.297784461522398347e-01 3.177014564804092611e-01 1.387723053075885504e-01 -1.030373796354083771e-02 -4.385384460573250598e-01 9.107136908501807515e-02
-2.000000000000000000e+00 3.237721144767911063e-01 2.581276753151031111e-01 4.499369024172615306e-01 4.062278976390215623e-01 3.396563662450086118e-01 1.278991145853186073e-01 -4.168886721895650460e-01 1.440832950185469419e-02
-1.000000000000000000e+00 5.556002228564661527e-01 4.406996627823611123e-01 6.281479716563751481e-01 5.197556773795398710e-01 4.862221556244984422e-01 2.943759939240856438e-01 -3.381425540718265843e-01 1.104736702752665417e-01
0.000000000000000000e+00 7.679135973512856150e-01 6.967841997498096518e-01 8.219553761885453058e-01 7.063322750736729105e-01 6.726967013149213193e-01 5.889309486988951736e-01 -7.902668414169644606e-03 3.591392905481716191e-01
1.000000000000000000e+00 8.653603906605691343e-01 8.043295518177737691e-01 7.971100354766138540e-01 7.845015699650232932e-01 6.637476050271109429e-01 6.351718965562191954e-01 6.617295598315484084e-02 3.668352335047712076e-01
2.000000000000000000e+00 8.539022588026903282e-01 8.640663040322527078e-01 6.824224689679143641e-01 8.442053915924052632e-01 7.159792721467694854e-01 6.581277587856599887e-01 9.694842290316381395e-02 4.748366307617533644e-01
3.000000000000000000e+00 7.008930871804128770e-01 8.114867944093929752e-01 3.417757414261526350e-01 9.036153883940343245e-01 7.644892114113384096e-01 7.219140797229828266e-01 1.485669318272526129e-01 5.683845164875267475e-01
4.000000000000000000e+00 5.921402587492909930e-01 5.584090679197143414e-01 2.094192623812641263e-01 7.540880797930342716e-01 6.447122531600451012e-01 6.138840518836797822e-01 1.293245590288677749e-01 4.932315109489296412e-01
5.000000000000000000e+00 5.507315781099895169e-01 5.010331100716447494e-01 3.443139224962526446e-01 6.785313832368351505e-01 5.508160055416229106e-01 6.795032435599477338e-01 1.814085952182284134e-01 5.024862974337727106e-01
6.000000000000000000e+00 6.091192866937013006e-01 4.858399189752749536e-01 5.144217063084337571e-01 5.695821799114753059e-01 4.089198163139926567e-01 5.298302400824489444e-01 1.392196738929972755e-01 3.103966175491318924e-01
7.000000000000000000e+00 6.210207583721377711e-01 5.783858726342405721e-01 5.485949411645372198e-01 4.652913015467641800e-01 3.513512373739960393e-01 3.642252558049480782e-01 1.468947273055532798e-01 2.656886371747666509e-01
8.000000000000000000e+00 4.968667435522259312e-01 6.195012508694645037e-01 4.071603143994798613e-01 4.971877904893245992e-01 2.373790212070325811e-01 2.380452192693800484e-01 2.090561069166984587e-01 4.657825065285364774e-01
9.000000000000000000e+00 3.189614885800163835e-01 2.649894820211138313e-01 2.174073919336608901e-02 2.900805811773530252e-01 1.266000553290262398e-01 1.368864014061585421e-02 -1.862333371436716845e-02 1.601635562134267610e-01
1.000000000000000000e+01 3.423453768606206371e-03 -4.052407239874021572e-02 -1.913492711616431863e-01 9.422144930790136985e-02 -3.412979886271302887e-03 1.068945335074632519e-01 3.540892200610755436e-02 9.538318763875550110e-04
1.100000000000000000e+01 -1.340956020363975321e-01 -1.135162845485583605e-01 -2.208363675307977725e-01 4.353273242951672187e-03 -2.464549618586131530e-02 2.433284274149871695e-01 -8.418440780594002582e-02 1.117285679311926516e-01
1.200000000000000000e+01 -1.036597379472035119e-01 -1.306123146161021764e-01 2.838562416851139747e-03 -2.105556594881687893e-01 -3.332265988726005462e-02 1.877273998523369958e-01 1.167240327542249170e-02 -3.750609426895247511e-02
1.300000000000000000e+01 -7.254727974659225254e-02 3.272730020224897535e-02 2.783628257515995963e-01 -1.714480543530019774e-01 -1.231010342639626276e-01 2.261639011963017393e-02 -2.768386461516701424e-01 8.666869153924897096e-02
1.400000000000000000e+01 -2.586530612427688502e-03 -5.227182550697890423e-02 2.881861667575478236e-01 -7.552082779729316075e-02 1.492204384643412186e-02 -3.156264895726740294e-01 -2.355277053943570231e-01 -1.583309088629060446e-01
1.500000000000000000e+01 3.575222934705676869e-02 -6.749675598866823611e-02 5.154261413848296725e-01 5.125125828524832589e-02 9.117973567870077400e-02 -3.430387027658560184e-01 -2.010651957227639619e-01 -3.211567836081611338e-01
