# time shift (tau) 	 correlation coefficient 	 number of simulations: 10000	 FR: True	 RSS: True
-1.000000000000000000e+01 3.050000000000000000e+02
-9.000000000000000000e+00 4.000000000000000000e+01
-8.000000000000000000e+00 5.000000000000000000e+00
-7.000000000000000000e+00 1.000000000000000000e+00
-6.000000000000000000e+00 1.900000000000000000e+01
-5.000000000000000000e+00 6.800000000000000000e+01
-4.000000000000000000e+00 9.900000000000000000e+01
-3.000000000000000000e+00 5.100000000000000000e+01
-2.000000000000000000e+00 3.000000000000000000e+00
-1.000000000000000000e+00 1.000000000000000000e+00
0.000000000000000000e+00 0.000000000000000000e+00
1.000000000000000000e+00 9.000000000000000000e+00
2.000000000000000000e+00 5.470000000000000000e+02
3.000000000000000000e+00 5.479000000000000000e+03
4.000000000000000000e+00 2.222000000000000000e+03
5.000000000000000000e+00 7.730000000000000000e+02
6.000000000000000000e+00 1.140000000000000000e+02
7.000000000000000000e+00 3.700000000000000000e+01
8.000000000000000000e+00 3.000000000000000000e+00
9.000000000000000000e+00 8.000000000000000000e+00
1.000000000000000000e+01 4.700000000000000000e+01
1.100000000000000000e+01 3.300000000000000000e+01
1.200000000000000000e+01 1.500000000000000000e+01
1.300000000000000000e+01 6.100000000000000000e+01
1.400000000000000000e+01 7.000000000000000000e+00
1.500000000000000000e+01 5.300000000000000000e+01
