# time shift (tau) 	 correlation coefficient 	 number of simulations: 15000	 FR: True	 RSS: True
-9.000000000000000000e+00 4.000000000000000000e+00
-8.000000000000000000e+00 0.000000000000000000e+00
-7.000000000000000000e+00 1.000000000000000000e+00
-6.000000000000000000e+00 6.000000000000000000e+00
-5.000000000000000000e+00 5.000000000000000000e+00
-4.000000000000000000e+00 2.600000000000000000e+01
-3.000000000000000000e+00 3.200000000000000000e+01
-2.000000000000000000e+00 2.900000000000000000e+01
-1.000000000000000000e+00 5.500000000000000000e+01
0.000000000000000000e+00 9.500000000000000000e+01
1.000000000000000000e+00 1.080000000000000000e+02
2.000000000000000000e+00 4.740000000000000000e+02
3.000000000000000000e+00 1.267800000000000000e+04
4.000000000000000000e+00 1.111000000000000000e+03
5.000000000000000000e+00 2.070000000000000000e+02
6.000000000000000000e+00 7.600000000000000000e+01
7.000000000000000000e+00 5.800000000000000000e+01
8.000000000000000000e+00 1.800000000000000000e+01
9.000000000000000000e+00 4.000000000000000000e+00
1.000000000000000000e+01 2.000000000000000000e+00
1.100000000000000000e+01 3.000000000000000000e+00
1.200000000000000000e+01 8.000000000000000000e+00
