# time shift (tau) 	 correlation coefficient 	 number of simulations: 15000	 FR: True	 RSS: True
-9.000000000000000000e+00 7.610000000000000000e+02
-8.000000000000000000e+00 1.630000000000000000e+02
-7.000000000000000000e+00 1.200000000000000000e+01
-6.000000000000000000e+00 1.300000000000000000e+01
-5.000000000000000000e+00 2.900000000000000000e+01
-4.000000000000000000e+00 1.000000000000000000e+01
-3.000000000000000000e+00 1.000000000000000000e+00
-2.000000000000000000e+00 3.000000000000000000e+00
-1.000000000000000000e+00 2.000000000000000000e+00
0.000000000000000000e+00 0.000000000000000000e+00
1.000000000000000000e+00 1.600000000000000000e+01
2.000000000000000000e+00 1.700000000000000000e+01
3.000000000000000000e+00 5.025000000000000000e+03
4.000000000000000000e+00 3.445000000000000000e+03
5.000000000000000000e+00 1.334000000000000000e+03
6.000000000000000000e+00 1.653000000000000000e+03
7.000000000000000000e+00 1.603000000000000000e+03
8.000000000000000000e+00 9.000000000000000000e+01
9.000000000000000000e+00 1.500000000000000000e+01
1.000000000000000000e+01 4.610000000000000000e+02
1.100000000000000000e+01 2.420000000000000000e+02
1.200000000000000000e+01 1.050000000000000000e+02
