# # time shift (tau) UVW2 Cont1150_not_optical_calibrated LyAlpha_not_optical_calibrated HBeta_not_optical_calibrated OI8446_not_optical_calibrated Cont1460_not_optical_calibrated
-5.000000000000000000e+00 2.041260931743457130e-01 1.835271629470427990e-01 1.697914432474058877e-01 1.160240856731077214e-01 4.944936504784992054e-02 2.118615279347385028e-01
-4.500000000000000000e+00 2.738954369094319108e-01 2.053015463545788122e-01 7.786323009043709387e-02 -2.289043821910611426e-02 -1.330888396602381563e-01 1.923568679400719239e-01
-4.000000000000000000e+00 4.282832008374535260e-01 2.004789179386515241e-01 2.996571256949737139e-02 -4.700448796775981430e-02 -2.810942434255450095e-01 1.523102103530058204e-01
-3.500000000000000000e+00 4.936923832230751819e-01 2.716136889355082462e-01 3.520784043928655294e-01 1.851662997796721943e-01 -4.146594077996482858e-02 2.950554036603215691e-01
-3.000000000000000000e+00 4.733971844443118915e-01 2.361629770781435711e-01 4.369410008366920728e-01 1.650154647320244972e-01 1.388896809816307920e-01 3.178959026608508265e-01
-2.500000000000000000e+00 4.076375557133739003e-01 4.026695511642403025e-01 4.478925063438431997e-01 4.414888089423040785e-01 2.092515892566059743e-01 4.541791336133940149e-01
-2.000000000000000000e+00 3.978518064568838941e-01 3.876230104350082417e-01 3.602804053287299579e-01 5.660654287510744620e-01 2.062869095349557647e-01 3.964598572167370993e-01
-1.500000000000000000e+00 4.110553504648723488e-01 4.518198576625414020e-01 4.365265159879659906e-01 6.069464939823037142e-01 2.731703593724661427e-01 4.694571068770873601e-01
-1.000000000000000000e+00 4.395550596730057880e-01 3.738291019993019715e-01 3.386858454951329200e-01 4.277200292559190098e-01 1.639088289025928402e-01 4.026113963791043693e-01
-5.000000000000000000e-01 4.181612995977813663e-01 3.924364576432208818e-01 4.626241940771622652e-01 6.476252191445766027e-01 7.499776301650518118e-01 4.267995660988993523e-01
0.000000000000000000e+00 2.546034671467504173e-01 3.342751472548808889e-01 4.698241724459269464e-01 6.601505218579859502e-01 1.000000000000000000e+00 3.717600675181402803e-01
5.000000000000000000e-01 8.458506053595446494e-02 2.544437017091019659e-01 4.669376992138875027e-01 5.993387803089651467e-01 7.499776301650518118e-01 3.240101860031778247e-01
1.000000000000000000e+00 4.626409988192211470e-02 7.996860991723452050e-02 2.917322625889295917e-01 3.001044041795346562e-01 1.639088289025928402e-01 1.616562627758736659e-01
1.500000000000000000e+00 -3.105566071099215980e-02 -4.569800419581170753e-02 2.689934970248671897e-01 3.922623181707521889e-01 2.731703593724661427e-01 5.845554234761984880e-02
2.000000000000000000e+00 -1.227506660055699139e-01 -1.844059602063316816e-01 6.646893165378883750e-02 2.135730666817499401e-01 2.062869095349557647e-01 -1.034519389618001328e-01
2.500000000000000000e+00 -1.342174633964486885e-01 -8.085231143924206942e-02 -3.264176624114836778e-02 1.292146266040767044e-01 2.092515892566059743e-01 -3.145352716826860240e-02
3.000000000000000000e+00 -8.228971619343039556e-02 5.338471639602352520e-02 -1.580569430085539406e-01 -1.583949690187537798e-02 1.388896809816307920e-01 4.703114273474978679e-02
3.500000000000000000e+00 -1.229975347924237711e-01 9.366992140647657783e-02 -2.445222645166617581e-01 -1.845673528403734553e-01 -4.146594077996482858e-02 8.122645767735234279e-02
4.000000000000000000e+00 2.604939502376980159e-02 7.389323844893724846e-02 -2.557477012234883884e-01 -3.518599899683318988e-01 -2.810942434255450095e-01 6.728133046911258242e-02
4.500000000000000000e+00 1.355134458440834244e-01 1.258695515213948402e-01 -9.828360672809274834e-02 -2.173448240534685549e-01 -1.330888396602381563e-01 1.397461681209794526e-01
5.000000000000000000e+00 1.860496655801997523e-01 1.367719070882066068e-01 3.581438743284435372e-02 -2.269444271367015639e-02 4.944936504784992054e-02 1.433263274806826360e-01
5.500000000000000000e+00 2.135099255966342868e-01 3.425541477926997702e-01 4.442804977853813397e-02 1.114779681223852792e-01 -1.537192912270510803e-01 3.137036324980699842e-01
6.000000000000000000e+00 3.289960524698810618e-01 3.584340845081486204e-01 5.871272254595737150e-02 1.569746757133072546e-01 -2.778804944928870979e-01 3.160524351212261607e-01
6.500000000000000000e+00 3.435917302855470146e-01 4.348972062987902509e-01 1.212873796944849425e-01 2.022544370378178413e-01 -2.330180109769866281e-01 3.743153551291776848e-01
7.000000000000000000e+00 3.255427872089523555e-01 2.766139483900029172e-01 7.673473376993200645e-02 1.276040522503314456e-01 -9.284379605083878384e-02 2.189147759124789316e-01
7.500000000000000000e+00 5.806865621442637293e-01 3.953220938397737916e-01 2.150567068542151850e-01 2.174532780322436243e-01 2.305523736705656912e-01 3.624350374078210146e-01
8.000000000000000000e+00 5.117253941883601609e-01 4.603730005564314887e-01 3.782894849782802993e-01 4.359375808933961260e-01 4.475524507843941513e-01 4.598546915858655049e-01
8.500000000000000000e+00 5.056220996942113466e-01 6.064714412125929988e-01 5.138036797152800705e-01 6.383818672589453014e-01 3.963102353211838680e-01 6.166547024709519986e-01
9.000000000000000000e+00 4.991278895673130211e-01 5.405631723929091859e-01 4.781561292375358097e-01 5.598170938360746973e-01 1.969403432943320209e-01 5.609775259088534138e-01
9.500000000000000000e+00 5.401566817820427913e-01 6.077876592246422849e-01 6.516051075153668215e-01 5.489697489798258667e-01 2.133587797514205908e-01 6.582415024311495388e-01
1.000000000000000000e+01 4.899529427778318569e-01 4.986622123704821385e-01 5.618070430083782485e-01 3.253898894818325616e-01 1.032634112776889268e-01 5.639663284233158436e-01
