# # time shift (tau) HDelta HGamma HeII4685 HBeta HeI5875 HAlpha HeI5015 OI8446 HeI4471 HeI7065 OIII5007 LyALpha
-1.000000000000000000e+01 -1.449329587078211634e-01 -4.109925300338376219e-01 7.219458452637071699e-02 -2.307403880429344523e-01 -5.285857805709339718e-01 -5.710922562966607163e-01 -4.944627006451208784e-01 -6.092537484466975517e-01 1.240906213556703663e-01 -2.797124700915554207e-01 -4.164159014910705503e-01 -3.947130663295737030e-01
-9.500000000000000000e+00 2.498578043703895968e-03 -3.016665781710624605e-01 9.194675884728426007e-02 -1.963036462971322060e-01 -3.869054292527976946e-01 -4.125831673989959203e-01 -5.570026745805713997e-01 -4.566834963774480949e-01 -8.405488512488194786e-02 -2.373199777611472161e-01 -5.410228237825602804e-01 -2.742505469761081782e-01
-9.000000000000000000e+00 1.541803867274558690e-02 -1.697247659732095959e-01 1.263054265688776379e-01 -2.059565418106911183e-01 -1.402853872823420500e-01 -2.224942077508796912e-01 -4.765817131343481616e-01 -1.305997815118004612e-01 -1.827325756017459391e-01 -2.631668894800880398e-01 -5.619445701826901729e-01 -6.709426333788252872e-02
-8.500000000000000000e+00 1.589517034457056319e-02 2.011673699847850438e-02 2.439342509791894431e-01 -1.393307863516447531e-01 -1.531245741688241555e-02 -3.371664191153032897e-02 -3.274336828248174402e-01 7.560160422251682721e-02 -3.127301131623741459e-01 -2.043251120510547747e-01 -4.646301888509735134e-01 1.488904670139141184e-01
-8.000000000000000000e+00 7.890676172599141169e-02 2.880050506657340081e-01 3.437059478911778654e-01 1.442605818080373858e-01 5.266068996962992854e-02 2.509947184248815244e-01 6.080603144654749687e-02 1.870851967058482779e-01 -1.847771070714818997e-01 4.388059960576545793e-02 -6.371350814027219867e-02 2.876880363814426911e-01
-7.500000000000000000e+00 1.908499654864314610e-01 2.549927687340782789e-01 4.129672720464471758e-01 5.286867008697426068e-02 8.630805114354510310e-03 9.086821132233632858e-02 -8.664033958849132189e-02 -1.324047708501117360e-01 -3.655230426705434188e-01 1.398299023491308135e-01 -2.604976236923863819e-01 4.106747702407615996e-01
-7.000000000000000000e+00 2.129127112635442465e-01 8.136082192941254676e-02 2.990962454049238550e-01 -1.507979659373150094e-01 -3.014820736334535359e-02 -2.309053472975966526e-01 -2.533119132383723215e-01 -4.002098272932663736e-01 -4.553568126762775892e-01 2.221548666821175355e-01 -4.322965116158764554e-01 4.038969191026540173e-01
-6.500000000000000000e+00 2.318135352652694603e-01 1.889635936430586194e-01 3.340074117310879442e-01 3.327086461817918561e-02 1.032529313949802213e-01 -1.110763035082752287e-01 -2.423072349082900645e-01 -3.788658992729307950e-01 -3.863565378983555565e-01 3.471259390139048717e-01 -3.914338458570087997e-01 4.872953382976956682e-01
-6.000000000000000000e+00 1.490328976584042175e-01 2.463306898137975209e-01 2.683212057052833943e-01 1.948885280573756096e-01 1.657057663500187683e-01 1.320862763675023366e-01 -8.597061786842122300e-02 -2.027023459809154105e-01 -1.132904201831216040e-01 3.816219839793580926e-01 -1.667485595777977170e-01 3.895249793745660383e-01
-5.500000000000000000e+00 1.936815463444447605e-01 3.572706004931398560e-01 2.694424638311477826e-01 4.515621385471641491e-01 4.110477757234553553e-01 2.954916187920990089e-01 -9.303044585483652429e-02 7.202993571540292073e-02 -1.394520844454325559e-01 3.960455663352738243e-01 -1.274931897113694701e-01 4.069049844448718312e-01
-5.000000000000000000e+00 1.263407555101089264e-01 3.139256999388563285e-01 1.232656478037275766e-01 5.143317749628801838e-01 5.148912726626768688e-01 3.536533918339794802e-01 -6.990248858975711688e-02 3.568176456951788755e-01 -2.475085566033116136e-01 3.025711280810937653e-01 -5.802169706983004160e-02 3.274826700229287457e-01
-4.500000000000000000e+00 8.668256444393852844e-02 1.466304075348280889e-01 3.308676372972700619e-02 3.439971090048051239e-01 3.979180975139492427e-01 2.740439037774199393e-01 -8.360986623581345700e-02 2.480382299074820607e-01 -1.797404950716687266e-01 1.807838007244980949e-01 -9.016702613799032484e-02 2.265845569154329442e-01
-4.000000000000000000e+00 1.563256575854896913e-01 -5.675320463620388972e-02 2.772737585978177210e-02 6.143607262310629702e-02 1.033064425034162237e-01 2.407357264247442924e-02 -3.803331703804338493e-02 -1.144997587048671994e-01 2.271207848822695552e-02 -6.338966523087981308e-02 -7.129906171607092169e-02 6.927748096285318846e-02
-3.500000000000000000e+00 3.228792490852376851e-01 2.550864523963480290e-01 3.083322903458661779e-01 2.536603228839183766e-01 2.672309753614771077e-01 1.620006610211031095e-01 -1.100329038471496157e-01 1.960712448371398908e-02 4.780467604630092571e-02 6.850371714005433488e-02 -1.405547603992648720e-01 3.929096367330433548e-01
-3.000000000000000000e+00 2.687924862496551826e-01 3.949037253951730997e-01 3.999805589891690105e-01 2.431207049101407613e-01 2.956352996298747815e-01 2.537064096904450006e-01 -1.123800108806433107e-01 2.091497345896011772e-01 -2.908273090535697103e-02 1.496332537059053835e-01 -1.218766346158366709e-01 5.021863936788306670e-01
-2.500000000000000000e+00 4.085553347112770295e-01 4.363263097248964995e-01 4.542595409108746707e-01 4.197140927559039891e-01 4.600610267661787711e-01 2.471135264322230907e-01 -1.221367105415617493e-01 1.218413282551381871e-01 4.776426347186506216e-02 1.084981375542869719e-01 -2.162231292965769991e-01 4.449055623264181469e-01
-2.000000000000000000e+00 4.804634884027988440e-01 3.635473703172301674e-01 3.726284381686977842e-01 4.608520090559495297e-01 4.255017973596987302e-01 1.660005127743058861e-01 -8.926112525188731328e-02 9.660705719384772572e-03 1.249005356125588717e-01 6.280226565237140290e-02 -1.956923328859336286e-01 2.915464659883895138e-01
-1.500000000000000000e+00 6.436783829633790921e-01 5.487310664582347730e-01 5.112117884430609216e-01 5.964796870845339161e-01 5.304192791089253900e-01 3.491674185439778144e-01 1.081756351110338410e-01 2.104585460714581968e-01 2.630804904767687358e-01 1.058126729524093146e-01 -1.277624444926938052e-01 4.263374437298571573e-01
-1.000000000000000000e+00 6.018853797194771982e-01 5.395523630534748705e-01 4.629468141470593490e-01 5.182063768153268857e-01 4.309852285134037619e-01 3.584418437328141804e-01 2.418714421858426111e-01 2.353256236071022967e-01 2.768444063661540944e-01 9.607802360227168936e-02 1.187103306618620541e-02 3.806614133884935747e-01
-5.000000000000000000e-01 6.556857333017400702e-01 6.778088922598650701e-01 4.971833033592796269e-01 6.506463655787817491e-01 4.864800947728138425e-01 5.363222266708882469e-01 2.445795110133770767e-01 5.990119721187369128e-01 4.417907281175089684e-01 2.421434958409276750e-01 -4.931973611334775076e-02 4.841593640096839568e-01
0.000000000000000000e+00 5.289478735352157734e-01 6.144626037276781361e-01 3.913914897286113748e-01 5.957926505938969663e-01 4.045816649519953234e-01 5.255862764135248444e-01 1.479201134855209765e-01 7.060240708696696732e-01 4.013994989235018518e-01 2.383539990680965392e-01 -6.690820776412349791e-02 4.540962123016784036e-01
5.000000000000000000e-01 5.565001984277584413e-01 5.369604896473385569e-01 3.361793152864879231e-01 5.527060883966687932e-01 3.982999866985924564e-01 5.007901375148706702e-01 2.484626626531679094e-01 5.339775298331452813e-01 3.932882701461673514e-01 2.407198228328886747e-01 3.488194744029980005e-03 4.616705138664473074e-01
1.000000000000000000e+00 4.319355611878461509e-01 2.946615032730309225e-01 1.446979203392745605e-01 3.166249935922756387e-01 2.721716626307019715e-01 2.900665665770968404e-01 2.132436045751885390e-01 1.538707017373494024e-01 1.570994080637479751e-01 1.365722912897529284e-01 4.815210606155574669e-02 2.987099228481051028e-01
1.500000000000000000e+00 3.178826469590474435e-01 3.445122981269971851e-01 1.212422499531673331e-01 4.048844741425653426e-01 2.054202394787127961e-01 3.195438166192673402e-01 3.350671894981498422e-01 2.086223387939093454e-01 2.112915061902825853e-01 3.242344504955956275e-01 1.053266095648740519e-01 2.681679279296294571e-01
2.000000000000000000e+00 -9.373918529196632876e-03 1.965881272822423143e-01 -5.264623895658050723e-03 2.462475504075916644e-01 2.309570746319544732e-03 1.653223607836883935e-01 2.157457600051268798e-01 1.642287869943858114e-01 2.179610549983683476e-02 3.545452967694943114e-01 1.972112782759642344e-02 7.089284159517328376e-02
2.500000000000000000e+00 -1.020697701971012838e-01 1.034622363553151653e-01 -9.843387729542227293e-02 2.234725519614653155e-01 -2.823298121650347908e-03 1.749327443529194448e-01 1.034095685219876826e-01 2.555690834026863034e-01 -9.057412213404153478e-02 2.949368887777897852e-01 -3.475619115513427920e-02 1.841848181276629914e-02
3.000000000000000000e+00 -1.753816111341239270e-01 -7.842617135512369719e-02 -2.085445581760570211e-01 6.714684117236943695e-02 -5.697351971773786938e-02 9.578514905359522547e-02 -6.958865072636626070e-02 2.031115506404719273e-01 -2.255577538737757737e-01 2.737367420152722261e-02 -9.777534723465541866e-02 -1.004022149093181937e-01
3.500000000000000000e+00 -2.024056896193404675e-01 -1.809294796563866714e-01 -2.812177209634676434e-01 -6.427837053262214217e-02 -7.742125178497831495e-02 1.208781732497325560e-02 -1.601354540890725098e-01 9.272958971125962180e-02 -3.810371053058984048e-01 -1.376230084191235603e-01 -2.180271736980399500e-01 -1.809927416276410905e-01
4.000000000000000000e+00 -2.133708297636841000e-01 -2.536483734047239591e-01 -2.239312424214544572e-01 -2.339428526354803417e-01 -1.483319505882962630e-01 -1.252169558583675624e-01 -2.046349500213994477e-01 -1.079312407108705546e-01 -4.437032998301638775e-01 -2.618167005413810644e-01 -2.288225754713206772e-01 -2.045843933118687563e-01
4.500000000000000000e+00 -2.473288198201736843e-01 -2.118326242118354075e-01 -1.871773135701779167e-02 -2.139334336199685549e-01 -3.719406669716762703e-01 -2.245759361746369753e-01 -3.279112763526363383e-01 -9.084952279822861021e-02 -2.411699270776535564e-01 -2.531120006416984758e-01 -2.685320729499988124e-01 -9.755093903166495162e-02
5.000000000000000000e+00 -2.168745266648048065e-01 -1.451437544915656908e-01 1.639588001820393715e-01 -1.649015914508686897e-01 -3.978588791771717759e-01 -2.607447921113925648e-01 -3.165048080404334607e-01 -1.043051053193098932e-01 -3.939501822471179471e-02 -1.989922227280406242e-01 -1.987122718806437205e-01 -3.330546053484504526e-02
5.500000000000000000e+00 -1.639650465339128338e-01 -2.079362872792931138e-01 2.394281451018637208e-01 -1.224382820103293024e-01 -2.284176235800174926e-01 -3.436139245946473464e-01 -4.483984774983794108e-01 -3.737937459529995787e-01 -1.899914676541133440e-01 -3.640001010703870499e-01 -3.049550943442288498e-01 -8.384734403312729678e-02
6.000000000000000000e+00 -3.293074238027044603e-02 -1.585209237977128205e-01 2.404582385634840280e-01 -6.603748812050286299e-02 -4.286922789519233279e-02 -3.011180100017121219e-01 -4.028198957108388711e-01 -4.415676799290616517e-01 -1.796854839097588585e-01 -3.344288625587963359e-01 -2.645689525864838298e-01 -6.894610503659470702e-02
6.500000000000000000e+00 4.964336119903418887e-02 -7.410234262521925297e-02 3.301220283312904513e-01 -2.698778815882558330e-02 -5.759012573188693543e-03 -2.691038072165617412e-01 -3.619266565545985470e-01 -4.311210642922690406e-01 4.837577872281385166e-02 -2.983142638496969479e-01 -3.236837236257453787e-01 -1.576402051225223727e-02
7.000000000000000000e+00 2.080024148173459375e-02 -1.842523402552754402e-02 2.451257803059459783e-01 -3.518867693532430618e-02 2.689825814263509772e-03 -2.150578212177561843e-01 -2.827598215824725925e-01 -2.586384969011751300e-01 1.735284118115721919e-01 -6.223981489102216325e-02 -2.805309169005198444e-01 -2.076731919441375529e-02
7.500000000000000000e+00 2.116830832027247478e-01 2.110181190888330005e-01 3.762670790687035471e-01 1.262417448312063428e-01 9.870238666892175439e-02 2.120348300050485524e-02 -4.102989921215219882e-01 8.309912328675440885e-02 1.896442967137080549e-01 3.031179065266695893e-01 -4.562992226709445820e-01 1.695888617146882882e-01
8.000000000000000000e+00 3.948788242635741241e-01 3.916454152414363676e-01 4.110460746190943704e-01 3.687641278832028413e-01 2.443529969552073466e-01 2.932180150746893088e-01 -2.151062178051040830e-01 3.257534510047110921e-01 3.623881855662081097e-01 4.307563195680145229e-01 -3.508122959242466754e-01 3.657499162425108530e-01
8.500000000000000000e+00 5.008286058779130023e-01 4.199267372697530476e-01 4.208644759798145785e-01 5.083854135271328456e-01 4.264495179566004657e-01 3.820282472002796692e-01 6.415364616393605390e-02 2.207051737788831014e-01 3.769334180131396206e-01 1.992296935401506597e-01 -2.466799961900464910e-01 4.542983972382945712e-01
9.000000000000000000e+00 4.162127999056364214e-01 3.061684617339176517e-01 2.770307128024853682e-01 4.244240175233989221e-01 4.282070811997628068e-01 3.353471959001798619e-01 1.200882291462928853e-01 7.414577803532271250e-02 1.686268667183053460e-01 1.118006711141250331e-01 -2.518063709801587335e-01 4.093999607838383348e-01
9.500000000000000000e+00 4.787819712133653538e-01 4.424721146965725493e-01 5.160136258633332140e-01 4.470035050964448753e-01 3.893392499747826974e-01 4.250822340774001451e-01 8.468977877572574087e-02 1.065678048392366684e-01 2.730682935007404666e-01 4.729425131317286368e-01 -3.231822176497861632e-01 5.905824318211666535e-01
1.000000000000000000e+01 3.731472330942211535e-01 4.268181993994754064e-01 4.888542381479658028e-01 3.453094909535031620e-01 3.082730515106777425e-01 4.485724820101518739e-01 5.570115888529276332e-02 1.664537982921021619e-01 1.375408348093530020e-01 6.453877592199175339e-01 -3.531706776282285132e-01 5.558173681768231456e-01
1.050000000000000000e+01 4.090781388952404729e-01 5.039788019617871262e-01 3.447106281956540119e-01 4.424469360906783666e-01 5.550768715934097930e-01 5.897177034724527811e-01 1.941087169447550387e-01 4.374668871698532691e-01 -1.155351550124650295e-01 5.264721116536142942e-01 -3.118755885699740493e-01 5.790273658355772346e-01
1.100000000000000000e+01 3.951039963227317986e-01 4.628660031165028887e-01 2.547943484548922943e-01 4.347727942969910053e-01 5.416913909205111066e-01 5.573925803413486424e-01 3.114194227865862419e-01 4.996393870844675345e-01 -2.257423335131241715e-01 3.051972146624219451e-01 -1.504154743004409989e-01 5.055216485595862563e-01
1.150000000000000000e+01 5.097022958122537917e-01 4.334840661237994164e-01 5.466964323067347031e-01 4.387977286420052803e-01 4.149320971749850817e-01 4.905679796338462961e-01 3.818034425713624502e-01 2.646966897028758536e-01 1.083725302056014889e-01 2.255397484068184522e-01 8.297592466710131121e-02 5.870256043880284214e-01
1.200000000000000000e+01 4.460472542762602410e-01 3.540808010221119240e-01 6.014519697255702457e-01 3.118945305912697030e-01 2.318769979210575927e-01 3.077130250316846283e-01 1.611385964491066081e-01 7.373353404552798751e-02 1.777151037718938953e-01 1.679669839253048746e-01 -1.170375942411723963e-01 5.233637455975608255e-01
1.250000000000000000e+01 4.197677615603676027e-01 4.753255439699324292e-01 5.579917141229058242e-01 3.737313249608533727e-01 3.272259659002498822e-01 3.575829841699642020e-01 1.966565310882979062e-02 2.406325551766426707e-01 6.898082184677256645e-02 3.390465153490168637e-01 -1.827016308169089054e-01 5.913086145095420854e-01
1.300000000000000000e+01 3.760026184819009742e-01 4.610431102745788934e-01 4.840696780168572966e-01 3.820530020833597940e-01 3.892592919102021431e-01 3.026743118428972812e-01 -6.927265564085061111e-02 2.821946065645528634e-01 1.127260830622677235e-01 3.798543600316481861e-01 -1.348896134883230402e-01 5.404335089112026758e-01
1.350000000000000000e+01 4.730676347077267252e-01 4.142454957243744129e-01 5.949237919841174893e-01 4.533930713975456994e-01 5.276659850942921892e-01 2.796096798206041401e-01 2.006788402963989859e-01 1.796014514886064006e-01 3.803014987827250115e-01 2.602977204132999600e-01 3.949985033573222837e-01 5.621760423005973673e-01
1.400000000000000000e+01 4.184483088413303298e-01 2.939699505685163250e-01 5.328845256184547852e-01 3.929013636064050408e-01 5.481253805078850627e-01 1.667861481631685294e-01 2.386494669344970954e-01 1.871483773199232592e-02 3.906131986819900703e-01 1.602023030909487666e-01 4.904694107771772060e-01 4.638538760748918133e-01
1.450000000000000000e+01 5.441747379478568680e-01 4.944398037362613962e-01 5.307271085929423649e-01 5.144017377530754054e-01 7.208667621856555963e-01 3.956204908795948327e-01 3.810734984346516585e-01 1.312885875912458977e-01 3.255064092850911694e-01 3.680419052330098917e-01 3.357162398256359204e-01 5.079754540256444795e-01
1.500000000000000000e+01 6.130352621885096776e-01 5.914183965773189833e-01 6.585200106011043220e-01 5.673106709028867822e-01 6.134301256974159511e-01 4.681902218652832515e-01 3.166638438540604339e-01 2.218500061029819725e-01 4.815320643190941219e-01 6.849443269675201673e-01 2.012094269662506596e-01 6.262062353717608998e-01
