# # time shift (tau) HDelta HGamma HeII4685 HBeta HeI5875 HAlpha HeI5015 OI8446 HeI4471 HeI7065 OIII5007 LyALpha
-1.000000000000000000e+01 3.206502228837518342e-03 1.109978792219126764e-01 -2.159330549944638022e-02 2.528252618153051245e-01 -1.407832863540608714e-01 -1.600892245657579982e-01 -7.901123945214764965e-02 2.120593145380355038e-01 -8.494292615799492463e-02 1.230299456342462405e-01 -1.009912255222449873e-01 -2.968448687575966360e-01
-9.000000000000000000e+00 -1.855829649696830730e-01 -6.522131190653550348e-02 -1.875268327467891627e-01 7.548268792767549862e-02 -3.071178674453000634e-01 -2.236621790199778692e-01 -1.045486264535429033e-01 1.417291452139601282e-01 -1.658815649310704798e-01 4.488216592136438921e-02 -1.671951289548611608e-01 -3.920900879200734934e-01
-8.000000000000000000e+00 -3.306191706011586406e-01 -2.229324012984355285e-01 -9.160848527463123780e-02 -5.700236195498219888e-02 -4.219189319110926428e-01 -2.746493476671251766e-01 -2.452285898080490689e-01 1.712587523388731103e-02 -3.240326074210700402e-01 -4.543470165644170056e-02 -3.244250947742375324e-01 -3.071496699407968989e-01
-7.000000000000000000e+00 -3.524975177125628245e-01 -3.749247591784074518e-01 3.416646717217072804e-03 -2.392152875379003341e-01 -6.180196399480788472e-01 -4.001750872861251085e-01 -4.477464895212716622e-01 -3.431002815434465170e-01 -4.019825459425213632e-01 -1.014726260260226109e-01 -4.895323657718329557e-01 -2.911552720934740268e-01
-6.000000000000000000e+00 -2.896536704478144264e-01 -2.207998785170455225e-01 1.405837671084025353e-01 -1.440526716948311303e-01 -4.399210990011644395e-01 -3.290671405153379747e-01 -5.227504182664687304e-01 -2.509752565602962893e-01 -4.133590208792008447e-01 -8.319632330225887329e-02 -5.571076934591270291e-01 -1.137724319986413157e-01
-5.000000000000000000e+00 -1.689274229965366525e-01 -1.346423866185941509e-01 2.407422706605611973e-01 -6.123761481237749438e-04 -2.800758860799685834e-01 -2.561750078333664415e-01 -4.370092264582587926e-01 -2.455149230269175198e-01 -1.434154850205788256e-01 -1.061059734737957172e-01 -4.477824862539244166e-01 -1.103845658078984882e-02
-4.000000000000000000e+00 -4.177735956301804887e-02 -1.484008832032420178e-01 3.071111976373581687e-01 -1.274706475507351444e-01 -1.638997931189595247e-01 -3.462769973565896775e-01 -6.647239344376015824e-01 -4.298081292402573528e-01 -1.221783038847121389e-01 -1.078963902697025745e-01 -6.694965567995647682e-01 1.691674289312327384e-01
-3.000000000000000000e+00 1.714223917160297428e-01 1.006692031681295507e-01 3.970617620862819663e-01 1.595323778186327202e-01 1.542793462010674521e-01 -8.666848538031141080e-02 -5.278136164024856969e-01 -3.299519681178156860e-01 9.098259672889338900e-03 -1.892488927904027729e-02 -5.867950775293968579e-01 3.440924525116170196e-01
-2.000000000000000000e+00 5.025300390934934747e-01 4.096081097833227380e-01 6.216340403783646718e-01 4.076289164881204963e-01 5.650203902668267109e-01 2.515463509986983759e-01 -3.140256161750458741e-01 -2.042083887134225895e-02 -7.732581703529667339e-02 1.564114684330677324e-03 -4.896477222458619494e-01 6.575091340120406969e-01
-1.000000000000000000e+00 7.482718845564688692e-01 6.247363001714626440e-01 7.178593354832323303e-01 5.433361124273936582e-01 6.289929299520744532e-01 4.544261277831226908e-01 -6.018603997704147224e-02 1.236840012143060330e-01 4.717278481319277239e-02 2.025245892658003311e-01 -3.602432696187408689e-01 7.570073576207229094e-01
0.000000000000000000e+00 8.918980630926008901e-01 8.669792187076879042e-01 8.267504830202963007e-01 7.473294255744449277e-01 7.859761252946246834e-01 7.168514476014526959e-01 2.357318315090893845e-01 4.441151442354136503e-01 2.733643659809287252e-01 4.640117576627915685e-01 -7.622971765019351253e-02 9.999999999999997780e-01
1.000000000000000000e+00 8.181217850381370393e-01 8.396180305617411133e-01 5.683864107539107202e-01 8.496079147981709934e-01 7.745498011170722785e-01 7.527862632835458090e-01 4.382775382254593954e-01 4.655201623612151285e-01 3.678104583251735060e-01 6.539823980339721787e-01 1.411175151635789549e-01 7.570073576207230204e-01
2.000000000000000000e+00 6.828529067634824257e-01 7.768283657690893129e-01 3.284602014706031747e-01 7.870221156803358653e-01 7.735218288020011546e-01 7.240619790992113280e-01 4.692830571381089166e-01 6.164489910724545441e-01 5.087269973608220530e-01 6.336075342109499520e-01 2.224218180897844788e-01 6.575091340120406969e-01
3.000000000000000000e+00 4.171002344590206690e-01 5.692486613024074771e-01 -4.595105117325712363e-02 6.938903662083053536e-01 6.034021449179883811e-01 6.762420031168119294e-01 3.770164268888592796e-01 7.558610944384602792e-01 3.722885572697255396e-01 3.884772052931949604e-01 1.867137262402024378e-01 3.440924525116169086e-01
4.000000000000000000e+00 2.796974539601846388e-01 2.129374098422229522e-01 -4.734703656061930305e-02 4.031097459904244840e-01 2.901870820968504572e-01 3.409168014623428777e-01 3.821780751782674623e-01 3.383951082243179531e-01 2.836821493570104158e-01 -2.263003064137970866e-02 2.777006166406106313e-01 1.691674289312327384e-01
5.000000000000000000e+00 1.686333337485328987e-01 1.534325878199753190e-01 6.893921891927545786e-02 2.982839028742574894e-01 3.950040199954380632e-02 2.354344865851990543e-01 1.655880116372832611e-01 2.691262337198797594e-01 2.771501577618004086e-01 -2.326521572519451020e-01 6.803390808221540520e-02 -1.103845658078982106e-02
6.000000000000000000e+00 1.791877746529777493e-01 1.249428200859788451e-01 9.503495524843789954e-02 1.623925651126385539e-01 -1.184994569364465067e-01 1.047338988955563155e-01 1.388746164397881011e-01 2.577444556075177418e-01 3.402994847512774701e-01 -4.056528127283675067e-01 1.394535504885914268e-01 -1.137724319986412741e-01
7.000000000000000000e+00 1.358354159042909903e-03 -1.818681128678244219e-02 -6.161051528446045283e-02 -4.294752251851829267e-02 -2.811431033650895195e-01 -1.292906261911256627e-01 -5.824415656907687422e-02 1.216042064574778259e-01 2.877273179128624347e-01 -4.578736213164098512e-01 -8.475655377814458880e-02 -2.911552720934740268e-01
8.000000000000000000e+00 -2.511371830556001772e-01 -2.197585061108774385e-01 -1.839653845181218605e-01 -2.175322655661421911e-01 -4.662392387247070724e-01 -3.409172727338441455e-01 -1.832901512459180760e-01 -1.159845821113527076e-01 2.339346893007865913e-01 -3.723094104552428507e-01 -1.103034793867371660e-01 -3.071496699407968434e-01
9.000000000000000000e+00 -4.858833609450556867e-01 -5.155764913392124615e-01 -4.431357180822290687e-01 -3.933059395809588299e-01 -3.803660775899155855e-01 -4.383498461590433770e-01 -4.361112159747608241e-01 -4.126506787371261309e-01 -3.012544399152803365e-01 -2.849054502387421972e-01 -3.595076298485950228e-01 -3.920900879200734934e-01
1.000000000000000000e+01 -5.556164753397586642e-01 -5.623868251864486689e-01 -4.070907235840368621e-01 -5.162353157612273868e-01 -3.798781954396308058e-01 -3.403566209138310095e-01 -3.599351449448420226e-01 -4.428048562340369254e-01 -5.849493986458410566e-01 -2.278908709432303226e-01 -3.471223326311585478e-01 -2.968448687575966360e-01
1.100000000000000000e+01 -3.783372796442631691e-01 -3.183779114774974994e-01 -6.156615699590873431e-02 -4.212424726862129543e-01 -3.014826588753738990e-01 -1.752472155729801750e-01 -5.392163639080420623e-01 -2.903421505635501720e-01 -7.644914839639234128e-01 9.471638665506823540e-02 -6.615852566205033813e-01 -3.127447405547678638e-02
1.200000000000000000e+01 -2.131547291167707192e-01 -1.886114463631458349e-01 1.845511592348150764e-01 -3.455348252361059025e-01 -1.001259601920302528e-01 -2.520205785071534255e-01 -4.244550166381954037e-01 -4.220512624500810661e-01 -6.612301883632392130e-01 -9.519699141213079641e-02 -4.562682479170568906e-01 9.047390910591589230e-02
1.300000000000000000e+01 1.760881913950307354e-02 6.271644680942384253e-02 5.074500721666925784e-01 -8.419631679498205956e-02 9.391287862746630632e-02 -2.286902218316693713e-01 -4.200092886110732282e-01 -3.461061993051105512e-01 -1.666122380516679158e-01 3.053602427454766843e-01 -3.208676648130968090e-01 2.085751635605831433e-01
1.400000000000000000e+01 3.229336529548851309e-01 2.662950261134477414e-01 4.924931131008696283e-01 2.942204410704000739e-01 4.746768761149967042e-01 -5.266184379517601516e-03 -1.751206672708479073e-01 1.308276982316902357e-02 2.542779589621439462e-01 2.923292347712863615e-01 2.248509319600400236e-02 3.385150126671960802e-01
1.500000000000000000e+01 6.054881727825958126e-01 4.631151682340188258e-01 6.537658414693416908e-01 5.537647356441430802e-01 6.114177254038006826e-01 3.791283608428808183e-01 1.959939322581056298e-01 1.888207562908473247e-01 6.424156747780407350e-01 5.775328163342653420e-01 3.240553843963719927e-01 6.151013713179341869e-01
