# # time shift (tau) HDelta HGamma HeII4685 HBeta HeI5875 HAlpha HeI5015 OI8446 HeI4471 HeI7065 OIII5007 LyALpha
-1.000000000000000000e+01 3.631917616200088655e-02 2.433962210907431034e-01 1.237322161876647508e-01 2.541408633972997433e-01 -1.176735759406221798e-01 -8.509086110358472788e-02 3.075887172996929000e-02 2.393857453745286135e-01 -2.121684606609142848e-02 8.634246645587809188e-02 5.971830996290983240e-02 -2.278908709432302948e-01
-9.500000000000000000e+00 9.971084993315459943e-02 1.397140817741439889e-01 2.397076370569042186e-02 2.292781382402911405e-01 -1.724609071755329737e-01 -2.256961328035506087e-01 -4.365550411720590246e-02 6.659912558072594857e-02 -2.684796327086465262e-03 6.074082370364997097e-02 -3.492476728094755234e-02 -2.825324820021289929e-01
-9.000000000000000000e+00 3.135185042072573258e-02 -7.275688695162041419e-02 -5.583294369030705750e-02 3.271901119173720174e-03 -2.838232247735658076e-01 -4.589475706784427178e-01 -9.723186547384640721e-02 -1.707739655936836298e-01 1.751134650771977302e-02 -4.228001275952179838e-03 -1.416912469156132448e-01 -2.849054502387422527e-01
-8.500000000000000000e+00 -7.981829568684704890e-02 -1.128128923556081104e-01 -9.929072200504922285e-02 8.497834785927654844e-02 -3.083224826168937671e-01 -3.465733901603199052e-01 -8.532095133606766579e-02 -5.541590392265596798e-02 9.963975589143919676e-02 2.328624436190871588e-02 -1.229280384457325931e-01 -3.009111285498847765e-01
-8.000000000000000000e+00 -3.123796009747412117e-01 -1.214370003577290441e-01 -1.381171299598816793e-01 2.158212293718638763e-01 -3.499309867631287263e-01 -4.222124608003011842e-02 -4.894015743514168459e-02 1.483536232485910822e-01 2.103405001136078867e-01 1.368370130826043474e-01 -4.999221417114323163e-02 -3.723094104552428507e-01
-7.500000000000000000e+00 -4.300430646027343928e-01 -3.204970874016360716e-01 -2.730388380199848530e-01 1.046061076535420298e-01 -4.800885278333988371e-01 -3.020292858570856193e-02 -1.290750394098062470e-01 8.911234094375800052e-02 1.222905841272452082e-01 1.036939481010805408e-01 -1.000571830034219512e-01 -4.398098283792268304e-01
-7.000000000000000000e+00 -4.536302261199998132e-01 -4.852659747548903058e-01 -3.713974824643125894e-01 -1.160405253378389567e-01 -5.612160626165307864e-01 -2.065622849738440736e-01 -2.103091092154436570e-01 -1.243934611416276370e-01 -1.045329121528383587e-01 1.204422542882988695e-02 -1.792030278038382884e-01 -4.578736213164098512e-01
-6.500000000000000000e+00 -5.214239747340698727e-01 -5.740326602281220492e-01 -4.052507771023631244e-01 -2.973876925103381974e-01 -6.338875901582574635e-01 -2.381505427257862295e-01 -3.008837550820225859e-01 -2.281392373926851846e-01 -1.362819000345585341e-01 -4.286662602733861543e-02 -2.837604061982279546e-01 -4.470031448239206173e-01
-6.000000000000000000e+00 -6.056989628291251648e-01 -5.521982912865651683e-01 -2.985337865333804741e-01 -4.108575731239351159e-01 -6.184641290361364563e-01 -2.571380991211424938e-01 -3.666609268362961416e-01 -2.654536361929635824e-01 -1.407647973551256482e-01 -1.595974545052315785e-01 -3.859851734978078652e-01 -4.056528127283674512e-01
-5.500000000000000000e+00 -6.427107418915403159e-01 -5.234922161786113026e-01 -2.628500266863644796e-01 -3.876000439475104642e-01 -5.992076766092309104e-01 -2.250732833553260592e-01 -3.189685469392351536e-01 -2.551539698800017186e-01 -8.055946054243465215e-02 -1.754826711617540891e-01 -3.055969567913224827e-01 -3.674919961636420318e-01
-5.000000000000000000e+00 -5.187234820230079979e-01 -3.730930394364418978e-01 -1.238033285971286285e-01 -2.953967110747864888e-01 -4.462590823555424024e-01 -2.416136183850765562e-01 -2.654840452517761018e-01 -2.162886078759700403e-01 -1.213729942516683924e-01 -2.181670535924490617e-01 -2.073676600526282721e-01 -2.326521572519450742e-01
-4.500000000000000000e+00 -3.721575500491698385e-01 -4.121782722402574928e-01 1.610615221629193086e-02 -4.525726434828623579e-01 -3.199202150444088177e-01 -4.538171477465144377e-01 -5.631787169029176532e-01 -4.132749373339149601e-01 -2.657785244173449524e-01 -4.314148893086121039e-01 -5.134235121999528584e-01 -1.489864380748383010e-01
-4.000000000000000000e+00 -1.508758844534507371e-01 -3.778435619448159422e-01 1.426586138461852227e-01 -4.981332612329481546e-01 -1.029567145031872882e-01 -5.161309968534781856e-01 -7.179968678643744440e-01 -4.626860168196254008e-01 -3.408778882425842482e-01 -5.437060917738871790e-01 -6.880716458552973425e-01 -2.263003064137970519e-02
-3.500000000000000000e+00 4.973186128310737308e-02 -1.017077945705199271e-01 3.421437236524622616e-01 -3.526980402749798627e-01 6.584605781251315348e-02 -4.226917584081487655e-01 -6.662288708625467848e-01 -4.542749372709497524e-01 -3.367504079695962660e-01 -5.053395672710713216e-01 -6.612234619413701608e-01 1.618146036320202430e-01
-3.000000000000000000e+00 2.780916446002056341e-01 1.995906001404156582e-01 5.121433330731857136e-01 -7.593818744973966639e-02 2.473979579685131602e-01 -1.151685708851783452e-01 -4.117226122436701274e-01 -2.167522855741446097e-01 -2.312665032883068905e-01 -3.324249722496678272e-01 -4.403295015346703201e-01 3.884772052931949604e-01
-2.500000000000000000e+00 5.152480198542285228e-01 4.061765077819590175e-01 7.035801586706493804e-01 1.905917224848359681e-01 3.825820674440143510e-01 1.348901019455330842e-02 -2.465996429384086364e-01 -1.465322250380175495e-01 -1.613388510080635552e-01 -1.135458523929900876e-01 -3.414747659072683295e-01 5.747630421001170831e-01
-2.000000000000000000e+00 6.563867801340154129e-01 4.963442651725898380e-01 7.223652172516594749e-01 3.693078899955918315e-01 4.464816585364708712e-01 1.070770913577443473e-01 -1.880132442585478320e-03 -6.356422357308094684e-02 -4.721790410514778435e-02 9.988940585929778626e-02 -1.339936835101654955e-01 6.336075342109499520e-01
-1.500000000000000000e+00 7.134513149100267793e-01 5.562953745090031266e-01 7.291554364169908764e-01 4.547755754835980380e-01 5.482254517121658566e-01 3.023955740808474402e-01 1.244786821910908309e-01 3.858437427298602035e-03 3.291366270560146939e-02 3.021682142925607994e-01 -6.143992476482737497e-02 6.919643678465494663e-01
-1.000000000000000000e+00 6.530890681294395650e-01 5.525037630886198148e-01 6.112695780350045904e-01 4.516038553557843449e-01 5.132811808655604047e-01 4.267840350840259034e-01 2.449015521126210737e-01 4.158584696491422761e-02 1.508836089856809559e-01 4.782923071839035867e-01 5.165177617262910886e-02 6.539823980339721787e-01
-5.000000000000000000e-01 6.139218179692134125e-01 6.459152991797068033e-01 4.810866986815930391e-01 5.730315341395981754e-01 5.385731217823555017e-01 5.695814357739142908e-01 3.891484551413075810e-01 2.833024869583247174e-01 2.741052948702313308e-01 8.546114375726185930e-01 1.721893193745195061e-01 6.307686046830632831e-01
0.000000000000000000e+00 4.523346961311075498e-01 6.088172534506657296e-01 2.251920812948404738e-01 5.610041361686888273e-01 4.089389871172985913e-01 5.820121289500296280e-01 3.736865996708725879e-01 4.190272714139062771e-01 2.925041715654189689e-01 1.000000000000000000e+00 2.265875559805314576e-01 4.640117576627915685e-01
5.000000000000000000e-01 4.038933202737312600e-01 5.711995745772537880e-01 5.564993403781896830e-02 6.204652783299933194e-01 5.426668910435302751e-01 6.378510991648744799e-01 4.746788830094345046e-01 5.914110493397842783e-01 2.712282273283846412e-01 8.546114375726185930e-01 2.735817379486714662e-01 4.055463241177744149e-01
1.000000000000000000e+00 1.939932740874517059e-01 3.609184569943615362e-01 -1.818517658384332936e-01 5.036463081370325945e-01 4.788425716692768508e-01 5.057061434548039136e-01 3.681496688095404757e-01 5.374148840065938737e-01 1.513974902093602193e-01 4.782923071839035867e-01 1.958364611753260209e-01 2.025245892658003033e-01
1.500000000000000000e+00 1.061467215699466726e-01 2.872326877710277282e-01 -2.284383077119602479e-01 4.182765943427956268e-01 4.214112772559216458e-01 4.668485540034023606e-01 3.412341627951735457e-01 5.381907590730279356e-01 1.471952620314343485e-01 3.021682142925607994e-01 1.694267155122023416e-01 1.497727436910273879e-01
2.000000000000000000e+00 -4.288639001156650810e-02 1.252712428786832422e-01 -2.666295518324050540e-01 2.488017851451398421e-01 2.071253568891656682e-01 3.187043768568171842e-01 1.628710417164631608e-01 3.910009038258955849e-01 4.842322691214412389e-02 9.988940585929781402e-02 4.454128752267354913e-02 1.564114684330663446e-03
2.500000000000000000e+00 -1.481022346824813207e-02 3.226249346638379589e-02 -2.134924744895997650e-01 1.762291271718992580e-01 1.016917418768453485e-01 1.764144613625114599e-01 4.464232075405276390e-02 3.169295965352168509e-01 -2.786610000593597175e-02 -1.135458523929900876e-01 -4.817319320720234860e-02 2.314952222815188504e-03
3.000000000000000000e+00 -1.016636670017599664e-02 -7.892518215077999610e-02 -1.226967040475220316e-01 7.840540089052068506e-02 -3.468847612377607553e-03 2.179881136544149778e-02 -7.878890275538613652e-02 2.053574807002854219e-01 -1.142510077484754916e-01 -3.324249722496679382e-01 -1.066087390090309089e-01 -1.892488927904029117e-02
3.500000000000000000e+00 7.443939129951557265e-02 -8.486841084476341723e-02 1.184413768628943542e-01 9.762088323887817276e-02 -5.678204560237969795e-02 1.476682679991748320e-02 6.639890525686066580e-03 3.248892078596114785e-02 7.421420070199924446e-02 -5.053395672710713216e-01 3.453031692776228900e-02 -2.527910158407805502e-02
4.000000000000000000e+00 7.300709976086432185e-02 -1.189055065535679495e-01 2.640663280656887490e-01 2.043184958589719380e-02 -1.670044971357730612e-01 -6.444633154136765463e-02 -1.738412790778480488e-02 -1.766458202429125046e-01 1.553611759195479280e-01 -5.437060917738871790e-01 6.643366940441225443e-02 -1.078963902697026439e-01
4.500000000000000000e+00 1.303617987316640359e-01 1.205758318400664691e-02 3.208310427332423109e-01 4.470107490152512575e-02 -2.240772498014731440e-01 -7.971932660988778618e-02 -7.771504222989827904e-02 -8.813311699360003304e-02 2.549640502486710814e-01 -4.314148893086120484e-01 1.429175351543859884e-02 -1.119495158532363421e-01
5.000000000000000000e+00 1.315751619328541788e-01 1.010138589966621397e-01 2.934708338475546241e-01 4.240566117495097459e-02 -2.319119127659272639e-01 -1.143175388547877647e-01 -1.553064602127822713e-01 -2.040693474760321008e-03 2.933653305781102061e-01 -2.181670535924490895e-01 -8.369280949515736645e-02 -1.061059734737957172e-01
5.500000000000000000e+00 1.570408199191307141e-01 1.307671580760416952e-01 2.356085203653308646e-01 2.400105723388376577e-02 -1.743246486284169561e-01 -1.390821776190001302e-01 -1.926702494240922214e-01 4.433068680493922054e-02 4.186421908100302902e-01 -1.754826711617540891e-01 -1.540507397247747878e-01 -9.095533605951333644e-02
6.000000000000000000e+00 1.324919308087359748e-01 1.219381202037559675e-01 1.348076677697986892e-01 3.701808535760065660e-02 -9.011511373257713453e-02 -1.231824660751153905e-01 -1.641666157261170711e-01 7.388959442457915250e-02 4.411386826573682196e-01 -1.595974545052316063e-01 -1.778125553751025434e-01 -8.319632330225881778e-02
6.500000000000000000e+00 2.528640715166593361e-02 9.202923002617677262e-02 -1.533263775925230998e-02 6.926788259283829519e-02 -1.405808025347216050e-02 -8.991990539206309863e-02 3.283107196277014472e-02 4.534438906681918791e-02 3.656800501755378408e-01 -4.286662602733863625e-02 -3.170642505969858971e-02 -8.705780239913783747e-02
7.000000000000000000e+00 -7.727830330850513074e-02 -2.045232387957532025e-02 -1.259655313906828111e-01 1.402886710117269738e-02 -4.090798579711748401e-02 -1.133743593794807880e-01 8.392711803253655178e-03 -5.265326666311333920e-02 2.153311095847180445e-01 1.204422542882988174e-02 -9.348503679933764521e-02 -1.014726260260225832e-01
7.500000000000000000e+00 -1.545917653126550606e-01 -1.811648879720752503e-01 -2.251160809610319724e-01 -7.150096412758613629e-02 -1.329913407356375921e-01 -1.675171174906294191e-01 -1.534031032264863981e-01 -1.712720205617020708e-01 7.038102914434658797e-02 1.036939481010805131e-01 -2.574105602431478457e-01 -9.382219209697913176e-02
8.000000000000000000e+00 -1.982010973825547584e-01 -2.646158282123276528e-01 -2.443746165451690933e-01 -1.357087429355442743e-01 -1.596849714904051143e-01 -1.251458308637458106e-01 -2.967606817446821754e-01 -1.897439395664745898e-01 -1.386812905717569877e-01 1.368370130826043751e-01 -4.101779643854682744e-01 -4.543470165644171443e-02
8.500000000000000000e+00 -2.406195807043809975e-01 -2.838373280087226336e-01 -3.128955862062404725e-01 -1.776900049643226898e-01 -6.095229278611629525e-02 4.226892692307575999e-02 -1.445743125200345536e-01 -1.458334621986733248e-01 -4.413548331963168536e-01 2.328624436190874364e-02 -2.655927417895543874e-01 -2.972314334174275263e-02
9.000000000000000000e+00 -2.198217534677381901e-01 -2.085739736603824113e-01 -2.310480576144819942e-01 -1.512374769938918395e-01 1.176605507744580593e-02 1.671691565106254163e-01 6.813380152972999676e-04 -6.275152021078392317e-02 -6.087598044235688066e-01 -4.228001275952152083e-03 -1.101376436223805572e-01 4.488216592136437533e-02
9.500000000000000000e+00 -2.053774983619693351e-01 -1.415600230604718845e-01 -5.745021511424708294e-02 -1.694460970576672221e-01 -7.608113716293911366e-02 1.390174138527349723e-01 3.618932481465228501e-02 -1.974633805300270509e-02 -6.045241000783045937e-01 6.074082370364997097e-02 -2.610326903333152343e-02 9.931099273651398940e-02
1.000000000000000000e+01 -1.824692802476013120e-01 -1.085618534070283969e-01 1.154572175085934460e-01 -2.365750510337735757e-01 -1.435423048420808589e-01 9.612669338776382716e-03 -1.182233557295753190e-01 -1.032374644618553744e-01 -6.234937755496920975e-01 8.634246645587809188e-02 -1.744106285287123637e-01 1.230299456342462544e-01
1.050000000000000000e+01 -1.293853522969958536e-01 -9.439895487276338260e-02 2.331564474351828231e-01 -3.152759921758445660e-01 -1.768706476579911813e-01 -1.425476736379767129e-01 -3.374082421289208433e-01 -2.750735348829992377e-01 -5.966581044312538884e-01 -3.493003090636652430e-02 -3.450993835183118197e-01 1.001089021522150596e-01
1.100000000000000000e+01 2.865611085823305607e-02 5.942399272027623636e-02 3.979338801990733865e-01 -1.742621571234742595e-01 -3.107785042351141058e-02 -1.446530018909883697e-01 -3.454858702150183092e-01 -2.596065227601922487e-01 -3.838033845149752543e-01 -1.315977391793359853e-02 -3.210882276047445916e-01 2.018261602560823542e-01
1.150000000000000000e+01 5.088819144105184017e-02 1.312453250319798315e-01 4.426273100400914817e-01 -4.033012485433706829e-02 6.785439091892271624e-02 -2.033190650197466143e-01 -2.547076579255449502e-01 -2.284683044391624951e-01 -8.917266454566914746e-02 9.211521586108648019e-02 -6.205899854003239097e-02 1.580933373761120864e-01
1.200000000000000000e+01 1.302317257447156984e-01 1.719354528651013680e-01 4.599425374389161103e-01 1.207021858337855580e-01 2.143713658577342807e-01 -2.026398517666438970e-01 -2.232392998686192620e-01 -2.032772082480042708e-01 1.682768703519917364e-01 1.801294283992005418e-01 5.728542046896120676e-02 1.531144443751668582e-01
1.250000000000000000e+01 1.629931596707812069e-01 1.024540675298449832e-01 2.866113424013337907e-01 1.821528317352697768e-01 2.929409108893809566e-01 -1.887465509294460053e-01 -1.894315130581568640e-01 -9.701115937485145502e-02 3.371123065751447379e-01 1.027295396045360132e-01 9.854590628390069718e-02 3.440949901172701830e-02
1.300000000000000000e+01 3.110645888881353738e-01 1.626282151868311820e-01 2.825116102793723827e-01 3.366302801972095304e-01 4.077821146522462303e-01 -1.823056514701993161e-02 -4.950982193197313308e-02 9.981185819301335166e-03 5.415097121755061416e-01 1.353040160802278791e-01 2.477181712645090128e-01 1.162172090666635793e-01
1.350000000000000000e+01 3.412617952290428747e-01 1.596846039318304267e-01 1.556178743196723890e-01 3.541740399864850564e-01 3.899341896087269443e-01 1.566967801220284784e-01 5.750477579905449027e-02 1.241852645576528580e-01 5.462300900770467038e-01 2.008312852700516460e-01 1.846379664941300569e-01 1.148423485810133593e-01
1.400000000000000000e+01 4.491185646463260461e-01 3.409718646164321409e-01 2.039923072927681269e-01 4.761486205941888872e-01 4.567637543640106212e-01 4.586180286138348272e-01 2.698385679882567834e-01 3.291273529166713896e-01 5.782316910200518967e-01 4.746161524305960722e-01 3.476498608790640210e-01 3.417565076588405804e-01
1.450000000000000000e+01 3.755526407196574934e-01 3.469175821620446021e-01 8.265647448121155039e-02 4.166648587467254861e-01 3.529433897886014027e-01 5.247677157802235204e-01 3.129042109174198227e-01 3.834197857036654167e-01 4.112481430544551730e-01 5.776374302412253803e-01 1.892372672337067907e-01 3.684944146347227667e-01
1.500000000000000000e+01 4.343512055068004529e-01 4.430534808959962767e-01 8.065679241577877745e-02 4.719892366905986680e-01 4.214731752948790988e-01 6.318526788398601823e-01 5.529134590097798396e-01 4.478303905294169773e-01 3.442400166451262677e-01 5.410901733274526837e-01 3.534033640685316779e-01 4.746079663968155726e-01
