# time shift (tau) 	 correlation coefficient 	 number of simulations: 10000	 FR: True	 RSS: True
-5.000000000000000000e+00 2.000000000000000000e+00
-4.500000000000000000e+00 6.000000000000000000e+00
-4.000000000000000000e+00 1.000000000000000000e+00
-3.500000000000000000e+00 1.000000000000000000e+00
-3.000000000000000000e+00 3.000000000000000000e+00
-2.500000000000000000e+00 1.000000000000000000e+00
-2.000000000000000000e+00 3.000000000000000000e+00
-1.500000000000000000e+00 1.000000000000000000e+00
-1.000000000000000000e+00 1.000000000000000000e+00
-5.000000000000000000e-01 3.000000000000000000e+00
0.000000000000000000e+00 7.000000000000000000e+00
5.000000000000000000e-01 1.700000000000000000e+01
1.000000000000000000e+00 5.900000000000000000e+01
1.500000000000000000e+00 2.340000000000000000e+02
2.000000000000000000e+00 1.509000000000000000e+03
2.500000000000000000e+00 3.839000000000000000e+03
3.000000000000000000e+00 1.394000000000000000e+03
3.500000000000000000e+00 6.880000000000000000e+02
4.000000000000000000e+00 7.190000000000000000e+02
4.500000000000000000e+00 5.390000000000000000e+02
5.000000000000000000e+00 2.850000000000000000e+02
5.500000000000000000e+00 1.890000000000000000e+02
6.000000000000000000e+00 3.020000000000000000e+02
6.500000000000000000e+00 1.380000000000000000e+02
7.000000000000000000e+00 2.600000000000000000e+01
7.500000000000000000e+00 8.000000000000000000e+00
8.000000000000000000e+00 4.000000000000000000e+00
8.500000000000000000e+00 3.000000000000000000e+00
9.000000000000000000e+00 5.000000000000000000e+00
9.500000000000000000e+00 1.100000000000000000e+01
1.000000000000000000e+01 2.000000000000000000e+00
