# # time shift (tau) HDelta HGamma HeII4685 HBeta HeI5875 HAlpha HeI5015 OI8446 HeI4471 HeI7065 OIII5007 LyALpha
-1.000000000000000000e+01 4.336883129826683836e-03 1.431937527293958845e-01 -2.062415150144366466e-02 2.641336733138497372e-01 -7.469185077759653291e-02 -1.188186659223365305e-01 -3.710941343761117728e-02 2.820579967093926888e-01 -2.010740134809031188e-01 8.525311799535534307e-02 -7.175054263745542227e-02 -2.722581308683544865e-01
-9.500000000000000000e+00 -2.637749017528921713e-02 9.034086024090057232e-02 -4.109647279394355174e-02 1.407252903160025603e-01 -1.199506004044258584e-01 -1.414514436533726716e-01 -1.785123574680624881e-01 2.910307942971503969e-01 -3.295889929415649622e-01 2.282644751140959494e-02 -2.526850410705844818e-01 -2.668678753737259157e-01
-9.000000000000000000e+00 -1.005241313046967983e-01 -9.847514092333253810e-03 -7.160745269779093813e-02 1.020448153269921249e-02 -2.195039906745823999e-01 -2.319109164016435187e-01 -1.313289637175161784e-01 1.411926859829810144e-01 -2.804563963176008867e-01 -3.396595646062304519e-02 -2.172801195663213170e-01 -2.734443036130561056e-01
-8.500000000000000000e+00 -6.916140684636103153e-02 -4.028803783538304623e-02 -1.344553852736128652e-02 -1.780603620934011200e-03 -2.351216535175985056e-01 -2.306540236521583132e-01 -1.828455289850408338e-01 1.063774229078938427e-01 -3.763227789826740777e-01 -5.444230644158093435e-02 -2.829742505595446156e-01 -1.752706043735523522e-01
-8.000000000000000000e+00 -1.481858268749935148e-01 -8.404415746803219067e-02 4.529620736061086561e-02 1.994392094746148467e-02 -3.427371380987435656e-01 -2.481000414374964214e-01 -1.702201894665196502e-01 -1.833348632726925637e-02 -3.031359152856071826e-01 3.633612155043169922e-02 -2.513126219027127517e-01 -1.865994298651992844e-01
-7.500000000000000000e+00 -1.314739664985917766e-01 -1.395399560117613069e-01 1.241304358089169446e-01 -2.786924347108629251e-03 -4.173201998483388464e-01 -2.912306882126792229e-01 -3.027954382445117165e-01 -1.905443013235757765e-01 -3.690923076990241247e-01 9.559988510841607029e-03 -3.763602197078489420e-01 -1.525257931718323468e-01
-7.000000000000000000e+00 -2.083177475027784553e-01 -2.303973301840342158e-01 8.116811469946315361e-02 -6.172314094394262818e-02 -4.949226062333810239e-01 -3.414657737533932091e-01 -3.490633099276540530e-01 -2.621531289633629025e-01 -3.367833336652726883e-01 -1.425381705867644760e-02 -3.980080989398184776e-01 -2.299525927010769577e-01
-6.500000000000000000e+00 -1.847267616011624147e-01 -1.447336992320798210e-01 1.337270232730508046e-01 -3.702170893538973828e-02 -4.061340483755235820e-01 -3.123472931266063624e-01 -4.828327591225680671e-01 -2.093107816555184186e-01 -4.264731257101697648e-01 -5.501310770309962225e-03 -5.220597885606107491e-01 -1.411671950200925618e-01
-6.000000000000000000e+00 -2.251202919902449417e-01 -1.033253640331573131e-01 1.247217561266867614e-01 -4.027152105303877239e-02 -3.475266335686210128e-01 -2.155558529964487213e-01 -4.671718713980929083e-01 -1.049523795792508818e-01 -3.924902881217733341e-01 5.515075998148777532e-03 -5.082850072839928401e-01 -1.091583245383179329e-01
-5.500000000000000000e+00 -1.645934362988681343e-01 -7.676532339617259115e-02 1.523074110081870658e-01 3.490357862189384652e-02 -2.377141606580797373e-01 -1.836969499986154386e-01 -4.911445028358131237e-01 -9.080743189619645828e-02 -3.000878392668117067e-01 1.000757924506058723e-02 -5.306599411714283399e-01 -2.868289669791606461e-02
-5.000000000000000000e+00 -1.715832484494817234e-01 -8.902192873243931770e-02 1.445872963715985893e-01 5.013875343071343832e-02 -2.510003810030949634e-01 -2.209188321212063599e-01 -3.537677890933160763e-01 -1.359451683456872895e-01 -1.882828678436350156e-01 1.297544872579391856e-03 -3.965856530318725426e-01 -2.105350422410531830e-02
-4.500000000000000000e+00 -1.560067003409119912e-01 -1.568683290100802152e-01 1.641298550937342893e-01 2.611050793164536310e-02 -2.746035799530426869e-01 -2.577509409261503626e-01 -4.454927284090801631e-01 -2.927167842373472606e-01 -1.179399212899508581e-01 -1.065700417557276236e-02 -4.792099156562906193e-01 2.766747190502170245e-02
-4.000000000000000000e+00 -1.404740243917669551e-01 -2.313257004201564881e-01 2.117834801738370798e-01 -7.964554139790328002e-02 -2.998130566410167064e-01 -3.443512905669023905e-01 -5.161034188173856396e-01 -4.575769802430245670e-01 -4.576046995431880954e-02 -3.743441967055706476e-02 -5.277602090239970067e-01 5.383414994375248369e-02
-3.500000000000000000e+00 -6.213427177481845726e-02 -1.320886969994775617e-01 2.587426761326979130e-01 2.987891846438721355e-02 -1.465857554949096808e-01 -2.420608836489243076e-01 -6.378108640624902126e-01 -4.714817916875926884e-01 -1.503478844940141224e-03 -8.362056447164818718e-03 -6.439812816320198419e-01 1.500816631836641157e-01
-3.000000000000000000e+00 -1.914940624037553274e-02 -6.111687819320200249e-02 2.363422231424068820e-01 5.786832481241030446e-02 6.123238587971147062e-04 -1.379366331933146728e-01 -5.970021199966559777e-01 -3.268373206875992421e-01 -7.171810221826509235e-02 -5.479618274834614777e-02 -6.144637556880881979e-01 1.620937822026966291e-01
-2.500000000000000000e+00 1.906443400267675559e-01 1.551366011088176622e-01 3.909301368531875598e-01 2.055875603625109960e-01 2.945456352213895457e-01 4.294787418607599883e-02 -5.601983611744771885e-01 -1.600551755915879393e-01 -1.145008441966520324e-01 -9.702255588045491375e-02 -6.744877543354106386e-01 3.411490579755250829e-01
-2.000000000000000000e+00 3.473133078868649859e-01 2.682689096654323757e-01 4.843220517510162804e-01 2.540896189819670248e-01 4.337653209819233302e-01 1.313129634283710656e-01 -4.518312839168756589e-01 1.052706828622698709e-03 -1.579676198177771551e-01 -1.619539037316927166e-01 -5.887276393113761719e-01 4.748986034334631845e-01
-1.500000000000000000e+00 5.315247516854681997e-01 4.700638378341256418e-01 6.672014889421329364e-01 3.904029010932870136e-01 5.499973199913378297e-01 2.929084669841124922e-01 -3.395566609958144966e-01 1.171295167785063734e-01 -8.192174675140681539e-02 -5.228829861600232942e-02 -5.949843632779285851e-01 6.448223048435584026e-01
-1.000000000000000000e+00 6.625469651628039802e-01 5.470320940571349322e-01 7.430596637395376902e-01 4.344069870187263760e-01 5.430717675332850103e-01 3.105410623170785089e-01 -1.275967522460192405e-01 5.911665043939606790e-02 -4.373067811091538304e-02 -4.067274267193253696e-03 -4.068376792118464369e-01 6.975670950134209569e-01
-5.000000000000000000e-01 8.163482979418458241e-01 7.154532141124698708e-01 8.838654943345443105e-01 6.021535089695204679e-01 6.483813117264727310e-01 4.791013723342496533e-01 1.295185581494880979e-02 2.037108673299831696e-01 1.304388634734418018e-01 2.394780068383852434e-01 -3.531829741726429384e-01 8.791627280236726794e-01
0.000000000000000000e+00 8.687738656639311108e-01 7.750153160187377432e-01 9.071362178617442540e-01 6.582500189434969950e-01 6.568479309292590829e-01 5.310498284817155579e-01 1.141635959012834711e-01 2.366291435723374692e-01 2.644406236151785605e-01 3.577834139445961181e-01 -1.779186605873235849e-01 9.514655568845519218e-01
5.000000000000000000e-01 8.877823565655407201e-01 8.409834331109238281e-01 8.439652166568749614e-01 7.621205236897949931e-01 7.682635217742159739e-01 6.658637693616045183e-01 2.508258386679795837e-01 3.466619600477793273e-01 3.394363085657007284e-01 5.863894058396946773e-01 -8.244708644783144136e-02 9.265512578753876127e-01
1.000000000000000000e+00 8.417577005968354120e-01 8.287410592462818304e-01 6.491065788563058492e-01 8.090965604732036631e-01 7.789760098039140157e-01 7.060122553010512725e-01 3.337233981975090691e-01 3.759370116038602272e-01 3.247521565928450649e-01 6.726867747398539432e-01 5.638941255937931357e-02 7.885499454959997712e-01
1.500000000000000000e+00 8.121942014003681320e-01 8.767059397970682344e-01 5.326230551493257304e-01 8.817010751782363709e-01 8.493227823675226773e-01 8.047189395097713582e-01 5.053603168256021183e-01 5.914766660958652444e-01 5.060250568307723684e-01 7.764043734276853126e-01 2.089634728230287675e-01 7.716507524977926913e-01
2.000000000000000000e+00 6.829776645042970884e-01 8.200361880698812111e-01 3.400761462186940864e-01 8.391539288792939644e-01 8.009003517957600238e-01 7.748449864515647434e-01 4.956673929015265601e-01 6.665879796897002940e-01 4.966580827109313701e-01 7.440553095754303126e-01 2.258666999533536501e-01 6.593759830440162339e-01
2.500000000000000000e+00 5.795360438231048628e-01 7.460099271927447262e-01 1.547328086144530435e-01 7.899160127788216190e-01 7.507786434994032643e-01 7.734828357790752840e-01 4.736090709091966833e-01 7.863888710768143220e-01 4.309909234870070716e-01 6.725412009189335460e-01 1.797163127876353628e-01 5.729613478724260300e-01
3.000000000000000000e+00 4.127013631280058159e-01 5.786256896860332288e-01 -3.309861535690795942e-02 6.632705081468031061e-01 5.944013632156288640e-01 6.709689013116912903e-01 3.318599034678019755e-01 7.180375827220621954e-01 2.847213992098025503e-01 4.518126366228780721e-01 8.421365404025392409e-02 4.175910094783759074e-01
3.500000000000000000e+00 3.547321210609825082e-01 4.480395293797595491e-01 -2.409729695570472438e-02 6.005006577639186993e-01 5.116639356402354899e-01 5.751862971729118090e-01 3.809861975671745560e-01 6.049915559632408346e-01 2.956514179360973382e-01 2.642475982058619111e-01 1.557615398397787509e-01 3.792421258515399352e-01
4.000000000000000000e+00 2.450012272685060388e-01 2.332611241776444411e-01 -3.273405775905496862e-02 3.984480602801962479e-01 3.497875695942941343e-01 3.575127290595465634e-01 2.805360729624122307e-01 2.988127151669601744e-01 1.372117659245122023e-01 8.948091899250526504e-02 1.325096059617171251e-01 2.655815898165016509e-01
4.500000000000000000e+00 2.330841209057210595e-01 1.832006245471916595e-01 3.963185150166571163e-02 3.804033894898899426e-01 2.440962293347991863e-01 3.040431943622267097e-01 1.931880278719671495e-01 2.531276812274667054e-01 1.245048729347549843e-01 -5.908761007535245219e-02 6.273708244457698591e-02 1.766370979616057046e-01
5.000000000000000000e+00 2.139555893974654510e-01 1.686967849611581693e-01 1.416875196436530870e-01 3.655100491883391811e-01 1.507468519531343643e-01 2.705644616629502286e-01 1.716429934723955053e-01 2.310711646292502863e-01 1.872344502592254156e-01 -2.026942542285161686e-01 6.958056747966021027e-02 8.446642469921546159e-02
5.500000000000000000e+00 2.622190724503182246e-01 1.930640102858484364e-01 2.306156801139893076e-01 3.411601549154553714e-01 6.352598348898527703e-02 2.589475032681629041e-01 1.448778025486880949e-01 2.912366195087487952e-01 2.965761037922940435e-01 -3.616800252027859708e-01 8.145570899599596792e-02 4.377708289480399667e-02
6.000000000000000000e+00 2.796205679587518422e-01 2.018549017315989236e-01 2.382154785663697094e-01 2.581664694057748677e-01 -3.505976038214444340e-02 1.944940729117364264e-01 9.552493910859888304e-02 2.918076293306985369e-01 3.391415072983045009e-01 -3.785852960214187157e-01 8.686797809952849503e-02 -1.512084388410943857e-02
6.500000000000000000e+00 2.715159613526152427e-01 2.235444359312830920e-01 2.488900747825703030e-01 2.154559589508117101e-01 -8.845444687867336231e-02 1.188333620486482500e-01 4.699684078685360811e-02 3.135703928839632670e-01 4.247410765492885543e-01 -4.085051786525970563e-01 3.234092767460264306e-02 -2.629081749627078940e-02
7.000000000000000000e+00 1.763138532922548518e-01 1.513646386175761527e-01 1.248081965440235724e-01 8.158984684712372593e-02 -1.609662899957031157e-01 -1.849740647816845718e-02 -6.955534661101885063e-02 2.457981757199285411e-01 4.155194251458538268e-01 -3.902875965440797956e-01 -8.246313873631926084e-02 -1.105009203879009638e-01
7.500000000000000000e+00 1.083338424657805110e-01 9.176725558716505859e-02 1.169629107964010317e-01 5.149744981679992006e-02 -2.150458998480465900e-01 -1.468691498086703850e-01 -8.881351959222325010e-02 7.070240402212883690e-02 4.978445867753907850e-01 -3.561838639238203430e-01 -9.693544064018014272e-02 -1.027898056787161785e-01
8.000000000000000000e+00 -4.219397591652792462e-02 -4.176534357194801317e-02 2.535079305631643670e-03 -4.486700008977634324e-02 -2.722311720103314236e-01 -2.649065581993693685e-01 -1.091351332551125375e-01 -9.953782860657742204e-02 4.288376189393050542e-01 -2.758958782561167222e-01 -7.802724052536631760e-02 -1.693618416045194475e-01
8.500000000000000000e+00 -1.408950085252390627e-01 -1.476251552035550141e-01 -1.037076279690158226e-01 -5.818467106463750399e-02 -2.243253059905984115e-01 -2.984523388720138337e-01 -1.909413082866068812e-01 -2.487535365615627381e-01 2.659060908408590329e-01 -1.784520330610789851e-01 -2.122097162589018093e-01 -1.966941931385597919e-01
9.000000000000000000e+00 -2.954111588902456065e-01 -3.218168041611659258e-01 -3.089473866094553101e-01 -1.651361544157061712e-01 -2.340484231885759936e-01 -3.299553893542022109e-01 -3.190282796332947202e-01 -3.301136447102999139e-01 -1.081076850642028429e-02 -1.314981520471599774e-01 -3.554838915055837933e-01 -2.986390299290417882e-01
9.500000000000000000e+00 -3.234613603353297950e-01 -3.639711750112798461e-01 -3.792804324246708547e-01 -1.887794834965664803e-01 -1.855382384249554817e-01 -2.015782098159729085e-01 -2.540448770156515934e-01 -2.540119183559911842e-01 -1.876604175659568052e-01 -1.253737582285435193e-01 -3.436280220920653328e-01 -2.405098376286480266e-01
1.000000000000000000e+01 -3.701841984059262014e-01 -3.878993382611767293e-01 -4.121411369597247076e-01 -2.891902907312440263e-01 -2.118167165363916415e-01 -1.012014915873747090e-01 -2.427084465026488336e-01 -1.591790291731959850e-01 -3.904542660461564618e-01 -1.165056084271093306e-01 -3.636586196650857250e-01 -1.954473235071891857e-01
1.050000000000000000e+01 -3.023995238564423649e-01 -3.126988059401604181e-01 -2.570439018675624854e-01 -3.069763440311909508e-01 -2.111793726259445780e-01 -1.543334418681064149e-03 -2.786168855729136418e-01 -1.190016754149318401e-01 -5.657814661909914555e-01 -2.646143571478641945e-02 -4.797166301697807222e-01 -4.983201572807666180e-02
1.100000000000000000e+01 -2.787055031309284558e-01 -2.386195448381286111e-01 -1.413986889150834481e-01 -3.128188790149230014e-01 -2.173436846958097246e-01 2.424459648614750440e-02 -2.736126706146149723e-01 -7.399325100562501034e-02 -6.942771952619483100e-01 3.662079817359366329e-02 -5.008326093897907949e-01 3.475963519173311950e-02
1.150000000000000000e+01 -2.215743518632213305e-01 -1.587579408708781892e-01 7.452680886645297875e-02 -3.063555966879292214e-01 -2.010547943993225561e-01 -3.985137780618342590e-02 -2.948582462358927958e-01 -2.117423038794670753e-01 -7.090240025767504672e-01 4.119215524191509326e-02 -4.789133151654295650e-01 1.431301151623397827e-01
1.200000000000000000e+01 -2.090589150775958305e-01 -1.677883314454137742e-01 1.954606874516864878e-01 -3.521250409995659858e-01 -2.090998532833526491e-01 -2.018287055981560218e-01 -3.762727188328360839e-01 -3.943360880366630350e-01 -6.688255871518106188e-01 -5.157010552868293574e-02 -5.152565545740952491e-01 1.348719559858859995e-01
1.250000000000000000e+01 -1.030206106445204772e-01 -4.248645250288007880e-02 3.916464092774352146e-01 -2.367966349724247299e-01 -6.156303675479472826e-02 -2.318893369276321670e-01 -3.646812701216050057e-01 -4.323486695371900890e-01 -4.861836589341552717e-01 8.290201072312534947e-02 -3.568636899614330282e-01 1.917132792770276928e-01
1.300000000000000000e+01 -6.676662397986957154e-02 1.270716553514390432e-02 4.270848109616372512e-01 -1.491335506168455227e-01 4.098550547782349451e-02 -2.801362341912523313e-01 -4.296024125513644432e-01 -3.991274622743790634e-01 -3.166476176056028935e-01 1.709873184332962315e-01 -3.692455108139889863e-01 1.516772071239558262e-01
1.350000000000000000e+01 6.194300318995812904e-02 9.772491236669098025e-02 4.084097879070106574e-01 1.558771095494984257e-02 2.354655471045156712e-01 -2.055154219968433060e-01 -3.445603643980150732e-01 -2.147958022818226287e-01 -9.721476141339127630e-02 1.699350549909521835e-01 -2.142145130611703974e-01 1.434982402286812952e-01
1.400000000000000000e+01 1.878114355613558495e-01 1.465760607608941613e-01 4.323085001341673284e-01 1.581593590396425386e-01 3.614602671270253920e-01 -1.446132685092547110e-01 -2.512623825494498808e-01 -7.537686848526103933e-02 1.585537334095378503e-01 1.662031652097263335e-01 -1.397071392190159939e-02 1.924558435203347351e-01
1.450000000000000000e+01 3.859608074726467164e-01 2.543980862442356550e-01 5.036605841316852405e-01 3.066623276823920996e-01 4.333986479394264513e-01 5.761559055525952711e-02 -1.709907347641963782e-01 9.657312323468625337e-02 4.168425919577071204e-01 3.311083640742535916e-01 1.695979019800306423e-02 3.565990981763793588e-01
1.500000000000000000e+01 5.308858436626924249e-01 3.556531137498616935e-01 6.264224143250176624e-01 4.479745494790378091e-01 5.062819352206026080e-01 2.455438153895646014e-01 3.695801961799114604e-03 1.409594118648693772e-01 5.950943407149030806e-01 4.773614052355045767e-01 2.037499098480645143e-01 5.485379617055230472e-01
