# time shift (tau) 	 correlation coefficient 	 number of simulations: 10000	 FR: True	 RSS: True
-5.000000000000000000e+00 0.000000000000000000e+00
-4.500000000000000000e+00 0.000000000000000000e+00
-4.000000000000000000e+00 0.000000000000000000e+00
-3.500000000000000000e+00 0.000000000000000000e+00
-3.000000000000000000e+00 0.000000000000000000e+00
-2.500000000000000000e+00 0.000000000000000000e+00
-2.000000000000000000e+00 0.000000000000000000e+00
-1.500000000000000000e+00 0.000000000000000000e+00
-1.000000000000000000e+00 3.000000000000000000e+00
-5.000000000000000000e-01 1.300000000000000000e+01
0.000000000000000000e+00 1.120000000000000000e+02
5.000000000000000000e-01 2.060000000000000000e+02
1.000000000000000000e+00 3.160000000000000000e+02
1.500000000000000000e+00 4.651000000000000000e+03
2.000000000000000000e+00 1.606000000000000000e+03
2.500000000000000000e+00 2.571000000000000000e+03
3.000000000000000000e+00 2.780000000000000000e+02
3.500000000000000000e+00 1.070000000000000000e+02
4.000000000000000000e+00 6.000000000000000000e+00
4.500000000000000000e+00 1.300000000000000000e+01
5.000000000000000000e+00 4.000000000000000000e+00
5.500000000000000000e+00 1.100000000000000000e+01
6.000000000000000000e+00 1.700000000000000000e+01
6.500000000000000000e+00 3.000000000000000000e+01
7.000000000000000000e+00 5.000000000000000000e+00
7.500000000000000000e+00 1.000000000000000000e+01
8.000000000000000000e+00 6.000000000000000000e+00
8.500000000000000000e+00 1.000000000000000000e+00
9.000000000000000000e+00 1.000000000000000000e+00
9.500000000000000000e+00 6.000000000000000000e+00
1.000000000000000000e+01 2.700000000000000000e+01
