# time shift (tau) 	 correlation coefficient 	 number of simulations: 10000	 FR: True	 RSS: True
-5.000000000000000000e+00 4.100000000000000000e+01
-4.500000000000000000e+00 9.000000000000000000e+00
-4.000000000000000000e+00 1.000000000000000000e+00
-3.500000000000000000e+00 0.000000000000000000e+00
-3.000000000000000000e+00 0.000000000000000000e+00
-2.500000000000000000e+00 0.000000000000000000e+00
-2.000000000000000000e+00 0.000000000000000000e+00
-1.500000000000000000e+00 1.000000000000000000e+00
-1.000000000000000000e+00 0.000000000000000000e+00
-5.000000000000000000e-01 0.000000000000000000e+00
0.000000000000000000e+00 2.800000000000000000e+01
5.000000000000000000e-01 3.200000000000000000e+01
1.000000000000000000e+00 9.500000000000000000e+01
1.500000000000000000e+00 3.620000000000000000e+02
2.000000000000000000e+00 9.850000000000000000e+02
2.500000000000000000e+00 5.107000000000000000e+03
3.000000000000000000e+00 1.261000000000000000e+03
3.500000000000000000e+00 3.060000000000000000e+02
4.000000000000000000e+00 2.600000000000000000e+01
4.500000000000000000e+00 1.870000000000000000e+02
5.000000000000000000e+00 4.900000000000000000e+01
5.500000000000000000e+00 3.510000000000000000e+02
6.000000000000000000e+00 4.790000000000000000e+02
6.500000000000000000e+00 4.870000000000000000e+02
7.000000000000000000e+00 8.100000000000000000e+01
7.500000000000000000e+00 3.800000000000000000e+01
8.000000000000000000e+00 1.000000000000000000e+01
8.500000000000000000e+00 6.000000000000000000e+00
9.000000000000000000e+00 2.400000000000000000e+01
9.500000000000000000e+00 1.200000000000000000e+01
1.000000000000000000e+01 2.200000000000000000e+01
