# time shift (tau) 	 correlation coefficient 	 number of simulations: 10000	 FR: True	 RSS: True
-1.000000000000000000e+01 3.400000000000000000e+01
-9.500000000000000000e+00 3.100000000000000000e+01
-9.000000000000000000e+00 1.180000000000000000e+02
-8.500000000000000000e+00 1.250000000000000000e+02
-8.000000000000000000e+00 4.200000000000000000e+01
-7.500000000000000000e+00 1.800000000000000000e+01
-7.000000000000000000e+00 2.700000000000000000e+01
-6.500000000000000000e+00 3.300000000000000000e+01
-6.000000000000000000e+00 2.600000000000000000e+01
-5.500000000000000000e+00 5.000000000000000000e+01
-5.000000000000000000e+00 5.200000000000000000e+01
-4.500000000000000000e+00 5.700000000000000000e+01
-4.000000000000000000e+00 7.700000000000000000e+01
-3.500000000000000000e+00 7.300000000000000000e+01
-3.000000000000000000e+00 8.400000000000000000e+01
-2.500000000000000000e+00 1.080000000000000000e+02
-2.000000000000000000e+00 8.700000000000000000e+01
-1.500000000000000000e+00 1.120000000000000000e+02
-1.000000000000000000e+00 1.270000000000000000e+02
-5.000000000000000000e-01 1.390000000000000000e+02
0.000000000000000000e+00 1.320000000000000000e+02
5.000000000000000000e-01 1.400000000000000000e+02
1.000000000000000000e+00 1.560000000000000000e+02
1.500000000000000000e+00 1.660000000000000000e+02
2.000000000000000000e+00 1.620000000000000000e+02
2.500000000000000000e+00 2.000000000000000000e+02
3.000000000000000000e+00 2.060000000000000000e+02
3.500000000000000000e+00 4.070000000000000000e+02
4.000000000000000000e+00 6.870000000000000000e+02
4.500000000000000000e+00 9.170000000000000000e+02
5.000000000000000000e+00 8.800000000000000000e+02
5.500000000000000000e+00 7.140000000000000000e+02
6.000000000000000000e+00 6.970000000000000000e+02
6.500000000000000000e+00 5.270000000000000000e+02
7.000000000000000000e+00 4.480000000000000000e+02
7.500000000000000000e+00 6.660000000000000000e+02
8.000000000000000000e+00 5.240000000000000000e+02
8.500000000000000000e+00 1.910000000000000000e+02
9.000000000000000000e+00 1.210000000000000000e+02
9.500000000000000000e+00 1.090000000000000000e+02
1.000000000000000000e+01 8.900000000000000000e+01
1.050000000000000000e+01 1.770000000000000000e+02
1.100000000000000000e+01 1.230000000000000000e+02
1.150000000000000000e+01 6.700000000000000000e+01
1.200000000000000000e+01 2.000000000000000000e+01
1.250000000000000000e+01 3.000000000000000000e+01
1.300000000000000000e+01 1.700000000000000000e+01
1.350000000000000000e+01 1.000000000000000000e+00
1.400000000000000000e+01 0.000000000000000000e+00
1.450000000000000000e+01 0.000000000000000000e+00
1.500000000000000000e+01 6.000000000000000000e+00
