# time shift (tau) 	 correlation coefficient 	 number of simulations: 20000	 FR: True	 RSS: True
-5.000000000000000000e+00 1.000000000000000000e+00
-4.500000000000000000e+00 2.000000000000000000e+00
-4.000000000000000000e+00 1.000000000000000000e+00
-3.500000000000000000e+00 0.000000000000000000e+00
-3.000000000000000000e+00 0.000000000000000000e+00
-2.500000000000000000e+00 1.000000000000000000e+00
-2.000000000000000000e+00 1.000000000000000000e+00
-1.500000000000000000e+00 2.000000000000000000e+00
-1.000000000000000000e+00 1.000000000000000000e+00
-5.000000000000000000e-01 3.000000000000000000e+00
0.000000000000000000e+00 7.000000000000000000e+00
5.000000000000000000e-01 7.000000000000000000e+00
1.000000000000000000e+00 2.100000000000000000e+01
1.500000000000000000e+00 4.300000000000000000e+01
2.000000000000000000e+00 1.600000000000000000e+02
2.500000000000000000e+00 5.990000000000000000e+02
3.000000000000000000e+00 1.996000000000000000e+03
3.500000000000000000e+00 3.130000000000000000e+03
4.000000000000000000e+00 3.567000000000000000e+03
4.500000000000000000e+00 3.841000000000000000e+03
5.000000000000000000e+00 3.672000000000000000e+03
5.500000000000000000e+00 1.574000000000000000e+03
6.000000000000000000e+00 7.340000000000000000e+02
6.500000000000000000e+00 2.710000000000000000e+02
7.000000000000000000e+00 1.430000000000000000e+02
7.500000000000000000e+00 8.100000000000000000e+01
8.000000000000000000e+00 4.000000000000000000e+01
8.500000000000000000e+00 4.400000000000000000e+01
9.000000000000000000e+00 2.700000000000000000e+01
9.500000000000000000e+00 1.400000000000000000e+01
1.000000000000000000e+01 1.700000000000000000e+01
