# time shift (tau) 	 correlation coefficient 	 number of simulations: 10000	 FR: True	 RSS: True
-5.000000000000000000e+00 2.000000000000000000e+00
-4.500000000000000000e+00 2.100000000000000000e+01
-4.000000000000000000e+00 9.000000000000000000e+00
-3.500000000000000000e+00 1.000000000000000000e+00
-3.000000000000000000e+00 0.000000000000000000e+00
-2.500000000000000000e+00 3.000000000000000000e+00
-2.000000000000000000e+00 1.100000000000000000e+01
-1.500000000000000000e+00 1.400000000000000000e+01
-1.000000000000000000e+00 2.000000000000000000e+01
-5.000000000000000000e-01 4.100000000000000000e+01
0.000000000000000000e+00 5.300000000000000000e+01
5.000000000000000000e-01 9.200000000000000000e+01
1.000000000000000000e+00 8.800000000000000000e+01
1.500000000000000000e+00 1.260000000000000000e+02
2.000000000000000000e+00 4.970000000000000000e+02
2.500000000000000000e+00 1.812000000000000000e+03
3.000000000000000000e+00 2.232000000000000000e+03
3.500000000000000000e+00 1.697000000000000000e+03
4.000000000000000000e+00 1.193000000000000000e+03
4.500000000000000000e+00 7.200000000000000000e+02
5.000000000000000000e+00 4.770000000000000000e+02
5.500000000000000000e+00 3.150000000000000000e+02
6.000000000000000000e+00 1.600000000000000000e+02
6.500000000000000000e+00 9.000000000000000000e+01
7.000000000000000000e+00 6.500000000000000000e+01
7.500000000000000000e+00 1.400000000000000000e+02
8.000000000000000000e+00 9.500000000000000000e+01
8.500000000000000000e+00 2.100000000000000000e+01
9.000000000000000000e+00 4.000000000000000000e+00
9.500000000000000000e+00 0.000000000000000000e+00
1.000000000000000000e+01 1.000000000000000000e+00
