# time shift (tau) 	 correlation coefficient 	 number of simulations: 10000	 FR: True	 RSS: True
-5.000000000000000000e+00 0.000000000000000000e+00
-4.500000000000000000e+00 0.000000000000000000e+00
-4.000000000000000000e+00 0.000000000000000000e+00
-3.500000000000000000e+00 0.000000000000000000e+00
-3.000000000000000000e+00 0.000000000000000000e+00
-2.500000000000000000e+00 1.000000000000000000e+00
-2.000000000000000000e+00 9.000000000000000000e+00
-1.500000000000000000e+00 2.100000000000000000e+01
-1.000000000000000000e+00 3.500000000000000000e+01
-5.000000000000000000e-01 2.610000000000000000e+02
0.000000000000000000e+00 3.220000000000000000e+03
5.000000000000000000e-01 5.354000000000000000e+03
1.000000000000000000e+00 8.280000000000000000e+02
1.500000000000000000e+00 9.300000000000000000e+01
2.000000000000000000e+00 8.400000000000000000e+01
2.500000000000000000e+00 4.600000000000000000e+01
3.000000000000000000e+00 2.000000000000000000e+01
3.500000000000000000e+00 1.000000000000000000e+01
4.000000000000000000e+00 5.000000000000000000e+00
4.500000000000000000e+00 8.000000000000000000e+00
5.000000000000000000e+00 3.000000000000000000e+00
5.500000000000000000e+00 0.000000000000000000e+00
6.000000000000000000e+00 1.000000000000000000e+00
6.500000000000000000e+00 1.000000000000000000e+00
7.000000000000000000e+00 0.000000000000000000e+00
7.500000000000000000e+00 0.000000000000000000e+00
8.000000000000000000e+00 0.000000000000000000e+00
8.500000000000000000e+00 0.000000000000000000e+00
9.000000000000000000e+00 0.000000000000000000e+00
9.500000000000000000e+00 0.000000000000000000e+00
1.000000000000000000e+01 0.000000000000000000e+00
