# # time shift (tau) Cont4010 Cont4200 Cont4440 Cont4765 Cont5100 Cont5600 Cont6045 Cont6110 Cont6880 Cont7390 Cont8015 Cont8900 Cont1150 Cont1460
-1.000000000000000000e+01 -8.468528059840740863e-02 -1.382892610151295783e-02 8.095919830133418982e-02 -1.354843435174280658e-02 1.433365085376714088e-01 1.143958574910391573e-01 2.130374793378973786e-01 1.507050195668051089e-02 2.063565336969980582e-02 3.485023005845508393e-04 -9.257754717613023154e-02 -5.580304066426844400e-02 -2.959439462052100289e-01 -2.707404837890729499e-01
-9.500000000000000000e+00 5.725269179440795053e-02 1.391544032784081675e-01 1.911262037898500687e-01 8.202763499110779510e-02 2.465173265495316235e-01 1.853689931035920335e-01 2.340580624648853081e-01 7.343413871841383833e-02 1.386649410302524532e-01 1.541999490885692936e-01 7.784300088486878488e-02 9.915789957744014504e-02 -1.902507580664374309e-01 -1.290075766584476702e-01
-9.000000000000000000e+00 1.364874104521472953e-01 1.946900690543414969e-01 2.241059569960376918e-01 1.088288751411268934e-01 2.535635068853216989e-01 1.361007395559524491e-01 1.742011616569405785e-01 6.057208275530969604e-02 1.459971530313671773e-01 1.759306423045001733e-01 1.471513931778939410e-01 1.381184777927624285e-01 -9.313499912538532322e-02 -8.612959487160763011e-03
-8.500000000000000000e+00 2.882842614946983240e-01 3.366554191304318433e-01 3.604286196099358852e-01 2.727598656011897549e-01 3.859786410876185903e-01 2.634076496599533357e-01 2.574284157464280520e-01 2.012689296660910010e-01 2.539770643767831348e-01 2.841711056095736487e-01 2.101707399061258363e-01 1.894879829035634178e-01 7.342715651924566767e-02 1.692810579526488057e-01
-8.000000000000000000e+00 3.371479633948595289e-01 3.712735384046528808e-01 4.178768155978179744e-01 3.592093832712137669e-01 4.375005784602147840e-01 3.171861103243398539e-01 2.934884150962521754e-01 2.773674785506400342e-01 2.531598940137959053e-01 2.568702412978717264e-01 1.350834169277458918e-01 9.793956866724687349e-02 1.620259208868004008e-01 2.385575700008831790e-01
-7.500000000000000000e+00 4.418287368910929769e-01 4.928117031993888286e-01 5.195854298043360853e-01 4.829674355236703853e-01 5.537802700868585948e-01 4.577232806353989658e-01 4.443180228065503057e-01 4.256767926152720261e-01 3.802731971066274919e-01 3.659023889087311687e-01 2.156756145602559127e-01 1.873535255743202232e-01 2.645955728104152915e-01 3.386867600516972887e-01
-7.000000000000000000e+00 4.490452376195211981e-01 4.970124397895733237e-01 5.246127932186622767e-01 4.999025702355429646e-01 5.566113573365680800e-01 4.979531754901316276e-01 5.359306987243110942e-01 4.676920938360108471e-01 4.191992497205738744e-01 3.740426230248061201e-01 2.117450432673049221e-01 2.206601910302702918e-01 2.647885300934834651e-01 3.337440208623063675e-01
-6.500000000000000000e+00 5.154920426159084190e-01 5.770183911156535617e-01 5.874989184483028204e-01 5.548470197670665183e-01 6.284990653826962870e-01 5.988434107088136393e-01 6.296483299414548096e-01 5.635598684910134715e-01 5.253580929048418113e-01 4.872153410904565551e-01 3.485148050974146150e-01 3.555085898198159233e-01 2.994368140769861908e-01 3.604242605747408623e-01
-6.000000000000000000e+00 5.092256969642927622e-01 5.389461631014171861e-01 5.883060020613217755e-01 5.286838832001246047e-01 6.052211587955482752e-01 5.743424160701785519e-01 6.234905884388832753e-01 5.446221126662420531e-01 5.161279495107542470e-01 4.821155705515313139e-01 3.947850258755479791e-01 3.624123747031590126e-01 2.504687391151197984e-01 3.165393476768814107e-01
-5.500000000000000000e+00 5.324642114178173014e-01 5.624155330140083731e-01 5.950184218884990717e-01 5.337736864249998936e-01 6.072260167420031607e-01 5.968750752095403067e-01 6.305768095866541856e-01 5.482598587360523190e-01 5.435281176979263051e-01 5.015936085922443333e-01 4.599334821903781623e-01 4.154592948297829436e-01 2.874565547591741432e-01 3.454904722282171603e-01
-5.000000000000000000e+00 4.720111345747939890e-01 4.875835193824105129e-01 5.262788446231998485e-01 4.589994572933273620e-01 5.271306583728132544e-01 5.309046150692233734e-01 5.568028558839777098e-01 4.519105500735037806e-01 4.778572172376863714e-01 4.170879739284104604e-01 4.063113102008611977e-01 3.533101205703368941e-01 2.353677645471905500e-01 2.934193274018404018e-01
-4.500000000000000000e+00 4.009828494171079338e-01 4.093234269347478804e-01 4.323858325730782770e-01 3.729873037677166048e-01 4.369385013636526427e-01 4.682713980856093583e-01 4.665040561705012245e-01 3.655001957003485846e-01 3.921482038838535744e-01 3.511959412615098808e-01 3.342782973597093199e-01 3.199771716146664891e-01 1.785257669337045883e-01 2.189800527789890205e-01
-4.000000000000000000e+00 3.391101982763929379e-01 3.245515949439101711e-01 3.504358541629738477e-01 2.938008400712216472e-01 3.515266635698202080e-01 4.001775403439947754e-01 3.701688521123691622e-01 2.710696796401450559e-01 2.998222188346459927e-01 2.801766079110988295e-01 2.381939569515809374e-01 2.657096276227315368e-01 1.317537070251180165e-01 1.635243336209280529e-01
-3.500000000000000000e+00 3.804451187143375601e-01 3.600671612781384812e-01 3.681710646438565715e-01 3.267667979258942479e-01 3.639501031111198603e-01 4.002872249823409279e-01 3.623783342350689329e-01 2.984839786129174777e-01 3.084150766522074649e-01 2.954798104704275397e-01 2.532525485889594030e-01 2.937678389426411907e-01 1.988792998370229603e-01 2.110056992904904005e-01
-3.000000000000000000e+00 3.984835788405436396e-01 3.552982740826118313e-01 3.642201697490248247e-01 3.351946383802478779e-01 3.413250980823719916e-01 3.572698034999755023e-01 3.203086055922542696e-01 2.804698586090935697e-01 2.740327257340292033e-01 2.541306029709152758e-01 2.112661308075024502e-01 2.471141936370620240e-01 2.493281095722801322e-01 2.494612720044622756e-01
-2.500000000000000000e+00 4.546940220659367315e-01 4.146836937431004344e-01 4.163403595867932738e-01 4.051151302494928608e-01 3.940135190469388204e-01 3.880081393850023375e-01 3.342484790906012360e-01 3.211131831483270971e-01 3.057548303730577288e-01 2.646774755291550485e-01 2.446255201808114066e-01 2.533921746781728213e-01 3.781566529151081379e-01 3.707111547293460152e-01
-2.000000000000000000e+00 4.776115596345978931e-01 4.555324533226896566e-01 4.459355690479723799e-01 4.504493514262553622e-01 4.392690971579533699e-01 4.135027034753443465e-01 3.400875242685292843e-01 3.452433592886189340e-01 3.171131957804418366e-01 2.496108558629677177e-01 2.470929654301920186e-01 2.237270122525473193e-01 4.564927601277379288e-01 4.441415087077588142e-01
-1.500000000000000000e+00 6.151874990448265024e-01 5.899672387933136974e-01 5.832640412180021272e-01 5.908734722214900037e-01 5.701237255111566427e-01 5.445341802991812141e-01 4.516513547265498807e-01 4.756310869937387387e-01 4.505945080018958215e-01 3.801289762407960016e-01 3.779298620348260362e-01 3.548208121163834994e-01 6.422023969346848382e-01 6.275975032096660078e-01
-1.000000000000000000e+00 7.030415010053703284e-01 6.846698642406827684e-01 6.751213815690487730e-01 6.847225037989150831e-01 6.663597051872051091e-01 6.408368639348671625e-01 5.200856335532435537e-01 5.663491848525660233e-01 5.414037244041197683e-01 4.716471638810300071e-01 4.603384978346224399e-01 4.323134159185727521e-01 7.548647770194919504e-01 7.416050676340583125e-01
-5.000000000000000000e-01 8.349933949115432297e-01 8.110435592850415709e-01 7.981526298293128985e-01 8.249973642411447816e-01 7.863759053813431654e-01 7.665338334645415141e-01 6.714502609591338489e-01 7.249526494593077075e-01 6.848273240922091443e-01 6.127557903001374928e-01 6.107844383923372034e-01 5.680776928033670625e-01 9.248161813023968447e-01 9.055926705866157445e-01
0.000000000000000000e+00 8.932607982092772847e-01 8.705525497158907999e-01 8.573313981425749741e-01 8.947244545550676609e-01 8.482647338601480014e-01 8.410615115773445449e-01 7.679741372079184059e-01 8.214499402045024601e-01 7.738213082509961538e-01 6.990961671316451298e-01 6.944762041310181822e-01 6.468121849307566507e-01 9.857776389792813898e-01 9.672087718976983828e-01
5.000000000000000000e-01 8.964532403461245025e-01 8.777547426898082428e-01 8.774151295006769047e-01 9.117269825739625633e-01 8.768545788475279323e-01 8.834186298606423460e-01 8.337672272704095278e-01 8.648039489377052913e-01 8.188483419653674877e-01 7.470804508359067952e-01 7.376875011498171819e-01 7.039600809308648177e-01 9.421036828752245018e-01 9.341669607397730113e-01
1.000000000000000000e+00 8.230306483678959673e-01 8.110806116567619295e-01 8.276592113178271592e-01 8.499990102126188107e-01 8.366106015124326056e-01 8.607177009350750474e-01 8.361982090560680092e-01 8.392963297459991034e-01 8.036834124429391712e-01 7.389610069833190131e-01 7.128042890712049662e-01 7.043753358924659258e-01 7.881968368509264522e-01 7.958850695738699521e-01
1.500000000000000000e+00 8.145856561471418456e-01 8.002121700837716567e-01 8.179175091141984710e-01 8.172414428219140214e-01 8.284643530466571093e-01 8.454307306395538735e-01 8.324887376031686603e-01 8.294548224933757652e-01 8.344809278767659766e-01 7.980569768262523178e-01 7.909570845073209400e-01 7.812893005394749846e-01 6.981248871343500584e-01 7.286793675250904379e-01
2.000000000000000000e+00 7.288989607116632685e-01 7.052159846399892462e-01 7.353206429094948371e-01 7.032884038877404986e-01 7.389737164777572254e-01 7.500908116706571649e-01 7.575084825618483286e-01 7.381748131666404644e-01 7.890607049474380741e-01 7.759191731283263671e-01 7.842688265065927977e-01 7.786840092689901738e-01 5.271615368539243063e-01 5.784744845771996324e-01
2.500000000000000000e+00 6.690292988438921729e-01 6.476026417614386688e-01 6.795164407130562800e-01 6.309630806996553432e-01 6.698982862516683623e-01 6.694858621869279602e-01 7.162659207349533208e-01 6.909469852780144583e-01 7.473685476518778792e-01 7.587363366824780853e-01 7.834284999768195146e-01 7.770167054536043505e-01 4.358815043303958525e-01 5.028882431649933649e-01
3.000000000000000000e+00 5.370700602244244948e-01 5.228489119675185925e-01 5.583898814715043679e-01 4.978970534219205879e-01 5.397702685480133544e-01 5.248650950574813567e-01 5.987364579959744137e-01 5.748778198713773158e-01 6.377232425031265084e-01 6.692598619397350790e-01 6.944276672845932641e-01 6.868070351543927865e-01 2.937500673362981041e-01 3.684734032210282839e-01
3.500000000000000000e+00 4.799936584510559601e-01 4.931693462006236928e-01 5.195547439630077147e-01 4.664969302645384230e-01 4.986229007810570879e-01 4.824879015197593990e-01 5.729355915751859207e-01 5.516870232385296946e-01 6.110056537649196651e-01 6.686728224750387861e-01 6.422321881599556415e-01 6.707968492498413982e-01 2.474889870257608870e-01 3.167405865397987519e-01
4.000000000000000000e+00 3.895661110966455176e-01 4.264191334643163689e-01 4.362981642062510601e-01 3.944212530595141986e-01 4.153930697352962720e-01 3.998415020672076992e-01 4.892535072218328063e-01 4.817103845697996434e-01 5.371692119687844214e-01 6.160936815580184689e-01 5.451325822563573009e-01 6.005651953334179005e-01 1.976643821189318084e-01 2.539495560224448445e-01
4.500000000000000000e+00 4.108482259331450726e-01 4.604496661878821895e-01 4.475780506870451481e-01 4.092821739725599484e-01 4.234704879934036992e-01 4.047520352975793045e-01 4.943180879796595928e-01 4.997971435566227472e-01 5.493538679108485034e-01 6.340206069089173724e-01 5.712527997068732599e-01 6.173213193467977922e-01 2.502798364514819962e-01 3.126303163661399154e-01
5.000000000000000000e+00 4.138302845670969177e-01 4.686472650062221135e-01 4.464755178285677584e-01 4.142780205360526713e-01 4.170775267422391908e-01 4.019468801182735085e-01 4.905855281448119332e-01 5.068609787249785947e-01 5.335374380762971658e-01 6.028830169301881980e-01 5.606112443935420409e-01 5.825330122985790116e-01 2.993254431079178657e-01 3.574720201603968084e-01
5.500000000000000000e+00 4.145228767514932411e-01 4.710661091737947670e-01 4.581092463499447653e-01 4.280829731798179161e-01 4.327071844645329346e-01 4.129050639620849283e-01 5.076876158088214908e-01 5.166724888482959743e-01 4.988996185637978864e-01 5.348624675090518643e-01 5.175934882761734634e-01 5.187596567926768820e-01 3.196479610312648045e-01 3.689482320401452076e-01
6.000000000000000000e+00 3.353866018783269176e-01 3.928463024528824343e-01 3.804407665613185885e-01 3.605391633767091042e-01 3.710238151134975793e-01 3.656714817034574239e-01 4.349018631411377678e-01 4.379298513554261696e-01 4.011027755494132041e-01 4.018435609832397559e-01 4.097771183805098971e-01 3.953980325946024887e-01 2.701823690507286768e-01 3.030321261422234125e-01
6.500000000000000000e+00 3.346401253671039133e-01 3.944399871937913638e-01 3.718963067727110161e-01 3.665599992321358358e-01 3.823877069738233492e-01 3.960441615067314403e-01 4.197539748569130147e-01 4.171023601599936903e-01 4.062642531043390015e-01 3.853646627362400934e-01 3.901242396918710997e-01 4.045734859036496101e-01 3.068844270960344733e-01 3.206803616618423280e-01
7.000000000000000000e+00 2.690409410047946981e-01 3.189172167268048419e-01 2.890836021664051070e-01 2.929629796662566177e-01 3.203434629866808159e-01 3.442649302081688401e-01 3.295570444822503164e-01 3.256263411406754016e-01 3.365284079452315336e-01 3.025807460198733922e-01 3.153641513680557895e-01 3.577262001919868650e-01 2.744277909940635585e-01 2.668784732352396660e-01
7.500000000000000000e+00 2.541076696583363104e-01 2.853458260268887381e-01 2.592186153595475995e-01 2.559093879063285559e-01 2.918277968065237093e-01 2.983436313767678927e-01 2.790291407214316455e-01 2.844327581985598430e-01 2.945091766602629946e-01 2.698524372557336015e-01 2.691816893153201606e-01 3.407604823494990165e-01 2.746282702714264445e-01 2.440397308545287636e-01
8.000000000000000000e+00 1.429210371373585697e-01 1.532072189002780804e-01 1.496377127076248814e-01 1.373492716194436025e-01 1.786898858986093463e-01 1.759956733116853078e-01 1.536296034179045478e-01 1.589042967014225316e-01 1.651243651311185001e-01 1.359269388945928136e-01 1.217028410606563887e-01 2.177599640311366214e-01 1.684489884795574710e-01 1.134449449945941768e-01
8.500000000000000000e+00 6.224507018775791989e-02 5.595990317320354013e-02 9.475470033511614043e-02 5.831407497085139974e-02 1.011449296301838580e-01 8.578629914350568986e-02 8.013925824224163441e-02 6.646295197948366706e-02 7.058393542840962764e-02 2.885683865707741602e-02 -7.307048500692549936e-04 1.084566592861296169e-01 5.815630489735211517e-02 4.354453306335858472e-04
9.000000000000000000e+00 -6.818805544463510393e-02 -7.603680910599189269e-02 -1.313068249875828930e-02 -7.105223831865840889e-02 -1.998573302742312138e-02 -4.953425481528371532e-02 -3.648861487615324972e-02 -6.854251257185534074e-02 -4.345775100497211579e-02 -8.213402079415306478e-02 -1.169053554088540781e-01 2.050541917331723946e-03 -1.155642324301941748e-01 -1.637282700381932909e-01
9.500000000000000000e+00 -9.169143375940794205e-02 -9.337831997426546127e-02 -2.441365940525833111e-02 -1.044217527616149443e-01 -4.560231848000062538e-02 -1.046205587014001626e-01 -6.668445867735459109e-02 -1.076449787117690904e-01 -5.190178754156454105e-02 -6.242052778253510958e-02 -8.555283113016147467e-02 2.795459844999647128e-02 -2.064873035483680008e-01 -2.029799711401727713e-01
1.000000000000000000e+01 -1.755544536038933789e-01 -1.645376746835968962e-01 -1.021608200167476721e-01 -2.003973493111964044e-01 -1.420971694427599075e-01 -2.087503676636382199e-01 -1.713708481672244766e-01 -1.995101916044659252e-01 -1.139637085676843686e-01 -9.000874656442391097e-02 -8.638880767910166181e-02 -1.064506793331370174e-02 -3.025040605592566600e-01 -2.535914521625817764e-01
1.050000000000000000e+01 -1.616963523086666077e-01 -1.461625876465085239e-01 -9.882913109806987229e-02 -1.994002962679303492e-01 -1.763254025781572643e-01 -2.268621370093336365e-01 -1.890445277279012570e-01 -1.905435660957377486e-01 -1.117982008826813173e-01 -6.417818689895514461e-02 -5.776941360825378624e-02 -2.105143033632601163e-02 -2.659931376049118890e-01 -2.007620045644658568e-01
1.100000000000000000e+01 -2.145186390833449530e-01 -1.836585011481252083e-01 -1.714129767437873042e-01 -2.460404840514429370e-01 -2.787667285363515379e-01 -2.751895128895670006e-01 -2.554515608544211114e-01 -2.275924952046884386e-01 -1.621579622170232493e-01 -9.632196120672550932e-02 -9.145058308184561557e-02 -9.060572261252740345e-02 -2.376743916163963077e-01 -1.682571734373525529e-01
1.150000000000000000e+01 -2.023556554763240589e-01 -1.587800866252676857e-01 -1.885809161008493717e-01 -2.136640441373872379e-01 -3.022834286643981128e-01 -2.415415621056864748e-01 -2.389510568135853608e-01 -2.003189059044231390e-01 -1.516494483813901339e-01 -1.020660636830737350e-01 -9.275286539891115789e-02 -1.177504757334343899e-01 -1.402183621368130462e-01 -7.494587052744698663e-02
1.200000000000000000e+01 -2.337575212142855574e-01 -1.892651827977356316e-01 -2.503216613382134303e-01 -2.250577174386818868e-01 -3.497468423247105385e-01 -2.457970564018223114e-01 -2.613568624108914551e-01 -2.115982567147200455e-01 -1.795644830492241772e-01 -1.284141870367821181e-01 -1.262864461677109529e-01 -1.517349891086704483e-01 -1.296209644142948259e-01 -6.431620100127290185e-02
1.250000000000000000e+01 -2.032484242365922844e-01 -1.898428357168885916e-01 -2.363846596042314396e-01 -1.848645127561060475e-01 -3.020686731434557015e-01 -2.027224991334729554e-01 -2.224318791807202156e-01 -1.790014821973328063e-01 -1.786398436166438675e-01 -1.337705948856585669e-01 -1.308079697121070917e-01 -1.584886191349662299e-01 -1.428080084333823163e-01 -7.285273333123754025e-02
1.300000000000000000e+01 -2.661331777037191371e-01 -2.839783221234579713e-01 -3.213013086494922455e-01 -2.440786857742749671e-01 -3.462682918942441290e-01 -2.671225393622157496e-01 -2.974228342772464728e-01 -2.505968794567758895e-01 -2.853891994449976321e-01 -2.626027382920580466e-01 -2.637915286747656296e-01 -2.978204395831277607e-01 -2.022982242835650868e-01 -1.615437196824577870e-01
1.350000000000000000e+01 -2.485543749507737599e-01 -2.870265581573961944e-01 -3.138599303244253846e-01 -2.270750133287877670e-01 -3.025004074652616892e-01 -2.796369346082511198e-01 -2.926138318467977895e-01 -2.598535377809509939e-01 -3.356332408656679256e-01 -3.568842182510093552e-01 -3.672089698186631335e-01 -4.121075620797034489e-01 -1.697217434912400291e-01 -1.766611783476203512e-01
1.400000000000000000e+01 -3.586835407365553952e-01 -4.240554705948932357e-01 -4.222802405308401230e-01 -3.388573207368545948e-01 -3.688587937267283623e-01 -3.896704831428181026e-01 -3.966428379672364279e-01 -3.998240811723658972e-01 -4.945745859849257631e-01 -5.856566276245998015e-01 -5.681827503024993176e-01 -6.133643839998312863e-01 -2.684780910370311302e-01 -3.410836450221484961e-01
1.450000000000000000e+01 -3.497133388228205741e-01 -4.126833000425391695e-01 -4.097692184674991411e-01 -3.252401253158404559e-01 -3.083282945461605085e-01 -3.759390558564543738e-01 -3.683636733590423540e-01 -4.020465146809985013e-01 -5.069634651906452794e-01 -6.184004266316405207e-01 -5.995675576574237553e-01 -6.383035761439135314e-01 -2.462735396991774794e-01 -3.773203162980591774e-01
1.500000000000000000e+01 -3.679732852930887033e-01 -4.303972127778786794e-01 -4.020910859474247090e-01 -3.377227889655043391e-01 -2.420919338994673431e-01 -3.608685745730486616e-01 -3.382308223122957314e-01 -4.186509427323268362e-01 -5.083866220663653124e-01 -5.948557912529388592e-01 -5.886129900519783131e-01 -6.156931795446827227e-01 -2.895308557641751990e-01 -4.676565933605181247e-01
