# # time shift (tau) UVW2 Cont1150_not_optical_calibrated LyAlpha_not_optical_calibrated HBeta_not_optical_calibrated OI8446_not_optical_calibrated Cont1460_not_optical_calibrated
-5.000000000000000000e+00 1.539069776340787898e-01 2.181362311547573596e-01 2.475542119933140106e-01 3.923336187269236275e-01 1.367719070882065791e-01 3.030483463677963729e-01
-4.500000000000000000e+00 2.135043753825886792e-01 1.598729181759530049e-01 1.467688604984913880e-01 3.526843879309928820e-01 1.258695515213948679e-01 2.156559559774311741e-01
-4.000000000000000000e+00 2.094727569916202126e-01 1.190988628424356488e-01 2.810190256534826625e-02 2.844050909345561262e-01 7.389323844893727622e-02 1.557877789096666632e-01
-3.500000000000000000e+00 2.670253765523505907e-01 1.888454262324559263e-01 5.216291845122248555e-02 2.558448847642827428e-01 9.366992140647656395e-02 1.998591230737426505e-01
-3.000000000000000000e+00 2.933994238626628226e-01 2.542862802647426479e-01 5.735034978944928558e-03 1.502953863077301500e-01 5.338471639602354601e-02 2.463996063104637591e-01
-2.500000000000000000e+00 3.862892805608675317e-01 3.868786941955047465e-01 9.695733588118218838e-03 1.291194265284536513e-01 -8.085231143924208330e-02 3.672000209263305281e-01
-2.000000000000000000e+00 4.993709971972655204e-01 4.669399574345374226e-01 3.996359935871358210e-02 1.025081956872016253e-01 -1.844059602063316816e-01 4.472423006958490266e-01
-1.500000000000000000e+00 5.772249939259174178e-01 6.520244258846699115e-01 1.823057451988508992e-01 2.328079706498350221e-01 -4.569800419581172141e-02 6.287579247304238006e-01
-1.000000000000000000e+00 7.064298125579531185e-01 7.626485128551563353e-01 2.981644208994927991e-01 3.157851907871790376e-01 7.996860991723453438e-02 7.469518479726118265e-01
-5.000000000000000000e-01 7.938061829657461210e-01 9.387838377393480371e-01 4.706015748137608590e-01 4.665006799893889333e-01 2.544437017091020214e-01 9.122476065927550559e-01
0.000000000000000000e+00 8.957243150915907837e-01 9.999999999999998890e-01 5.967988838041384803e-01 5.483692091320929718e-01 3.342751472548809444e-01 9.793797674988372615e-01
5.000000000000000000e-01 9.116319004656178171e-01 9.387838377393480371e-01 7.433701093010860461e-01 6.599317491819247650e-01 3.924364576432208818e-01 9.515987471095485040e-01
1.000000000000000000e+00 8.365064402413235900e-01 7.626485128551562243e-01 8.313324395253958166e-01 6.910579482147826136e-01 3.738291019993019715e-01 8.194410083819412272e-01
1.500000000000000000e+00 7.407121748280361961e-01 6.520244258846699115e-01 8.843193023287296839e-01 7.681152672969818740e-01 4.518198576625414020e-01 7.331074318532513345e-01
2.000000000000000000e+00 6.001216271525509072e-01 4.669399574345374226e-01 8.265122002938556367e-01 7.215926168799655649e-01 3.876230104350082417e-01 5.660127622618917886e-01
2.500000000000000000e+00 4.685998832469737696e-01 3.868786941955047465e-01 7.496599328305992849e-01 7.269441931498992204e-01 4.026695511642403025e-01 4.721513893712891985e-01
3.000000000000000000e+00 4.043596606472499300e-01 2.542862802647426479e-01 5.866251089008933661e-01 6.020842621809121553e-01 2.361629770781435989e-01 3.230908225105554865e-01
3.500000000000000000e+00 2.984949999646032692e-01 1.888454262324559541e-01 5.575328303895870086e-01 4.938953923428968662e-01 2.716136889355082462e-01 2.569796606845830556e-01
4.000000000000000000e+00 3.415919671171767091e-01 1.190988628424356210e-01 4.712701277834868696e-01 3.032610484935092110e-01 2.004789179386515241e-01 1.829171811468646713e-01
4.500000000000000000e+00 3.148121761260015417e-01 1.598729181759530049e-01 4.669640235920478055e-01 2.890110319274434847e-01 2.053015463545787844e-01 2.343519604583723659e-01
5.000000000000000000e+00 3.899860528075085875e-01 2.181362311547573873e-01 4.640155527037317928e-01 2.924576913155902957e-01 1.835271629470427712e-01 2.897252728530800292e-01
5.500000000000000000e+00 3.072478270033842662e-01 2.615317577600394516e-01 4.778613178803355344e-01 3.646030611064138838e-01 1.426619582881383796e-01 3.222514549639110548e-01
6.000000000000000000e+00 3.293056039238372312e-01 2.245075837635915339e-01 4.097975137410552193e-01 2.882283412333092043e-01 5.779917228313502520e-04 2.710311421351110917e-01
6.500000000000000000e+00 2.742572612112429420e-01 2.698169106655559091e-01 3.446746873535463385e-01 2.639565335062121210e-01 4.612116510916892259e-02 2.881748115011786293e-01
7.000000000000000000e+00 2.704705404141283798e-01 2.441553875665904705e-01 2.259742931569941882e-01 2.297787080871879217e-01 1.078821860881736538e-01 2.331938402460583259e-01
7.500000000000000000e+00 1.906621939690043011e-01 2.486626186950641748e-01 1.853143893827370881e-01 3.457383780259341011e-01 3.852177547225075216e-01 2.165839780747897125e-01
8.000000000000000000e+00 8.313648438130696872e-02 1.637349808245532334e-01 8.364325553347891351e-02 3.814244182875309308e-01 4.768595092083738329e-01 1.018945814419149887e-01
8.500000000000000000e+00 1.813648908886460881e-02 8.760629616766288374e-02 6.566360788900987844e-02 4.494954526515217430e-01 5.281405408486870012e-01 1.714446547426856995e-02
9.000000000000000000e+00 -1.137879811527173213e-01 -6.933207749319574009e-02 -2.268942140850174760e-03 4.202400881503386421e-01 4.318426218414603834e-01 -1.340111730749722341e-01
9.500000000000000000e+00 -1.817939170572621665e-01 -1.529700504699247898e-01 -5.527401977351867335e-03 4.116083614560688275e-01 4.437746508776378995e-01 -1.730087317340990027e-01
1.000000000000000000e+01 -2.624487241923727510e-01 -2.523539066836863465e-01 -1.234651552399400193e-01 3.143255078309747375e-01 3.869622936688012493e-01 -2.432079327541653013e-01
