# # time shift (tau) HDelta HGamma HeII4685 HBeta HeI5875 HAlpha HeI5015 OI8446 HeI4471 HeI7065 OIII5007
-5.000000000000000000e+00 2.177637611981019794e-01 1.576899356029021482e-01 3.114724162559457943e-01 2.827863564586146072e-01 -1.855424020190206691e-01 1.100709774751427728e-01 -2.240709144104701955e-01 1.032499631422702235e-01 -2.461632052790400094e-01 2.783488383326084281e-01 -2.934527683399056341e-01
-4.500000000000000000e+00 1.336071688111724609e-01 1.835097796370286360e-01 2.193528727120083177e-01 3.853348677135739475e-01 -2.849310468870147606e-01 1.579314047045837499e-01 -2.012944710917982938e-01 1.738581123447942578e-01 -1.523342811169618449e-01 3.679674255923039428e-01 -2.670022759741316198e-01
-4.000000000000000000e+00 1.007164280547008517e-02 1.810059267273694816e-01 1.043066299640861699e-01 3.902603393943263055e-01 -3.149686385081396089e-01 1.265163177594693100e-01 -9.145304858113839641e-02 1.706025841505905416e-01 -3.660877141917200095e-02 3.955282523235233438e-01 -1.520105531572665536e-01
-3.500000000000000000e+00 -3.839708538813375177e-02 1.403489037123467897e-01 8.535141226227363487e-02 3.645942525482390173e-01 -2.683082928113461607e-01 1.082315116709679503e-01 -2.413300388350458903e-01 1.663870026633999522e-01 -8.464727236767381757e-03 3.287270141803675383e-01 -2.902157591344015075e-01
-3.000000000000000000e+00 -1.744401695526035245e-01 3.720143071948261992e-03 2.255824632374112820e-02 1.886480770614437363e-01 -1.746432004809993777e-01 -2.498745002672437404e-02 -3.387653676081674448e-01 7.293123001918858095e-02 -3.678698563736767374e-02 1.413877377226097631e-01 -3.823712394465766384e-01
-2.500000000000000000e+00 -1.554844703201895828e-01 1.907249832673353629e-03 3.659326772987939874e-02 1.470565884965975012e-01 -4.132330257579835964e-02 -3.149215353810724122e-02 -4.659893549155769699e-01 -4.208903500783629098e-02 -8.444215151537499964e-02 4.436763086481616825e-02 -5.430489340599718995e-01
-2.000000000000000000e+00 -1.007297055515767037e-01 -5.172432521145742257e-03 8.238763149613673176e-02 7.604093448869042593e-02 -1.264996756664502064e-02 -8.110392487468462419e-02 -5.200666415382412255e-01 -1.790898951004272766e-01 -1.265502053960355644e-01 -5.396520521014284283e-02 -5.813189084233079118e-01
-1.500000000000000000e+00 5.071228433238435251e-02 1.762779580798387591e-01 2.636816526498932389e-01 1.761144316511878971e-01 7.747770725064770381e-02 -1.700669831994290615e-02 -5.490670335587319872e-01 -7.325591947035781093e-02 -9.163081977813909706e-02 -1.359860708150157360e-01 -6.672150961901073263e-01
-1.000000000000000000e+00 1.749853535101898450e-01 2.796009420819277613e-01 3.929861375265019663e-01 2.167823610466056705e-01 1.602349061842925360e-01 2.273681735164789774e-03 -4.600447020671168952e-01 -1.694061511365056033e-02 -1.309870158735312595e-01 -2.382978382828832564e-01 -5.994626622015373218e-01
-5.000000000000000000e-01 3.403188419956388877e-01 4.367229782641222080e-01 5.975823589427922133e-01 3.171624725940868084e-01 2.681144250214952951e-01 1.454820091856794395e-01 -4.224676234276074638e-01 5.696439459303984099e-02 -3.676592947286608237e-02 -2.553088652393583069e-01 -6.514340448998354738e-01
0.000000000000000000e+00 4.856573650303062095e-01 5.223098901462506216e-01 7.256520779580570846e-01 3.776228054837942327e-01 2.860635243750599965e-01 2.416829044747324517e-01 -2.254044674684242688e-01 8.256001956014771825e-02 8.455904126491492478e-02 -2.438728225267857153e-01 -4.466760489227470932e-01
5.000000000000000000e-01 6.309545199368638002e-01 6.619475220968848994e-01 8.165325534680707431e-01 4.496964562377778751e-01 3.048328040144955287e-01 3.210792048147593780e-01 -2.035634562206229958e-01 8.625949051060807782e-02 1.816781516394210816e-01 -3.850771783002640558e-02 -4.837506090102912659e-01
1.000000000000000000e+00 7.387136239589374709e-01 7.210601871386540518e-01 8.053485502611337221e-01 4.730608716812744197e-01 2.343204745410417122e-01 3.557602272836757340e-01 -1.155023045492362954e-01 8.089522301531437698e-02 2.226071575281735049e-01 1.801720202623807443e-01 -3.713268759504906313e-01
1.500000000000000000e+00 7.958412782546924191e-01 7.915087684133741419e-01 8.309917224755275500e-01 6.355755240228297964e-01 3.091423534419625030e-01 4.809471875963461929e-01 1.909617990808994137e-02 1.849315840537904543e-01 4.520960310386312742e-01 3.672574325246280580e-01 -2.839215213431272034e-01
2.000000000000000000e+00 7.632271537419743623e-01 7.484128545590214010e-01 7.070193748285198421e-01 6.811395040904016929e-01 3.202901736402903876e-01 5.248482112682810730e-01 7.107268619136135335e-02 2.283575802136443289e-01 5.250895713831631451e-01 5.022474293030450010e-01 -1.856186699421704667e-01
2.500000000000000000e+00 7.379500103344919237e-01 7.253717010875788684e-01 5.692121116745639808e-01 7.653564221068005491e-01 5.214464053825202949e-01 6.299284131199536230e-01 2.012119761904690718e-01 3.234679319272673048e-01 5.299514244012462072e-01 6.110258968096489163e-01 -8.766171357182256374e-02
3.000000000000000000e+00 6.283463314904931263e-01 5.806275386043278086e-01 3.224214450487477568e-01 7.353514653311455929e-01 5.617085083952298996e-01 6.193649160915812857e-01 2.295098184658980744e-01 3.056515165442816873e-01 3.801909302610753105e-01 6.434224153975769411e-01 -3.883274626538781027e-02
3.500000000000000000e+00 5.941361603913994927e-01 5.022076393724811405e-01 2.013033812367739928e-01 6.712641257407977458e-01 6.173384788476448115e-01 6.391051393026043748e-01 2.485817007670654277e-01 4.183696615984922040e-01 3.441180881867081376e-01 6.319031735538845895e-01 -7.265184224675502733e-02
4.000000000000000000e+00 4.952566596966528345e-01 3.644871474177140414e-01 8.117908326375915251e-02 5.456613763781125170e-01 5.400170604444167743e-01 5.984255241418712234e-01 2.265899196165738760e-01 4.205919065646612776e-01 2.031812640810995441e-01 5.631993520495295336e-01 -8.783757967051319948e-02
4.500000000000000000e+00 4.763367455375633885e-01 3.527411990915577666e-01 1.336838093758926926e-01 5.708654895877176561e-01 6.413884771238049787e-01 6.872632664754081411e-01 3.445470485357669532e-01 4.603281480595473041e-01 1.431615570043409114e-01 5.052671046999069882e-01 3.943743722479740171e-02
5.000000000000000000e+00 4.486882944762746184e-01 3.036986013308660137e-01 2.087838456587754465e-01 5.361667249028106985e-01 5.567563114535809543e-01 6.813667357787542844e-01 3.833317531207856010e-01 4.112547230566796497e-01 7.558843719589067311e-02 3.214029569007050835e-01 1.260719136458680611e-01
5.500000000000000000e+00 4.672688769280256560e-01 2.874611452982097637e-01 3.210973075853530423e-01 5.233803561489446254e-01 4.543350543767205041e-01 6.046920383659515341e-01 3.709374184258573681e-01 3.518091025112517478e-01 9.823257414613519034e-02 2.327310574084475725e-01 1.512496351631585356e-01
6.000000000000000000e+00 4.571810190293895682e-01 2.583233058425331019e-01 3.719927707416128548e-01 4.168701431516496636e-01 2.952401180899040800e-01 4.687624111724208453e-01 2.827408385793271917e-01 2.145373184241443631e-01 3.990317922232600178e-02 1.755512970362149705e-01 1.284867237942355633e-01
6.500000000000000000e+00 5.016770574157074503e-01 3.576755995683019163e-01 4.420256173152777857e-01 3.903468517252008940e-01 2.608252892727762062e-01 4.543609539337470915e-01 2.540376219709526984e-01 2.821312116011630011e-01 1.729287768105202405e-01 7.070843831561922366e-02 1.388154853914986830e-01
7.000000000000000000e+00 4.871161792756707465e-01 4.639404135877819302e-01 4.729732866217151166e-01 3.798834374614566967e-01 2.174871576107102467e-01 4.081715414902756800e-01 2.570886066449123986e-01 3.540410575406883753e-01 3.095284394743125223e-01 4.138481742038047778e-02 1.954117673701266655e-01
7.500000000000000000e+00 4.904297941142214401e-01 5.771625715339936402e-01 4.941383753060111239e-01 4.659181065283838352e-01 2.654278222396554421e-01 4.050753654402685644e-01 3.650175872928552723e-01 5.733582614372672026e-01 5.282571163254669022e-01 2.640416995488163027e-02 3.345606256088679009e-01
8.000000000000000000e+00 4.261570912153337387e-01 5.248149424240143857e-01 3.743348696334783954e-01 4.267109251211341769e-01 1.983217975655339749e-01 2.658322142030793422e-01 3.678106959986329194e-01 5.669303403932368646e-01 6.409345688359757709e-01 -3.873117499437180034e-02 3.814093483055303047e-01
8.500000000000000000e+00 3.801097835569936523e-01 3.616228287578915346e-01 2.362505682269491758e-01 3.595658090410228658e-01 5.387412593747484962e-02 8.875718773110405357e-02 2.710094403018354914e-01 4.468125322476406147e-01 7.421395490172024711e-01 -1.605767851927416001e-01 2.893032111525494776e-01
9.000000000000000000e+00 2.795770667681389821e-01 1.847020912347976940e-01 4.779421875376634044e-02 2.528995691242105770e-01 -5.162199988029561593e-02 -4.012228197132167856e-02 1.533062959909149425e-01 2.716542864837311333e-01 7.649981404326084977e-01 -1.837253330637487192e-01 1.749315365729008365e-01
9.500000000000000000e+00 1.741422398595460219e-01 8.669776715342832063e-02 -1.179188290283597201e-01 2.251429833011520110e-01 -2.129416184753226207e-02 -5.235657844024764473e-03 1.763397138145774146e-01 1.933573684723066677e-01 6.982734182068347506e-01 -9.111672924102937055e-02 1.681225603953836467e-01
1.000000000000000000e+01 1.208024263017156569e-02 -6.191220998805684050e-02 -3.382210486478226530e-01 1.472070029020223492e-01 -1.014168727862303776e-02 2.037223999127150964e-02 1.783403158430310609e-01 1.429646284290925773e-01 4.902792713356239895e-01 -1.378344015395524709e-02 1.778835729344933059e-01
