# time shift (tau) 	 correlation coefficient 	 number of simulations: 10000	 FR: True	 RSS: True
-5.000000000000000000e+00 0.000000000000000000e+00
-4.500000000000000000e+00 1.000000000000000000e+00
-4.000000000000000000e+00 1.000000000000000000e+00
-3.500000000000000000e+00 0.000000000000000000e+00
-3.000000000000000000e+00 0.000000000000000000e+00
-2.500000000000000000e+00 0.000000000000000000e+00
-2.000000000000000000e+00 2.000000000000000000e+00
-1.500000000000000000e+00 5.000000000000000000e+00
-1.000000000000000000e+00 9.000000000000000000e+00
-5.000000000000000000e-01 6.900000000000000000e+01
0.000000000000000000e+00 2.919000000000000000e+03
5.000000000000000000e-01 6.473000000000000000e+03
1.000000000000000000e+00 3.630000000000000000e+02
1.500000000000000000e+00 1.220000000000000000e+02
2.000000000000000000e+00 6.000000000000000000e+00
2.500000000000000000e+00 5.000000000000000000e+00
3.000000000000000000e+00 0.000000000000000000e+00
3.500000000000000000e+00 0.000000000000000000e+00
4.000000000000000000e+00 0.000000000000000000e+00
4.500000000000000000e+00 1.000000000000000000e+00
5.000000000000000000e+00 1.400000000000000000e+01
5.500000000000000000e+00 5.000000000000000000e+00
6.000000000000000000e+00 3.000000000000000000e+00
6.500000000000000000e+00 1.000000000000000000e+00
7.000000000000000000e+00 0.000000000000000000e+00
7.500000000000000000e+00 0.000000000000000000e+00
8.000000000000000000e+00 1.000000000000000000e+00
8.500000000000000000e+00 0.000000000000000000e+00
9.000000000000000000e+00 0.000000000000000000e+00
9.500000000000000000e+00 0.000000000000000000e+00
1.000000000000000000e+01 0.000000000000000000e+00
