# time shift (tau) 	 correlation coefficient 	 number of simulations: 10000	 FR: True	 RSS: True
-5.000000000000000000e+00 5.000000000000000000e+00
-4.500000000000000000e+00 1.000000000000000000e+00
-4.000000000000000000e+00 1.000000000000000000e+00
-3.500000000000000000e+00 1.000000000000000000e+00
-3.000000000000000000e+00 0.000000000000000000e+00
-2.500000000000000000e+00 0.000000000000000000e+00
-2.000000000000000000e+00 1.000000000000000000e+00
-1.500000000000000000e+00 0.000000000000000000e+00
-1.000000000000000000e+00 0.000000000000000000e+00
-5.000000000000000000e-01 1.000000000000000000e+00
0.000000000000000000e+00 3.000000000000000000e+00
5.000000000000000000e-01 6.000000000000000000e+00
1.000000000000000000e+00 2.300000000000000000e+01
1.500000000000000000e+00 4.200000000000000000e+01
2.000000000000000000e+00 1.340000000000000000e+02
2.500000000000000000e+00 5.730000000000000000e+02
3.000000000000000000e+00 1.131000000000000000e+03
3.500000000000000000e+00 1.500000000000000000e+03
4.000000000000000000e+00 5.890000000000000000e+02
4.500000000000000000e+00 2.097000000000000000e+03
5.000000000000000000e+00 2.651000000000000000e+03
5.500000000000000000e+00 4.390000000000000000e+02
6.000000000000000000e+00 2.490000000000000000e+02
6.500000000000000000e+00 1.270000000000000000e+02
7.000000000000000000e+00 1.360000000000000000e+02
7.500000000000000000e+00 1.620000000000000000e+02
8.000000000000000000e+00 4.100000000000000000e+01
8.500000000000000000e+00 1.900000000000000000e+01
9.000000000000000000e+00 1.800000000000000000e+01
9.500000000000000000e+00 2.100000000000000000e+01
1.000000000000000000e+01 2.900000000000000000e+01
