# time shift (tau) 	 correlation coefficient 	 number of simulations: 20000	 FR: True	 RSS: True
-5.000000000000000000e+00 1.490000000000000000e+02
-4.500000000000000000e+00 1.610000000000000000e+02
-4.000000000000000000e+00 7.000000000000000000e+01
-3.500000000000000000e+00 3.300000000000000000e+01
-3.000000000000000000e+00 1.100000000000000000e+01
-2.500000000000000000e+00 2.000000000000000000e+00
-2.000000000000000000e+00 4.000000000000000000e+00
-1.500000000000000000e+00 0.000000000000000000e+00
-1.000000000000000000e+00 3.000000000000000000e+00
-5.000000000000000000e-01 1.000000000000000000e+00
0.000000000000000000e+00 3.000000000000000000e+00
5.000000000000000000e-01 9.000000000000000000e+00
1.000000000000000000e+00 4.500000000000000000e+01
1.500000000000000000e+00 2.700000000000000000e+02
2.000000000000000000e+00 1.271000000000000000e+03
2.500000000000000000e+00 4.729000000000000000e+03
3.000000000000000000e+00 5.060000000000000000e+03
3.500000000000000000e+00 2.726000000000000000e+03
4.000000000000000000e+00 9.000000000000000000e+02
4.500000000000000000e+00 1.728000000000000000e+03
5.000000000000000000e+00 4.670000000000000000e+02
5.500000000000000000e+00 1.950000000000000000e+02
6.000000000000000000e+00 5.100000000000000000e+01
6.500000000000000000e+00 1.000000000000000000e+02
7.000000000000000000e+00 1.430000000000000000e+02
7.500000000000000000e+00 1.208000000000000000e+03
8.000000000000000000e+00 5.460000000000000000e+02
8.500000000000000000e+00 6.500000000000000000e+01
9.000000000000000000e+00 2.500000000000000000e+01
9.500000000000000000e+00 1.500000000000000000e+01
1.000000000000000000e+01 1.000000000000000000e+01
