# time shift (tau) 	 correlation coefficient 	 number of simulations: 10000	 FR: True	 RSS: True
-5.000000000000000000e+00 2.630000000000000000e+02
-4.500000000000000000e+00 4.140000000000000000e+02
-4.000000000000000000e+00 1.550000000000000000e+02
-3.500000000000000000e+00 1.200000000000000000e+02
-3.000000000000000000e+00 4.600000000000000000e+01
-2.500000000000000000e+00 1.900000000000000000e+01
-2.000000000000000000e+00 6.000000000000000000e+00
-1.500000000000000000e+00 0.000000000000000000e+00
-1.000000000000000000e+00 4.000000000000000000e+00
-5.000000000000000000e-01 2.000000000000000000e+00
0.000000000000000000e+00 2.000000000000000000e+00
5.000000000000000000e-01 2.000000000000000000e+00
1.000000000000000000e+00 5.000000000000000000e+00
1.500000000000000000e+00 3.000000000000000000e+00
2.000000000000000000e+00 8.700000000000000000e+01
2.500000000000000000e+00 1.030000000000000000e+02
3.000000000000000000e+00 1.060000000000000000e+02
3.500000000000000000e+00 5.740000000000000000e+02
4.000000000000000000e+00 5.190000000000000000e+02
4.500000000000000000e+00 7.420000000000000000e+02
5.000000000000000000e+00 5.740000000000000000e+02
5.500000000000000000e+00 2.880000000000000000e+02
6.000000000000000000e+00 2.190000000000000000e+02
6.500000000000000000e+00 1.630000000000000000e+02
7.000000000000000000e+00 2.150000000000000000e+02
7.500000000000000000e+00 1.968000000000000000e+03
8.000000000000000000e+00 1.901000000000000000e+03
8.500000000000000000e+00 8.610000000000000000e+02
9.000000000000000000e+00 1.610000000000000000e+02
9.500000000000000000e+00 1.080000000000000000e+02
1.000000000000000000e+01 3.700000000000000000e+02
