# time shift (tau) 	 correlation coefficient 	 number of simulations: 40000	 FR: True	 RSS: True
-1.000000000000000000e+01 1.120000000000000000e+02
-9.000000000000000000e+00 1.300000000000000000e+01
-8.000000000000000000e+00 3.000000000000000000e+00
-7.000000000000000000e+00 0.000000000000000000e+00
-6.000000000000000000e+00 6.000000000000000000e+00
-5.000000000000000000e+00 2.400000000000000000e+01
-4.000000000000000000e+00 5.200000000000000000e+01
-3.000000000000000000e+00 1.070000000000000000e+02
-2.000000000000000000e+00 8.700000000000000000e+01
-1.000000000000000000e+00 1.370000000000000000e+02
0.000000000000000000e+00 2.460000000000000000e+02
1.000000000000000000e+00 2.780000000000000000e+02
2.000000000000000000e+00 1.061000000000000000e+03
3.000000000000000000e+00 9.375000000000000000e+03
4.000000000000000000e+00 1.311400000000000000e+04
5.000000000000000000e+00 1.182800000000000000e+04
6.000000000000000000e+00 2.479000000000000000e+03
7.000000000000000000e+00 4.680000000000000000e+02
8.000000000000000000e+00 2.100000000000000000e+02
9.000000000000000000e+00 1.290000000000000000e+02
1.000000000000000000e+01 6.900000000000000000e+01
1.100000000000000000e+01 9.900000000000000000e+01
1.200000000000000000e+01 6.100000000000000000e+01
1.300000000000000000e+01 3.800000000000000000e+01
1.400000000000000000e+01 3.000000000000000000e+00
1.500000000000000000e+01 1.000000000000000000e+00
