# extraction with python 
#  import numpy as np 
#  data = np.loadtxt(velodelaymap_Cont1150_HGamma_ICCF.txt) 
#  timeHist = data[1:,0] 
#  velocityBoundaries = data[0,1:] 
#  velocityDelayMap = data[1:,1:]
0.000000000000000000e+00 -1.120000000000000000e+04 -1.080000000000000000e+04 -1.040000000000000000e+04 -1.000000000000000000e+04 -9.600000000000000000e+03 -9.200000000000000000e+03 -8.800000000000000000e+03 -8.400000000000000000e+03 -8.000000000000000000e+03 -7.600000000000000000e+03 -7.200000000000000000e+03 -6.800000000000000000e+03 -6.400000000000000000e+03 -6.000000000000000000e+03 -5.600000000000000000e+03 -5.200000000000000000e+03 -4.800000000000000000e+03 -4.400000000000000000e+03 -4.000000000000000000e+03 -3.600000000000000000e+03 -3.200000000000000000e+03 -2.800000000000000000e+03 -2.400000000000000000e+03 -2.000000000000000000e+03 -1.600000000000000000e+03 -1.200000000000000000e+03 -8.000000000000000000e+02 -4.000000000000000000e+02 0.000000000000000000e+00 4.000000000000000000e+02 8.000000000000000000e+02 1.200000000000000000e+03 1.600000000000000000e+03 2.000000000000000000e+03 2.400000000000000000e+03 2.800000000000000000e+03 3.200000000000000000e+03 3.600000000000000000e+03 4.000000000000000000e+03 4.400000000000000000e+03 4.800000000000000000e+03 5.200000000000000000e+03 5.600000000000000000e+03 6.000000000000000000e+03 6.400000000000000000e+03 6.800000000000000000e+03 7.200000000000000000e+03 7.600000000000000000e+03 8.000000000000000000e+03 8.400000000000000000e+03 8.800000000000000000e+03 9.200000000000000000e+03 9.600000000000000000e+03
-1.000000000000000000e+01 3.090571978023916033e-01 3.379233335895328594e-01 -3.983683020515766393e-01 -3.598803330363433695e-01 -1.717630955016127281e-01 -7.729097351476447164e-01 -6.753036153762659310e-01 -4.878182080212818406e-01 -4.737726808925869504e-01 -7.941675464730676981e-02 -2.173016103213720185e-01 -3.590156334567556895e-01 -4.411151581466806748e-01 -1.756749030990234495e-01 -1.615796032898058482e-03 -3.693120428718299486e-01 -4.746991449034528854e-01 -7.529177450828607177e-02 -1.869056993773022812e-01 -1.432603921842985906e-01 -3.054612735304002014e-01 -2.679282729861526824e-01 -3.528606802294046996e-01 3.004692243164547305e-02 1.082519654959452904e-01 3.443691245642728216e-01 1.496316384130627897e-01 -2.012488681111685163e-01 2.033878774739109052e-01 7.871691154948436131e-02 1.501401947350344268e-01 5.561378029508956544e-02 3.161097946067706888e-01 3.065574479727513069e-01 2.107575392627936417e-01 1.966604391816681452e-01 3.756138712390873907e-02 1.144725183804098378e-01 7.957729682413178240e-03 -2.928556464982672303e-01 -2.414447453900004370e-01 1.118944740159669438e-01 9.853628799291784535e-02 2.214679459344952583e-01 -3.218986085391136592e-02 -1.077148331011438254e-01 -6.353098860942223147e-02 -4.946527077507347214e-01 -1.555526174819166219e-01 -4.351433230051011264e-02 1.862576680093037118e-01 1.447824664899723945e-01 3.415136375026679993e-01
-9.000000000000000000e+00 2.056400708589668225e-01 1.379096674275759327e-01 -1.450518587882231591e-01 -2.056587334723405658e-01 -2.357270577638444775e-01 -5.818003570544971748e-01 -6.063462201225243708e-01 -4.369866791137144713e-01 -3.316072454336650432e-01 -1.095666546600872066e-01 -2.010204366563304035e-01 -6.243765292043025605e-02 -1.902432967444872003e-01 -5.300413237861970051e-02 2.387464383735642404e-01 -2.522776221379778305e-01 -5.410997008284084142e-01 -5.603237844660409472e-02 -1.634163695862190235e-01 -6.561346773040827030e-02 -2.127008871805466939e-01 -1.953366340964459436e-01 -2.630810028611550999e-01 -5.659421146826428689e-02 3.208757061576875125e-03 2.586966954503100435e-01 9.847390688295241945e-02 -2.910426617633394275e-01 1.289890807566034803e-01 1.164499682020302268e-01 2.224303951954355041e-01 9.318867770949398888e-02 4.364605501368724050e-01 3.328994413452461831e-01 1.732336573249547151e-01 1.915808399021473596e-01 1.477928736630063078e-01 3.563902047403386120e-01 1.839846415668908719e-01 -3.373869422305263432e-01 -3.267649735287873058e-01 5.776154983716434710e-02 1.738296727370292338e-01 2.431899627911679185e-01 5.521973802477575521e-02 1.444315801079809614e-01 3.687758760029269389e-02 -4.653477932143781359e-01 -1.915029889113754602e-01 -9.965575152185765506e-02 2.668127931866907110e-01 2.445950718944890356e-01 4.498118764590530727e-01
-8.000000000000000000e+00 1.309609074155920760e-01 1.353114774157346961e-02 9.113645952060070443e-02 8.615560240561409566e-02 -2.223731977420198014e-01 -5.606654199993019727e-01 -5.433003057319810702e-01 -3.419981664620559414e-01 -4.066531559257918205e-01 -8.918344453811816175e-02 -2.348382031823116889e-01 -6.539413630034274227e-02 -2.685442842689999554e-01 1.137307989591659352e-01 3.603385548998088717e-01 -4.329269741127340920e-02 -3.424175249517404374e-01 1.232903551082651650e-01 -1.786438662164405444e-01 -3.086108035769314917e-01 -1.708297807689900250e-01 -3.938165843622917078e-02 -3.297555777239520314e-01 -1.691712227196245921e-01 -1.612700680096736949e-01 1.025867698670105549e-01 7.965081106616426349e-03 -3.860793277814488222e-01 4.387776451577263953e-02 2.478442842022831466e-02 4.382351113477814253e-02 -1.008604793510761433e-01 4.279020426341149097e-01 2.012714768699019330e-01 1.033593828557688721e-01 1.848676398300844181e-01 3.758046837436176263e-02 1.038483858870583865e-01 -1.220083261555348492e-02 -4.124231385595202304e-01 -2.686038408701296176e-01 3.097330342754083254e-01 -1.304200781862255853e-01 2.788004310990845405e-02 -1.718376004298541593e-01 -5.277194667078093093e-02 -1.785539320424662790e-01 -6.027080279442489363e-01 -4.686697983439156445e-01 -2.833672110464911520e-01 -3.498288479573584409e-03 -8.910989023982610058e-02 1.807960275181888232e-01
-7.000000000000000000e+00 1.952969195941338387e-01 1.109851443595725740e-01 -7.021609674071281615e-02 -1.261486467784396839e-02 -1.967126990559613375e-01 -7.020608846823863658e-01 -5.583739813668885388e-01 -4.171653978368131677e-01 -3.111766706120735471e-01 3.832204316121176624e-03 -8.318611139182656433e-02 -1.534708313221646581e-01 -2.103222550600303831e-01 1.172368146288170210e-01 4.071306822113490709e-01 5.432603823967752099e-02 -1.712851914874610471e-01 3.097235358426955187e-01 -2.626920638856730661e-02 -1.121194963362787955e-01 -1.356848859546703340e-02 -1.524205325229991970e-01 -2.273405904027102631e-01 -7.937364433413782172e-02 -1.503079524563146752e-01 6.813744563463466908e-03 9.493042710960540587e-02 -1.490982628262291498e-01 1.046052858003396480e-01 7.543793977149135244e-02 2.118807656342898416e-01 5.244525267941273217e-04 4.884848582448972909e-01 1.939443896703048620e-01 2.870394323329221176e-01 4.318894468071153847e-01 2.175049032287230122e-01 1.121515358274044749e-01 -5.134236445168598867e-02 -1.872639559029317391e-01 -1.240242884429433035e-01 2.560240065564164946e-01 -4.805333376469576867e-02 3.645956022654806006e-02 -1.829512358467121624e-01 1.423766439301497599e-01 -1.658547984694360433e-01 -4.472783011569384515e-01 -3.422000983036561639e-01 -6.793655808535448148e-02 9.800953840161771846e-02 -4.889413843813013305e-02 2.080450163072818104e-01
-6.000000000000000000e+00 3.157372307876874507e-01 -7.522547968240467925e-03 6.820419294158172607e-02 1.329293142166355635e-01 -3.547244096990226359e-03 -5.275196977260748765e-01 -5.110215480624199502e-01 -3.507820722224097021e-01 -2.709232722228823165e-01 7.342875013315688926e-02 -1.970241127027984041e-01 -7.029022859871970896e-02 1.467980341958165513e-01 2.493312739593211702e-01 4.492053320211715217e-01 9.079552384485992111e-02 -2.309771088455856991e-01 1.615279134041760489e-01 1.053712139101430773e-01 1.785278109416562620e-01 4.806782042521305642e-02 -3.266756321376131783e-02 -5.826928121606489430e-02 -2.037360123712335380e-02 -5.538575720260560664e-02 1.328030466769067885e-01 2.920218930579410177e-01 1.119965937475516649e-01 2.555404822474112714e-01 1.805574205155166534e-01 2.984684425875369640e-01 1.264699009373212724e-01 4.936412554841856370e-01 3.221566243984572697e-01 3.778457462768282094e-01 4.238845744385135728e-01 2.393596882584252405e-01 5.679319000023193287e-02 7.531115280622062598e-03 -6.210082074086387127e-02 -3.807091754349507806e-02 -2.872599914345833408e-02 2.484359032441424975e-01 2.744743192511649443e-01 -9.771779381178993806e-02 2.711382571160677601e-01 -2.011080970294369386e-01 -4.484731419814612097e-01 -2.462643782739969422e-01 3.313676392355080491e-03 8.523017921341598246e-02 4.880996540665039074e-02 1.510422951749303966e-01
-5.000000000000000000e+00 7.367241720884912248e-02 1.441770218696263040e-01 2.547244953647793964e-02 1.024718979527453888e-01 9.995952188044418540e-02 -5.018773775273958071e-01 -5.201520182300920503e-01 -5.088126876258149967e-01 -3.430872879513161555e-01 1.632375989968725127e-01 -3.191172665850834922e-01 -1.584477187358496741e-01 -1.970519530370645062e-02 1.453017125890058159e-01 4.417446377973927030e-01 1.143257741257565074e-01 -1.431667063119849981e-01 2.990411948718340041e-01 1.923271684744621846e-01 1.934890419644554049e-01 1.334534994323146317e-01 1.924318636556145712e-01 6.627054198029878884e-02 2.009301101677175155e-03 -1.606311262304228049e-01 6.592324267407534411e-02 2.838739467838876651e-01 1.215259797360462024e-01 2.887860599057423538e-01 2.021043408568801991e-01 3.216965615503629694e-01 1.798610987371990211e-01 2.432315931073871784e-01 2.861454086439518818e-01 3.853563608217531189e-01 2.288713562756586328e-01 1.523066416007802237e-01 7.147208345770060534e-02 -6.834709079582143576e-02 -9.177602252020351792e-02 1.573148024247170707e-01 -9.418729499412764605e-02 3.685722040458007109e-01 3.035405230972413326e-01 -8.755783336986139309e-02 2.925874749418984622e-01 -8.280986634957067383e-02 -2.450586829977108583e-01 -8.309734627281534225e-02 1.713894319754507012e-01 1.538214205356410180e-01 1.281528282813437780e-01 1.674503216120008797e-01
-4.000000000000000000e+00 1.193865292965680530e-01 -9.056550623429786284e-02 3.630147120082657941e-02 1.304748516545535253e-01 2.042929249355114329e-01 -2.049930544697015078e-01 -1.707872512515380414e-01 -4.050700117644641662e-01 -1.545745475627809395e-01 2.907863851969445523e-01 -3.058621509431712349e-02 5.957624300085706537e-02 3.935621201252605117e-04 3.310746577932991430e-01 5.236737973154996784e-01 2.224850350276496302e-01 -1.568049638493921455e-02 3.247733854023108768e-01 2.943624366891598454e-01 2.309450167894861461e-01 1.532610384187998998e-01 3.083819959681110001e-01 1.269487296256167075e-01 7.019698435073506299e-03 -1.934331706410899743e-01 -8.490844344852695180e-02 2.543945077061170457e-01 1.197578350836326078e-01 3.424209765107160131e-01 2.671231470804479313e-01 3.020196352976294296e-01 2.309435652896679181e-01 2.959043762343472883e-01 3.489266688911617509e-01 3.193852987759288053e-01 1.701903866266916698e-01 4.290285957828704477e-02 1.664110040061158036e-01 -1.253606759279434213e-01 -1.228778168718261260e-01 -1.018208080115211300e-02 -2.010092274961122194e-01 4.966069405063244790e-01 1.697978133361974784e-01 -1.152417094816270138e-01 3.081377047538964575e-01 -1.981004317591435193e-02 -1.434381224050187420e-01 -2.387957808707327073e-02 1.363809953445894174e-01 6.256267248839914030e-02 1.226974481047437143e-01 1.826228493646597784e-01
-3.000000000000000000e+00 -2.645274304469036886e-01 -2.425661399368787552e-01 1.372841085153002905e-01 2.359231083613322899e-01 1.886309822149841164e-01 5.176541473173913721e-02 7.723236677914746551e-02 -1.030457567390885287e-01 -1.531987206890040309e-01 1.530306127523579085e-01 7.704390326114596288e-02 1.978058279098483252e-01 -1.182630918041705781e-01 4.293944782492090662e-01 4.905584992757948681e-01 3.953058672176175126e-01 1.465002872480917206e-01 1.935828469174032118e-01 1.654743099179993016e-01 1.712660346872419137e-01 1.382137347914236258e-01 3.581139050991558603e-01 2.437811804173682095e-01 -1.834761060912578901e-01 -4.414182437555185246e-01 -2.643822485687907786e-01 1.854732417435897562e-01 4.113210853244985560e-02 1.909944108961669773e-01 1.041969002165082925e-01 3.546972823260807761e-02 -1.081417933344938909e-01 -2.925538924757646944e-02 -9.278231380776974513e-02 1.804544190492874400e-01 -1.036099498725387702e-01 -8.030471871620456503e-02 -1.612700917996333361e-01 -2.660064436947325861e-01 -3.948940340118168857e-01 -2.540052766151272845e-01 -2.653179743107120792e-01 3.127066191081256941e-01 -1.886695581297981872e-01 -2.742398722658967447e-01 2.481424560880564345e-02 -2.506392229950190481e-03 -1.565586634140692934e-01 -1.548134170976153967e-01 -6.289020616106150152e-02 -1.163588029067381679e-01 -1.817411215514963194e-02 2.434844395683005702e-02
-2.000000000000000000e+00 -4.819468006419981299e-01 -1.764224177945827310e-01 3.406424675647010680e-01 1.587087908627957122e-01 2.690725052362810121e-01 2.381873318951942264e-02 -1.162262346350640407e-01 -1.283781660243178344e-02 -1.408150729130508150e-01 8.179494473967743873e-02 1.349495825101318658e-01 1.482405325226133774e-01 -1.841482264683634573e-04 4.805335884617076836e-01 5.590868158931856513e-01 6.063705896639550730e-01 4.987811641121099315e-01 3.372984208427428077e-01 1.870976087348926176e-01 2.170966404180960652e-01 2.163799529193807802e-01 3.448464581644248295e-01 2.507910506658200811e-01 -1.358143310937433845e-01 -4.261220035656023697e-01 -3.018988100854088086e-01 3.645317427826693518e-02 6.256379270472786636e-02 3.872311010106278817e-02 -4.633516300913233937e-02 -4.299474298745466910e-02 -7.610877428149905033e-02 8.364635208797682742e-03 -2.246253438442824546e-01 7.746007009254980702e-02 -1.741955690283139013e-01 -1.252570873449543598e-01 -3.379769745929744884e-01 -4.597802389666250100e-01 -3.797890102163851145e-01 -2.882661487656631993e-01 -2.178068943714135952e-01 2.143166399580166137e-01 -3.231998740552275984e-01 -2.732253117908988171e-01 4.319863903460380988e-02 1.900814490878912494e-02 -8.011172785869394297e-02 -1.971982595653952175e-01 -5.467069988386692725e-02 -1.262908763943024898e-02 1.934985971719946352e-02 -4.950933255324867915e-02
-1.000000000000000000e+00 -4.978607524011774421e-01 -1.660257826568442563e-01 5.226445520690947699e-01 2.389944192428382630e-01 1.501308041226714074e-01 4.018183146000828959e-02 -4.678006145583486763e-02 1.999493640720952370e-01 6.045265264111784886e-02 1.268352427019297235e-01 2.313271155936602597e-01 3.519108790871120496e-01 2.830546220139940061e-01 6.056969942926009320e-01 7.103563460650808015e-01 7.194024259162428159e-01 5.190464113941942736e-01 3.460536700682037559e-01 3.712369305795609198e-01 4.268301948969371873e-01 4.270067362222892959e-01 5.394875082100285546e-01 3.387998095414959110e-01 9.091389459026717745e-02 -1.474399833684912620e-01 -9.743953858103776566e-02 2.845356328271101409e-01 3.300331379643002272e-01 3.130540678106210617e-01 2.087917585311205859e-01 1.548259830580624719e-01 1.753686095324871741e-01 1.813423089913401842e-01 7.219214568375618979e-03 3.838244018937699842e-01 -1.001816695373114983e-03 -1.115122173344268303e-01 -2.756697094422915773e-01 -2.403283751147840541e-01 -1.343744349586369624e-01 -2.091611167694909512e-01 -1.225870666626644456e-01 9.329776217795099358e-02 -4.179705506875572851e-01 -1.124875473956017669e-01 7.457253294697654966e-02 6.614905679775878733e-02 1.620144451901062502e-02 -2.206601227993243430e-01 8.706567582195678945e-02 5.157256700762978541e-02 -7.636753533006965244e-02 -2.605424375441038887e-01
0.000000000000000000e+00 -2.437803164420706548e-01 -1.791327741095566084e-01 4.002526043745031070e-01 1.970658326446384778e-01 4.478238761122554923e-02 1.847546517318317955e-02 4.558974087024292993e-02 3.806166104113699600e-01 3.511325981267449658e-01 1.839094183553995898e-01 1.688594741692343859e-01 3.051032482350491404e-01 3.800468535944752091e-01 5.675915635608397292e-01 7.418639722170322637e-01 7.183382206445183549e-01 6.528958278608603116e-01 5.726032988505681542e-01 5.032040677370317461e-01 6.255628790684382157e-01 6.720090136768778200e-01 6.825458899461281925e-01 5.776089571948572754e-01 3.536156165447946198e-01 1.367497785862907267e-01 1.840113109354346854e-01 5.062703172141991281e-01 6.164281317185396070e-01 5.521410071882448811e-01 4.602912447353805225e-01 4.015368727951278416e-01 2.629310507727515289e-01 3.690814540256437404e-01 2.385731548081947706e-01 5.270526812414003670e-01 1.738351757569336353e-01 8.285668898526792059e-02 -1.576977040287783627e-01 -3.818626622728527042e-02 -3.431792322715995075e-02 1.002866804729700134e-01 -2.575314395104259524e-01 2.022295984663042834e-01 -1.520436236317649903e-01 1.203542457123394221e-01 1.283639287761267900e-01 1.936722736060307037e-01 3.137623660597315678e-01 -1.768480285736669100e-02 3.192597050585906371e-01 2.519474101398332389e-01 1.431082918119294667e-01 -4.601101507268057222e-02
1.000000000000000000e+00 -9.611464090988186548e-02 -5.746486737969226655e-02 3.261773658075758364e-01 1.441431163300516127e-01 1.770321912613476711e-01 1.591018431136663122e-02 1.523135001324393001e-01 4.514120774182553419e-01 4.487827281404659918e-01 3.394308776698294339e-01 2.134990608984080884e-01 1.252524178933458465e-01 3.368547661754491829e-01 5.735114237558431860e-01 6.182614311819715214e-01 5.773602882792903124e-01 6.805857585297881984e-01 7.233607662290195695e-01 7.851857892903345570e-01 7.006885546010344079e-01 7.700485278910240705e-01 7.527098574144596155e-01 5.652456476173897126e-01 5.387750218269105051e-01 4.114750466541889917e-01 3.654510022144643044e-01 6.726097968470131638e-01 7.246554186264979602e-01 7.191704840945850608e-01 5.699274191010716972e-01 5.457540855847019534e-01 5.344827137317207377e-01 3.966469361441671837e-01 4.276212419106121820e-01 5.034511169123024876e-01 2.597041568206376327e-01 8.069976642020654928e-03 -1.781442107594586322e-01 -1.088349880612309306e-01 1.002524828521126066e-01 2.368309459787359406e-01 -3.842860900197043184e-01 2.798178912531679163e-01 2.857953447166818733e-02 2.778003051609102547e-01 1.619748779944431560e-01 1.519574184821007035e-01 3.881741622941877190e-01 6.067454837596625294e-02 4.657543482326826911e-01 3.004505339123454410e-01 1.591477772642066468e-01 -1.245251575427556712e-01
2.000000000000000000e+00 -9.725552802237734384e-02 -8.581940780303982941e-02 1.692910845109513174e-01 1.061540569106781892e-02 1.256886879666067047e-01 1.510313595796927699e-01 2.992408444793898670e-01 4.291104342730490684e-01 4.333846027286253899e-01 9.777144948707286454e-02 7.172913875867735489e-02 1.109403011296161840e-01 2.050500525397325746e-01 3.393336274687459575e-01 4.553861564190882505e-01 3.400721154656131673e-01 4.020481568758605961e-01 5.269410806504837286e-01 7.657524757582228059e-01 7.287507327066735652e-01 6.093220258150657820e-01 6.607141118659342061e-01 7.038213004861841871e-01 6.438169652161347400e-01 5.515309417976677064e-01 5.047903007027478850e-01 8.290089835372991267e-01 8.195366065419151802e-01 7.878772050813986905e-01 7.582079988883756450e-01 7.739032405924198832e-01 7.027955651721329300e-01 1.208520129777823637e-01 3.050677616362090783e-01 4.799686207171915964e-01 7.257142548634396007e-02 -9.065021120053144699e-02 -4.275465252108073128e-02 -2.164770557596962589e-02 -1.151223391743590174e-02 1.099566206997212026e-01 -5.985315954375802772e-01 4.666846694088386260e-01 2.151347779858960862e-01 2.977420719654902959e-01 8.232281045230566141e-02 2.208825282494023545e-01 3.398427841090546075e-01 1.390554965701915335e-01 5.081381116538932208e-01 3.765055670052477321e-01 3.037355514868242401e-01 2.407247039261641713e-02
3.000000000000000000e+00 -1.619678229678908066e-01 -8.747477590037358586e-02 1.979803185253523612e-01 -1.436235504742409130e-01 -8.974778888048941250e-02 3.109746110227316063e-01 1.505016845216652910e-02 2.987986030194216824e-01 1.772045787768800063e-01 -8.027732123665995423e-02 -2.628061293914303320e-01 -2.537171404445689449e-01 -1.553827116275157891e-02 1.185914003840129183e-01 2.597195131744562957e-01 1.555823329699514423e-01 1.887546716012931114e-01 2.575118469462640558e-01 4.451852745907017295e-01 4.027217185013519107e-01 2.527422226179977249e-01 4.916147786537115594e-01 7.372850647036965910e-01 7.156492330529204970e-01 5.337722821118806582e-01 5.655059994721129968e-01 8.252024216299341797e-01 6.535227524163474966e-01 6.531945171261022143e-01 7.125830793523443285e-01 6.377704321895512063e-01 6.432868260800452820e-01 5.785985505315421884e-02 1.776748707339412536e-01 1.192428310465551561e-01 -1.050691799117385583e-01 -4.472564862899209848e-01 -1.871938354443842822e-01 -1.673542077334336797e-01 -3.513902367458144882e-01 -9.012879495492229220e-02 -3.194810928608536327e-01 1.994436837039697263e-01 1.533331443847507358e-01 1.489964400649486098e-01 -1.400840774408513012e-01 -2.614360014358527856e-02 1.257132878151787925e-01 -8.110395522315512473e-02 2.747626189651701800e-01 2.940549194031170099e-01 2.916799815324992995e-01 -4.867037803015236697e-02
4.000000000000000000e+00 -9.730342357188356828e-02 -3.112034575265768543e-01 1.518909104383742714e-01 -1.675716229760398912e-03 -3.589178718110767052e-01 8.030170228440484947e-02 1.912157478667435573e-01 6.492731575683696743e-02 2.396211999206061538e-01 1.777696582924167823e-01 -1.406999657038585649e-01 -2.003157446729708913e-01 -2.687206931468014148e-01 -3.027024132851221377e-02 1.040512565333905626e-01 1.094694992280553225e-01 1.595696718845184270e-01 1.420347706498901463e-01 1.977371511123981185e-01 2.817859176633885632e-02 9.717215260654214759e-03 4.095481460906012505e-01 7.315733076083942299e-01 6.386482467958898290e-01 3.769837225723378094e-01 3.474181553499190445e-01 6.018970773685536901e-01 4.034511949635717909e-01 5.498771933694268643e-01 6.308264355721600047e-01 4.995910825062706007e-01 4.145923711117233124e-01 2.236373277390515252e-02 -3.563103425753930131e-03 5.998298718536504426e-02 -2.572445812351692451e-01 -6.091734238712207539e-01 -2.569641259280659451e-01 -2.581841528202107883e-01 -3.132519051975515278e-01 -3.913689096616359553e-01 2.917028338466085002e-02 -8.098682038447579945e-02 -3.152659371655694431e-01 -3.709688683472159992e-02 -4.431729816125050680e-01 7.476170747812493911e-02 1.665775916266618029e-01 -1.970315353709675144e-01 7.392670320749580859e-02 1.783873897793484750e-02 -5.306867892092071923e-03 -2.144576701091434612e-01
5.000000000000000000e+00 -2.285168854560397644e-01 -3.907557828111957732e-01 1.512945855955949437e-01 4.643355889580151608e-02 -4.164936533152252540e-01 5.472197801464939032e-02 1.423160207050312986e-01 2.081717642589750727e-01 2.589004940325724258e-01 -1.034622205083604030e-01 2.289596882750809942e-02 4.259447656591361375e-02 -1.224130012844363291e-01 -8.490019049089202186e-02 -1.794218031799481652e-02 1.275020372224308363e-01 2.754675945577696461e-01 -2.119462532396072102e-02 -8.681583819527738388e-02 6.520780771996416425e-02 -2.663481910031854916e-02 2.217298269540129985e-01 6.921821843573569000e-01 5.743303423711911826e-01 3.893115346721742753e-01 4.291892239024124311e-01 5.153499473172846734e-01 4.407406609645321827e-01 4.234155495993227603e-01 5.028720198438602074e-01 3.572220373994893228e-01 -8.833054188783922428e-03 2.317857518151247298e-01 -6.150588173367826234e-02 7.544632500478865023e-02 -1.399378419011610697e-01 -3.548843697743586656e-01 -2.816530905947550734e-01 -1.102847349986806058e-01 -2.587579256754864998e-01 -4.370635310220137848e-01 1.024086690251536369e-01 -2.621701025461766754e-01 -4.540626380908225346e-01 -2.987609856194247127e-01 -4.106043307484475990e-01 9.797247331715400187e-02 7.558820017844707084e-02 -1.671700758580452750e-01 -1.184242344746512382e-01 -1.151925562710044287e-01 1.626340014896800468e-01 4.009877198935443698e-02
6.000000000000000000e+00 -2.734513076670361809e-01 -8.258485002174648093e-02 2.689725575704917659e-01 1.578754336448510431e-01 -8.275372566606349622e-02 -2.461143550913390821e-01 -2.817644184658707474e-01 2.614569578271922490e-01 1.017476594915304872e-01 -8.949856780342246854e-02 2.926836859460721363e-02 6.436405847573406502e-02 7.553639275895178418e-02 5.246112805020239356e-02 -3.387616683304674192e-02 3.097264508695685703e-01 3.149067338915365610e-01 -1.296075304455771536e-02 -5.673828847652130636e-02 5.140660498536291090e-02 8.946951941894033811e-02 2.427096294659615017e-01 4.665968356686064356e-01 4.676951810812743915e-01 3.714207564382198123e-01 4.409494303380862013e-01 3.066057126774791031e-01 3.572209039831711896e-01 2.518240060896210775e-01 1.765725000716942550e-01 2.677847377077152008e-02 -7.900387274358323941e-02 4.128948573919527520e-01 1.029366723450084731e-01 2.821767737892220684e-01 5.958186009982713305e-02 -4.005542788336475812e-01 -5.347518353448122985e-01 -6.399364290856680848e-02 5.820243339923548281e-02 -2.853618105737143473e-01 2.362126701535837148e-01 -2.453191518368528501e-01 -4.340949508662842460e-01 -3.210209073084582254e-01 -4.056658251565512519e-01 1.858067155943508020e-01 2.029281578646780770e-01 8.774234454503257452e-02 7.732411714402807890e-02 -1.720746462961147624e-02 3.677688985994895243e-02 4.050879469156307838e-03
7.000000000000000000e+00 -1.841986244346676127e-01 2.793006870097577421e-01 -1.226890651788620362e-01 -1.189453615255915281e-01 1.981222941780477476e-01 -8.251012106887053998e-02 -5.947068754816268316e-03 3.615107566122660598e-01 3.597447241715305832e-01 1.146836104724083538e-01 2.480884282332458390e-01 1.788867625120492133e-01 2.847520703107276896e-01 8.459649255967559289e-02 1.400102443161410914e-01 2.829881643264841040e-01 3.697347745970026578e-01 1.690720815259051935e-01 5.281904586825556663e-02 3.806060925678523277e-01 3.068105692517172356e-01 3.515930197769286947e-01 3.376203638928566564e-01 4.812120144111319830e-01 4.687971025070519215e-01 4.699797661549445227e-01 2.311101209472749551e-01 4.846841954008478393e-01 4.130418706903868920e-01 2.527819033466884302e-01 2.294630467632703952e-01 1.220312299578056037e-01 5.559552980548485568e-01 5.237361630567204385e-01 5.832541394799776180e-01 3.411260749148253835e-01 3.573701238141652192e-02 7.041258364874888875e-03 2.101389223445163934e-01 3.647348000405455926e-01 1.701930927466698273e-01 3.116653409516202677e-02 1.397719022852400295e-01 -2.322471291326906329e-01 -6.103442521138136706e-02 -7.013868957207811117e-02 3.657797199173570823e-01 4.237861575816694870e-01 4.901621523859880925e-01 4.852421421622011288e-01 3.252984455339171799e-01 3.777649452043270184e-01 2.644343086125723330e-01
8.000000000000000000e+00 5.941083069481298273e-02 9.168116193946526660e-02 -1.844787430955251717e-01 -1.973909942263594730e-01 1.005088591462683784e-01 2.914767042866150404e-01 4.242976047291203701e-01 4.579134235384927365e-01 3.802262206415922829e-01 2.233233845577878851e-01 4.658520474249599475e-01 2.406988555599359758e-01 2.472842623372408510e-01 3.002671654492496955e-01 2.669256887751291218e-01 1.125324965191504545e-01 2.810339085830932948e-01 1.320385228546813450e-01 2.081083822248926962e-01 4.372944751110259265e-01 4.071887490820756961e-01 3.812474636342843004e-01 1.705242186342021959e-01 3.246986637768642936e-01 4.715585043191455883e-01 5.407605367415868614e-01 2.748515019014212690e-01 3.374951862713582162e-01 4.123363773780107655e-01 2.413282964807688669e-01 1.307269371370985422e-01 7.859311813098117383e-02 3.881514212300769540e-01 7.237954658945131570e-01 4.783018607000233957e-01 2.953400060150634943e-01 2.052140341455614969e-01 3.269923731541096723e-01 4.541813103277170249e-01 2.441365726288310389e-01 1.177933940050903405e-01 -3.747468277988872387e-01 3.759665534074424498e-01 1.114710320362888862e-01 4.867296769637539100e-01 4.009908786652144341e-02 5.158325045716950497e-01 5.316423281145900015e-01 5.314369688914676315e-01 4.989900341503494818e-01 4.474826271514258935e-01 4.462220014585303041e-01 3.925524815010345003e-01
9.000000000000000000e+00 8.178059089296797757e-02 2.227368584888991809e-01 -3.854062270259604461e-01 -4.937308654632154847e-01 6.449724052855543288e-03 3.738302500924661764e-02 3.487335713698110906e-01 3.130811443572137920e-01 1.130892588014763278e-01 -3.154216255469081270e-02 4.792542857630721631e-01 3.637263550290453784e-02 -4.239172302719623753e-01 9.410821377887873540e-02 6.623004380216325482e-03 -5.864548327485481771e-02 2.644555135836673676e-01 1.719075422526902541e-01 9.647796744067052566e-02 6.124159051899402684e-02 7.555433914965170583e-02 1.962965925341836060e-01 -1.064040886429434840e-01 -7.388709971652332453e-02 1.342921380380971974e-01 1.999159585980087861e-01 4.898761907369007101e-02 -7.852000084642808686e-02 1.165220145060490153e-01 1.746354350926100987e-02 -1.019374698753446468e-01 -1.273568019484860869e-01 -9.008151722753442170e-02 1.678881581916156773e-01 -8.375883011808749057e-02 -1.852748076614104678e-01 9.281505038387230511e-02 1.306026861475030332e-01 1.738774656252898426e-02 -3.376966110802359644e-01 -2.369899070999564594e-01 -4.212807606723613651e-01 2.181280055170529142e-01 9.484098933762549755e-02 4.171775447283722071e-01 -2.945786935465785072e-01 2.718673756630450855e-01 1.446972919100866783e-01 1.764706001051051243e-01 1.099230974670912520e-01 2.589100754718924313e-01 1.494699123496682769e-01 3.022263518130887672e-01
1.000000000000000000e+01 2.425912267108582543e-01 3.346399615962906138e-01 -5.135553470939070442e-01 -7.388680144078765277e-01 -2.560588606646145848e-01 -2.146635969366081920e-01 1.393324974553872275e-01 1.870870176843771882e-01 8.260412542768960642e-02 -7.995890474357990330e-02 3.091992611277787351e-01 -1.720911063929564389e-01 -4.548333422189060338e-01 -4.717870825455694472e-02 -1.885889224387024277e-01 -4.235718469761450278e-01 -8.690815529498993608e-02 -1.515246143053793904e-01 -1.418495424955888984e-01 -6.064778983870854762e-02 -3.355685511767082518e-01 -2.451744077464783622e-01 -2.613820296167286283e-01 -2.085886835426417063e-01 -3.916483620497968055e-02 2.043386955448567646e-02 -4.229896979065758678e-02 -3.024969871956619816e-01 -1.147504199214188225e-01 -5.027535581423790700e-02 7.911534755776947203e-02 1.189402725520644910e-01 -2.572805636131055840e-01 -1.971472760504077437e-01 -3.852335139543028308e-01 -3.158362584928765537e-01 5.818236518767407051e-02 1.678844423695677046e-01 -1.372365869774194169e-01 -5.811708633062827589e-01 -6.186035158480036600e-01 -4.253659435916102294e-01 1.312783331823173250e-01 1.195058398175035119e-01 2.689291651672243155e-01 -2.251225671568725106e-01 -8.774257378184406597e-02 -3.208428851278693483e-01 -3.708371261972069899e-01 -1.740051570036965645e-01 2.538798767327277162e-01 -1.560871328444882189e-02 1.573983629879278645e-01
1.100000000000000000e+01 1.350675051209031807e-01 2.394720567406783684e-01 -3.186307614984874859e-03 -4.311453493720081021e-01 -6.409480881474320935e-01 -3.979366194478043406e-01 -3.085748788383968488e-01 -2.742577276043623447e-01 -1.987772442345644430e-01 2.065531443090948271e-01 -4.949923054607839601e-02 -2.579054820076039922e-01 -2.028498974282074707e-01 -1.671489217419195039e-01 -2.581817860027301181e-01 -5.363168653859127222e-01 -3.791892950560872277e-01 -3.963018488206356271e-01 -5.576693986781606771e-01 -4.097469246742626581e-01 -7.872297173682876181e-01 -5.056450246673307447e-01 -3.251709243191834853e-01 -2.952058214879542675e-01 -2.506625360776590927e-01 -1.806153781156117355e-01 -1.588296665581169498e-01 -4.669043197823901092e-01 -3.057489423163569642e-01 -1.178410038315217678e-01 -1.344577726124126793e-01 1.143994460894447868e-02 -3.063912982073884739e-01 -3.221467401400955333e-01 -5.795164987549361602e-01 -3.075321893149628449e-01 3.037286427361671898e-02 -2.856998984940496700e-02 -9.586409057283806767e-02 -5.456350564528431590e-01 -4.772883147626401090e-01 2.186770411954431781e-01 -4.703475295236144715e-01 1.833365766016639975e-01 9.784480351730176495e-02 -2.671677872930101616e-01 -4.752136516185119786e-01 -5.953920823296201537e-01 -6.032556818705951951e-01 -5.289563572080610010e-01 -9.932488828797352010e-02 -3.659764051592443446e-01 -3.198828938928294230e-01
1.200000000000000000e+01 3.381485917429199323e-02 2.297184478864127133e-01 1.833193520469456050e-01 1.837064636125783357e-02 -5.499014725004807147e-01 -3.944440012126418926e-01 -4.031888344935113944e-01 -5.681786586762235247e-01 -7.080385836187304271e-02 3.932731531302435246e-01 1.220861246862812166e-01 2.385673029035384196e-01 2.459153553982731943e-01 -4.038281001927484515e-01 -3.348036942785411751e-01 -5.309059030529701406e-01 -3.959062412678492349e-01 1.498890332773853695e-01 -5.205029312886217951e-01 -3.908487495553228941e-01 -4.746861772160508308e-01 -4.907215179313787479e-01 -2.804399284260058467e-01 -2.174849904046610161e-01 -2.052183050215341531e-01 -2.818802460466623416e-01 -3.063500963288643408e-01 -4.016264259186765329e-01 -2.848242365955306887e-01 -1.287588900057859420e-01 -6.891131319750251616e-02 -1.360124477992361580e-01 -1.842436389751534245e-03 -7.364920896184651289e-02 -2.885398697507228771e-01 1.130737055888492021e-01 4.952990125860030624e-01 2.580530251772079064e-01 2.433113058334069323e-01 1.446991085136051514e-01 8.728564587991283208e-02 7.012358095478896658e-01 -6.198964676335571022e-01 1.933289940012140329e-01 -1.438073514972425526e-01 1.668724871003932353e-01 -2.478949985086410512e-01 -3.169237888047473639e-01 -5.983558851293278857e-02 -3.073760302890507501e-01 -2.110619809912103462e-01 -2.468454152175858229e-01 -1.897673965722926903e-01
1.300000000000000000e+01 2.504467099826127030e-01 -3.377373218723438431e-01 2.285318179475385181e-01 4.262360305009762484e-01 -1.693359401879094076e-02 1.136266480183463490e-01 -8.313865285084312551e-02 -4.293736873385211039e-01 -6.300577700543491533e-02 6.921983321049984816e-02 1.578077457743438661e-01 7.354705493492701418e-01 5.654093315162915800e-01 -9.672431626768548951e-02 -1.994638198165425425e-01 -3.418734178627923503e-01 -4.419151522109983077e-01 2.249354082383743236e-01 -1.679181559337633023e-01 -3.279945370844840058e-01 -3.885796141400647830e-02 -2.537673783593460408e-01 -2.597473345660893385e-01 -2.470738671886669180e-01 -1.472019542818405746e-01 -3.025561001811980510e-01 -2.892964729435137938e-01 -2.562295728357649738e-01 -2.916790837666453085e-01 -2.581849367330035228e-01 -1.524606651930411061e-01 -4.093712466776810999e-01 2.457749265341488965e-01 1.226032786670467056e-01 -5.820583229410291465e-02 3.971131872365046833e-01 4.565616844119853579e-01 3.885065283429898209e-01 3.198553482506806822e-01 5.951122612206953821e-01 2.578701485034998742e-01 3.838799945457771479e-01 -1.538357203502282444e-01 2.437370871796955274e-01 -5.125355737246521937e-01 4.517678628901934390e-01 -2.316485857871226628e-01 -2.669466208794389894e-01 1.616997926467792501e-01 -2.461550201811728567e-01 -4.827473227118912469e-01 -2.925829955402673432e-01 -1.089548957402257517e-01
1.400000000000000000e+01 1.385282587463049775e-01 -3.055881536727221848e-01 7.496314688735719600e-02 5.142905896593759074e-01 4.479204597083039641e-01 3.049481059281518025e-01 -4.041860043190053653e-01 -3.521219912224617943e-01 -5.894963501619441271e-01 -5.278517222980186885e-01 -2.511868369217445385e-01 2.159360332245029712e-01 1.858012055879798563e-01 -2.153019173380328888e-01 -2.120582548178229776e-01 1.750955653806949425e-02 -4.317008649154128186e-01 4.917531284443231454e-02 -1.968475646108966415e-01 -4.149461750054878051e-01 3.023993524893676260e-02 -2.602722451145194626e-01 -3.687312812227254710e-01 -4.503104210129451612e-01 -4.851692211314211356e-01 -5.456491125994038516e-01 -3.990986625828633061e-01 -2.320282134653764428e-01 -4.700169996721109689e-01 -6.123778113589046779e-01 -6.511696444879288004e-01 -6.370821205571433055e-01 3.074741499167073233e-02 -2.572354454504265364e-01 -7.615922764652013899e-02 3.314872890602419409e-01 2.145827780664887885e-01 8.688834768316976154e-02 1.193010236171519051e-02 4.877317994707014437e-01 4.616222140277203567e-01 1.755895047250970453e-01 1.014982323753202964e-01 2.961120088889222512e-01 -6.768353957372673646e-01 4.511450347529766258e-01 -3.785711897861211428e-01 -2.934595586493412567e-01 2.686810642771916280e-01 -1.357312095121288309e-01 -5.376697151653154760e-01 -3.078090139166048678e-01 -5.411549603774445244e-03
1.500000000000000000e+01 3.390310728270727880e-01 -3.508445471382412029e-01 -2.794027146826154606e-01 5.371821782748985585e-01 7.357414774165276228e-01 4.662378680469644321e-01 -1.992277523496625291e-01 -3.370509393235396889e-01 -4.895698759933935218e-01 -3.246483589035683570e-01 -8.083305761899967079e-01 -3.883012337140288039e-01 1.223570946662416725e-01 -7.409279976886243291e-02 4.282151583636491926e-02 2.894914941744188286e-01 -3.824329293591784973e-01 -3.105606794714981245e-01 1.164162027033338945e-02 -1.299903619729358417e-01 1.720347469256868211e-01 -2.301354400924659482e-01 -3.455588845679007370e-01 -4.683671932350742528e-01 -6.295823021181444767e-01 -6.281031416957360003e-01 -5.171081366841916438e-01 -1.786196046681840788e-01 -4.877773236745926999e-01 -6.548212033241119778e-01 -5.106634511632136553e-01 -2.345985014622224418e-01 -1.747580693311012179e-01 -3.627498736082783726e-01 -3.569642326433398322e-02 1.791594324590397302e-01 -4.796952483956916369e-02 -9.361123220616551777e-02 -4.536150496442723501e-01 4.859047856422260558e-01 5.861992980662202868e-01 -8.771732236130053151e-02 5.202882855596008271e-01 4.563627029138325047e-02 -1.505302116396955436e-01 7.054462364810474284e-01 -1.556297382970919241e-01 8.907600343485921890e-02 1.423086422133114093e-01 3.030010776206447376e-02 -2.673171649230917657e-01 -1.056659397666083466e-01 -2.044897406988662181e-01
