# extraction with python 
#  import numpy as np 
#  data = np.loadtxt(velodelaymap_Cont5100_HDelta_ICCF.txt) 
#  timeHist = data[1:,0] 
#  velocityBoundaries = data[0,1:] 
#  velocityDelayMap = data[1:,1:]
0.000000000000000000e+00 -9.600000000000000000e+03 -9.200000000000000000e+03 -8.800000000000000000e+03 -8.400000000000000000e+03 -8.000000000000000000e+03 -7.600000000000000000e+03 -7.200000000000000000e+03 -6.800000000000000000e+03 -6.400000000000000000e+03 -6.000000000000000000e+03 -5.600000000000000000e+03 -5.200000000000000000e+03 -4.800000000000000000e+03 -4.400000000000000000e+03 -4.000000000000000000e+03 -3.600000000000000000e+03 -3.200000000000000000e+03 -2.800000000000000000e+03 -2.400000000000000000e+03 -2.000000000000000000e+03 -1.600000000000000000e+03 -1.200000000000000000e+03 -8.000000000000000000e+02 -4.000000000000000000e+02 0.000000000000000000e+00 4.000000000000000000e+02 8.000000000000000000e+02 1.200000000000000000e+03 1.600000000000000000e+03 2.000000000000000000e+03 2.400000000000000000e+03 2.800000000000000000e+03 3.200000000000000000e+03 3.600000000000000000e+03 4.000000000000000000e+03 4.400000000000000000e+03 4.800000000000000000e+03 5.200000000000000000e+03 5.600000000000000000e+03 6.000000000000000000e+03 6.400000000000000000e+03 6.800000000000000000e+03 7.200000000000000000e+03 7.600000000000000000e+03 8.000000000000000000e+03 8.400000000000000000e+03 8.800000000000000000e+03 9.200000000000000000e+03 9.600000000000000000e+03
-1.000000000000000000e+01 -3.060214305614450958e-01 6.998964735928046854e-02 7.887428445032884650e-02 -1.176530253330466819e-01 1.532220899238216638e-01 5.382005245519654313e-01 4.047509232904487053e-01 2.857518972309294192e-01 5.924964850709143471e-01 3.273854895674904730e-01 1.806390793377566917e-01 8.213366461165013677e-01 9.030742183649985433e-02 2.013450629941718195e-01 2.758756128555435727e-01 -5.838179924611323901e-02 -1.165466663154229726e-01 7.347519730163715179e-02 -1.176532447620825123e-01 1.656084797890293447e-01 8.239107247867072381e-02 -1.027376740006067379e-01 -1.330323170278410738e-01 -1.242789838336746111e-01 -3.065238999111118967e-01 -3.334431831288588999e-01 -6.215198884890541647e-02 -1.513489367867639768e-01 -7.044166828930416291e-02 2.639765828778404821e-01 2.777758263342176015e-01 1.901168301177971753e-01 2.576616702490607813e-01 2.582244312089339022e-01 -4.187900129010181660e-02 3.443819325909088791e-01 -3.441598755413806388e-02 -2.756738103979063381e-01 -8.937787503568182801e-03 2.402258305012320294e-01 3.153114904914536276e-02 -1.591730207155526156e-01 2.434519297066058685e-01 2.342560828909044934e-01 -2.238489310509123587e-01 -3.661510436007671121e-01 -1.302905096146789732e-01 -6.460460775418523927e-01 -7.053348235624572471e-01
-9.000000000000000000e+00 -4.106156533523446228e-01 -1.627906363653682797e-01 -9.147245092656992871e-02 -2.635683599337830252e-01 2.169189277326671883e-02 4.041592809627881366e-01 3.262217704533852958e-01 9.453141350170440882e-02 4.026341930202816943e-01 1.232519589992514125e-01 4.152555271153514360e-02 5.981338708141814564e-01 3.403144397826819711e-02 9.579811661525930444e-02 2.146591122159587361e-01 -1.260574585331559194e-01 6.302439120884663348e-03 1.690324373756827425e-01 -3.605092688980937599e-02 2.643432225257367763e-01 2.454226854427240395e-02 -1.911288064860495184e-01 -2.595604154143002495e-01 -2.185899398001920346e-01 -3.163218094974662997e-01 -4.976248644995626691e-01 -1.687255193209936110e-01 -2.331394570979505865e-01 -1.026626357536624679e-01 1.984458365348781839e-01 2.785403979318834544e-01 2.365641483336997919e-01 1.570099099937538878e-01 2.363755967916048029e-01 -1.499199630199044009e-02 1.457588081654208056e-01 -1.994847828420972524e-01 -2.475851218025485467e-01 2.225802049803579652e-02 1.703099426018669094e-01 -1.019109818793320632e-02 -1.410183265667949715e-01 1.904012287869085440e-01 1.535433627345609287e-01 1.875749698824570599e-02 -2.810507743755522037e-01 -1.955981921012487357e-01 -5.762178927166246023e-01 -6.353296231171651209e-01
-8.000000000000000000e+00 -5.765496950629641626e-01 -3.890995288862779677e-01 -3.035581603706588028e-01 -4.805972327886692819e-01 -1.859260795155278645e-01 1.255074120169742957e-01 1.146372465337005681e-01 -7.795403244835702461e-02 1.043795276757155527e-01 1.098132441045402002e-01 -2.611138488475064912e-02 2.965471269552690803e-01 -1.576877989506130506e-01 -1.023247321308586588e-01 6.072030112749664255e-02 -2.936725908100922267e-01 -1.055255227535162044e-01 5.944184620315665774e-02 -1.732723240279956251e-02 2.555133853197065763e-01 -8.222553872347997117e-02 -4.059253147379251470e-01 -2.816485136678322787e-01 -1.438737095645792885e-01 -3.866182253241355338e-01 -5.895529859846687648e-01 -2.506624750562300719e-01 -2.655372299009872150e-01 -8.261690049473680020e-02 1.839754737724049183e-01 2.961506425160022049e-01 1.507147758458975972e-01 1.662111268439998291e-01 1.982557777073492011e-01 -3.863660431309749732e-03 1.470145900996022714e-01 -2.681211707596704019e-01 -1.407670329764740547e-01 5.576169294833269174e-02 1.406044409872917456e-01 -1.092198566258897191e-01 -2.065520971782631998e-01 9.134456301923243871e-02 1.614815547725645395e-02 1.597283155780752639e-01 -1.340199180325794548e-01 -1.316523541223278970e-01 -4.629227466365390953e-01 -5.776773307676192903e-01
-7.000000000000000000e+00 -6.467625015679032696e-01 -5.153933773276829777e-01 -4.339432597561396765e-01 -5.120072472812986497e-01 -2.464553810059671446e-01 1.669519658368312509e-02 4.491229256495111316e-02 -1.614800968827355965e-01 -3.361327297421695670e-02 4.735887650781539504e-02 -1.119387070762952602e-02 8.700943620534426493e-02 -2.077397899968872474e-01 -5.881152409890166854e-02 9.558457599464026400e-02 -2.682578507793845213e-01 -1.592214442573057775e-01 5.798764218168175888e-03 1.299841937412568038e-01 3.509610545901651335e-01 -7.790166299489517665e-02 -4.052636011930041970e-01 -2.294406962361336677e-01 -7.522918234308692553e-02 -2.455503217296175211e-01 -5.858559374701270972e-01 -2.996323941642645705e-01 -2.638782651498522425e-01 -1.272942408768375500e-01 1.716742097624527064e-01 3.739450745955558153e-01 2.075604867124254405e-01 1.987623805441339764e-01 2.879166660903343944e-01 8.674091170054032407e-02 1.861666833873998617e-01 -1.539681662933795325e-01 -7.453133002334860757e-02 1.310419770668516670e-01 2.021697102991523165e-01 -8.190019506368376168e-02 -1.226789336063481006e-01 5.390489524723735687e-02 1.617709211648780954e-02 1.899168499627828799e-01 5.956436026291381247e-03 3.481418961308085924e-02 -4.339168226626181624e-01 -5.289381383751355914e-01
-6.000000000000000000e+00 -6.895941060902286424e-01 -5.783302825395001401e-01 -4.455466215627252868e-01 -5.664446177017440354e-01 -3.357511603447632664e-01 -1.190419633160414159e-01 -1.876089649049380442e-02 -2.028275214850664421e-01 -1.054085595538411246e-01 8.995976127229007857e-02 5.828481758673403901e-02 -4.859318586702866816e-02 -2.794895175599180215e-01 -1.728063904699881081e-01 8.590896963538094400e-02 -2.793737432354259642e-01 -1.047119365623571663e-01 -3.747451894739656231e-02 6.947811427971642417e-02 3.833827829252618447e-01 2.692698173514928434e-02 -3.639160535767782534e-01 -1.208939223519751860e-01 2.404845705528921990e-02 -1.595531288999171848e-01 -5.309080711880507231e-01 -2.281142558158767708e-01 -1.329549609723272019e-01 -8.873091841706537419e-03 1.878055275516721245e-01 4.154971921075445995e-01 1.748090591696109808e-01 2.290449381426274689e-01 3.058127528504283599e-01 1.283401831172716334e-01 1.918929386075650667e-01 -1.322763427875205955e-01 1.038969315470051891e-01 1.629266157528996284e-01 2.260385767475548979e-01 -1.546976089045579150e-01 -2.189156342813418643e-01 1.108410492093371003e-01 -7.827514734581722533e-02 2.751410395366195583e-01 1.063986777389264310e-01 1.583339781337623486e-01 -2.269907112001990357e-01 -4.040000632063646124e-01
-5.000000000000000000e+00 -6.903901896216716461e-01 -6.069559203114223145e-01 -5.279025343467023124e-01 -6.703619568695950992e-01 -4.508221834544156037e-01 -1.125907355264803567e-01 2.111984510297629583e-02 -3.148263299368562196e-01 -2.411375056715610032e-01 1.569512214576112424e-03 1.434457084192103729e-02 -2.399683832829811736e-01 -4.328575577042732547e-01 -3.434389884915608482e-01 -2.571838193904932290e-02 -3.746638425602606404e-01 -1.011628008944140400e-01 -1.473374461737627164e-02 1.421445770971417333e-01 4.149496414547490519e-01 3.786853285518995693e-02 -2.192949974959754467e-01 -1.451610848065117837e-02 1.369187048504318660e-01 -5.128562395383472194e-02 -4.833200331751244527e-01 -2.743307037449400632e-01 -4.475737914405911178e-02 1.400977832348594410e-01 2.771439674328806668e-01 4.735338972400632840e-01 1.250212112513319207e-01 1.348970137818479853e-01 2.092655400964099632e-01 7.942181851932511583e-02 1.710949305158402378e-01 -1.966491078263722936e-01 5.421941975722315010e-02 -1.109351056106872013e-02 1.437186583904549730e-01 -2.805630810161262589e-01 -2.989008831274699296e-01 -4.768975552865305223e-02 -1.686826261543381555e-01 3.727061597180159058e-01 1.568493559093055989e-01 2.370023575217235501e-01 -1.680127783422775134e-01 -2.749909614734368790e-01
-4.000000000000000000e+00 -7.016139897640522038e-01 -6.690349854490620363e-01 -5.515951750795040631e-01 -6.752182383803275734e-01 -5.500635791077975734e-01 -1.710242368999921048e-01 -7.363283660418745713e-02 -3.035718416043463597e-01 -2.897614413539966738e-01 -1.633346422734814618e-02 -3.479149251387829433e-02 -2.872422086271322894e-01 -3.615972353106871595e-01 -3.960913604551998257e-01 -2.963477767298534904e-02 -3.824346977659576208e-01 -1.267738832631674084e-01 -8.261105792048327456e-03 2.360512860710295424e-01 4.189925666075273725e-01 -2.293224485008850053e-02 -2.655913634334199358e-01 4.265110367143194747e-02 1.875687356033981790e-01 -3.609679294356313295e-02 -4.212678376691489923e-01 -3.838648952062210240e-01 -2.068411595046693030e-02 1.729953636214299206e-01 1.949213028436362904e-01 4.009336723304453010e-01 -7.850965834652781639e-02 -2.645844272880141373e-02 1.258267184037099584e-01 3.773134961583159142e-02 1.447942480181947655e-01 -2.422502152606431369e-01 4.623328872643178711e-02 -6.792244558972719559e-02 -1.850875087557872500e-02 -1.805737893355061907e-01 -2.929170289306424202e-01 -3.120295015967298677e-02 -2.300582072668855560e-01 3.247537053611177504e-01 1.770267315793672136e-01 3.959129514011176521e-01 2.346204843236268309e-02 -1.271428153403308114e-01
-3.000000000000000000e+00 -6.711657327960705022e-01 -6.393170739706830474e-01 -5.890680243872460364e-01 -6.712845386072248122e-01 -6.057971454349291296e-01 -2.167312750426973189e-01 -2.155230311694492917e-01 -5.503334696311529273e-01 -4.472765662546064891e-01 -1.779138693784470815e-01 -6.278311625677143737e-02 -4.535671182143876101e-01 -4.053915696347603070e-01 -4.798470029826925609e-01 -1.310553920081402590e-01 -3.435124580063474986e-01 -3.372829375636847427e-02 -1.032463324304869756e-01 8.741423212016603828e-02 3.519652532081469221e-01 -6.092943393021096887e-02 -5.165157512181857424e-02 5.685658828341101645e-02 1.914108514267581773e-01 1.283347573016487275e-01 -2.563672009399204366e-01 -2.255877977066969020e-01 1.190536515307079740e-01 2.779182074294869187e-01 1.222263401776429032e-01 3.503564919350011797e-01 -1.611366161602127978e-01 -5.335350555676511564e-02 3.545410085533188746e-03 -2.673724382805453201e-02 -3.759659619400797931e-02 -3.624066355811204065e-01 9.341448716765947402e-03 -2.250600194919455677e-01 -1.896276336035118415e-01 -2.413938827313916735e-01 -1.588906531764310570e-01 -2.302135808934879790e-01 -3.220279050265099641e-01 4.514985733952737168e-01 3.389813220024640028e-01 4.285405881154784602e-01 2.064193655880952327e-01 9.765813914520651839e-02
-2.000000000000000000e+00 -5.140149706605818825e-01 -4.487253676589590956e-01 -4.666240078680767289e-01 -4.731078245709398056e-01 -4.796815470943454063e-01 -6.478963757370728715e-02 -1.548035428726241280e-01 -5.074510189041250285e-01 -4.671657132321335171e-01 1.953916972287547335e-03 -3.332585204212397401e-02 -3.446600492126553061e-01 -1.558171028392527357e-01 -2.485243548049367868e-01 7.480349662514709785e-02 -1.094901938006577480e-01 2.340433794745484519e-01 1.070533428027825446e-01 2.632157884294272221e-01 4.657761567947020787e-01 1.335396563759304323e-01 1.744802293622277345e-01 2.621089183594620398e-01 4.024650614836595697e-01 3.305501213564969176e-01 -4.700851267892316998e-02 -3.759691848528867730e-05 3.311989293029292680e-01 3.459610592665917084e-01 2.838464251475619760e-01 4.371431666133548943e-01 -1.580111152131006280e-01 7.475683816779621349e-02 8.255518784687854161e-02 -3.049147929963630377e-02 -4.579548006516513670e-02 -3.202788162864188548e-01 -1.555760175956402008e-03 -3.866345169291877104e-01 -2.392053150938351358e-01 -2.737314976066881345e-01 -1.982191388204985472e-01 -4.366266439875800542e-01 -3.425488641472531071e-01 5.415084118049665607e-01 3.830129301640336492e-01 3.654622934982948435e-01 2.217104609264300141e-01 2.408000350505802231e-02
-1.000000000000000000e+00 -3.266680307490524848e-01 -2.289303494581595988e-01 -2.868425146344121268e-01 -2.650718321108168629e-01 -2.280646208757919347e-01 6.589890046815859159e-02 -6.291067332366676035e-02 -4.822757970504630842e-01 -4.502888791177903638e-01 6.996550387320443765e-03 -5.834553257091740219e-02 -2.661229242561689023e-01 -7.915235523364952397e-02 3.042917372658020259e-02 2.040039080348022560e-01 1.710359119690423868e-01 4.009089586300326191e-01 2.474470484373820223e-01 3.715430264382368897e-01 5.974705197521466005e-01 3.549152573370079611e-01 3.943888747260110295e-01 4.345478901510276826e-01 5.845663491087040864e-01 5.819436862333714489e-01 2.609657965251209744e-01 3.249377275536188270e-01 4.997851428690847642e-01 4.738333418394502505e-01 4.500899863017807645e-01 5.673420774810615796e-01 9.125433426308243723e-02 3.296914636287877620e-01 3.076958224599962710e-01 3.595549229372516087e-02 -1.600634643590288508e-01 -1.618292910879429725e-01 2.076299107961596460e-02 -2.827193973267634330e-01 -8.985499865058735325e-02 -1.902244036067371469e-01 -2.478622211495949343e-02 -5.203097086412638017e-01 -1.963020454125578018e-01 5.040273284357300598e-01 3.885985924780805956e-01 2.799257034170622438e-01 1.219596617352711188e-01 2.365693878189006547e-02
0.000000000000000000e+00 -1.150228337485835056e-01 1.518066012436118661e-02 -2.121146138681109100e-02 -3.487941622360135607e-02 2.312599056146084214e-02 2.473934266475656951e-01 1.300460121941534597e-01 -3.449875694430493689e-01 -3.291714680773140111e-01 1.447383753286893560e-01 -3.273419051447817862e-02 -1.615748855828535446e-01 -1.384592480555218164e-01 1.165090061833012614e-01 3.072750932618978359e-01 3.265267375369486080e-01 4.927401271384852510e-01 3.365956236745942798e-01 3.414796259168255688e-01 6.468396467978549946e-01 5.531914947639788860e-01 5.686431995516153526e-01 5.510849740203519476e-01 7.164011954449485131e-01 7.371147903558106229e-01 5.295123512616393135e-01 5.910475061327484791e-01 7.237819150715429917e-01 7.114964617029733152e-01 7.375038269671037039e-01 7.431024184358810958e-01 4.237503639330720273e-01 4.772788044536467877e-01 3.302345405787761035e-01 1.384279650652595062e-01 -2.402688207364692963e-01 -2.228432599078201126e-01 3.440600614697561510e-02 -1.728193805552903362e-01 5.666811452820755962e-02 -1.161261538957790024e-01 -3.565456280978476084e-02 -2.274372339096308870e-01 -2.034405838785707799e-01 3.416357819264027595e-01 1.868983337686243307e-01 1.318033505157681362e-01 1.411371670186115090e-01 3.338668742579868620e-02
1.000000000000000000e+00 5.106071546151988438e-02 1.526958505667530552e-01 9.490421120736888816e-02 6.613634373930829535e-02 1.223965917093387534e-01 3.378472545862881704e-01 3.133914505322643596e-01 -2.230981852898039075e-01 -3.174507944820785799e-01 1.919985690281217905e-01 -8.481924722221470536e-02 -8.630174788711300615e-02 -1.676441657756793657e-01 1.338546760629213683e-01 4.068784270046956753e-01 3.928882842286161581e-01 5.663335275796133050e-01 4.254972893986003202e-01 3.817109883864994169e-01 6.409987370777565641e-01 5.520296628851593113e-01 5.901142441145390549e-01 5.695037471410848706e-01 8.387820418396847444e-01 7.978736357342951502e-01 6.769364714294123786e-01 6.823891789624261239e-01 7.788188063751756429e-01 7.683555058379507585e-01 8.227748787756095084e-01 8.501534193034366860e-01 5.647438977796757076e-01 4.835803983324458710e-01 3.892829845530619837e-01 1.418481517869962238e-01 -2.342247482817959858e-01 -1.252694972792775252e-01 4.866515516974094513e-02 -7.370601001034760014e-02 1.726642445200370912e-01 -1.008749754684050703e-01 -1.008513012011406362e-01 -3.372335653063498473e-01 -9.029119666923456078e-03 3.721182811969458992e-01 1.041070825310058678e-01 5.091775133457014657e-02 6.970536307435920564e-02 3.499076287612014335e-02
2.000000000000000000e+00 9.298717208648230037e-02 1.301789832997075069e-01 1.393742150825103832e-01 2.822450914695628921e-03 -9.819441519607202684e-04 3.661073325600516792e-01 2.507321157456258165e-01 -2.450968093225205369e-01 -3.746413778659669624e-01 7.347452781382712850e-02 -3.507544101857633101e-01 -1.238895623583687322e-01 -2.086867283179635879e-01 5.512295817464894776e-03 2.725557189649321366e-01 2.355113603715421611e-01 5.404253161698913122e-01 4.674813289951696982e-01 3.920236228230607467e-01 6.175962055892187941e-01 4.552210307052323435e-01 5.593025546677021786e-01 6.127965252051528200e-01 8.222770424032708192e-01 7.319764288801784424e-01 6.655244514443918735e-01 6.216476136056113821e-01 8.537800925034986221e-01 8.316561303825319440e-01 8.063914814407566745e-01 8.164492443071713623e-01 4.376716902295772482e-01 2.800893177895728003e-01 1.017175602752696806e-01 -8.188033367070265620e-03 -2.821652919095336554e-01 -2.294567106029421488e-01 2.445632679916669508e-02 2.791478326962433532e-02 1.167877876399469328e-01 6.814316998461969477e-02 -1.236246257618338340e-02 -1.791774481876546310e-01 -1.825784415202532374e-01 2.106824073943040221e-01 5.032631389043150383e-02 8.556630027950529183e-02 1.628320952862483406e-01 2.323492399324645352e-01
3.000000000000000000e+00 1.574100108760674854e-01 2.050930595858375671e-01 1.928314120127556375e-01 4.109546031842489094e-02 -1.803946456230839240e-02 3.677543539713423182e-01 2.302278093324310881e-01 -2.593088917135646376e-01 -2.845727828041088592e-01 9.504077522476665763e-03 -2.540323690830112446e-01 -1.585635448879508247e-01 -1.547722325592162385e-01 -2.053844198627553519e-01 1.299103622745458042e-01 1.828031318449813147e-01 4.452046883855256265e-01 1.400200248205616949e-01 1.143739008040088323e-01 3.508613293706609459e-01 2.142047615384963244e-01 4.451503315292211216e-01 4.560246577437214732e-01 6.489956325577650453e-01 6.525072389860292477e-01 6.023749162224816267e-01 4.961563632923862155e-01 7.341610475412458925e-01 7.427251923762772101e-01 6.226771664117815019e-01 6.314037565249903672e-01 3.052992693469824825e-01 3.059724150132601128e-01 -2.571397022927887077e-01 -8.915383013014696600e-02 -4.263203975527803391e-01 -4.845864411405344518e-01 -1.917907085404135792e-01 -1.403433460856542414e-01 -8.731835748215524551e-03 -1.049450575398225838e-01 -1.000445789323661516e-01 -2.869693929620155126e-01 -2.362257013944384920e-01 3.120671246850988956e-01 -7.840227558922899243e-03 -6.815074750535533854e-02 2.641635412469983679e-01 2.113164308758072873e-01
4.000000000000000000e+00 2.653495031081273825e-01 2.061017731802100017e-01 1.804204438145920464e-01 6.543993421422336643e-02 6.945300205837071084e-03 3.130066287887789955e-01 1.634372965113988774e-01 -1.879303096838975118e-01 -4.213513538276892900e-01 5.862326719536556374e-03 -3.810387892398928167e-01 -7.183309802688299384e-02 6.735354569508537892e-02 -5.061571685718344038e-02 2.764837787126314672e-01 1.992547516540483232e-01 4.217216076802901004e-01 3.018016671396912542e-01 2.506703306803078624e-01 3.425701555808968735e-01 1.184614493947539204e-01 4.583315384833200890e-01 4.291922119593282181e-01 4.996423624301800093e-01 6.087052896548159620e-01 5.172003913068399239e-01 4.002663487704030687e-01 6.009445009157374784e-01 5.066397451546318376e-01 4.315988823305388911e-01 4.338233589652664146e-01 1.561423715058027351e-02 1.530710634105267864e-01 -3.413470717658917408e-01 -3.586972217389564621e-01 -3.353121563053977350e-01 -4.537031875062426112e-01 -2.657811813131485401e-01 -4.082603828810129620e-01 -6.484775180470024603e-02 1.104049818795980603e-01 -3.106945036514063840e-02 -1.969172619988217576e-01 -4.062530945796454795e-01 3.027847519487513184e-01 4.906179546771767541e-02 -2.363770213638349271e-01 6.190426926179070505e-02 1.404597389233327720e-01
5.000000000000000000e+00 2.639897400858916554e-01 2.774098369405381681e-01 2.256857378583710383e-01 1.773423051290598518e-01 1.195572427483561906e-01 2.287593305613613848e-01 2.095313188716298874e-02 -2.878487028187678431e-01 -4.100381231957158645e-01 -1.391454785688863716e-01 -3.519080004804074902e-01 -5.945922354938892873e-02 -1.145083374792192285e-02 1.874906820585408584e-01 2.788064768804600635e-01 4.282294736815736025e-01 3.513048558707639879e-01 2.465214417580270101e-01 1.950603850719743459e-01 2.821688665624538794e-01 3.693851909891032737e-01 4.983009714087790476e-01 3.698675483249633800e-01 3.496409444938577971e-01 6.226397237894705228e-01 6.319000895903551518e-01 5.411282823833341027e-01 4.754386400525594247e-01 4.942415518931051466e-01 4.385101695323542770e-01 2.839613623340176973e-01 6.787788857566764977e-02 4.122086799818708847e-01 -3.393995577638072580e-01 -4.109852833275333683e-01 -4.865469214268748344e-01 -5.308774984154545074e-01 -2.092077056768826826e-01 -3.555120924250718129e-01 5.806027211537556632e-02 1.378334042639515200e-01 4.472886432839592863e-02 -2.453702924150917009e-01 -2.565598269707888290e-01 1.092879842652013656e-01 5.173892543611813277e-02 -2.789524163996529582e-01 -6.430257658899464490e-03 2.433106559943988834e-01
6.000000000000000000e+00 2.078865313940272130e-01 3.408269469176986588e-01 2.918903570987493867e-01 3.130620837413263247e-01 1.184342307687648865e-01 4.046388032017814718e-01 2.063610850503673766e-01 -1.508807715760986379e-01 -2.746742722768759082e-01 1.427359065384458670e-01 -9.286328113264079309e-02 1.108922829140698146e-02 6.528476627781210073e-02 4.008313296254359948e-01 4.432401942015102847e-01 6.274090380616443863e-01 3.601344552238856522e-01 4.476607993198659652e-01 3.108626829225427102e-01 3.875995039887007998e-01 6.830342515362461953e-01 5.737627620317159449e-01 4.056101247927195175e-01 3.815734847357946102e-01 5.823036441591253887e-01 6.001212736355481248e-01 5.513526140882891724e-01 4.354572705601131855e-01 5.543960749238935337e-01 6.061512427046227280e-01 3.904189485471225018e-01 3.555739860595936164e-01 4.203032669548446565e-01 1.064775584487074600e-01 -2.219285961787754446e-01 -3.826688448838607148e-01 -3.600920624785118873e-01 -2.879103007498783409e-02 -2.962230076270074841e-01 1.945077841146630043e-02 2.140742592545600564e-01 -5.998581242154870513e-02 -3.084814509774307378e-01 -7.225296914399528814e-02 1.764522797894830242e-01 1.876061905229401416e-01 -5.910929455614541417e-03 2.351371756772080435e-02 1.506745906212622887e-01
7.000000000000000000e+00 1.832550029895639865e-01 4.086444179768293772e-01 2.276858763543064823e-01 4.550069880424693625e-01 2.888216645615855338e-01 4.436959658383374805e-01 2.888236934324609484e-01 -1.423019100753245558e-01 -5.488528547809511104e-02 4.110769895706554156e-01 1.535230486340406486e-01 2.506093028963242153e-01 1.437584971535205147e-03 4.978345925826758167e-01 2.941944244245202067e-01 4.780480552410193429e-01 3.006699742681340215e-01 6.035880423244983639e-01 2.339323511379743092e-01 2.675810729716545655e-01 7.025044713357682102e-01 5.988427323854157436e-01 4.504381386158149425e-01 4.926494790580989158e-01 5.013551235253644878e-01 5.719659627900690602e-01 5.102414163801920477e-01 3.885848925869732629e-01 5.926577508548087625e-01 6.397524780406419476e-01 5.185226190669693924e-01 4.142034584888553139e-01 8.799109591569354016e-02 2.695747964076204428e-01 -1.011374953213671768e-01 -3.625453321131366646e-01 -3.555558038111139574e-01 -3.726152917637656076e-02 -5.692787836483328284e-03 -6.879212154954668021e-03 1.434574938958242951e-01 1.855547632990088847e-01 -4.190649627315324866e-01 3.543899553630134314e-01 1.442882752997359241e-01 -1.243220314952314665e-02 1.766033524080015960e-01 2.307396034770864968e-01 1.785884037521093815e-01
8.000000000000000000e+00 1.111769820589920410e-01 2.326615930721150083e-01 2.731064333940098898e-02 2.631983151388512243e-01 9.471861209834096795e-02 6.261638202850570156e-01 2.991614378230203486e-01 -7.152865839773070444e-02 7.603571065216600811e-02 4.307589707557308301e-01 2.077786415550457733e-01 2.855230348262833284e-01 -6.852434542292581976e-02 3.464750020788921470e-01 2.222508152991356511e-01 1.566330212579635228e-01 3.315668310198137680e-01 5.747329988858540517e-01 2.144584422582644923e-01 2.888831415138631842e-01 5.928380149373388974e-01 5.330182243171497358e-01 2.846437593515824260e-01 4.883408971905022211e-01 3.893352207862247338e-01 3.791508586021767879e-01 3.680401458187942954e-01 4.355178603728091513e-01 5.127091851180057835e-01 6.219175050176504183e-01 4.519184448643687180e-01 4.825459365401647549e-01 -1.918095233767528329e-01 2.932241500987867733e-01 2.256006993847093911e-01 -1.376081228693065150e-01 -3.203391282176562549e-01 -1.698498601412421483e-01 1.596379677442654743e-01 -2.348955651849902460e-01 1.738587699206496917e-01 2.758382420109084521e-01 -1.895428568184897022e-01 1.988018482702524348e-01 -1.403650099381933691e-01 -2.728439125793589159e-01 2.122708759651536492e-01 4.155814172709100807e-01 4.903381186986024987e-01
9.000000000000000000e+00 2.234098220231921922e-02 4.710970172700525843e-02 4.469457797167777913e-02 2.134856420663966414e-01 1.106036092544718658e-01 4.654271028778355079e-01 4.130643928522855224e-01 3.317173159863427701e-03 3.072531500664192894e-01 2.222906298009100778e-01 7.752797910352346444e-02 2.989103413930142006e-01 1.544007478816135925e-01 1.371815385506734430e-01 2.294533434805947625e-01 8.123621002931721846e-02 3.918775601239421480e-01 3.224116402696918793e-01 3.214513929350718002e-01 3.505619150342973445e-01 2.148422287530849517e-01 2.208473169194345997e-01 -2.978104467156695440e-02 4.285767357467871741e-01 3.540086150746947213e-01 1.882854441212810093e-01 2.381039299708385126e-01 2.542147933880075650e-01 2.763386903688270779e-01 4.147299495937410985e-01 3.971319685661569565e-01 5.296395518145704528e-01 -1.841445444448300828e-01 -6.377504091501731698e-02 2.809903691630426525e-01 1.487752237512447034e-02 -3.736707166528986934e-01 -2.333364016160388021e-01 3.015674567605260425e-01 9.939751725751705402e-02 1.343301828576371759e-01 -3.924564779735088826e-02 -1.123594188220412016e-01 8.165842199204319252e-02 -2.210094181113939071e-04 -5.018586737504329154e-01 -9.839871196499463957e-02 3.735332713916496017e-01 2.834248316039533755e-01
1.000000000000000000e+01 8.551029666451782918e-02 -2.081408118476522073e-01 -8.883433267086174312e-02 -3.941913781435449349e-02 1.269565266053394592e-01 5.041524223068830773e-02 1.142987774263192757e-01 -1.253353054409281908e-01 -1.414736641137021023e-01 -5.195505896052909911e-01 -5.512967452413216618e-01 5.098738446201474955e-02 9.157202421272483961e-02 -3.404464874761542470e-02 1.975399060865211109e-01 -2.442818948480900837e-03 4.574026913710121378e-01 2.334712864487173967e-01 3.703151898671538933e-01 5.216776342105133857e-01 -1.130089250846341570e-01 -9.586638440125209992e-02 -2.083532361449300097e-01 6.609645601414380900e-02 1.970351506268639141e-01 4.202994071391744774e-02 9.340286863295126085e-02 1.588861860998721232e-01 9.056231110693384323e-02 1.750515670202688889e-01 1.212970567155882140e-01 3.885433885414010247e-01 -2.227002330475070513e-01 -4.817602107569713965e-01 -4.456607265132377094e-02 -3.107733715698962063e-01 -5.109414484484404717e-01 -4.046541268502491517e-01 8.113546520347413027e-02 6.008705862492021849e-03 7.084431651063283208e-02 -3.846983848806916073e-02 1.480169386134288501e-01 -9.718001976799414687e-02 -1.967791666797338856e-02 -4.953010658033767388e-01 -5.448701277527652209e-01 -1.577225980593077725e-01 3.358036680627529691e-02
1.100000000000000000e+01 -9.223569766991424057e-02 -3.506983705196514145e-01 -7.799261550539116072e-02 -2.694374348954821641e-01 -1.309682919397371914e-01 -4.140741604364631678e-01 -2.386490830270755481e-01 -2.164501313219199252e-01 -4.428738998997849285e-01 -5.404558443462383899e-01 -5.808618465536988795e-01 -2.951953755049379624e-01 -3.095467185780120811e-01 -3.393804774642815714e-01 1.743886307219496071e-02 8.696537821212140668e-03 1.062545316864747791e-01 -1.282703547325584337e-01 1.527384954355962832e-01 1.596634591729479413e-01 -4.427376180387811999e-01 -3.916428886560379130e-01 -3.105573133606649439e-01 -5.839742598369650206e-02 1.221699421192132089e-02 4.283303851769679552e-03 6.892388152981022975e-02 1.017202955361800124e-03 1.450329493508372425e-01 3.179565376521423237e-02 9.564717377110367597e-03 3.674202802662928091e-01 3.455956371315444531e-01 -3.914526714358155246e-01 2.310087605815024439e-02 -3.258224907145179650e-01 -3.355993037984121852e-01 2.414969626303387629e-01 1.424916217700193666e-01 3.080588542486156767e-01 1.459391053822347573e-01 -1.392210575368791892e-01 2.187686592891898568e-02 -4.547323105382207187e-01 3.948680050496169991e-01 1.581797101708613262e-01 -5.241455526572285084e-01 -2.651483375009816013e-01 -1.031387240402365513e-01
1.200000000000000000e+01 -8.384269262572630055e-02 -2.338559295360670143e-01 -9.733572096746463675e-02 -1.824771243325596370e-01 -1.097498278647374842e-01 -5.283688787101836759e-01 -3.978520254578654658e-01 -1.404352618954441412e-01 -5.216196079596615576e-01 -1.378317229279650002e-01 -3.151606191743420160e-01 -2.820418114531132447e-01 -2.658644982263916323e-01 -1.420918374761504233e-01 -8.059435746386764410e-02 1.679515128803534679e-02 -2.067354115393358893e-01 -1.259409419321317891e-01 1.307902855307959133e-01 8.778919028984669137e-02 -1.886190359935717153e-01 -2.121222107310624660e-01 4.233536491598345608e-02 8.424837054702739858e-03 -2.066381754059729361e-02 -2.342732581813489895e-02 -7.048853141982976134e-02 -4.636389038030097609e-02 9.247370962480395279e-03 -8.012346612029137838e-02 8.535057397454780259e-02 1.245591332158330483e-01 3.043497953893217756e-01 -3.757681200706558533e-01 -2.679409233130878448e-02 -1.893038213165903483e-01 4.214304382673482452e-02 5.733346438573960757e-01 2.097761224342276354e-01 5.176571021982366849e-01 6.867272818491758357e-02 2.196443191766791481e-01 -5.853017625551971276e-02 -3.344201679404822380e-01 4.202536064178334918e-01 5.429154653259193886e-01 -9.577400259700405427e-02 -1.889166344723208768e-01 -2.097118687902547740e-01
1.300000000000000000e+01 -1.856521994782452667e-01 -6.967116852000504457e-02 -2.155040871902125579e-03 -2.466322576395552635e-01 -3.885049047236680542e-01 -3.797607834222735401e-01 -3.208801651128952992e-01 -1.300438835451243891e-03 -2.648387794263768469e-01 4.271953727842823789e-01 3.773434701319567930e-01 -2.646652364429647464e-01 -3.473797177155737437e-01 -3.378232556928471575e-01 -2.815789900505377696e-01 -1.414785732863976242e-01 -3.438486253986203223e-01 -3.337946718386161082e-01 -3.079580482079488091e-01 -1.783066532851869113e-01 1.882157103676801446e-01 -2.719649983055224055e-02 3.065421261327447855e-01 2.518056896591091415e-02 -7.362918868683945850e-02 -7.152199200460938877e-02 -8.868522797013525527e-02 2.826122487998591545e-02 1.523070943983356913e-02 -1.313526998777427846e-01 3.492876708437059330e-02 -1.060105528517837625e-01 4.440064578688454056e-01 7.450242712147556179e-02 2.375768295985863920e-01 1.277981135234683985e-01 2.832163511534779299e-01 6.802405023080599911e-01 2.491880520536446375e-01 2.779074107754708756e-01 -2.079968746606099816e-01 -1.018384609561752002e-01 7.251434709746817919e-03 -4.683296711478037722e-01 3.839854361859749154e-01 6.215416039307916085e-01 3.913356325249489620e-01 5.035569641927875040e-01 1.554442280637160501e-01
1.400000000000000000e+01 -1.905779928264830780e-01 7.395787013231405749e-02 -1.372416188109590318e-01 -2.523785428806999409e-01 -3.433783173015502177e-01 -7.002873710444587618e-02 4.216697221859264794e-02 -1.150052175149119393e-01 1.512916785946473719e-01 5.125311409052265565e-01 6.781956900104417763e-01 -2.273142433003940144e-01 -2.598193744726439158e-01 -4.311189936486762853e-01 -4.464464492862832423e-01 -3.400507699159576180e-01 -3.090482583058642985e-01 -2.644854913084079273e-01 -8.671072007005103943e-02 3.429107160329204762e-02 3.413286225463321166e-01 2.218497402595845380e-01 4.264059872883181890e-01 2.357238554697534960e-01 5.344099777317069117e-02 -9.897701100392983231e-02 -2.045304964077590548e-01 -2.071709235629424356e-02 1.249713172973501707e-02 8.943421195263314208e-03 3.592813649108638208e-01 -4.013556459311927727e-01 1.870875818696334236e-01 2.253307070144378033e-01 2.005786574427733948e-01 4.479874672728409446e-01 3.738303762830398891e-01 1.239913269321921974e-01 -2.789436940487236560e-01 4.134915031995505669e-02 -4.956728306097971659e-01 -6.063379901316237053e-01 -9.438327353787906437e-02 -3.696262075769984889e-01 2.054038476286517145e-01 3.220563643278762100e-01 5.621737719229296104e-01 6.181968176159076123e-01 2.201080288144269259e-01
1.500000000000000000e+01 -4.729843358106771561e-02 9.081990902772121843e-02 -1.616768016022388232e-01 -1.250761130667111254e-01 -8.438651857781515053e-02 1.338393417713075462e-01 9.511121275505352024e-02 -2.155350501847863032e-01 3.826573748044725942e-01 2.428162718182983598e-02 4.650257356107191375e-01 -1.906411981160609781e-01 8.196331101778850381e-02 -1.844097441594436393e-01 -9.707576419279924373e-02 -6.873545906233088920e-02 -5.453285093517856730e-02 -1.710459647914035486e-01 9.535212291151061448e-02 2.939666579022190973e-01 3.053053962152080247e-01 2.907572381622933189e-01 3.985467412815876243e-01 2.150780063514699525e-01 2.546996046685928716e-01 2.087661631005600232e-02 -1.072491782421412243e-01 1.992750438831286108e-01 1.399393508864327507e-01 1.556235092926160912e-01 3.014839731771011833e-01 -4.283415295058472516e-01 -6.871024988940591105e-02 6.953630706032820630e-01 3.057460181305290403e-01 3.856540476144937890e-01 3.073615004782450644e-01 -5.364809943190539387e-01 -6.455088330458473855e-01 -6.647920593576914783e-01 -3.877882114919470324e-01 -2.220924675936712944e-01 2.118022394492387883e-01 -1.783899879904011221e-01 -3.274381119933793549e-01 -1.556682494398179961e-01 5.616665837571073183e-01 6.513307555223142309e-01 3.297570150753562634e-01
