# extraction with python 
#  import numpy as np 
#  data = np.loadtxt(velodelaymap_Cont1150_HeI5875_ICCF.txt) 
#  timeHist = data[1:,0] 
#  velocityBoundaries = data[0,1:] 
#  velocityDelayMap = data[1:,1:]
0.000000000000000000e+00 -1.200000000000000000e+04 -1.160000000000000000e+04 -1.120000000000000000e+04 -1.080000000000000000e+04 -1.040000000000000000e+04 -1.000000000000000000e+04 -9.600000000000000000e+03 -9.200000000000000000e+03 -8.800000000000000000e+03 -8.400000000000000000e+03 -8.000000000000000000e+03 -7.600000000000000000e+03 -7.200000000000000000e+03 -6.800000000000000000e+03 -6.400000000000000000e+03 -6.000000000000000000e+03 -5.600000000000000000e+03 -5.200000000000000000e+03 -4.800000000000000000e+03 -4.400000000000000000e+03 -4.000000000000000000e+03 -3.600000000000000000e+03 -3.200000000000000000e+03 -2.800000000000000000e+03 -2.400000000000000000e+03 -2.000000000000000000e+03 -1.600000000000000000e+03 -1.200000000000000000e+03 -8.000000000000000000e+02 -4.000000000000000000e+02 0.000000000000000000e+00 4.000000000000000000e+02 8.000000000000000000e+02 1.200000000000000000e+03 1.600000000000000000e+03 2.000000000000000000e+03 2.400000000000000000e+03 2.800000000000000000e+03 3.200000000000000000e+03 3.600000000000000000e+03 4.000000000000000000e+03 4.400000000000000000e+03 4.800000000000000000e+03 5.200000000000000000e+03 5.600000000000000000e+03 6.000000000000000000e+03 6.400000000000000000e+03 6.800000000000000000e+03 7.200000000000000000e+03 7.600000000000000000e+03 8.000000000000000000e+03 8.400000000000000000e+03 8.800000000000000000e+03 9.200000000000000000e+03 9.600000000000000000e+03
-1.000000000000000000e+01 3.194997201513892215e-01 -6.094071770150893963e-04 -4.963864332947306307e-02 1.558366440828488075e-01 3.303679436629844424e-01 1.657117807796207598e-01 6.181848321893557152e-03 4.471280913865557927e-02 -1.066042275639046133e-01 -4.331380124595937686e-02 -2.573975405488383994e-01 -8.564948820616199998e-02 -6.384564978973734928e-02 -2.468913175318383502e-01 -3.729108677595022181e-01 -1.247084701774711299e-02 -1.616859655511651006e-01 -2.052538934539452353e-01 -4.578377225077452373e-01 -3.070844883722908536e-01 -3.028126185910939849e-01 9.757623043981042410e-02 -9.458034044627504355e-02 2.863651671733232276e-02 5.687115664198162668e-02 -3.678843773871434131e-01 2.275308787912482811e-01 -4.609140826370761723e-01 1.784387447212773536e-02 -2.889009086650212721e-01 -6.940428937034753831e-03 -3.308178770127735979e-01 -2.652617114663683440e-01 -1.446260507268325446e-01 5.306543131704338778e-02 2.302834178655627229e-01 1.761607690517334457e-01 -2.712406233202852707e-02 -6.275261844897017660e-02 -4.257887659599134123e-02 -2.582356405951072853e-01 -1.129003997340114335e-01 -3.202858514091277975e-01 -2.866017878505814909e-01 -7.642167004596795987e-01 -5.807637710043528356e-01 -3.403676777166723122e-01 -1.103807501349046705e-01 -1.156657176366913259e-01 -1.521755023101914739e-01 -5.475084053859982092e-01 -5.132781340889647215e-01 2.775093868003925546e-01 -3.934556006262437400e-01 1.225366872565119142e-01
-9.000000000000000000e+00 9.966935198012444319e-02 -3.375608783717962136e-02 -1.215571321385190140e-01 -1.011010424593625778e-01 3.217817722248623724e-01 1.200694913587018603e-02 8.218568921900186453e-02 1.096634053008750526e-01 5.060614174766914219e-02 -6.280979248144988314e-02 -6.337386753909375614e-02 5.573487072968286160e-02 7.661692634484519593e-02 -2.265509259258140506e-01 -2.787385229702140643e-01 1.673135757696513626e-01 -2.216769132968711697e-01 -2.236172775380272371e-01 -3.010218426081929799e-01 -1.602919966880540503e-01 -6.967296367672297375e-02 2.461727416709841576e-01 1.205672037255700602e-01 1.772472360824089294e-02 8.517676118053062184e-02 -4.585201560081280103e-01 3.737184295991452521e-02 -5.962765930552456073e-01 -1.542797440221172212e-01 -2.906435963743108086e-01 -1.040148836342937311e-01 -2.971869910842230844e-01 -2.081768843673361680e-01 -1.534998194995229048e-01 1.019879256559664132e-01 3.488552895406343279e-01 4.427022810016618681e-01 1.754487575634031682e-01 1.316832154155013201e-01 1.716668573464963377e-01 2.794386197430263549e-02 -3.124039184190866361e-02 -2.609273063238473078e-01 1.423305076229103017e-01 -4.201393586324631002e-01 -5.166186660145878351e-01 -1.039059891582695960e-01 1.193355880522796175e-01 1.825353199372456159e-01 8.763810827215845478e-02 -1.980628115007997125e-01 -3.832415119363333234e-01 3.681269082100104839e-01 -3.257772263941849933e-01 1.723973238552412024e-01
-8.000000000000000000e+00 -1.159357119008461445e-01 5.903818215537545711e-02 -5.045815022557034735e-03 1.302942895608451557e-01 2.445442603584933872e-01 -1.726733990790796716e-02 -8.975167239347342507e-02 1.802324012903951944e-01 1.704227002826578519e-01 -2.957544774779972963e-02 1.041849500751352159e-01 2.328519060389052653e-01 2.095712860171779490e-01 -5.500695264304935467e-02 -5.297329915165414904e-02 3.076458831568195662e-01 -3.849790194786421871e-02 -2.823858966121219893e-01 -2.128355794771435716e-01 -1.042843980239530621e-01 6.206708478348953173e-02 1.350229718944548907e-01 -4.114986262598095690e-02 1.508758220958089091e-01 2.590232841937374908e-01 -3.217440952481838701e-01 9.706499523153275244e-02 -2.179536991008479418e-01 -2.642445493413838054e-01 -2.478930250522836942e-01 -1.583723899827876869e-01 -3.394209240613939027e-01 -2.845551910484829250e-01 -4.159790255608764031e-02 2.214188860305031370e-01 1.989379257102623644e-01 4.464779192958912013e-01 2.263247042705165413e-01 3.811941851902488354e-01 1.634388822674435193e-01 8.189967616795951200e-02 -1.818731390436914563e-01 -3.356785056596792854e-02 2.838971548561514679e-01 -3.260967755575754912e-01 -3.141067357663597237e-01 4.707461528795874039e-02 2.152538133434348522e-01 3.879025917760753339e-01 9.728828619906768060e-02 -1.838342954203166513e-01 -3.244615084809119865e-01 5.256180702973631824e-01 1.854057325526419636e-02 3.517086080744479260e-01
-7.000000000000000000e+00 -1.534462396567469744e-01 -2.242363913638143608e-02 4.339813699845184586e-02 1.619438536620517732e-01 1.679562707751101891e-01 7.672790998333636758e-02 -1.013859879014068349e-01 6.106428633143287654e-02 1.494151029801507602e-01 -9.214561907074955704e-02 -1.188902135977002589e-03 -3.116917223271806550e-02 1.806961552834952800e-02 -2.971208837667067559e-01 -2.177680140673214915e-01 2.453281179945210888e-01 -9.964221137360293468e-02 -2.910202956008385855e-01 -3.185456229279431950e-01 -9.234676490272292204e-02 -4.241567250771863945e-02 1.347987641022791450e-01 -1.684073786840400988e-01 2.620025336183661180e-01 3.062978075122239630e-01 -1.759127284405690439e-01 1.396754758761721837e-01 -1.968401556462199831e-01 -2.623011259631952696e-01 -3.279997343758470629e-01 -3.583394697517626182e-01 -4.287693172432557875e-01 -3.765756540949853903e-01 -1.124988739502365137e-01 1.579807846254289161e-01 7.329898305798117353e-03 3.542445789677878265e-01 4.723257102479699876e-03 4.302569864674850031e-01 9.578256576454437232e-02 -1.343825724233215779e-01 -2.915061585158990609e-01 -1.918959573885898884e-01 -3.632193307010442296e-02 -3.543649432518425346e-01 -2.105371600085356731e-01 4.609183842526616559e-02 1.504102750815183298e-01 9.300691730113150313e-02 -6.363519566207467837e-02 -3.389957874484778588e-01 -2.639975218624484588e-01 3.070317087952777468e-01 -9.726205717528947636e-02 1.821375974657825358e-01
-6.000000000000000000e+00 -1.513538187620693809e-01 -1.093680765667398580e-01 -7.430460426386376049e-02 4.927197694001192799e-03 4.438705270108911360e-02 8.162949444837611090e-02 -7.342974300181341618e-02 -2.350392862257326410e-02 4.733760667216188600e-04 -2.046733165613831562e-02 -1.245739074445730565e-01 -2.476659362628238492e-01 -3.902920404017937855e-02 -4.067980618611711785e-01 -3.315202567522538835e-01 5.735647633903157017e-02 -2.264306397289808370e-01 -2.184521626775753900e-01 -3.321389600304355261e-01 -2.102616245627989336e-02 -1.059651841451404175e-01 1.640629341762491755e-01 -1.857164323162159847e-01 1.217755347343166816e-01 1.713543564002821817e-01 -2.251482428465327867e-01 2.564926528915926762e-01 -1.470971666896226382e-01 -7.044598350337277770e-02 -2.501732998399047170e-01 -3.134046604965217142e-01 -3.943337336921882708e-01 -2.183009952347544080e-01 2.003575301424958405e-03 4.842513458022361383e-02 2.253355925091437423e-02 3.929117740984039431e-01 7.956171431433092800e-02 3.122784071781010695e-01 2.726365225838861539e-01 -1.292098020214775544e-01 -2.083605020435398969e-01 -2.442120166884048094e-01 -1.785483896597063469e-01 -4.597872588338282052e-01 -4.081090233900835917e-01 -6.438016243323059495e-02 3.467198823063125102e-02 4.294003817878720014e-02 -2.829575153074726998e-02 -5.466686485955798425e-01 -4.498875866548997515e-01 2.642680614863707200e-01 -2.727795466011307401e-01 4.304832415943794788e-02
-5.000000000000000000e+00 -8.750154988995553773e-02 -8.445226367165080406e-02 -2.573383349867902625e-01 -2.346691143743925845e-02 2.531805236153982230e-01 8.410009568183388073e-02 -2.051688576491604854e-01 -1.324720514540252414e-01 3.104297072955150560e-02 -5.271669359195397392e-02 -2.975149793106013907e-01 -1.706002956934682402e-01 5.260228683461747046e-02 -2.734119584453784668e-01 -4.621760360608619944e-01 7.519215562010936327e-02 -4.086488036589704942e-01 -4.141598456505236614e-01 -3.672281761901215469e-01 -1.354628804829670075e-01 -1.632962004271442946e-01 8.381026095959345779e-02 -1.532430663070377119e-01 -3.427064351139906540e-02 2.340507373978852890e-01 -3.803637841230242400e-01 1.732193206283334230e-01 -1.624188769061307158e-01 -7.584130282843842830e-02 -2.756274477925919619e-01 -1.161486486196597750e-01 -2.910271112656437342e-01 -2.418699476176454644e-01 9.096409460471142905e-02 2.255779356134520741e-01 2.076381811280173517e-01 2.581985623059316337e-01 -1.490717514319522125e-02 2.213882994221834932e-01 1.682047427542910367e-01 -2.908344486287914310e-01 -1.292627240279791700e-01 -4.728503813174173565e-01 -4.550130318932972262e-01 -6.137754954689219611e-01 -4.502906188443414059e-01 4.625272425747368327e-02 2.160142864979271993e-01 -2.008365681655490884e-02 -3.462998159294528588e-01 -7.279206127236887980e-01 -7.407520148543029759e-01 3.140000661387128966e-01 -4.517811632391712240e-01 -2.471079871097181871e-02
-4.000000000000000000e+00 -9.756161586597046631e-02 -1.311761961400650656e-01 -4.256115694592994547e-01 -2.625220133412040080e-01 1.298467383071947312e-01 6.208652172143337700e-02 -1.597559150856746324e-01 -2.765367986122073685e-01 -1.311662678355080824e-01 -2.865492189520008059e-01 -4.760967711156820492e-01 -9.260441262779325888e-02 6.622743663738681064e-02 -4.522691443651754017e-01 -5.320603355678950042e-01 2.353013606885893255e-03 -4.046492652229536358e-01 -4.085252809060517243e-01 -3.062972525704213966e-01 -9.820807555735319716e-02 -9.024911850105782340e-02 1.200121850299281367e-01 -1.563446859259366717e-01 -1.081453000640252710e-02 1.741245249919774474e-01 -2.991877231563849771e-01 8.756601981360534470e-02 -1.773180264514838955e-01 -1.635939895805530453e-01 -2.155420963075518337e-01 -1.829127108884161523e-01 -2.521534763474033158e-01 -3.243606919573429059e-01 6.948128081817869783e-03 1.469735987634218644e-01 2.217809592951366648e-01 2.912913592902448001e-01 1.147329618926734712e-01 2.687408524307078883e-01 3.320021668473558396e-01 -5.014477306535231049e-02 -1.082438941865327686e-01 -3.781996050236273721e-01 -2.910129389700062408e-01 -4.572429066909004525e-01 -4.495797150159911437e-01 -8.765570762558651946e-03 1.298395660162925958e-01 2.135602817854820312e-02 -2.872607916570399933e-01 -4.949585771145416091e-01 -5.084191062724934262e-01 -2.356572766420441528e-02 -3.163315763698032468e-01 6.568370861199326893e-02
-3.000000000000000000e+00 -1.942246454420338067e-03 -6.818818271101638462e-02 -3.723604316054230368e-01 -1.694056853312801425e-01 1.792635211441425402e-01 6.982085992388614715e-02 -9.932277019214508229e-02 -5.839672602840571131e-02 -1.303651220972412150e-01 -2.674833961654985437e-01 -1.904947617827150719e-01 3.156160572814568216e-02 -5.899086153502128976e-03 -3.552013925460452137e-01 -2.277227942189448684e-01 2.200658862864069421e-01 -1.817711081261395578e-01 -4.124184154305330363e-01 -9.911338031655211878e-03 6.311684886420941554e-03 1.020232457050787439e-01 1.252825916718690591e-01 -8.548041025761932143e-02 4.366576338615732467e-02 5.728974850009686814e-02 -2.291394942391058176e-01 1.431647761046281053e-01 1.010153626500214230e-01 -6.796694619737722598e-02 -1.076916449643654516e-01 -7.149487450528045629e-02 -1.192227475464391340e-01 -3.272879365647808902e-01 3.539258228504585380e-02 5.494843829076439395e-02 1.356414626621894604e-01 1.377839350468834101e-01 1.238120346850515446e-01 1.923422669844482846e-01 2.981102411526699303e-01 -1.686224341821599970e-01 -3.005435088256918075e-01 -2.552686283299869241e-01 -1.926666380838187864e-01 -2.406784886142340762e-01 -4.047703299365114638e-01 -3.707830180582245838e-02 6.141150261338515493e-02 1.607675877921939112e-01 -3.373375569546179786e-01 -2.342213137634499009e-01 -3.888721167956467051e-01 -1.324347055020340669e-01 -2.541436396604144221e-01 2.650734247953651090e-02
-2.000000000000000000e+00 -3.684673848380986411e-02 -1.880090244113023779e-01 -1.513115158547900241e-01 -9.678103534761695048e-02 1.465893302056557601e-01 1.318084027894508292e-01 -1.225309393210379239e-01 7.466272984317672001e-03 -3.956939627424394673e-02 -2.765210840288662708e-01 -2.001931376837199905e-01 -1.196901670451012631e-03 -1.071262751481595055e-01 -3.127393360233293174e-01 -1.372024178716870629e-02 2.635948987552793055e-01 -9.644192288812447611e-02 -2.802290154866652894e-01 1.232725537765592128e-01 -5.704617302433408199e-02 1.726560706919415267e-01 2.227302738981614127e-01 5.782106891459188464e-02 1.225890999200951043e-01 1.376600743269284222e-01 -2.064077681290462651e-01 1.018864626027880943e-01 2.131603359701191303e-01 -8.267115692191645548e-02 8.239821521218444744e-03 4.578093103054141355e-02 2.647388388215726057e-02 -1.794651696638392691e-01 1.587930639879443495e-01 1.760042737550046033e-01 9.584659419940458336e-02 9.865619598913542843e-04 5.101685997259391980e-02 2.055961443410891654e-01 3.434381541518070069e-01 -7.204902078195291049e-02 -2.226712508311843308e-01 -1.110909915469662085e-02 1.003776115828140247e-01 2.860504618021771084e-02 -1.830831422623916405e-01 2.482953672262031841e-01 2.179896376118744261e-01 2.220782664245271598e-01 -1.805107579848520549e-01 -1.989176590099250158e-02 -2.361674848728816389e-01 -7.799473915342278185e-02 -3.889472271418187993e-02 3.742387769019570043e-02
-1.000000000000000000e+00 -4.320636974164745459e-01 -3.535735407604057023e-01 -2.799144686006280747e-01 -2.279594707541029996e-01 -2.625445441133087421e-01 -1.976345561994644895e-01 -3.195116398621161147e-01 -1.207139700752444533e-01 -1.597620559708230470e-01 -3.223360914738856997e-01 -1.800272471107095262e-01 -2.202613246235805011e-01 -2.542491218626709015e-01 -2.642103792591424249e-01 -8.107564288690671805e-02 1.151789724763035705e-01 -1.194477527209146378e-01 -2.760978414730499431e-01 -1.139985545180273036e-01 -2.071670630904396126e-01 3.262888193563648898e-01 1.769671608454222167e-01 -9.897879327145747697e-02 1.870650631094939453e-01 1.626220172583102419e-01 -3.880113252272457403e-02 2.296249670739750059e-01 4.202497420631828295e-01 -1.140614051897178086e-02 4.466672337514434460e-02 7.290583565819208633e-02 1.781087546741141892e-01 1.559836905224651904e-01 3.029256810715148518e-01 2.699725189330660635e-01 2.460324856406637395e-01 2.789958731428250349e-01 3.269600648106547602e-01 1.946464065456296466e-01 3.042517977078434965e-01 -1.185634998545506275e-01 -2.992710740385130450e-02 7.023038626872940560e-02 2.583277745089134214e-01 1.443385034639490527e-01 2.909296547079156733e-03 2.536241384405558685e-01 2.270839813284382946e-01 1.456519184945535283e-01 1.244713236071240819e-01 -5.480032709881676317e-02 3.865653784355674999e-02 -1.007067646729244703e-01 1.698228981167714258e-01 4.372038185987390385e-02
0.000000000000000000e+00 -5.448897889103386794e-01 -1.217619820512204215e-01 -1.919195549737392481e-01 -5.809268484254942466e-02 -2.528261019835972845e-01 -3.369597133888168616e-01 -2.071851167193126952e-01 -2.931603795984227823e-03 2.751944894672891384e-01 -1.114324334509471104e-01 -6.601516400190750311e-03 -1.072193463002640568e-01 6.670985101990477284e-02 -6.682975012079615806e-02 9.878425813651361964e-02 2.413105465672753525e-01 -3.119165400392635845e-03 -1.449831615017453668e-01 -5.796640796604975859e-02 7.855753965310761922e-03 4.066087900057798188e-01 1.665458397936270263e-01 -8.308300752549314938e-02 3.219427487923715026e-01 4.113811552335061017e-01 2.230152745051385277e-01 3.877976794948562733e-01 6.402364529249980896e-01 2.987569611335963438e-01 2.987468207436243528e-01 1.640737981995969985e-01 2.485454988402170107e-01 4.132533947077854930e-01 5.430172931574998030e-01 4.569676270865052903e-01 3.601303541702282618e-01 4.834981167177207495e-01 3.209362243822527216e-01 2.203886716886794550e-01 6.866126727105428817e-02 -9.948104015595504723e-02 1.605300967613933205e-01 1.017773092151646186e-01 2.337253009976001383e-01 1.784683164217137630e-01 1.882671054770969354e-01 1.820479015295002334e-01 2.046583411248175111e-01 7.928951359961558532e-02 7.760068979750817109e-02 -1.365461333328799043e-01 -6.612323997904379080e-02 9.190800324990643089e-02 1.654386466781971876e-01 -1.697356109960992954e-01
1.000000000000000000e+00 -3.955204348356596844e-01 -1.623342922368846142e-01 -2.686171825362417831e-01 3.300307607335837418e-02 -2.220007401410671877e-01 -2.610691697141596657e-01 -2.762328128056472654e-01 -1.701408477829412513e-01 1.198110752568747328e-01 -6.489142201355135864e-02 -2.461730676321070566e-01 -3.212170937647896851e-01 -6.090584796740940166e-02 -1.887365414221789106e-01 -1.483755599596650043e-01 -6.092213982302279590e-02 -3.014571937331627163e-02 -1.052397283668227157e-01 -2.154495125390338828e-01 2.998773829122685156e-02 3.170934099120512606e-01 5.224520837822384939e-02 -2.118923401970197462e-01 2.767041060421050469e-01 5.610262378246576587e-01 3.457674887411806286e-01 4.784505855484938452e-01 6.335423246938511888e-01 4.652737592363700991e-01 3.621459852855313244e-01 1.448048149907435744e-01 2.005638210491337559e-01 4.248690921808855325e-01 5.502685080998369616e-01 4.564103518841579055e-01 3.233852764883533570e-01 3.998263709555086032e-01 2.328647999155996628e-01 8.800005581431813440e-02 -1.260829122699692051e-01 -2.511684466708166696e-01 7.923713515497575466e-02 5.567970550014001568e-03 -8.697096947398255673e-02 -2.180658979763034078e-01 2.709924585196866326e-02 5.415343481533298198e-02 1.023077633857335522e-01 -1.228384485845415292e-01 -2.347299721075342682e-01 -4.542987406314794585e-01 -2.166944806136888446e-01 -6.579405172878319275e-02 -6.681873216371127244e-03 -3.018417000515898896e-01
2.000000000000000000e+00 -2.161395422523357812e-01 -1.872750533485320612e-01 -3.223389526526496129e-01 -1.040771119616748369e-01 -8.436892096814928299e-02 -1.541666120968603892e-01 -4.440919870778402279e-02 -6.758144321474560123e-02 1.448440606367393940e-02 1.633414416326093299e-01 -2.227991797966455412e-01 -3.280516030230160585e-01 -1.702596264688479299e-01 -5.301073545817675675e-02 -2.223929136657172845e-01 7.846135722381526734e-02 5.592598398475889798e-02 -3.875783595104770329e-02 -1.307268344579444186e-01 1.145087859714103706e-01 3.749008163153676465e-01 4.655740983950934497e-02 -3.247799020422291461e-02 2.487462178207513197e-01 6.743040802150837010e-01 4.868900512505453526e-01 7.408049321941452270e-01 5.968460623957612121e-01 6.019182944416081593e-01 4.971533679267893802e-01 3.919356262824247872e-01 4.425421318916948343e-01 5.777887436300284119e-01 6.864028666703729797e-01 5.980379901126102737e-01 5.548563401903161552e-01 5.108952259559672582e-01 1.982494613482580770e-01 -3.597833359197499803e-02 -1.787763142049261789e-01 -3.444149881460903950e-01 3.080231511444056491e-01 -1.170004444830345797e-01 -2.932760848189947533e-01 -3.210085078907116696e-01 -1.310465385143777528e-01 -1.243932852191866612e-01 4.640324564624936227e-02 -1.629636134827880667e-01 -4.293112437578460172e-01 -5.387585894591684355e-01 -3.850094338135859884e-01 -1.468026834998918395e-01 -2.450189658641392376e-01 -3.629379473734025696e-01
3.000000000000000000e+00 3.482973343243994657e-02 -7.910209486640126797e-02 -1.335977852971049207e-01 -6.157522241926324108e-02 1.823378539563769718e-01 1.061935431435280935e-01 1.014704598043669193e-01 2.048567384166173899e-01 3.773022750064335407e-01 2.544051790847834948e-01 -1.306355626804111547e-01 2.340440210658699671e-01 2.244054884448605514e-01 1.921887254558239111e-01 -4.933276394920498714e-02 2.097899186678127414e-01 1.769193822245087588e-01 1.573671195863059480e-01 2.571745562055754997e-01 2.980559186258026627e-01 5.836720537264684650e-01 1.642874037075551519e-01 3.522616402792654311e-01 2.490636194671536074e-02 6.754968650089602233e-01 4.446038689239655284e-01 5.565223290375989063e-01 4.683748582380448111e-01 5.949937109914782418e-01 7.045156858488865748e-01 7.213682434552548539e-01 7.350412413786500121e-01 7.057313537106395529e-01 7.985711065952230125e-01 8.100235689064361200e-01 7.110765355191892567e-01 5.195457432780608009e-01 2.813631724863900896e-01 1.224043153680378915e-01 -6.525165357025081159e-02 5.568409379333594256e-02 4.349638501027343618e-01 1.206978743702875057e-01 7.673948579146561144e-02 -4.704161253118410713e-02 -2.650991881474408784e-01 -1.197243918740775181e-01 3.962160968096044289e-02 3.235649901645921284e-02 -3.661683903152044284e-01 -2.096629608063201866e-01 -3.520973753537515183e-01 -6.887175133965540985e-02 -1.436238104151412731e-01 -3.437520359045815876e-01
4.000000000000000000e+00 5.194430121153092300e-02 -1.116308253140895629e-01 -1.103416970617887849e-01 -1.728071137063018348e-03 2.200604005159615684e-01 2.344968286506140531e-01 3.534813604179783825e-02 1.499453279293109786e-01 8.882718642050869973e-02 -1.764430969599128235e-02 -1.447203541163797486e-02 4.557653603097835959e-01 1.223118984577740154e-01 7.530123351481177174e-02 -9.538961669952078504e-02 4.249355532256801071e-01 3.999540484171688060e-01 4.697612145682341506e-02 2.177284544007233036e-01 1.059225218493558690e-01 6.515667827711326687e-01 -1.114108638791175554e-01 2.203354154925470931e-01 6.890862766401995021e-02 4.185025343051141933e-01 5.085053383969648788e-01 3.472275189737928924e-01 4.933820218395896795e-01 2.698790118417972450e-01 6.125984821247949519e-01 7.382906029223281763e-01 7.775421819793754130e-01 5.381994913160090821e-01 6.629910669171308335e-01 8.052971656584514415e-01 6.204997575957048594e-01 3.013472971519567389e-01 -2.142976013686608006e-02 -4.405371927385282743e-02 -1.767746659124220798e-01 -4.637759772838499772e-02 9.850306853541261620e-02 1.005706951131831173e-01 1.506519654227543858e-01 1.017441839282518662e-01 -3.504148701519847753e-03 -2.569043683966455438e-01 -1.663839174844235491e-01 -1.248454532873034123e-01 -3.671319227039677724e-01 -1.813941684718322622e-01 -8.880329791514691984e-02 -3.015971557101962408e-01 -5.748207613458286569e-02 -1.979880695709432814e-01
5.000000000000000000e+00 8.526051755104849944e-03 -1.935709071255264924e-01 9.013104715816527834e-02 -8.216937572100659060e-02 -1.588257352689875224e-01 5.494842698430379979e-02 2.883278870586528653e-01 1.973271878035538773e-01 2.300255866244187430e-01 -3.043709905333448831e-02 1.522051120969952209e-01 4.346163732398274915e-01 5.648647351743446565e-03 -2.002890662394628818e-01 2.144456529328276906e-01 6.884424794922696655e-01 4.967900161626969124e-01 1.401525871587733507e-01 4.309760860960020201e-01 2.143637713288237268e-01 7.396416477153101576e-01 9.378230186526489986e-02 2.498336934574149348e-01 1.513275475717407170e-01 1.578082032637401211e-01 4.620143745454556305e-01 3.408557391099172884e-01 6.094785681119394560e-01 4.041097714055934542e-01 6.672983546220538908e-01 6.141428286989767393e-01 6.773569260818117499e-01 5.396126094738553647e-01 5.690592755790363499e-01 5.495888848071790456e-01 4.576278223939542200e-01 2.342109065655684774e-01 -1.515329440341633416e-01 -1.919183663563963083e-01 8.798115377021797912e-02 4.536320301943451427e-02 3.319632417924602702e-02 1.221305170053059580e-01 3.749505108222826455e-01 6.371351132802453021e-01 4.010118520417174093e-01 -3.698016613735567448e-01 -3.043346966466323744e-01 -2.758233902258068193e-01 -1.884993297480072605e-01 1.920847577754414837e-01 3.196092493820117397e-01 -4.404586618946496612e-01 1.180301149818253070e-01 -2.861923180981928994e-02
6.000000000000000000e+00 2.141265765207445160e-01 -1.454111179008721888e-01 3.110962254359842527e-01 1.056689668611334870e-01 -1.935299251713859525e-01 5.351064143044905602e-02 1.829379330277793869e-01 2.542701764752620108e-01 1.979905526583986275e-01 1.004000105016111255e-01 4.317135186672656222e-04 2.307802694003179833e-01 -1.607663232486339910e-01 -1.159251866439188761e-01 3.559597346295757525e-01 4.044957211742273850e-01 4.433033129836865260e-01 3.429417162538234143e-01 2.714054059876236935e-01 -7.509494117501669397e-02 4.003157844702669443e-01 -3.705092611269590608e-03 1.664081534327828682e-01 1.203449732003653433e-01 -9.161453974355347751e-02 7.229264178171024291e-02 3.317967825297547524e-01 4.967716773154160492e-01 3.779943431147055888e-01 4.066759036415115713e-01 5.006062717365300507e-01 4.584711405099898274e-01 3.712948594667859759e-01 4.625474709572742205e-01 2.623182578247975627e-01 1.240843109965994451e-01 -2.524875839961785440e-01 -3.861177041048293734e-01 -3.809435396272022878e-01 1.199115320646364780e-01 -1.755071140040160016e-01 -7.378269283231239650e-02 -4.664528714065790255e-02 1.929084515363624353e-01 3.668336783277317825e-01 2.709636052466416478e-01 -4.272144383232799880e-01 -5.118861300744994569e-01 -4.929896247684788513e-01 -1.194228386966106892e-01 -1.547031910191157544e-01 3.068599662632482961e-01 -5.259057189067843918e-01 -6.109875801382541605e-02 -3.008821472353235826e-01
7.000000000000000000e+00 1.454722882798885897e-01 -1.815247178413236240e-01 4.296535601756260037e-02 -8.570797909497317180e-02 -4.894329201176909061e-01 -1.970007579565080935e-01 1.034035735122473265e-01 -1.637998114469236821e-01 -2.168402136053636589e-02 -5.083217240810401077e-02 -4.167358100227582796e-01 -1.969044412526987364e-01 -1.110805953914250355e-01 -1.121049381427807329e-01 6.319292893973887937e-02 -4.653140450771936498e-02 -5.189768863574301117e-02 2.003319979181420463e-01 -2.108567957983874530e-01 -4.855042020603114183e-01 6.039384669158266022e-02 -1.187424778077978381e-02 -8.885205830367154389e-02 8.853163984536233100e-02 -2.240645014142418900e-01 -9.043445732991502173e-02 1.942482908843656819e-01 2.389663826365961419e-01 3.335364151437918978e-01 2.045100255658053034e-01 3.455330793589068694e-01 2.243137610125200410e-01 3.557198262138437928e-01 2.899665065739989722e-01 1.478477177939920284e-01 2.425178766728858515e-01 -1.000917254809887136e-01 -1.426206590260788998e-01 -3.853738127639014799e-01 1.428699591496712384e-01 -9.011424946324635143e-02 4.456629173725543125e-01 -1.137949293476898660e-01 5.542772939840225066e-02 7.966819126763596826e-02 2.765087918715946613e-01 -1.316464159538716927e-01 -1.366812898818467181e-01 -5.003124339105580187e-01 2.844240812402342722e-01 -1.539384878971919168e-01 3.810596681327915736e-01 -3.908435591498012895e-01 1.584953297977584330e-01 -1.417287875670374397e-01
8.000000000000000000e+00 1.832056003995811144e-01 2.513809795233813427e-01 -1.076626507351776257e-01 5.519349903644144711e-02 -1.875802757448993274e-01 -4.018728746894264514e-01 2.477691535871628381e-01 3.848557479770935152e-02 1.965002127104816809e-01 8.305474292023215521e-02 -8.386219976242961782e-02 1.187406673136565116e-02 2.963582519926263315e-01 1.440746935418656463e-02 1.622467245124646351e-01 -2.043626057707423060e-01 5.152831613030151026e-03 3.206281879389117906e-01 -1.209102726650653492e-01 -1.669999522891759680e-01 1.449791057339555600e-02 2.581493027193201284e-01 3.594760735522823519e-02 1.458610089825508882e-01 -1.189583920749366919e-01 -7.558543231514715244e-02 1.164566990763593463e-01 1.322417616315132161e-01 5.051796182590095885e-01 1.598535575608907022e-01 9.998874388758154097e-02 -4.497115510606532890e-02 2.429172782297748800e-01 1.321352449913598126e-01 -4.280883983233816498e-02 2.803684439297103870e-01 2.032146727878298975e-01 2.764562399451490626e-01 -4.110434149335077114e-01 -7.017111100876151364e-02 8.364189239846767099e-02 4.145692784169975331e-01 -1.926769429811021617e-01 3.871201233070724335e-02 -2.400286941375622818e-01 -3.609695830395187599e-02 -2.823799167966593027e-01 -2.172381404834903829e-01 -3.410675337891434511e-01 3.109457425383573281e-01 5.940480702812417357e-03 2.807371673553496483e-01 -2.898954518221045773e-01 -1.359735668972023026e-02 -3.219049658394824709e-01
9.000000000000000000e+00 2.267465021214790655e-01 2.382818340896551146e-01 -1.774939983303132629e-01 2.902262215546895785e-01 2.471149167645274314e-01 -3.529269860259089953e-01 1.995706325957816857e-02 1.485880043212308710e-01 1.319968725782701136e-02 -8.295644492980273899e-02 -5.494240361371380277e-02 1.190415471301958794e-02 5.990057674154958267e-02 2.061204266218461256e-01 1.820801588097742674e-01 -8.572577673163023215e-02 2.080754043156355371e-01 -1.995912200279642557e-03 -2.771962043632542061e-01 -1.787441352900759339e-01 -2.906951766091248612e-01 7.713710545434318555e-02 -1.050999684449294008e-01 2.266020598409245190e-01 5.925355353493399341e-02 -2.470861712449468062e-02 1.149606942838310164e-01 -1.087819190387436658e-02 1.937108692701616230e-01 -8.438496151344937468e-02 -3.555728903333295332e-02 -2.411928288737809067e-01 -1.200553265864374164e-01 -1.215932454850918165e-01 -1.424291134175413587e-01 3.797598042392909268e-02 2.445826889359346140e-02 2.320499231224573689e-01 -3.522131907839800014e-01 -5.203903624338243050e-01 -1.556166568448383858e-01 1.419320680765816522e-01 -6.661335844899573047e-03 2.766795304755442081e-03 -5.201668444494395027e-01 -3.298706190632424429e-01 -3.026441831226290846e-01 -6.542929615799938925e-02 3.894960611418312596e-02 -5.653088900161405000e-02 3.149456264046693321e-02 -1.428346372510207463e-01 1.734165564581166274e-01 5.131589131617780158e-02 -2.018247012101445984e-02
1.000000000000000000e+01 2.337424210957050053e-01 -1.829155300345530200e-01 -1.647972528692922822e-01 9.852523155600072940e-03 3.550448575353239988e-01 -4.506717032526363909e-02 -1.432515098471960069e-01 4.404330073448876892e-02 -2.079325215220514944e-01 -9.727595126121572899e-02 4.201253235387709256e-02 -1.636765997063667766e-01 -2.520701824522146861e-01 -2.179256232792826375e-01 -1.389714101213778974e-01 -1.251400053354253250e-01 9.790637847777733382e-02 3.765517665546647130e-02 -3.004399225132168838e-01 -8.413467952401959549e-02 -2.072569868652318070e-01 1.977895058122331740e-01 3.398959205079254975e-02 7.505319732126744525e-02 1.389049886035451098e-01 1.290538991721869311e-01 4.369041355979504798e-02 -2.228099460116219899e-01 -1.174683739082420658e-01 -2.410279485766261554e-01 -2.100598133304180104e-01 -1.796037621029812348e-01 -1.789185419356310591e-01 -1.731533645134550325e-01 -1.874365652404950677e-01 -6.646355871227543899e-02 5.810332277909545720e-03 1.138828686986584904e-01 -1.793683132107209977e-01 -2.897092727814380431e-01 -3.881846889074668655e-02 7.712362605033620810e-03 1.466817149695787137e-01 3.987065836520288231e-01 -1.713573784572293979e-01 -4.299562020158332887e-01 -6.881327649883291209e-02 7.109262176674632783e-02 3.336421430827042345e-01 -7.919556336935773544e-02 2.096835784657138102e-01 4.026431688417442256e-02 2.942881876760099491e-01 -6.845203011327587184e-02 8.834578094901834877e-02
1.100000000000000000e+01 -1.722044105544149883e-01 -2.970782084410632518e-01 -7.772754658428927821e-02 -2.026530239975122272e-01 2.997558097418401291e-01 -2.017333477000697942e-02 -5.857759183765193223e-01 -1.265257661752636209e-01 -3.709444487271753021e-01 -4.656312342947731553e-01 1.682351577559464129e-01 -1.208475747174492521e-01 -3.178755349344759562e-01 -3.095156003601585160e-01 -2.690178782355051035e-01 -2.509411642357936567e-01 -1.190134019049317593e-01 -1.652902788513793686e-01 -1.912611141712040608e-01 6.945410017372943834e-02 -1.364603478821083404e-01 -5.754834611594625282e-02 7.051202530849914885e-02 -4.146951948735783100e-01 -1.808301355652322528e-01 -1.160644357406844657e-01 -2.271232375503557388e-01 -2.984659274459039446e-01 -3.716275111415947574e-01 -3.128489815267366803e-01 -1.980266898127767683e-01 -8.207391746355334472e-02 -5.446213060728707922e-02 -1.446379267923689205e-01 -9.745899906723586026e-02 -1.425965214905592082e-01 1.192976827179823285e-01 2.001877502649055396e-01 1.544885738070030622e-02 -1.407210169884461903e-01 1.034320906551467190e-01 -3.221430762220621746e-01 4.061988618738003876e-01 6.260375585377725427e-01 1.941170256095410274e-01 -2.943719075215912584e-01 6.386475210059007479e-02 2.655002793294857222e-01 5.734385099653747098e-01 2.214864489198807851e-01 3.142358923507861945e-01 1.460181510134132554e-01 4.872717591089993361e-01 2.756787408130884076e-01 2.307513639051185783e-01
1.200000000000000000e+01 -4.136399549191805969e-01 -3.284280513361818032e-01 1.559143844513421473e-01 -2.779941023916618903e-01 -4.963117392740360595e-03 -1.904629928864051691e-01 -4.442306614010781418e-01 -4.809026768738866586e-01 -4.119855560616465517e-01 -5.550647171639566668e-01 2.982395693663048020e-01 -3.966511105726850395e-01 -5.951088928134002920e-01 -3.668601322533052711e-01 -3.102094464621211189e-01 -4.638073672230384747e-02 -5.205861078640954265e-01 -5.965366051569349626e-01 -3.106381381910852113e-01 -3.418050846082738847e-02 -2.122247951242087205e-01 -4.963188925402073903e-01 -2.108638606087410716e-01 -4.879046328261681387e-01 -5.330107694417119957e-01 -4.209414888639652075e-01 -5.424292921374699317e-01 -4.556659410775268926e-01 -4.891543573105864295e-01 -4.110589659452464906e-01 -3.338153088044738537e-01 -2.412136899800662870e-01 -8.510516279936099215e-02 -3.397852813955740681e-01 -1.379218750537713201e-01 -3.310705384508594862e-01 -5.050291488805748463e-02 -2.424150288242336027e-01 -6.484299323479970033e-03 -1.532210542019485644e-01 -1.094519938383081009e-02 -5.752009799119212063e-01 3.005682307707845460e-02 2.449385052204186008e-01 2.541824853651697969e-01 3.066131430946307801e-01 3.484315628456984282e-01 5.205611009724266935e-01 1.821987541779099828e-01 2.510862805982053136e-01 8.275619185056923288e-02 1.551218434899195031e-01 2.602690921990781225e-01 4.009805244545797120e-01 3.756453830878452305e-01
1.300000000000000000e+01 -4.509660453824971826e-01 -3.038131656633144551e-01 1.508934187367418078e-01 -3.916501542746408937e-01 -4.777561960591051871e-01 -2.939114587925134581e-01 4.414823957947774241e-02 -3.905167806320022916e-01 -2.303255021894917987e-01 1.013067792888016905e-01 3.281577679529603664e-01 -3.442893755628514407e-01 -4.381509445053355933e-01 -3.859692207953817622e-01 -2.158127738366110993e-01 9.810332104269252340e-02 -3.831753590828875788e-01 -4.396587286665364913e-01 -2.050719631762114026e-01 -4.222258155761672571e-02 -2.873516465508390016e-01 -3.579580819150974813e-01 -4.849527197937437140e-01 -4.244279619032881312e-01 -5.545313546537623539e-01 -4.649041116464017742e-01 -5.330235104409866143e-01 -4.488373927847983391e-01 -4.035058204288484718e-01 -3.383403640851693206e-01 -5.725012625141138178e-01 -5.117554784294650050e-01 -3.180798951864557411e-01 -5.446542935847293876e-01 -5.149754012016345417e-01 -5.663013409424528799e-01 -2.058669257824563281e-01 -4.450546718982232308e-01 3.998027506027177630e-02 1.181646402864987011e-01 3.760306212613051535e-02 -4.358911372578037069e-01 -5.520006336863625407e-01 -2.704671834718475609e-01 1.254428645985661561e-01 3.958938820687148974e-01 6.704053318291550156e-02 3.159964616883835509e-02 -3.314122072493044246e-01 -2.340023121545189988e-02 -2.699385523158376321e-01 -1.485778073476709538e-02 -6.528188721426490815e-02 1.435473223028210510e-01 3.464743056321623049e-01
1.400000000000000000e+01 -3.032850501615119015e-02 4.138672754236785156e-01 5.232891714894725155e-01 3.345751726914043545e-01 -9.877440077404403551e-02 3.146094603167189918e-01 4.761360155828214813e-01 2.695576753819741711e-01 4.157024160722918027e-01 6.503130755137186414e-01 3.702951229424936708e-01 1.243614244668263535e-01 1.521581968116085815e-01 4.483987360968979541e-01 4.074084972313126718e-01 2.918268195058597581e-01 -1.468461489930767971e-01 -1.331516567140381135e-02 2.101124676017833703e-01 2.066181029576164008e-01 -4.341694703799388044e-01 4.210764821344919334e-02 -1.252806862520161602e-01 1.410348302860682246e-01 -1.958736139919788344e-01 -2.332726044421241929e-01 -2.223233593499168159e-01 -3.012662722396761694e-01 -1.939138526945289598e-01 -2.426755417209514598e-01 -4.546897420808249657e-01 -4.902277729487700686e-01 -4.423508800273712738e-01 -4.807442140479488701e-01 -5.395969048692612624e-01 -4.963772780686593333e-01 -3.606292934628008151e-01 -1.562289667684148287e-01 5.982478281013654531e-01 3.252869950048142833e-01 1.275112565181456825e-01 -1.273177985869162337e-02 -4.018578304723093853e-01 -6.987470570596410191e-01 -5.615340362545460928e-02 3.135755779795177389e-01 1.237810529050456798e-01 -7.040247453690576251e-02 -2.874261950053239034e-01 -9.634454858374855157e-02 -2.217205666740113823e-01 -3.569964279250369410e-01 -3.071933407729670121e-03 1.644973634047849562e-02 1.892139232255999337e-01
1.500000000000000000e+01 2.549921163850086825e-01 5.643558239322443715e-01 1.976312930861965911e-01 4.481390407572864443e-01 2.946363838607231611e-01 7.875653136353043537e-01 3.965996221578513836e-01 2.539310198965550880e-01 3.235126896671095542e-01 5.371032414393823728e-01 5.476520307023434453e-02 1.477384379540225834e-01 6.344053662142565830e-01 5.548768438022397831e-01 9.874271017208247070e-02 -2.708081686886520956e-01 -4.705691549303451238e-01 1.003801535932751787e-01 2.497527721513340959e-01 1.150930170194119639e-01 -3.670508953825739606e-01 1.870929868800469409e-01 -8.405248895400155296e-02 1.553708106036535419e-01 1.436098012257450152e-01 -1.264922154437516377e-01 -2.026018645674060870e-01 -2.800512167183795142e-01 -2.681578357209739583e-01 -2.126742256585611446e-01 -2.947692419486587223e-01 -3.593242665363014510e-01 -5.011393648617360475e-01 -3.160936060441050244e-01 -2.950216701138698161e-01 -2.729723180709181518e-01 -3.243179458256231773e-01 -6.565855523301401125e-03 6.860246959263724964e-01 3.988576921987954105e-01 3.011352013460190102e-01 1.344118921429878211e-01 -2.207639239323270219e-01 -7.287835337959320814e-01 -3.809341267017724020e-01 -2.935067173213811165e-01 4.341862487399928971e-01 -6.038317456764502600e-02 -5.558040270130603505e-02 1.995414806847856798e-02 -1.068597506818316500e-01 -4.908400030294119976e-01 5.262390941380583331e-02 -4.335172048308381654e-01 -1.266086390939137885e-01
