# # time shift (tau) HDelta HGamma HeII4685 HBeta HeI5875 HAlpha HeI5015 OI8446 HeI4471 HeI7065 OIII5007 LyALpha
-1.000000000000000000e+01 1.737095101890971383e-01 1.312606437786928981e-01 9.768139731396972836e-02 2.213882928347849499e-01 -1.132150047208421023e-01 -1.844729839753004308e-01 2.665928386703091124e-02 5.605805655464762838e-02 -3.968812499426244145e-02 1.571449451703112177e-01 -2.303246686594781489e-02 -1.423159044153713138e-01
-9.500000000000000000e+00 1.294346200709804440e-01 1.351801851190301829e-01 7.191402390670095790e-02 1.851770200386711474e-01 -8.302453397117535994e-02 -1.281328405047287566e-01 -1.063842053541363408e-01 1.793078949921376175e-01 -1.610958544093032407e-01 1.243187297492469590e-01 -1.497244958783776614e-01 -1.511515673104083246e-01
-9.000000000000000000e+00 6.051200130231429442e-03 1.286349008622612311e-01 8.340999507110077871e-03 1.905957914043896750e-01 -5.784622113210838301e-02 -4.885876300520852061e-02 -1.052561213587766137e-01 2.702009164569600941e-01 -2.186157226072006354e-01 1.064464718004971833e-01 -1.249029849017828375e-01 -1.796631332746987941e-01
-8.500000000000000000e+00 1.884894314003027899e-02 1.081814947537799998e-01 4.897902490579215257e-02 6.284999347605849107e-02 -2.583028777962039640e-04 -1.284296604796479890e-01 -2.152559178670868656e-01 2.450051916075083602e-01 -4.181796640644076524e-01 -4.983579679713196625e-02 -2.763869611607672749e-01 -1.311106296121056503e-01
-8.000000000000000000e+00 -2.355777141856307128e-02 6.124181943126087713e-02 5.941814723371038193e-02 5.506058838497520855e-03 -1.705745403333336352e-02 -1.876154722369347272e-01 -2.457388530084318179e-01 1.477193474109070592e-01 -5.098254920139910773e-01 -1.026264388970993119e-01 -3.537228274280986851e-01 -1.085517362917624851e-01
-7.500000000000000000e+00 8.570317149477194030e-02 1.097317506983083168e-01 2.148919204632224189e-01 -2.924379532988183317e-02 -2.445121404905215706e-02 -2.376929575643718651e-01 -2.826844285119205491e-01 9.122202764635635452e-03 -5.908568290530110678e-01 -1.353491235976156115e-01 -4.153920566506901224e-01 2.775337585962388970e-02
-7.000000000000000000e+00 1.086862863155898806e-01 1.280069735667342667e-01 2.943328547580609245e-01 -6.656377298863404290e-03 -1.111956100133460884e-01 -2.199195086534241894e-01 -1.457225829775119497e-01 -9.279415658829143210e-02 -4.796751890442942923e-01 -4.662261866929487408e-02 -2.894779527170813216e-01 9.069053037095677061e-02
-6.500000000000000000e+00 2.381614391235374883e-01 2.293032091099582170e-01 4.093100740272959115e-01 1.238340292554501315e-01 -1.889988872134876208e-02 -1.710617451756975826e-01 -2.107658018925387122e-01 -5.993299387238551490e-02 -5.165206991370967504e-01 1.498936459018357370e-02 -3.404499502932110677e-01 2.192610119191353846e-01
-6.000000000000000000e+00 2.198804405903190540e-01 2.408483839500311641e-01 4.259794757372512564e-01 1.797714246259086990e-01 -4.383473720889678737e-02 -1.392527427929752815e-01 -1.942875875866154067e-01 -6.667371272373290303e-02 -4.266568422398074878e-01 1.679569266934183291e-01 -3.000553550981036044e-01 2.327907230128380967e-01
-5.500000000000000000e+00 2.916945769781787989e-01 2.866564708778692738e-01 4.418903096857272894e-01 2.899615608896261021e-01 4.696465650223993066e-02 -7.009837962674642098e-02 -2.615478333948111911e-01 -3.924910413180701663e-02 -3.840812874447970815e-01 2.057375155527007837e-01 -3.518644855167765151e-01 2.658342140115999008e-01
-5.000000000000000000e+00 2.177637611981019794e-01 2.344234118836823477e-01 3.380146371336919531e-01 3.048403167314578388e-01 1.365184480697737013e-03 -2.078100518353385995e-02 -2.240709144104701955e-01 -4.798800301945614633e-02 -2.461632052790400094e-01 2.783488383326084281e-01 -2.934527683399056341e-01 1.791955713698887287e-01
-4.500000000000000000e+00 1.336071688111724609e-01 2.214050654003690000e-01 2.245909125809721352e-01 3.875972891383782093e-01 -4.286629923630783101e-02 3.100661192449718356e-02 -2.012944710917982938e-01 1.878241859776959982e-02 -1.523342811169618449e-01 3.679674255923039428e-01 -2.670022759741316198e-01 1.179041533258504554e-01
-4.000000000000000000e+00 1.007164280547008517e-02 1.771265387482503506e-01 1.131108385437809283e-01 3.862841669177579651e-01 -1.196313068368407007e-01 1.092664674751255699e-02 -9.145304858113839641e-02 4.730317203169249335e-02 -3.660877141917200095e-02 3.955282523235233438e-01 -1.520105531572665536e-01 2.103979656284184208e-02
-3.500000000000000000e+00 -3.839708538813375177e-02 9.746781751733207821e-02 7.564786420386915289e-02 3.487613344402284987e-01 -7.544638442260065414e-02 2.664184509757535832e-02 -2.413300388350458903e-01 7.801101834279579317e-02 -8.464727236767381757e-03 3.287270141803675383e-01 -2.902157591344015075e-01 5.418149153620979014e-02
-3.000000000000000000e+00 -1.744401695526035245e-01 -6.706837632186217479e-02 7.867553290856053871e-03 1.736649589801319282e-01 -9.053168049225748804e-02 -7.446218823909911411e-02 -3.387653676081674448e-01 1.330886435174479659e-02 -3.678698563736767374e-02 1.413877377226097631e-01 -3.823712394465766384e-01 -2.961641625564129243e-03
-2.500000000000000000e+00 -1.554844703201895828e-01 -9.445702062017791167e-02 5.626462808071178157e-03 1.318988616196499486e-01 -1.646203427630444499e-02 -5.890977389414150944e-02 -4.659893549155769699e-01 -8.568544572924052805e-02 -8.444215151537499964e-02 4.436763086481616825e-02 -5.430489340599718995e-01 1.191964820530751201e-03
-2.000000000000000000e+00 -1.007297055515767037e-01 -1.209797468291473888e-01 3.675396071622484551e-02 6.389207235322051648e-02 -2.476210576655038867e-02 -9.211932983344658932e-02 -5.200666415382412255e-01 -2.016751885464647120e-01 -1.265502053960355644e-01 -5.396520521014284283e-02 -5.813189084233079118e-01 1.596318279622633424e-02
-1.500000000000000000e+00 5.071228433238435251e-02 2.417556161886189742e-02 2.186125161056147181e-01 1.648746532561774225e-01 7.365822536518074060e-02 -1.610954389285276789e-02 -5.490670335587319872e-01 -1.030363085469006984e-01 -9.163081977813909706e-02 -1.359860708150157360e-01 -6.672150961901073263e-01 1.560680262696105269e-01
-1.000000000000000000e+00 1.749853535101898450e-01 1.172146722972744887e-01 3.560158761256189131e-01 2.107764922731226176e-01 1.664473669098900377e-01 6.354627696429464290e-03 -4.600447020671168952e-01 -3.819118957719098983e-02 -1.309870158735312595e-01 -2.382978382828832564e-01 -5.994626622015373218e-01 2.557081361092741201e-01
-5.000000000000000000e-01 3.403188419956388877e-01 2.651481493130294353e-01 5.620952516710899793e-01 3.102759602704781572e-01 2.805296171345245115e-01 1.602563862198390088e-01 -4.224676234276074638e-01 4.487759531460278062e-02 -3.676592947286608237e-02 -2.553088652393583069e-01 -6.514340448998354738e-01 4.138393905116491966e-01
0.000000000000000000e+00 4.856573650303062095e-01 3.808348028265772789e-01 7.027738800405856079e-01 3.781616381921255599e-01 3.600817018836191541e-01 2.626124772529637719e-01 -2.254044674684242688e-01 7.821396730655560958e-02 8.455904126491492478e-02 -2.438728225267857153e-01 -4.466760489227470932e-01 5.262162977534504682e-01
5.000000000000000000e-01 6.309545199368638002e-01 5.057967894847792412e-01 8.117740535415898240e-01 4.459035657829778510e-01 4.057283948468157764e-01 3.237080138347774305e-01 -2.035634562206229958e-01 8.424034329261870235e-02 1.816781516394210816e-01 -3.850771783002640558e-02 -4.837506090102912659e-01 6.541562984080502297e-01
1.000000000000000000e+00 7.387136239589374709e-01 5.984393926361727400e-01 8.331937800770190528e-01 4.749327670188185913e-01 4.108583631607721776e-01 3.367624376813628806e-01 -1.155023045492362954e-01 8.707923741237018345e-02 2.226071575281735049e-01 1.801720202623807443e-01 -3.713268759504906313e-01 7.262999137709671427e-01
1.500000000000000000e+00 7.958412782546924191e-01 7.126305929979843690e-01 8.665774548611999695e-01 6.166928795345333336e-01 5.465041443454963233e-01 4.540206121472434297e-01 1.909617990808994137e-02 1.879499570505898665e-01 4.520960310386312742e-01 3.672574325246280580e-01 -2.839215213431272034e-01 8.159962292044544707e-01
2.000000000000000000e+00 7.632271537419743623e-01 7.440064863902452474e-01 7.594948360483126937e-01 6.648516814952548648e-01 6.151856516696281307e-01 4.917863305438558430e-01 7.107268619136135335e-02 2.363618743160037228e-01 5.250895713831631451e-01 5.022474293030450010e-01 -1.856186699421704667e-01 8.048843524081239487e-01
2.500000000000000000e+00 7.379500103344919237e-01 7.816303447657957371e-01 6.200226868198792651e-01 7.557761186904441431e-01 7.310729322447420131e-01 6.118759837600658003e-01 2.012119761904690718e-01 3.491304023918436750e-01 5.299514244012462072e-01 6.110258968096489163e-01 -8.766171357182256374e-02 7.751212464062058327e-01
3.000000000000000000e+00 6.283463314904931263e-01 7.160237157326585500e-01 3.843253800599320535e-01 7.456052057651199050e-01 7.415613553130827595e-01 6.173034667232302208e-01 2.295098184658980744e-01 3.483822609274481175e-01 3.801909302610753105e-01 6.434224153975769411e-01 -3.883274626538781027e-02 6.634910139767336013e-01
3.500000000000000000e+00 5.941361603913994927e-01 6.660285115683155510e-01 2.643229771362242131e-01 7.064290571019959941e-01 7.615827376874014787e-01 6.553906512692366793e-01 2.485817007670654277e-01 4.777693897288395330e-01 3.441180881867081376e-01 6.319031735538845895e-01 -7.265184224675502733e-02 6.701862806539313766e-01
4.000000000000000000e+00 4.952566596966528345e-01 5.456284635203434430e-01 1.350617840273101167e-01 6.055946651397353664e-01 6.880623391838680547e-01 6.272104564104231672e-01 2.265899196165738760e-01 4.924724182415901597e-01 2.031812640810995441e-01 5.631993520495295336e-01 -8.783757967051319948e-02 6.216654741220657421e-01
4.500000000000000000e+00 4.763367455375633885e-01 5.317777771424031519e-01 1.526392096058760695e-01 6.151573307710243022e-01 6.925173977614347276e-01 7.106621952836752465e-01 3.445470485357669532e-01 5.472611288076730807e-01 1.431615570043409114e-01 5.052671046999069882e-01 3.943743722479740171e-02 6.412805919345124783e-01
5.000000000000000000e+00 4.486882944762746184e-01 4.720102978623319512e-01 2.051768654954120030e-01 5.670717641638199913e-01 6.104793758968014572e-01 7.013278004397942578e-01 3.833317531207856010e-01 4.953454950675128532e-01 7.558843719589067311e-02 3.214029569007050835e-01 1.260719136458680611e-01 6.137224114304768996e-01
5.500000000000000000e+00 4.672688769280256560e-01 4.387093157291291901e-01 3.023075727780155098e-01 5.421485437316237999e-01 5.137914743145810537e-01 6.182152710112440719e-01 3.709374184258573681e-01 4.006559684422926759e-01 9.823257414613519034e-02 2.327310574084475725e-01 1.512496351631585356e-01 5.722482809111471003e-01
6.000000000000000000e+00 4.571810190293895682e-01 3.760336640609486247e-01 3.433856223257433227e-01 4.310564756502922590e-01 3.865802576405115154e-01 4.667969658688064793e-01 2.827408385793271917e-01 2.345454844544743178e-01 3.990317922232600178e-02 1.755512970362149705e-01 1.284867237942355633e-01 4.766907958188731365e-01
6.500000000000000000e+00 5.016770574157074503e-01 4.227518671065794154e-01 3.937202355738765869e-01 4.152773864283144656e-01 3.629389279857255790e-01 4.406554830391813393e-01 2.540376219709526984e-01 2.883168774647755228e-01 1.729287768105202405e-01 7.070843831561922366e-02 1.388154853914986830e-01 4.190624187104812215e-01
7.000000000000000000e+00 4.871161792756707465e-01 4.779712774868195013e-01 4.004071458565756636e-01 4.062819522352780766e-01 3.251836615307882039e-01 3.818037005396108796e-01 2.570886066449123986e-01 3.427058790162307300e-01 3.095284394743125223e-01 4.138481742038047778e-02 1.954117673701266655e-01 3.129198003658908434e-01
7.500000000000000000e+00 4.904297941142214401e-01 5.452662298644768146e-01 3.969345597402571535e-01 4.814155477120899418e-01 3.423546277802023696e-01 3.772175436355688083e-01 3.650175872928552723e-01 5.212885704489118588e-01 5.282571163254669022e-01 2.640416995488163027e-02 3.345606256088679009e-01 2.586532488884782377e-01
8.000000000000000000e+00 4.261570912153337387e-01 4.732263122035389458e-01 2.811994284487150386e-01 4.371047727170683239e-01 2.712062150047241937e-01 2.486418277505276497e-01 3.678106959986329194e-01 4.961175519327817307e-01 6.409345688359757709e-01 -3.873117499437180034e-02 3.814093483055303047e-01 1.223112653750371981e-01
8.500000000000000000e+00 3.801097835569936523e-01 3.255333015567141164e-01 1.777584836056264606e-01 3.604592678766527780e-01 1.606271696206568178e-01 9.466924426800976677e-02 2.710094403018354914e-01 3.448548647872679007e-01 7.421395490172024711e-01 -1.605767851927416001e-01 2.893032111525494776e-01 3.074223971518951631e-02
9.000000000000000000e+00 2.795770667681389821e-01 1.650597907276570575e-01 1.963579401908327471e-02 2.478903774193843834e-01 4.871604535423573051e-02 -2.248716289060480322e-02 1.533062959909149425e-01 1.807196706782014384e-01 7.649981404326084977e-01 -1.837253330637487192e-01 1.749315365729008365e-01 -7.035218388315001015e-02
9.500000000000000000e+00 1.741422398595460219e-01 1.030809412762787314e-01 -1.003085221119310033e-01 2.227114561433937157e-01 2.273655769682508127e-02 1.364760130023920381e-02 1.763397138145774146e-01 1.415325280161817134e-01 6.982734182068347506e-01 -9.111672924102937055e-02 1.681225603953836467e-01 -7.978105142380284565e-02
1.000000000000000000e+01 1.208024263017156569e-02 -1.573262401844954111e-02 -2.924455960929029930e-01 1.420159892210541841e-01 -3.023268518257112014e-02 3.992047924772979678e-02 1.783403158430310609e-01 1.260418147762463748e-01 4.902792713356239895e-01 -1.378344015395524709e-02 1.778835729344933059e-01 -1.655384495555278779e-01
1.050000000000000000e+01 -8.362093260949721163e-02 -9.026166719950796946e-02 -4.388109517837531226e-01 1.217271573039202526e-01 -8.242674824967800851e-03 1.057740053415597015e-01 2.953071270043764462e-01 1.913263712676933903e-01 2.530319603822458463e-01 -2.700575324746475048e-02 2.260698472256867375e-01 -1.956198992620932220e-01
1.100000000000000000e+01 -2.195877478144875328e-01 -2.276459654171790192e-01 -5.602580053691623707e-01 -4.630244277318541768e-02 -1.169268687873123158e-01 9.739095676573222837e-02 2.997820791249709016e-01 1.412431115586453290e-01 -6.774846847254073490e-02 -1.330182250994466076e-01 1.476737077095416351e-01 -2.731931655482449095e-01
1.150000000000000000e+01 -2.412380608905977386e-01 -2.628606407123003641e-01 -4.827829002741581554e-01 -1.978822585774394349e-01 -2.504298815848409188e-01 7.569233775951482446e-02 1.900742724609127410e-01 2.017251971825707174e-02 -2.797980754153585048e-01 -2.286899048144160895e-01 -6.853789462568316004e-02 -2.424809013839601957e-01
1.200000000000000000e+01 -2.983823549198330038e-01 -2.525200313969637733e-01 -4.150355152352601662e-01 -3.383739621440995382e-01 -3.819154033077066801e-01 3.837405816725245056e-02 8.038856016251696990e-02 1.460059901137110948e-02 -4.709705772067203089e-01 -2.465970395408014770e-01 -2.405467389701443082e-01 -2.198634994417801303e-01
1.250000000000000000e+01 -3.324302900418375506e-01 -1.903486818167334227e-01 -2.767200034540936437e-01 -3.764906681863340321e-01 -4.672631697867311029e-01 -3.985029665600940685e-02 -1.107473571262564127e-01 5.430557414011944438e-03 -5.350273858315275355e-01 -1.437387717153577327e-01 -3.396229597459750615e-01 -1.328932532786987197e-01
1.300000000000000000e+01 -3.984554761812579282e-01 -2.463586562026643667e-01 -2.291309488377925030e-01 -4.535761912662643058e-01 -5.076560850970952554e-01 -2.206841180974446481e-01 -2.780285622474061857e-01 -1.020246321088702501e-01 -5.933742480366476224e-01 -2.522911673323582904e-01 -4.485251423024891326e-01 -1.766455252333771209e-01
1.350000000000000000e+01 -4.017985142061806236e-01 -3.223025317965816372e-01 -1.485453394649125791e-01 -4.469158774695998204e-01 -4.183429178931525327e-01 -3.923221834810494690e-01 -2.768682984516277479e-01 -3.108464003866199254e-01 -5.017609180548456838e-01 -4.451513430732431109e-01 -1.649259087421344749e-01 -2.137413951253072930e-01
1.400000000000000000e+01 -4.735543053612066844e-01 -4.696498326962690317e-01 -1.331876789757965862e-01 -5.214393137908820419e-01 -4.299964069197121375e-01 -6.421588166483338522e-01 -4.708394478713310294e-01 -5.367482758518575814e-01 -5.035804169415852849e-01 -6.073678563245987760e-01 -2.914245552471931289e-01 -3.757065032798598825e-01
1.450000000000000000e+01 -4.738228599997932333e-01 -4.961815266975537209e-01 -3.335727520997390505e-02 -4.967982387866453076e-01 -3.850242497720791079e-01 -7.183515895039540577e-01 -4.944042399469176230e-01 -5.947829998670430829e-01 -3.833407094952881455e-01 -5.222028138215462079e-01 -2.016341874726347572e-01 -4.210259005394516585e-01
1.500000000000000000e+01 -4.971793674041639077e-01 -5.389055133883071669e-01 2.515484926904076185e-02 -5.074044811641617025e-01 -3.740622737925465291e-01 -7.621440089333797463e-01 -7.066272427049771210e-01 -6.254804139979701638e-01 -3.065430179823071533e-01 -3.051328506783179684e-01 -3.753562678749485793e-01 -4.652972904546811006e-01
