# time shift (tau) 	 correlation coefficient 	 number of simulations: 15000	 FR: True	 RSS: True
-1.000000000000000000e+01 3.940000000000000000e+02
-9.500000000000000000e+00 1.550000000000000000e+02
-9.000000000000000000e+00 5.880000000000000000e+02
-8.500000000000000000e+00 7.380000000000000000e+02
-8.000000000000000000e+00 2.600000000000000000e+02
-7.500000000000000000e+00 7.500000000000000000e+01
-7.000000000000000000e+00 9.000000000000000000e+00
-6.500000000000000000e+00 1.600000000000000000e+01
-6.000000000000000000e+00 1.000000000000000000e+01
-5.500000000000000000e+00 3.200000000000000000e+01
-5.000000000000000000e+00 7.200000000000000000e+01
-4.500000000000000000e+00 6.200000000000000000e+01
-4.000000000000000000e+00 3.200000000000000000e+01
-3.500000000000000000e+00 3.600000000000000000e+01
-3.000000000000000000e+00 1.000000000000000000e+01
-2.500000000000000000e+00 1.100000000000000000e+01
-2.000000000000000000e+00 3.000000000000000000e+00
-1.500000000000000000e+00 0.000000000000000000e+00
-1.000000000000000000e+00 3.000000000000000000e+00
-5.000000000000000000e-01 0.000000000000000000e+00
0.000000000000000000e+00 2.000000000000000000e+00
5.000000000000000000e-01 5.000000000000000000e+00
1.000000000000000000e+00 9.000000000000000000e+00
1.500000000000000000e+00 7.000000000000000000e+00
2.000000000000000000e+00 9.100000000000000000e+01
2.500000000000000000e+00 9.700000000000000000e+01
3.000000000000000000e+00 1.600000000000000000e+02
3.500000000000000000e+00 1.101000000000000000e+03
4.000000000000000000e+00 8.970000000000000000e+02
4.500000000000000000e+00 1.740000000000000000e+03
5.000000000000000000e+00 1.369000000000000000e+03
5.500000000000000000e+00 5.690000000000000000e+02
6.000000000000000000e+00 2.920000000000000000e+02
6.500000000000000000e+00 1.530000000000000000e+02
7.000000000000000000e+00 2.330000000000000000e+02
7.500000000000000000e+00 1.930000000000000000e+03
8.000000000000000000e+00 1.523000000000000000e+03
8.500000000000000000e+00 5.890000000000000000e+02
9.000000000000000000e+00 1.030000000000000000e+02
9.500000000000000000e+00 1.150000000000000000e+02
1.000000000000000000e+01 1.950000000000000000e+02
1.050000000000000000e+01 5.860000000000000000e+02
1.100000000000000000e+01 3.540000000000000000e+02
1.150000000000000000e+01 9.700000000000000000e+01
1.200000000000000000e+01 9.500000000000000000e+01
1.250000000000000000e+01 9.400000000000000000e+01
1.300000000000000000e+01 5.600000000000000000e+01
1.350000000000000000e+01 2.000000000000000000e+00
1.400000000000000000e+01 3.000000000000000000e+00
1.450000000000000000e+01 2.000000000000000000e+00
1.500000000000000000e+01 2.500000000000000000e+01
