# # time shift (tau) HDelta HGamma HeII4685 HBeta HeI5875 HAlpha HeI5015 OI8446
-1.000000000000000000e+01 -5.187611324483221154e-02 1.629532455051800888e-01 -5.190333634412182956e-02 1.639128134105966583e-01 -2.939708625925583352e-01 -1.923362531416552557e-01 -2.086882395436374105e-01 3.763389811036576410e-02
-9.000000000000000000e+00 -2.373417343406785673e-01 -1.623300215816388115e-02 -1.667059013856979632e-01 -2.508086321870884455e-02 -3.405006249873249180e-01 -1.703456987258211708e-01 -3.049442980344028165e-01 7.680789779913498039e-02
-8.000000000000000000e+00 -2.952715767011621084e-01 -7.314215916082864033e-02 -2.975826025798752883e-03 -7.930100219421412633e-02 -4.066632906788454349e-01 -2.623787845634122928e-01 -3.529637851743548937e-01 -8.914348000951700934e-02
-7.000000000000000000e+00 -3.043719410390723357e-01 -1.620723599180547148e-01 1.426136464094438228e-01 -1.955987899811805208e-01 -5.018999975251078327e-01 -3.429125901875384463e-01 -5.040380468597237540e-01 -2.506607309607339351e-01
-6.000000000000000000e+00 -4.890174320966167443e-02 1.759031263034470383e-03 3.599632793386970953e-01 -5.598093912033756669e-02 -2.010656959777173958e-01 -1.970580441847973319e-01 -5.439775946394264095e-01 -1.159825279768990497e-01
-5.000000000000000000e+00 9.199790886710944304e-02 1.277267570321447554e-01 4.211002462417700043e-01 1.891024996224429655e-01 -4.905399808579558041e-02 -1.619682678525757591e-01 -4.829193216360093688e-01 -8.067974427245916402e-02
-4.000000000000000000e+00 1.987844085794856497e-01 1.512128592307863950e-01 4.451713097558253063e-01 3.239351256408482538e-01 -5.283664790827855007e-02 -1.462276038038116399e-01 -4.725727384367983119e-01 -1.424294836019116550e-01
-3.000000000000000000e+00 2.804198231855147827e-01 2.674695903741813874e-01 4.130178900740651415e-01 4.331059804164513749e-01 3.500481594047787359e-01 1.468498011324418651e-01 -5.155719026874266975e-01 1.356192719554254467e-01
-2.000000000000000000e+00 5.514158521987824191e-01 4.265522451329931686e-01 5.815979055633996309e-01 5.223328157807267669e-01 5.093071178636360274e-01 2.816276118691086738e-01 -3.748760588585168252e-01 1.455596427510026103e-01
-1.000000000000000000e+00 6.979017907564103451e-01 6.193466197449131183e-01 7.623722819606746359e-01 6.346614825027346862e-01 6.271488523201342868e-01 4.334777087796447548e-01 -2.721208930592763919e-01 2.464956673339515070e-01
0.000000000000000000e+00 8.392593530950500647e-01 7.576643852428043280e-01 8.610065808313753788e-01 7.623332196505390179e-01 6.614960996685695926e-01 6.225732132572834310e-01 5.590161758920857149e-02 3.282457128108249300e-01
1.000000000000000000e+00 8.815344974538510403e-01 8.469218385817942618e-01 7.114070650850427002e-01 8.362959167715241504e-01 7.537992693196131633e-01 7.089173205853175341e-01 5.288296185083902340e-02 4.348359187920708413e-01
2.000000000000000000e+00 7.486048212987008732e-01 8.696391751018182070e-01 4.576380917368882972e-01 9.035234088212314996e-01 7.167165568204417747e-01 6.859153596189084823e-01 3.873333887188055297e-02 6.047072310492478397e-01
3.000000000000000000e+00 5.396781894900823939e-01 6.652183404139302425e-01 1.330179638853333512e-01 8.147542816560909840e-01 6.615542538461973709e-01 5.984811427201544021e-01 1.950706890350740672e-02 5.829164478470604260e-01
4.000000000000000000e+00 3.616232385248162595e-01 2.898273489269043157e-01 1.247402964573149503e-01 5.599319569529794816e-01 4.807092156139379235e-01 4.187754573839208572e-01 -6.365012394814915930e-02 3.319462880333078347e-01
5.000000000000000000e+00 5.131513539690277792e-01 3.994313065395024287e-01 3.756286931180733424e-01 5.828349380270965163e-01 3.833177802761200681e-01 5.211529996814190380e-01 8.308229717903060224e-03 3.102841813184201158e-01
6.000000000000000000e+00 4.918244875973700747e-01 4.565231425413605049e-01 4.934546023695866035e-01 4.569423444806940404e-01 2.150532523831572285e-01 3.616149532743583306e-01 -7.893783639893199588e-02 2.915849436924295435e-01
7.000000000000000000e+00 4.918909086050958779e-01 4.945224413279690756e-01 4.860377549927631935e-01 3.049761526358287789e-01 1.826102810805078358e-01 1.953825264741844703e-01 -8.604778826528697300e-02 2.997957621883799995e-01
8.000000000000000000e+00 3.339642923170298427e-01 4.017814288588148486e-01 2.703579747308420544e-01 2.860330802518569193e-01 1.129336925674971626e-01 -1.416902431383801342e-02 -1.790139244335403612e-01 2.173959413334561885e-01
9.000000000000000000e+00 9.555816888964907552e-02 2.066069045433177598e-02 -6.266162217320785099e-03 1.480752839736187709e-01 -3.434237162707701185e-03 -7.364010935771952981e-02 -3.071079253090487349e-01 -1.396171113760037163e-01
1.000000000000000000e+01 -1.111514996481267475e-01 -1.478963908582051900e-01 -1.642056256629493283e-01 2.239985576678273083e-02 6.417491792549595564e-02 2.278933012364110777e-01 -2.572794175567174602e-01 8.460277951300110288e-02
1.100000000000000000e+01 -5.781385986836203028e-03 -4.576375325204191241e-02 9.445945427752491796e-02 -2.937558883923023501e-02 1.169424572616612201e-01 3.434967584398099238e-01 -8.029640778915950183e-02 2.264535986474581486e-01
1.200000000000000000e+01 1.445610931059492232e-01 1.596273297321677831e-01 4.609458538928155602e-01 1.155850702756384962e-02 1.200861190595112760e-01 2.039004463672948464e-01 -6.992797356403382403e-02 -2.696987715879833880e-02
1.300000000000000000e+01 1.642623541284020106e-01 2.251913450469970879e-01 5.343847950046392015e-01 1.146562678551436565e-01 1.882451299017421642e-01 -4.631904194036233491e-02 -2.514933103971039308e-01 -5.781977214323087005e-02
1.400000000000000000e+01 3.194686943328718387e-01 2.182349389189769950e-01 4.832440156824906463e-01 2.903932226229093416e-01 4.124975037519383325e-01 -3.054096702982812134e-02 -3.004929830009301153e-02 7.389775930308542518e-02
1.500000000000000000e+01 4.153135012327442421e-01 2.631138434520683411e-01 5.208110223626444268e-01 4.204348899056820077e-01 3.832984684736585601e-01 1.138955156127633012e-01 -1.673852696484859348e-02 1.681333318865697035e-01
