# # time shift (tau) HDelta HGamma HeII4685 HBeta HeI5875 HAlpha HeI5015 OI8446 HeI4471 HeI7065 OIII5007 LyALpha
-5.000000000000000000e+00 -1.077789309848479482e-01 2.511309091847923475e-02 2.356044235982817092e-01 1.009322745514815711e-01 -3.754061338943159853e-02 -9.096454128263878336e-02 -4.211934149236180591e-01 -1.441969917170490834e-01 -1.108128631937254083e-01 1.010138589966621536e-01 -4.165894632203868686e-01 1.534325878199753468e-01
-4.500000000000000000e+00 -9.886855076172662571e-02 -3.108995622298278694e-02 2.022530031400172623e-01 2.282015586093498472e-02 4.617221177585172087e-02 -1.784699274161754001e-01 -5.984618428944917801e-01 -2.072200248734387129e-01 -1.605524597785331076e-01 1.205758318400667467e-02 -5.995772851102643131e-01 1.665008049129282353e-01
-4.000000000000000000e+00 -1.118471900043715994e-04 -8.853314271743305264e-02 1.731945308074512857e-01 -6.435611790439492441e-02 1.630671568773071622e-01 -2.554685199225449899e-01 -6.460222198491361034e-01 -2.411981523035326425e-01 -2.271199186739286113e-01 -1.189055065535679495e-01 -6.615083720806600454e-01 2.129374098422229244e-01
-3.500000000000000000e+00 2.006341805398115796e-01 1.076925172513209239e-01 3.796642300828870220e-01 1.297649504094887107e-01 3.291062877763396566e-01 -1.015855491839565417e-01 -6.062565398587336229e-01 -2.790164589316210253e-01 -1.329735268391454839e-01 -8.486841084476334784e-02 -6.579519111863567637e-01 4.332608526398645243e-01
-3.000000000000000000e+00 3.487196360332982525e-01 2.470104288078579513e-01 5.262945134352527976e-01 2.718635282291947952e-01 4.213388890838081213e-01 9.735042682582455142e-02 -3.511949756966917802e-01 -2.208560956975860745e-01 -4.727990960017987992e-02 -7.892518215077998223e-02 -4.364885237458138167e-01 5.692486613024075881e-01
-2.500000000000000000e+00 5.720961890923412785e-01 4.583577274388637157e-01 7.044641913262166266e-01 4.769500481107341039e-01 5.988893656969780377e-01 3.021354092012679682e-01 -2.212516529530668685e-01 -1.637937235547921033e-01 -3.930527743254713657e-02 3.226249346638376814e-02 -4.026749064443166937e-01 7.219281149502844164e-01
-2.000000000000000000e+00 7.172635876309871872e-01 5.464914580361919239e-01 7.664645514156614992e-01 5.378072356443562851e-01 6.207495346809603909e-01 3.621632397245536650e-01 -1.182468276582793465e-01 -8.952286463257019822e-02 -3.093849684417012552e-02 1.252712428786832699e-01 -3.030963649372396818e-01 7.768283657690893129e-01
-1.500000000000000000e+00 8.433122613555887881e-01 7.159703508101609160e-01 8.414214684387828491e-01 6.490667842218016403e-01 7.324507416911294477e-01 5.474361805614273990e-01 -5.058881712313836876e-02 1.296042548198189370e-01 9.047892379938543561e-02 2.872326877710276727e-01 -3.431044651006852075e-01 8.605921761325940889e-01
-1.000000000000000000e+00 9.002762574454714617e-01 7.816096811795554267e-01 7.986400833978675173e-01 6.614503779813756257e-01 7.187162781975457992e-01 5.924182519369443067e-01 4.793785832081177284e-02 1.780744148803743987e-01 1.544571622181039605e-01 3.609184569943615362e-01 -2.503155104650374718e-01 8.396180305617411133e-01
-5.000000000000000000e-01 9.380072218162691655e-01 9.450452873229668871e-01 7.989419919270464021e-01 8.314996349720102931e-01 8.287888327551300449e-01 7.712247371020648501e-01 3.035553634082959196e-01 4.948556308799723635e-01 3.425643565475640639e-01 5.711995745772537880e-01 -8.441977426840796550e-02 8.987517326886214075e-01
0.000000000000000000e+00 8.992885440158969734e-01 1.000000000000000000e+00 7.057066436303572887e-01 8.947535348436096436e-01 8.195565202416215111e-01 8.258856731344735858e-01 4.403803857577161529e-01 6.505006750490527345e-01 4.328617859360219811e-01 6.088172534506657296e-01 1.219362057099799418e-01 8.669792187076880152e-01
5.000000000000000000e-01 8.623103693681389847e-01 9.450452873229668871e-01 5.940857194943163222e-01 9.166863959636351034e-01 8.251598790508842818e-01 8.204351035362169586e-01 5.412488315670006545e-01 7.275931387380085713e-01 5.375229533298977458e-01 6.459152991797068033e-01 1.773449152534418427e-01 8.034958728938320638e-01
1.000000000000000000e+00 7.403279053080773497e-01 7.816096811795554267e-01 3.809353273393921158e-01 8.277856606117826033e-01 7.009808348470947248e-01 6.790292671751393394e-01 4.522350596467999972e-01 6.193408575848760034e-01 4.784062304444181013e-01 5.525037630886198148e-01 1.424375401749554959e-01 6.247363001714626440e-01
1.500000000000000000e+00 6.627770995648814001e-01 7.159703508101609160e-01 2.539897264880416894e-01 8.025437484929104359e-01 6.880193290830416419e-01 7.027260383046819436e-01 5.279245794482878562e-01 6.507588105489320318e-01 5.919365875875609584e-01 5.562953745090031266e-01 2.353660193006029411e-01 5.732556947844517081e-01
2.000000000000000000e+00 4.698650727073320765e-01 5.464914580361919239e-01 4.669639398979390926e-02 6.542588211321476166e-01 5.489566629499407213e-01 6.160011364805650924e-01 3.886786033165632315e-01 5.532627003087160489e-01 4.751795841680973576e-01 4.963442651725898380e-01 1.677756430303075641e-01 4.096081097833227380e-01
2.500000000000000000e+00 3.578509790380434707e-01 4.583577274388637157e-01 -8.383760298214060214e-02 6.474560733881257191e-01 4.915072405196592165e-01 6.158404260680390152e-01 4.273457117055721177e-01 6.817655105956959005e-01 3.827337118181908804e-01 4.061765077819590175e-01 2.230280810631884436e-01 3.134543672219877175e-01
3.000000000000000000e+00 1.357246325781664709e-01 2.470104288078579513e-01 -2.603807702290894532e-01 5.209295401425479977e-01 3.394400792730097871e-01 5.080947870906749042e-01 3.435050586825074692e-01 6.600085315351650328e-01 1.376394270670937559e-01 1.995906001404156305e-01 2.187311062783166005e-01 1.006692031681295368e-01
3.500000000000000000e+00 7.885402683712945671e-02 1.076925172513209100e-01 -2.024376653607756760e-01 3.900448745852556076e-01 1.801001800135882402e-01 4.031594235142201832e-01 3.651169244273516079e-01 5.259195791190882652e-01 1.121093254535262679e-01 -1.017077945705199549e-01 2.405657851006802461e-01 -1.268270389304014534e-03
4.000000000000000000e+00 -2.126243654094225888e-02 -8.853314271743303876e-02 -1.272032267697954244e-01 1.083491199666204441e-01 -6.271044966364471007e-02 1.618859892320858862e-01 2.257098992667809223e-01 1.804334636331944852e-01 -3.306855914758399795e-02 -3.778435619448159422e-01 1.431166621360428215e-01 -1.484008832032420733e-01
4.500000000000000000e+00 -2.041906289759411880e-02 -3.108995622298276612e-02 -8.670232942394922454e-03 2.344027201577655872e-02 -2.277867935449142678e-01 4.669474708363190868e-02 1.489160347051532440e-02 1.660767918748059513e-01 -3.997049147202338948e-02 -4.121782722402574928e-01 -4.491341027123616630e-02 -1.397635892118150869e-01
5.000000000000000000e+00 -3.082081011926953579e-02 2.511309091847921393e-02 1.163014209838854757e-01 -4.154580128609566131e-02 -3.292609527450219842e-01 -5.333653779479705093e-02 -1.454962693679980323e-01 1.445892156662587358e-01 3.097967961443680307e-02 -3.730930394364418423e-01 -1.682866274046677657e-01 -1.346423866185941232e-01
5.500000000000000000e+00 6.909102261635630127e-03 -6.683224975219975716e-03 1.745451474588588237e-01 -3.570077442290486153e-02 -3.279541205437681017e-01 -1.807439156113195555e-01 -2.326757764143143892e-01 1.319598682227826614e-01 1.787534700633696960e-01 -5.234922161786114136e-01 -1.981607822768821081e-01 -1.708536557113173870e-01
6.000000000000000000e+00 1.343177328960899058e-02 -5.413492052444283248e-02 1.476886708077039811e-01 -6.501186265645432505e-02 -2.934905648785951504e-01 -2.929421447114611832e-01 -2.516585669904643496e-01 4.867310638827678643e-02 2.276787257344592696e-01 -5.521982912865652793e-01 -1.553824751216744127e-01 -2.207998785170455780e-01
6.500000000000000000e+00 -4.721793997555488731e-02 -1.008061734378610241e-01 1.106933397554019233e-01 -4.072853767532487457e-02 -2.944909892501595960e-01 -3.323160560394795571e-01 -1.830832747006616301e-01 -3.868148165149443152e-02 3.081564929979470069e-01 -5.740326602281220492e-01 -9.794546574716561649e-02 -2.822450767593757126e-01
7.000000000000000000e+00 -1.652499424898939417e-01 -2.146443278253613585e-01 -1.467289865328191140e-02 -1.377815328238530257e-01 -3.468701912736570359e-01 -4.194055037035785416e-01 -2.771559157777486182e-01 -1.627659270921324453e-01 2.813060904225040959e-01 -4.852659747548904168e-01 -1.878792595808800869e-01 -3.749247591784075073e-01
7.500000000000000000e+00 -2.220484508401426860e-01 -2.698818291809691461e-01 -7.533869616944231795e-02 -1.882369140975046762e-01 -4.052126539278936290e-01 -4.304350790123744330e-01 -4.544395804956736784e-01 -1.613855713644366807e-01 2.351982152703659679e-01 -3.204970874016360161e-01 -3.688788781251994831e-01 -3.110105569504322265e-01
8.000000000000000000e+00 -2.824124761865556277e-01 -3.008574840364394154e-01 -1.613652853761612105e-01 -2.269209452071401512e-01 -3.624960174528567558e-01 -3.352477509456268656e-01 -5.190249825040497145e-01 -1.285290527743048195e-01 9.522495658590124368e-02 -1.214370003577290857e-01 -4.290582896202881358e-01 -2.229324012984355008e-01
8.500000000000000000e+00 -2.734752135556828834e-01 -3.255198461224164674e-01 -1.968037881597681504e-01 -2.497354376896037120e-01 -1.949621030995702109e-01 -2.198190341021901695e-01 -4.220740443836697442e-01 -2.991516148202015279e-01 -1.814117179047214368e-01 -1.128128923556081104e-01 -4.249245483301551940e-01 -1.308626213316822773e-01
9.000000000000000000e+00 -2.781977857182198477e-01 -3.424144645914652951e-01 -2.387002360481529362e-01 -2.621896451180326104e-01 -8.588765065559730849e-02 -1.185582073921116197e-01 -2.886760254914743085e-01 -3.708761778410889498e-01 -4.385449296614080117e-01 -7.275688695162040032e-02 -3.618023955371789113e-01 -6.522131190653550348e-02
9.500000000000000000e+00 -2.594321787123562428e-01 -2.568386513888591960e-01 -7.402382114218650222e-02 -2.315344421650271101e-01 -1.145858370960273487e-01 -7.906794344488604631e-02 -2.331229999639335415e-01 -4.290234002700905047e-01 -5.231027474277595291e-01 1.397140817741439611e-01 -3.962298897337270254e-01 4.051641937901001578e-02
1.000000000000000000e+01 -2.379224371203524369e-01 -1.840148810515627731e-01 6.865720205593894843e-02 -2.481868257376403930e-01 -1.432686717891725747e-01 -6.280126463472243681e-02 -2.532431356706949521e-01 -4.363044147331867073e-01 -5.937841855276775327e-01 2.433962210907430479e-01 -4.923561083079633915e-01 1.109978792219126764e-01
