# # time shift (tau) Cont4010 Cont4200 Cont4440 Cont4765 Cont5100 Cont5600 Cont6045 Cont6110 Cont6880 Cont7390 Cont8015 Cont8900 Cont1150
-1.000000000000000000e+01 2.533308850464853490e-02 1.355665132080221824e-01 2.013754474394500171e-01 1.879894458938018431e-01 2.391029893983908083e-01 1.430682516711346552e-01 2.033875453104140307e-01 6.285190531033106598e-02 3.960539267450202683e-02 -3.352206842210780913e-02 -6.416920098217801516e-02 -8.661678077132503595e-02 -1.319796420996364739e-01
-9.000000000000000000e+00 1.978117994438756688e-01 2.614445070273483385e-01 2.695545980752577231e-01 2.530390324772932020e-01 2.921810757277945036e-01 2.225184825592050886e-01 2.572601959805174143e-01 1.302728383136680934e-01 1.778121360534166140e-01 1.591326821557670357e-01 9.366906810832584251e-02 1.101872528316491379e-01 -4.625578083052322986e-02
-8.000000000000000000e+00 3.708101457316338445e-01 3.796748977410330794e-01 4.002487618577690309e-01 3.555292268047047788e-01 4.067037640340301352e-01 3.310219784706360802e-01 2.953237040970636551e-01 2.395157821412700061e-01 2.238539090169776036e-01 1.832552457562985349e-01 1.843585509319405069e-01 6.083888381993128591e-02 1.445208407323160249e-01
-7.000000000000000000e+00 5.201598802478980543e-01 5.365027994149724755e-01 5.625391331188442923e-01 5.426114022044803420e-01 5.526244049028403715e-01 4.891034302887461438e-01 4.958456419341710220e-01 4.385138780506496192e-01 3.950509320338262409e-01 2.949657472755219390e-01 2.552530899282826060e-01 1.773758077968488334e-01 2.635526591796760187e-01
-6.000000000000000000e+00 6.686191669549408356e-01 6.818437725392444415e-01 6.846063522116589972e-01 6.742468761206901195e-01 7.007069091441405773e-01 6.826419147165285750e-01 6.646167395123061539e-01 6.244651462014805254e-01 5.995000994248524950e-01 5.568838677090685030e-01 4.705385510830439877e-01 4.207192305577792113e-01 4.126945218705309060e-01
-5.000000000000000000e+00 7.193770192758566218e-01 7.079809191781658573e-01 7.197227034739673845e-01 6.811036727187346207e-01 7.237071345151658841e-01 7.134754388363858668e-01 7.042059183803452971e-01 6.423590236672485076e-01 6.298348422645627664e-01 5.450413938758751353e-01 5.352147622355132306e-01 4.555341964248964537e-01 4.936927062749812412e-01
-4.000000000000000000e+00 7.078767255400199021e-01 6.827168060414273709e-01 6.969291242522123175e-01 6.498435711497151379e-01 7.037461557614735908e-01 7.192541003281487377e-01 6.884813461900990417e-01 6.189069940800955294e-01 6.248580141815759381e-01 5.509557693096540643e-01 5.603599101895930801e-01 5.116119497727074084e-01 4.873874054542718937e-01
-3.000000000000000000e+00 7.701377035295753348e-01 7.360022508777654959e-01 7.420645280791473564e-01 7.090238141502787084e-01 7.399200935413371427e-01 7.342632798245551928e-01 7.048978485477311873e-01 6.789241080243196835e-01 6.802765132665676839e-01 6.388047833405504639e-01 6.221267895891207100e-01 6.221017204585689298e-01 5.782530173701430076e-01
-2.000000000000000000e+00 8.490385948268627248e-01 8.403479561745403892e-01 8.420619328686523852e-01 8.245948502154345494e-01 8.403874483607755019e-01 8.191905014819765851e-01 7.750365567643497933e-01 7.889140384072490519e-01 7.657272779072079594e-01 7.145776497077094280e-01 6.847788270084765871e-01 6.643066727993743870e-01 7.526446249465633676e-01
-1.000000000000000000e+00 9.144347559655382485e-01 9.171122808504750257e-01 9.272740783335250425e-01 9.010656821959888152e-01 9.186578746686437924e-01 9.066407928152750983e-01 8.622659633119301725e-01 8.787415804460618762e-01 8.613715821132248429e-01 8.136564019682295257e-01 7.866699468485907065e-01 7.830159635588187506e-01 8.419116227369233263e-01
0.000000000000000000e+00 9.821439450061780763e-01 9.886328667976119755e-01 1.000000000000000000e+00 9.854342687671576728e-01 9.898396670571275591e-01 9.722449149515538513e-01 9.624687772532370955e-01 9.807112946338345516e-01 9.695613131863802803e-01 9.301585746371711094e-01 9.119866748212669405e-01 8.949162114366097098e-01 8.807676204908398976e-01
1.000000000000000000e+00 8.889679918209634213e-01 9.096378252184060820e-01 9.184624315466098921e-01 8.969672723575301543e-01 9.167140856457594023e-01 9.348294699154083842e-01 9.548631096910231708e-01 9.303660144405483390e-01 9.490178923491325857e-01 9.191201865195959275e-01 9.035949550520582241e-01 9.025128291631127064e-01 7.589021010254609623e-01
2.000000000000000000e+00 7.690161352955720009e-01 7.851559073576666048e-01 7.912467889589627212e-01 7.564450921875935929e-01 7.972390395832289478e-01 8.183724797175786492e-01 8.478769157333883033e-01 8.116395478326108304e-01 8.745854514745240449e-01 8.922159445092910923e-01 8.787983283788727285e-01 9.048252333706419126e-01 5.339043068946304205e-01
3.000000000000000000e+00 6.274718393444439490e-01 6.389046379034624135e-01 6.585801206557357901e-01 6.025172989242217891e-01 6.382313824526687496e-01 6.232797653948849437e-01 6.948428019837693537e-01 6.677521412173935689e-01 7.264959871774647748e-01 7.571282805702717056e-01 7.454644469364462012e-01 7.884968822728922744e-01 4.075607810435250000e-01
4.000000000000000000e+00 4.977283766829315725e-01 5.518508139352170661e-01 5.549669396686509604e-01 5.101249836012995420e-01 5.490124919465128039e-01 5.052894084267944841e-01 5.818258997859113713e-01 5.663898730526565339e-01 5.887194336657959326e-01 6.202030765826516134e-01 5.625011027734088120e-01 6.145238689552772193e-01 3.091133121780950677e-01
5.000000000000000000e+00 5.858568485797761571e-01 6.442735545445009704e-01 6.353366018415840255e-01 5.958317367704922818e-01 5.963448358497976942e-01 5.967282869402041889e-01 6.113030660894566148e-01 6.283024352905136611e-01 6.532298225434546302e-01 6.712584562919114983e-01 6.159326589313499634e-01 6.719738737965567088e-01 5.326261910311126391e-01
6.000000000000000000e+00 5.515256566695331264e-01 6.050349465415953976e-01 5.973927968981944669e-01 5.941764827099296209e-01 5.764982773169745611e-01 5.963952146591768866e-01 5.950788391876966621e-01 6.069916181950074652e-01 5.883128222308624533e-01 5.685480815525177922e-01 5.567754843758545569e-01 5.722608765572070322e-01 5.912199274765348456e-01
7.000000000000000000e+00 4.334314185402321495e-01 4.920038093731840534e-01 4.700370933532005413e-01 5.130921475832214140e-01 4.841845237756166043e-01 5.303929025665782282e-01 4.734195916400717463e-01 4.670138407682914439e-01 4.856081771422996463e-01 4.346988327899360405e-01 4.196823787799958128e-01 4.798824729638654363e-01 5.008967713027568935e-01
8.000000000000000000e+00 3.076301977229515816e-01 3.445203295262208032e-01 3.369696496906471328e-01 3.536349460708265169e-01 3.535210749753786019e-01 3.571189870952440337e-01 3.051922717368159566e-01 3.054446737334672868e-01 3.363657035866656209e-01 2.927250702532364635e-01 3.017941474772659616e-01 3.653011911634644893e-01 3.918910910923644186e-01
9.000000000000000000e+00 1.188347376940783184e-01 1.297308287749692757e-01 2.047236651877084590e-01 1.555099363866480899e-01 1.558871254913247462e-01 1.287624486144281766e-01 1.139382357371771237e-01 1.128982402396147555e-01 1.320548676237269237e-01 8.301549337732316847e-02 9.476319915540559746e-02 1.361867453776842152e-01 1.549596336064972546e-01
1.000000000000000000e+01 3.315018431523369946e-02 5.101425280783358773e-02 9.584988697768401233e-02 3.110365384225748445e-02 2.556434037513268670e-02 1.203987987891277922e-02 -3.292696194107821300e-03 1.023851257602921214e-02 6.315070347529405659e-02 8.231384152536691534e-02 9.678116039775772061e-02 1.062096054933437811e-01 -1.509207396795742701e-02
1.100000000000000000e+01 8.977675481525015933e-02 6.855761775130367330e-02 7.409880514076506997e-02 2.468473515632529924e-02 -1.890155860468966179e-02 2.749624243655078223e-02 -2.121286629645045135e-02 3.755954870427784947e-02 6.109745806929946232e-02 1.288017699100318658e-01 1.503723500905627120e-01 9.577613422576994329e-02 8.836819635264624162e-02
1.200000000000000000e+01 1.369457255507568749e-01 1.055019128208208312e-01 4.651506914041347862e-02 9.479309105231580046e-02 9.445962031381555796e-03 1.120951350241289890e-01 5.999951726264370067e-02 1.022639281726886173e-01 7.993059108641979715e-02 1.048460123678441047e-01 1.311921549879615234e-01 4.877676053149551660e-02 1.804678041013765277e-01
1.300000000000000000e+01 1.881886607918500653e-01 1.165671131532388383e-01 6.001839863941031694e-02 1.714272648214836825e-01 1.171328260189769266e-01 1.714232485343417378e-01 1.340499789166547939e-01 1.600401421845637495e-01 1.048412805980561135e-01 9.714475305249464787e-02 1.146911797912416875e-01 4.276422082021621995e-02 1.620971406164978257e-01
1.400000000000000000e+01 1.601547641694454349e-01 6.623790544592686458e-02 5.870070625275486398e-02 1.237464532643993975e-01 1.601529044631734011e-01 8.975693950757296369e-02 1.457149314204500834e-01 1.160737665249318151e-01 2.282153274116573843e-02 -6.929410345781217284e-02 -7.836377222288375133e-02 -1.396152885178398306e-01 1.585232160385249278e-01
1.500000000000000000e+01 2.590814518641957331e-01 1.555717003030435697e-01 1.997148734814975513e-01 2.021923992943940873e-01 3.401823607956310225e-01 1.653360764613091005e-01 2.689953994002863280e-01 1.845055840029955485e-01 9.506700668495275675e-02 -1.416825062675897140e-02 -1.187880304272417864e-02 -6.471171072897646814e-02 1.405149056034896704e-01
