# time shift (tau) 	 correlation coefficient 	 number of simulations: 10000	 FR: True	 RSS: True
-1.000000000000000000e+01 3.130000000000000000e+02
-9.000000000000000000e+00 3.400000000000000000e+01
-8.000000000000000000e+00 7.000000000000000000e+00
-7.000000000000000000e+00 4.000000000000000000e+00
-6.000000000000000000e+00 3.000000000000000000e+00
-5.000000000000000000e+00 1.800000000000000000e+01
-4.000000000000000000e+00 3.700000000000000000e+01
-3.000000000000000000e+00 1.020000000000000000e+02
-2.000000000000000000e+00 1.080000000000000000e+02
-1.000000000000000000e+00 1.150000000000000000e+02
0.000000000000000000e+00 1.670000000000000000e+02
1.000000000000000000e+00 2.080000000000000000e+02
2.000000000000000000e+00 2.380000000000000000e+02
3.000000000000000000e+00 6.950000000000000000e+02
4.000000000000000000e+00 8.360000000000000000e+02
5.000000000000000000e+00 1.499000000000000000e+03
6.000000000000000000e+00 1.726000000000000000e+03
7.000000000000000000e+00 1.366000000000000000e+03
8.000000000000000000e+00 7.940000000000000000e+02
9.000000000000000000e+00 5.720000000000000000e+02
1.000000000000000000e+01 2.920000000000000000e+02
1.100000000000000000e+01 5.840000000000000000e+02
1.200000000000000000e+01 1.920000000000000000e+02
1.300000000000000000e+01 7.800000000000000000e+01
1.400000000000000000e+01 8.000000000000000000e+00
1.500000000000000000e+01 4.000000000000000000e+00
