# time shift (tau) 	 correlation coefficient 	 number of simulations: 10000	 FR: True	 RSS: True
-1.000000000000000000e+01 5.100000000000000000e+01
-9.000000000000000000e+00 5.000000000000000000e+00
-8.000000000000000000e+00 3.000000000000000000e+00
-7.000000000000000000e+00 7.000000000000000000e+00
-6.000000000000000000e+00 2.700000000000000000e+01
-5.000000000000000000e+00 4.600000000000000000e+01
-4.000000000000000000e+00 1.010000000000000000e+02
-3.000000000000000000e+00 1.790000000000000000e+02
-2.000000000000000000e+00 1.500000000000000000e+02
-1.000000000000000000e+00 2.900000000000000000e+02
0.000000000000000000e+00 2.560000000000000000e+02
1.000000000000000000e+00 3.110000000000000000e+02
2.000000000000000000e+00 4.250000000000000000e+02
3.000000000000000000e+00 4.722000000000000000e+03
4.000000000000000000e+00 2.504000000000000000e+03
5.000000000000000000e+00 4.530000000000000000e+02
6.000000000000000000e+00 1.720000000000000000e+02
7.000000000000000000e+00 1.200000000000000000e+02
8.000000000000000000e+00 5.900000000000000000e+01
9.000000000000000000e+00 4.500000000000000000e+01
1.000000000000000000e+01 1.700000000000000000e+01
1.100000000000000000e+01 5.000000000000000000e+00
1.200000000000000000e+01 8.000000000000000000e+00
1.300000000000000000e+01 2.900000000000000000e+01
1.400000000000000000e+01 3.000000000000000000e+00
1.500000000000000000e+01 1.200000000000000000e+01
