# # time shift (tau) Cont4010 Cont4200 Cont4440 Cont4765 Cont5100 Cont5600 Cont6045 Cont6110 Cont6880 Cont7390 Cont8015 Cont8900 Cont1150
-1.000000000000000000e+01 2.534038390699318299e-02 6.984680174256549523e-02 1.636876583675796470e-01 6.803596956564077203e-02 2.115176323805216807e-01 1.521178107355616316e-01 1.979815718387084589e-01 3.711103442130248009e-02 8.331594241594110495e-03 -3.432226719960305983e-02 -1.029855643996565040e-01 -9.962398108738368396e-02 -2.042950082677118251e-01
-9.000000000000000000e+00 1.623391174831486650e-01 2.077196759046190944e-01 2.560796607570372529e-01 1.645080888608554393e-01 2.798099363198837675e-01 2.094559830818139567e-01 2.184308887836557689e-01 9.016221464178131306e-02 1.260936830459119529e-01 1.231282387123379951e-01 3.407878906402173752e-02 6.320106555764523626e-02 -9.842624832461410733e-02
-8.000000000000000000e+00 3.439474140091688392e-01 3.528997847385307862e-01 3.991185751985853458e-01 3.223571971379337042e-01 4.027403649178156186e-01 3.321436015552376442e-01 2.876120230638188335e-01 2.216923189743616462e-01 2.157225370983361090e-01 2.003010553571297758e-01 1.092007217510100048e-01 7.276506287808773288e-02 9.852483552640972642e-02
-7.000000000000000000e+00 4.867745748807552064e-01 4.994724989058615394e-01 5.369599394704209772e-01 4.915277202040665427e-01 5.348512828501035266e-01 4.870006900537545702e-01 4.658485599225556939e-01 3.984085770791065961e-01 3.529682253294812999e-01 2.829408548065546203e-01 1.864062770106901801e-01 1.387171004481157766e-01 2.309138482948300264e-01
-6.000000000000000000e+00 6.158855590682765779e-01 6.224182152072335050e-01 6.561184650347489100e-01 6.141013682078176883e-01 6.608471629677576953e-01 6.459666141916529103e-01 6.153504315575487604e-01 5.568676880231041570e-01 5.280297626450223270e-01 4.619256644775943110e-01 3.736813499944046102e-01 3.317214139492024039e-01 3.214845118472615670e-01
-5.000000000000000000e+00 6.633678054932161672e-01 6.561293495233182504e-01 6.821657516107052510e-01 6.347775410479241653e-01 6.713064759578468710e-01 6.778848527080565400e-01 6.540032547438000554e-01 5.868847612999983365e-01 5.776160621870238820e-01 4.919339273174386240e-01 4.587392947924878728e-01 4.037633720642432311e-01 4.203524324308156590e-01
-4.000000000000000000e+00 6.361661515622374363e-01 6.091454417860587833e-01 6.341952898914612335e-01 5.934464506986212307e-01 6.250692634817598403e-01 6.578305507777104655e-01 5.941196135249990906e-01 5.315533385206430150e-01 5.340908416823683114e-01 4.574212657532008564e-01 4.317583356539921868e-01 3.986957878232104124e-01 4.139420090724063028e-01
-3.000000000000000000e+00 7.325954794756338595e-01 6.970982837255146336e-01 7.036579648767606887e-01 6.832665063958787144e-01 6.936839417759337323e-01 6.934707406977071997e-01 6.360542891333822446e-01 6.157654004734576247e-01 6.165350565499634339e-01 5.651533444767400383e-01 5.327125232220987217e-01 5.385325678947474604e-01 5.506812666964819858e-01
-2.000000000000000000e+00 8.408042240563490255e-01 8.210172967077395967e-01 8.237228035969530460e-01 8.243155788703915299e-01 8.210319999322102102e-01 7.919784603107822285e-01 7.341381158510799088e-01 7.538196212873369273e-01 7.271766437935851535e-01 6.667803766365352214e-01 6.314982842764449433e-01 6.090426738552152663e-01 7.336843510711679173e-01
-1.000000000000000000e+00 9.210712173603996522e-01 9.178710685900722810e-01 9.227471598313019552e-01 9.172311159085093646e-01 9.187644929957818896e-01 9.048877234080313636e-01 8.589728092682178406e-01 8.692362641833565329e-01 8.547379536959691659e-01 7.975531839043839000e-01 7.680470012808726654e-01 7.538427558476038515e-01 8.299887728570924939e-01
0.000000000000000000e+00 9.896707640505612025e-01 9.902581878925331704e-01 9.999999999999998890e-01 9.888265311816255565e-01 9.919147649053462468e-01 9.790248032268441536e-01 9.688753288700244770e-01 9.816517584740824809e-01 9.719996168464224429e-01 9.358235207649032716e-01 9.196157596465588391e-01 9.000402329819801039e-01 8.764942064223912865e-01
1.000000000000000000e+00 8.954125073347584118e-01 9.056804724972251641e-01 9.227471598313019552e-01 8.962318695816340330e-01 9.188972818018543709e-01 9.391793762535192158e-01 9.545463861041524334e-01 9.310566796406789525e-01 9.455654065648705364e-01 9.166173860131228146e-01 8.949925478659082057e-01 9.016656898306367740e-01 7.255590656875490208e-01
2.000000000000000000e+00 7.951232034489875700e-01 8.048559133014121514e-01 8.237228035969530460e-01 7.728198957938537950e-01 8.195879221064533704e-01 8.273895108857778347e-01 8.555484735593668066e-01 8.326759840289633674e-01 8.848397186888316002e-01 8.978986549072349721e-01 8.698319948437660543e-01 9.067459982921075579e-01 5.294726392741411214e-01
3.000000000000000000e+00 6.703572442740236559e-01 6.760096829009750730e-01 7.036579648767606887e-01 6.394375507830409866e-01 6.834383183994787725e-01 6.671941747248362198e-01 7.246831902751748045e-01 7.010029921469488334e-01 7.569897838073211815e-01 7.781130531972006992e-01 7.571346049772738063e-01 8.023489664074886507e-01 4.435161921505196836e-01
4.000000000000000000e+00 5.806393211673730459e-01 6.293627459667685553e-01 6.341952898914612335e-01 5.853792664023438341e-01 6.172860540179407884e-01 5.725800399786822314e-01 6.353806741824258308e-01 6.316857849138555192e-01 6.556867793302010305e-01 6.834342698374822334e-01 6.194595886420968256e-01 6.751970295617272244e-01 4.072767393204765329e-01
5.000000000000000000e+00 6.438979759094055622e-01 6.921964089167129686e-01 6.821657516107052510e-01 6.437054821026522156e-01 6.507933886780716826e-01 6.385836979469119434e-01 6.727026421183792682e-01 6.837977450440451133e-01 7.009361001694068838e-01 7.116223669919063965e-01 6.755959229325982918e-01 7.091669888160201385e-01 5.712624525771723416e-01
6.000000000000000000e+00 6.191967013352241977e-01 6.657536643854660152e-01 6.561184650347489100e-01 6.387329498245131187e-01 6.355608164339768829e-01 6.369567986464657050e-01 6.620814542167212657e-01 6.724569798180395352e-01 6.414718841459192689e-01 6.112541932921240484e-01 6.138996909727454376e-01 6.219419658891580660e-01 6.255408765702636931e-01
7.000000000000000000e+00 5.252358132514904909e-01 5.434948487486435109e-01 5.369599394704209772e-01 5.405413479008732702e-01 5.457129530845720167e-01 5.773535459828211813e-01 5.240263620101283104e-01 5.289138848296799367e-01 5.365133428098741719e-01 4.767936379140136349e-01 4.764729491299828368e-01 5.321937590560741338e-01 5.307497651916377457e-01
8.000000000000000000e+00 4.040701731585364387e-01 3.816308264186402677e-01 3.991185751985853458e-01 3.807038772488635647e-01 4.060858767854956808e-01 3.970472532903960294e-01 3.614323889243160615e-01 3.582356620711736883e-01 3.783302952977337652e-01 3.244877021585612642e-01 3.304338762903473170e-01 4.085587603647198307e-01 4.067093837078443741e-01
9.000000000000000000e+00 2.042496201030722380e-01 1.669499014598232467e-01 2.560796607570372529e-01 1.961781447678209722e-01 2.089109770526592635e-01 1.720444438501463336e-01 1.716469726132004991e-01 1.599813120119504273e-01 1.859175226188037877e-01 1.445389103219389682e-01 1.247971171078517127e-01 1.878764792793187199e-01 1.526161385100883172e-01
1.000000000000000000e+01 1.150270709599747476e-01 1.235332624002079549e-01 1.636876583675796470e-01 9.205407230519199735e-02 9.713524609161967860e-02 4.370559895290340724e-02 9.536752882813281929e-02 6.866167312690293900e-02 1.455388498111555573e-01 1.769451851697508293e-01 1.661568653521242611e-01 1.907276220295230362e-01 1.618370328568416103e-02
1.100000000000000000e+01 1.303351222001440379e-01 1.358968972108886009e-01 1.369291336232403289e-01 1.043663506320131190e-01 3.617601494573990245e-02 5.506266848068967767e-02 5.851722359972469367e-02 1.045114201495170730e-01 1.265047371180806068e-01 1.973652828501460399e-01 2.121802842379079124e-01 1.383285746421491491e-01 1.463039768205364188e-01
1.200000000000000000e+01 1.446191381086337491e-01 1.523029511135958192e-01 7.828441911783000362e-02 1.578401476152569427e-01 2.804325112708495882e-02 1.348092225615635797e-01 1.135308149373592812e-01 1.481789443126318717e-01 1.184361039528440962e-01 1.309909034007729622e-01 1.410368355204328350e-01 6.563246448048265513e-02 2.211486509647269394e-01
1.300000000000000000e+01 1.632716206396648828e-01 1.216491067407673571e-01 7.318836213488943976e-02 1.935169337507922915e-01 1.124699149260803832e-01 1.718316968742520379e-01 1.156046293422793164e-01 1.608330773484387965e-01 9.347248273552230535e-02 6.882714247027987842e-02 9.141297877324477961e-02 1.847811646055469784e-02 1.737571616887949033e-01
1.400000000000000000e+01 1.388401850348991717e-01 5.941740002121428943e-02 7.519675718003031306e-02 1.593267525212017366e-01 1.559259218027473082e-01 1.189421618350220283e-01 1.188485452731841141e-01 9.377718332943810187e-02 -1.594456872441940565e-02 -1.354989500937006930e-01 -1.347478463741045018e-01 -1.785944001303405582e-01 1.793779601812211244e-01
1.500000000000000000e+01 2.516980284722273309e-01 1.893134001521183385e-01 2.386837379112984880e-01 2.793536695344361886e-01 3.970944789639107020e-01 2.525737967291838970e-01 2.879701811929320510e-01 2.005583342284015524e-01 1.059322444623738563e-01 2.308832312616550253e-02 1.899976860636593337e-02 -1.671114761324184184e-02 1.967806390389350013e-01
