# # time shift (tau) Cont4010 Cont4200 Cont4440 Cont4765 Cont5100 Cont5600 Cont6045 Cont6110 Cont6880 Cont7390 Cont8015 Cont8900 Cont1150
-1.000000000000000000e+01 -2.137068623515828159e-02 3.055008748035963756e-02 1.150270709599747476e-01 2.502493642961222536e-02 1.758338221194798989e-01 1.059081039797868384e-01 1.766194129239840038e-01 1.664370080392462911e-02 6.477681909462282284e-03 -3.383109801088482471e-03 -8.626962516448763441e-02 -6.190514211646425125e-02 -2.632999854092957781e-01
-9.000000000000000000e+00 1.070583152008827144e-01 1.541478114811990485e-01 2.042496201030722380e-01 1.132089457458027859e-01 2.359224445009633353e-01 1.481094128172975311e-01 1.685205718543641429e-01 4.365968784009283121e-02 7.748102306163925923e-02 8.960792312850072994e-02 -7.959112033533201347e-03 2.310421493383667951e-02 -1.479712495072428302e-01
-8.000000000000000000e+00 3.347844194736783185e-01 3.561634544095513277e-01 4.040701731585364387e-01 3.273807041909764237e-01 4.094743826548143950e-01 3.171264645111540603e-01 2.979289794254498247e-01 2.379937830770026963e-01 2.193616577130005074e-01 2.067632333234907804e-01 1.096425141864292574e-01 6.976397942071334290e-02 8.728215330321244247e-02
-7.000000000000000000e+00 4.581993817039645700e-01 4.872323237937161156e-01 5.252358132514904909e-01 4.782862248917840731e-01 5.281994130209561877e-01 4.842259052754903648e-01 4.806750189670364604e-01 4.009741411898997687e-01 3.565975390348539165e-01 2.876630703738976003e-01 1.856418546435698036e-01 1.406010145206649242e-01 2.066895983007552562e-01
-6.000000000000000000e+00 5.762897445604212576e-01 5.898701363115281815e-01 6.191967013352241977e-01 5.700836724738059802e-01 6.243656396231878070e-01 6.200164650904687047e-01 5.882190332736165761e-01 5.209936549285747454e-01 5.022480359820055140e-01 4.456720385408413088e-01 3.590961105614985382e-01 3.271510989943143821e-01 2.831326240266016647e-01
-5.000000000000000000e+00 6.307535919436724203e-01 6.157635983225773213e-01 6.438979759094055622e-01 5.971519806294113275e-01 6.366851790631700148e-01 6.419396658896205921e-01 6.151181916777918035e-01 5.464446758890872946e-01 5.385802919084792251e-01 4.571339082911956009e-01 4.326440491359273000e-01 3.790695702887659224e-01 3.861289993191088232e-01
-4.000000000000000000e+00 5.796609803896519697e-01 5.523070927427049526e-01 5.806393211673730459e-01 5.460360506701475991e-01 5.784930354603814440e-01 6.024250005324911506e-01 5.416576375105128793e-01 4.759384734415816331e-01 4.689952666415595495e-01 3.908043604016017691e-01 3.493002422767399473e-01 3.287510696891406403e-01 3.592132257896668568e-01
-3.000000000000000000e+00 6.994681756041249976e-01 6.620480859630003545e-01 6.703572442740236559e-01 6.469282095851565106e-01 6.556702974894940139e-01 6.543753166551338207e-01 5.920369545883074069e-01 5.708058431424212209e-01 5.715783262269136245e-01 5.186521801852095326e-01 4.820877129254702576e-01 4.847299276412075364e-01 5.156417579870541390e-01
-2.000000000000000000e+00 8.121559221416214669e-01 7.905485109785908016e-01 7.951232034489875700e-01 7.916286786182374913e-01 7.843424615297294178e-01 7.567027282212914763e-01 7.044642488928624102e-01 7.170102305754378902e-01 6.866465745307638313e-01 6.211559441274216997e-01 6.034048556338886815e-01 5.655673635414810718e-01 7.192084015761720517e-01
-1.000000000000000000e+00 8.972429806288222398e-01 8.921209300600576597e-01 8.954125073347584118e-01 8.929623885426085650e-01 8.901540758155073174e-01 8.848653053442416816e-01 8.190548531410875022e-01 8.316699146213458738e-01 8.189995233791799167e-01 7.611458577354717203e-01 7.306728227121317421e-01 7.146695358691623756e-01 8.220437968961260555e-01
0.000000000000000000e+00 9.999999999999998890e-01 9.912904739970417323e-01 9.896707640505612025e-01 9.909054870215570077e-01 9.841982368013978411e-01 9.743597964845134296e-01 9.496750319560933740e-01 9.725730197727826543e-01 9.592609345855803715e-01 9.209679219365921599e-01 9.077797734814925246e-01 8.854895568292019403e-01 9.139026602260450494e-01
1.000000000000000000e+00 8.972429806288222398e-01 8.981909113524408905e-01 9.210712173603996522e-01 9.049110374129135659e-01 9.210634598773752568e-01 9.391766847328623102e-01 9.473776495942296538e-01 9.297496226974426570e-01 9.258590612295347633e-01 8.829989419329011824e-01 8.622283068652677462e-01 8.608979194901151821e-01 7.441978950741140464e-01
2.000000000000000000e+00 8.121559221416214669e-01 8.202620993588098930e-01 8.408042240563490255e-01 7.939072154375822477e-01 8.389677135403703634e-01 8.397706751959304050e-01 8.658256187625310574e-01 8.435394556317310499e-01 8.980964381683227415e-01 9.015739619484565148e-01 8.752199562420517331e-01 9.066371127754163650e-01 5.534139558344408627e-01
3.000000000000000000e+00 6.994681756041249976e-01 7.048783934144686736e-01 7.325954794756338595e-01 6.635781920524908006e-01 7.124066154646959692e-01 6.917397708220731634e-01 7.564411852043203544e-01 7.348374003879338812e-01 7.912947711563674824e-01 8.191660915063228021e-01 8.094583909122204934e-01 8.367291160895736768e-01 4.824890635921905702e-01
4.000000000000000000e+00 5.796609803896519697e-01 6.310067013012463644e-01 6.361661515622374363e-01 5.881693991377419106e-01 6.156666455544428374e-01 5.853431842328097323e-01 6.564931009818368857e-01 6.505231850303075936e-01 6.789971621117660838e-01 7.159728591599814340e-01 6.477156476567720311e-01 7.072846432577000186e-01 4.112086709072858559e-01
5.000000000000000000e+00 6.307535919436724203e-01 6.794212297929936861e-01 6.633678054932161672e-01 6.290076450180203116e-01 6.404869969203658142e-01 6.330244809649046012e-01 6.738026052761736384e-01 6.863300442530873013e-01 7.138846313394692222e-01 7.417370028737338972e-01 7.037771382391604380e-01 7.482284028559428313e-01 5.317384918534791005e-01
6.000000000000000000e+00 5.762897445604212576e-01 6.214537896993673760e-01 6.158855590682765779e-01 5.928439141244288280e-01 5.936685155413753412e-01 5.913012596205846627e-01 6.322936951914638337e-01 6.443628752136791871e-01 6.148193390988226925e-01 5.891609750756285901e-01 5.959723967741038519e-01 6.053786566533192470e-01 5.595869103075208351e-01
7.000000000000000000e+00 4.581993817039645700e-01 4.927297632191983690e-01 4.867745748807552064e-01 4.805164470706423940e-01 4.918357761404111850e-01 5.177967024986147582e-01 4.818886553626176572e-01 4.822045844631281941e-01 5.003383441267237330e-01 4.428165721613105399e-01 4.459490986984505634e-01 5.009956170450597934e-01 4.595753688681325499e-01
8.000000000000000000e+00 3.347844194736783185e-01 3.271712128152633459e-01 3.439474140091688392e-01 3.128963287809281568e-01 3.476844108038390502e-01 3.344192115785273867e-01 3.138393104744293116e-01 3.091931515394284458e-01 3.387305752638585243e-01 3.068077918946206517e-01 3.039574848264632312e-01 3.976815831743541474e-01 3.395182123197345581e-01
9.000000000000000000e+00 1.070583152008827144e-01 7.979203573323867538e-02 1.623391174831486650e-01 9.988713838488308405e-02 1.165627761432435905e-01 8.333936897642940655e-02 8.827311329509282545e-02 7.744724458811133583e-02 9.480964044810466507e-02 5.951239073834495991e-02 2.630350427130564994e-02 1.051567792144880165e-01 8.510018110074228648e-02
1.000000000000000000e+01 -2.137068623515828159e-02 -9.259641745168852717e-03 2.534038390699318299e-02 -4.457872029421642429e-02 -2.830373082694197934e-02 -7.658508696616705969e-02 -3.063305564645272400e-02 -6.075697121209333584e-02 2.254488174212306711e-02 5.028313464478318534e-02 4.884476610861407386e-02 9.576411008989617335e-02 -1.480088806379177280e-01
1.100000000000000000e+01 2.754299811988412255e-03 8.651554801636061887e-03 2.087063217832878584e-02 -2.642415425513212554e-02 -8.627061052182792567e-02 -6.853421159645663174e-02 -6.981117155048277567e-02 -2.156158302152778525e-02 1.614931868014591113e-02 8.712185081579082446e-02 1.067551883120846645e-01 4.711074332063081016e-02 1.284900958752243152e-02
1.200000000000000000e+01 -1.227517010886163516e-02 8.965469895346711918e-03 -6.164992561899917956e-02 1.692083118422161442e-03 -1.382783125192363904e-01 -3.455885995108389647e-02 -5.016221541136686723e-02 -8.064191933929213546e-03 -1.921328934655196219e-02 -3.980837453254358616e-03 1.426501946634768994e-03 -6.409157476292921818e-02 1.028787533325039444e-01
1.300000000000000000e+01 -2.030308739030690229e-02 -5.442886591073466118e-02 -9.732967657341737300e-02 1.061295480886918600e-02 -6.596830829473149249e-02 -9.943726594669249561e-03 -4.801536374888479286e-02 -1.342339318265609559e-02 -7.782085955115439213e-02 -7.819454328616655403e-02 -7.105136057418451334e-02 -1.295282102600998630e-01 -2.485866544813376822e-02
1.400000000000000000e+01 -4.941490711543498893e-02 -1.325142972200194502e-01 -1.151805115436948662e-01 -3.166182773566898062e-02 -4.048542389493169080e-02 -7.438632610398550338e-02 -7.999980316049956630e-02 -9.723158204675784455e-02 -2.060594086337261821e-01 -3.121623031701384332e-01 -3.098439993262331882e-01 -3.571520618944959979e-01 1.532507349164988555e-02
1.500000000000000000e+01 3.592035779428167513e-02 -2.239503529831221584e-02 -3.578222694964853720e-03 6.249257759149634550e-02 1.784343640183724267e-01 3.849686673697105127e-02 6.639737810898695136e-02 -1.957484450802084164e-02 -1.249163219213478698e-01 -2.143736110624544222e-01 -2.066981143130772747e-01 -2.481039953004752774e-01 -1.132506605029155039e-02
