# HDelta timestamps [MJD], fluxes [ergs/s/cm2/A], fluxerrs [ergs/s/cm2/A]
5.758166000000000349e+04 9.000188416873461807e-14 1.799296441249906145e-16
5.758266000000000349e+04 9.054912994250355916e-14 2.171850013414150483e-16
5.758365000000000146e+04 9.076594263399626304e-14 1.866449432776879322e-16
5.758377999999999884e+04 9.748896558950106262e-14 3.850437818208040730e-16
5.758458000000000175e+04 8.948121850242732426e-14 2.082938707298238338e-16
5.758556999999999971e+04 8.255057211303219068e-14 1.843264217571989650e-16
5.758654000000000087e+04 7.788907126132843221e-14 2.935403317055280479e-16
5.758755999999999767e+04 7.342098171443284868e-14 3.064023738453529956e-16
5.758848000000000320e+04 8.325710106454177330e-14 2.011622531687338693e-16
5.758941000000000349e+04 8.537329164896772087e-14 1.056552287298490992e-16
5.759041000000000349e+04 8.681613094736731272e-14 2.007252015995259862e-16
5.759140000000000146e+04 8.705139476834570683e-14 1.462774820991763397e-16
5.759238999999999942e+04 8.697090040270128335e-14 9.644061855476832228e-17
5.759338999999999942e+04 8.557367582563285118e-14 3.006116464760596464e-16
5.759431999999999971e+04 8.640231872879981480e-14 1.298717877149516315e-16
5.759530999999999767e+04 8.844973583465435170e-14 2.455216243500893477e-16
5.759643000000000029e+04 8.917627012606640445e-14 2.045566123882279830e-16
5.759741999999999825e+04 8.836052198273037930e-14 4.336854317239656641e-16
5.759829000000000087e+04 8.556998156028944752e-14 8.981833191742356164e-17
5.759927999999999884e+04 8.708105524779288463e-14 5.005462840650344592e-16
5.760020999999999913e+04 7.880168552025913961e-14 1.818242193483129527e-16
5.760219999999999709e+04 7.474445609575798057e-14 1.156257190910053646e-16
5.760319000000000233e+04 7.361666258710446645e-14 2.806372877236098770e-16
5.760418000000000029e+04 6.833617572550847332e-14 1.897950405355854791e-16
5.760523999999999796e+04 6.667815465715743807e-14 1.556380295711986662e-16
5.760616999999999825e+04 7.120380272114683866e-14 2.194924772638774050e-16
