# # time shift (tau) HDelta HGamma HeII4685 HBeta HeI5875 HAlpha HeI5015 OI8446 HeI4471 HeI7065 OIII5007 LyALpha
-1.000000000000000000e+01 1.104016160923678158e-01 1.217857954161755407e-01 1.406685504406969822e-01 2.272538041393039610e-01 -2.122598523483423261e-01 -2.398424432540013640e-01 -4.776924031036131058e-02 4.083897857177518076e-02 4.600821745624789766e-02 8.228177258107284564e-02 -7.121850289047351734e-02 -2.376478355505207973e-01
-9.000000000000000000e+00 -6.551003819165335251e-02 1.093263802466321044e-02 -9.042771444416389248e-02 1.588838196088156740e-01 -2.886791731014990980e-01 -2.057212548992171375e-01 -1.216552980830531844e-01 1.143299200999713938e-01 -4.571227600247624451e-02 1.633351370893928456e-01 -1.610435359246337739e-01 -3.260509216071267313e-01
-8.000000000000000000e+00 -2.925871846173148660e-01 -1.340803808126078411e-01 -1.153334254614926530e-01 4.288269599696973439e-03 -2.610108673105601129e-01 -1.939424389678786054e-01 -2.790319006875521257e-01 1.412369065697069992e-01 -3.398839458374571798e-01 -3.321360879525822596e-02 -3.692284416764797794e-01 -2.867916943001780350e-01
-7.000000000000000000e+00 -2.726943618055576724e-01 -2.277405564130406401e-01 2.999725819818482159e-02 -1.970893460833244570e-01 -4.312042376499676810e-01 -3.299708085604162733e-01 -3.705504021690834149e-01 -2.396604824223372565e-01 -5.508378500598231087e-01 -7.858241757430828311e-02 -4.807938424293610735e-01 -1.652798975980344087e-01
-6.000000000000000000e+00 -1.579800325739257605e-01 -1.328550061247702474e-01 2.461104811429209172e-01 -1.010446025062232134e-01 -3.547477874983470114e-01 -3.295801949912183781e-01 -4.156336638422102880e-01 -2.812849680380961059e-01 -5.213228765600945724e-01 -2.367094272081428363e-02 -5.149551470272253351e-01 3.796950476473556074e-02
-5.000000000000000000e+00 -9.425151692430099037e-03 -1.170097789235933355e-02 3.826438311459860464e-01 9.994795962623566343e-02 -1.905029444832078145e-01 -1.455379562739973487e-01 -4.331160820086795704e-01 -2.479796360124218169e-01 -2.511684485219000673e-01 3.819987924294779291e-02 -4.449130243559230591e-01 1.379784491407792801e-01
-4.000000000000000000e+00 3.092332061014774203e-02 8.010686229169963757e-03 2.969567796481938915e-01 7.228090654297708584e-02 -1.318615354289834618e-01 -2.587272970172346254e-01 -5.640707077655400248e-01 -2.840161891177125364e-01 -1.582076540051654545e-01 5.615533660438151026e-02 -5.729150823339643761e-01 1.173523390169980141e-01
-3.000000000000000000e+00 1.900622874320395672e-01 2.234577012293436082e-01 4.525879769447708201e-01 2.332286811667731996e-01 2.516895684426286861e-01 -6.045761028248157476e-02 -5.445894198175220691e-01 -9.093017370940664756e-02 -4.399198521024264008e-02 -2.821909083881576560e-02 -6.180041317859811256e-01 3.960673054140972926e-01
-2.000000000000000000e+00 4.928111037537309391e-01 3.995059015703464889e-01 5.932069185602167893e-01 4.504159682717069901e-01 5.061361165630986481e-01 1.709526277230274949e-01 -3.359254272340173597e-01 -1.096421813019298752e-01 -6.234553362085577810e-02 7.659588605537456796e-02 -5.307515150628991929e-01 5.949717533083926924e-01
-1.000000000000000000e+00 7.447918214098105949e-01 5.802605727315937045e-01 7.387282672187039934e-01 6.047855124634562429e-01 5.645521924317791207e-01 3.897946527031439512e-01 -1.065444637524992078e-01 5.387860163456847928e-02 1.176405248544017818e-01 2.532462777713675450e-01 -4.108794490954845724e-01 7.459454481507602486e-01
0.000000000000000000e+00 8.222950431199724797e-01 8.398499683628661838e-01 7.890520821275753827e-01 7.944200379630582676e-01 7.575047507689097737e-01 7.797395353134289886e-01 1.511466549062455145e-01 5.141977529015882009e-01 2.719208044018883719e-01 4.193604379113980984e-01 -1.723408708153566227e-01 8.868990571205084272e-01
1.000000000000000000e+00 8.359265369599215845e-01 8.552082568446790489e-01 5.973260265718145501e-01 8.160755396149249608e-01 7.331070205104311954e-01 7.429332384135844958e-01 2.700124202698027109e-01 5.410710169523198498e-01 2.728651730084699079e-01 5.474817323026068827e-01 -8.315794451402677701e-02 7.963970633584620540e-01
2.000000000000000000e+00 7.183220424889606992e-01 8.180788468521982271e-01 4.902123048658905136e-01 7.883549651021430904e-01 7.316051061323078919e-01 6.682376365346276437e-01 3.328178439641820696e-01 5.488034491924598246e-01 4.831976742184843632e-01 5.212815807755162290e-01 -1.103234057259448730e-02 7.538697418031885533e-01
3.000000000000000000e+00 5.318589542438929563e-01 6.245766966424632916e-01 2.280831759917993640e-01 7.903590072185360249e-01 6.454905286269065900e-01 6.154030227208698856e-01 2.455173811399255501e-01 5.438101567430317917e-01 4.066254698730324968e-01 4.149848379931094788e-01 3.928499007694308959e-02 5.207543507045427900e-01
4.000000000000000000e+00 4.698289778411451900e-01 3.149193589805609483e-01 1.048562466004136218e-01 5.676870545690858583e-01 4.755650679770196954e-01 4.511248470317776871e-01 1.907787261303390269e-01 3.390554047690403361e-01 3.205904308735224584e-01 9.285494372303429444e-02 3.117674154486962945e-02 3.231127754953865283e-01
5.000000000000000000e+00 3.871329987105583958e-01 4.343773071320766177e-01 2.771155122110154356e-01 5.510439289600546076e-01 2.934710623606174851e-01 5.766634778479723389e-01 3.036475769449799578e-01 5.666182925754223998e-01 3.883813629818806956e-01 -2.435684048768104251e-02 1.319124237103191100e-01 3.150767007031597400e-01
6.000000000000000000e+00 4.243437442086678835e-01 3.464014939143971183e-01 3.472631846798165389e-01 3.482451737004491066e-01 1.212279018818551712e-01 2.653877437106614834e-01 1.130834958854695371e-01 2.844564676923972968e-01 3.157569868678488101e-01 -1.619968194838355968e-01 -2.735828967717949395e-02 2.460628154925542654e-01
7.000000000000000000e+00 3.081749870993840679e-01 2.638676709269219822e-01 2.448802179271012402e-01 1.967884866639085517e-01 3.127615273920395650e-02 4.130619043196661483e-02 7.469302931851676264e-03 3.988907704815071453e-02 4.077330012918757851e-01 -2.040568738484596356e-01 -1.610731500629918878e-01 5.054115174335829103e-02
8.000000000000000000e+00 1.084780440573719362e-01 2.050616267562100914e-01 6.112283351673943738e-02 2.715643199270482144e-01 -4.022257110851671508e-02 6.275327118143991800e-02 4.961447284364420285e-02 3.270818423087410443e-01 4.944982124447844241e-01 -1.978507925926406910e-02 -1.027529739302536493e-02 -3.929034161378160833e-02
9.000000000000000000e+00 -8.407313988466215415e-02 -2.420224753104896487e-01 -2.996673014193262374e-01 -5.593067940899894286e-02 -1.178416223402839746e-01 -8.227358654779752534e-02 -1.530390494201648299e-01 -2.842365097279444391e-03 7.019880164039410397e-02 -4.123052604175087010e-01 -1.946420847833234546e-01 -1.730445800381573140e-01
1.000000000000000000e+01 -3.551722912926021380e-01 -3.425562775728934195e-01 -2.380970854760187660e-01 -3.680920455294532934e-01 -3.402194926401685415e-01 -1.362305082884743834e-01 -2.459782917610119912e-01 -2.594250762444538783e-01 -3.320210746502414989e-01 -4.310744164561736841e-02 -2.591392642201295615e-01 -7.902358583787919000e-02
1.100000000000000000e+01 -3.478196545141296614e-01 -2.664712309442255345e-01 -4.879241856701828361e-02 -3.232585602794298962e-01 -1.983646274658087405e-01 -1.798549056009458580e-01 -3.538622215739403720e-01 -3.395817668445946236e-01 -7.289777526807659225e-01 1.267394702564763054e-01 -4.961001841428124282e-01 5.981124753710979902e-03
1.200000000000000000e+01 -1.551045297053549044e-01 -1.360143958816727450e-01 1.843291549309299948e-01 -2.574937516005856297e-01 -2.983999781738320284e-02 -1.997753358875495322e-01 -2.523745542671236852e-01 -4.499567637601904480e-01 -5.692454113402887206e-01 -9.242563473478794533e-02 -4.167286821331569469e-01 1.442804003356115694e-02
1.300000000000000000e+01 6.811710435132271868e-02 1.693989853723330552e-01 3.612501310933967091e-01 9.365823933562347769e-04 6.690437923438147250e-02 -4.058921274413570396e-02 -4.091172844418182741e-01 7.945711671214908400e-02 -8.455208858397536553e-02 3.187838883163020554e-01 -4.399442323348338735e-01 2.211962571614655981e-01
1.400000000000000000e+01 3.000778441241230277e-01 1.322015891132433951e-01 3.778668263828837692e-01 2.108228679141793127e-01 3.424488366491431623e-01 -7.596505944927264831e-04 -1.165655705782508156e-01 -2.197407259766236479e-03 2.308376971479277895e-01 -7.736363045782605752e-02 2.014599446285073037e-01 3.456427609389874922e-01
1.500000000000000000e+01 3.162643972371275147e-01 2.283652246863411284e-01 6.241261755303757486e-01 3.136401848618504684e-01 3.717516157002764832e-01 8.345193717054283367e-02 6.690102110542783809e-02 -2.026409331172923656e-01 3.881773289568626328e-01 5.203826281270211851e-01 1.926496078888494945e-01 4.420570464273852473e-01
