# # time shift (tau) HDelta HGamma HeII4685 HBeta HeI5875 HAlpha HeI5015 OI8446 HeI4471 HeI7065 OIII5007 LyALpha
-1.000000000000000000e+01 -1.558931407521993162e-01 -3.516280148116298632e-01 -1.465547145898106821e-02 -1.447282244850952304e-01 -5.613113140980918736e-01 -5.467626514626622303e-01 -4.531122844682402007e-01 -4.979640019956739772e-01 2.751989669775515845e-01 -1.032374644618553605e-01 -3.809950601639534584e-01 -4.428048562340369254e-01
-9.000000000000000000e+00 -2.503430114911714410e-01 -3.046591828322980922e-01 -1.983243190823095747e-01 -2.673083597461817229e-02 -3.895340595913400206e-01 -2.302958213644528962e-01 -3.268976259397006756e-01 -9.946820991701868508e-02 7.973213944827713118e-02 -6.275152021078393705e-02 -3.487045401320585380e-01 -4.126506787371261864e-01
-8.000000000000000000e+00 -3.963079185124432913e-01 -1.729988880516614980e-01 -4.571734583938939084e-02 -1.167087812577430328e-01 -2.480719424185605371e-01 4.713587343511780464e-02 -2.054005469113591997e-01 1.561654814965963700e-01 -2.327662057545063501e-01 -1.897439395664746176e-01 -2.906129126186124401e-01 -1.159845821113527214e-01
-7.000000000000000000e+00 -1.895139836287185742e-01 -2.894786313929722521e-01 7.381163717126994206e-02 -5.172103477381160275e-01 -3.730284164195750152e-01 -3.470716460928907621e-01 -4.790303697128129312e-01 -4.991846252032319242e-01 -5.188876263870909611e-01 -5.265326666311333920e-02 -5.950501956067433262e-01 1.216042064574778259e-01
-6.000000000000000000e+00 -6.016191407678529030e-02 -7.397012246241338462e-02 2.647296333013582359e-01 -8.144032853295930796e-02 -1.398179379702817193e-01 -1.788914665173690077e-01 -2.339129470340603756e-01 -4.687581549382218160e-01 -1.628078271899231488e-01 7.388959442457915250e-02 -2.877594022257450312e-01 2.577444556075177418e-01
-5.000000000000000000e+00 9.033769688278429910e-02 1.170106852319593022e-01 3.211770844217485266e-01 2.400480944496354574e-01 2.707543426602042058e-01 1.168374948808661440e-01 -2.927737422116238886e-01 -3.340554565415407295e-02 -1.046265803196145261e-01 -2.040693474760334886e-03 -2.309573497604341386e-01 2.691262337198797594e-01
-4.000000000000000000e+00 3.286518423966990343e-01 1.454692474713261685e-01 2.491188905813848942e-01 -4.763281580264162873e-02 3.918535352271330652e-01 1.275587148623466560e-02 -3.940848245454254828e-01 -4.372964129325228322e-02 -1.611063310757224476e-01 -1.766458202429125046e-01 -4.083232564385541608e-01 3.383951082243179531e-01
-3.000000000000000000e+00 6.086801228249202333e-01 6.349720814743774477e-01 6.282416535791890411e-01 4.336006103764513675e-01 5.647007119592998281e-01 3.244765716110710185e-01 8.941734113965937869e-02 1.497997023379788462e-01 1.360689509330952895e-01 2.053574807002854219e-01 -1.245729275046818588e-02 7.558610944384602792e-01
-2.000000000000000000e+00 6.807742745192179035e-01 5.654270154669009951e-01 5.700777585296890049e-01 6.442328868810037745e-01 5.853564485734523704e-01 3.862598510431387577e-01 2.250120018479944695e-01 -2.523825064973768406e-02 2.389964193549631855e-01 3.910009038258955849e-01 6.040283717083604065e-02 6.164489910724544330e-01
-1.000000000000000000e+00 6.697972148689925742e-01 6.112056020590077576e-01 3.363910937282231783e-01 6.363371721817504545e-01 5.450936425129713214e-01 6.002331673158950442e-01 3.009938647254136734e-01 3.227430266075554388e-01 3.737240275347132323e-01 5.374148840065937627e-01 7.748117198742063283e-02 4.655201623612151285e-01
0.000000000000000000e+00 4.610801740004192295e-01 6.812971138901916524e-01 1.131010900546206566e-01 6.703531641794593376e-01 6.126957288578532834e-01 8.064878328200756341e-01 4.115874109780408019e-01 1.000000000000000000e+00 3.260461554727791533e-01 4.190272714139062771e-01 2.035686230239994177e-01 4.441151442354137058e-01
1.000000000000000000e+00 2.566358998675437597e-01 2.332161410200597751e-01 -7.960726747887039711e-02 3.299706259399612929e-01 1.710138659306554010e-01 3.091540677209951293e-01 4.013239499323305592e-01 3.227430266075554388e-01 2.527576023913037373e-01 4.158584696491428312e-02 2.399439815936622589e-01 1.236840012143060330e-01
2.000000000000000000e+00 -6.128304939239900134e-02 -3.144411926694838655e-02 -8.459704336633647181e-02 -9.235733629749651175e-03 -1.410855608441778375e-01 -5.437628477638062341e-02 3.926217321504921198e-02 -2.523825064973768406e-02 1.854228525373073644e-02 -6.356422357308096072e-02 -2.160974384502369755e-02 -2.042083887134224507e-02
3.000000000000000000e+00 -1.719314652629866380e-01 -1.653669248498026711e-01 -1.880776943991780970e-01 4.977429808207460560e-02 -1.109769522940022290e-01 -2.101324941271551922e-03 5.106899927830060859e-02 1.497997023379788739e-01 4.867259971627945631e-02 -2.167522855741446375e-01 2.018003155232031276e-01 -3.299519681178156860e-01
4.000000000000000000e+00 -1.505537987774058228e-01 -2.737441595351671753e-01 -1.998343634651199019e-01 -2.223246823076358014e-01 -3.250251584378901493e-01 -1.902498217980178874e-01 2.481674248286483420e-02 -4.372964129325228322e-02 -4.479608604596888033e-02 -4.626860168196254008e-01 1.102952233542970617e-01 -4.298081292402573528e-01
5.000000000000000000e+00 -2.885042730412484824e-01 -1.764347024083895987e-01 -5.778160455984363009e-02 -3.269166999630190862e-01 -5.580743342925857942e-01 -3.181591245754333830e-01 -3.116386727365942910e-01 -3.340554565415408683e-02 1.045957762508046979e-01 -2.162886078759700959e-01 -2.127209846425817119e-01 -2.455149230269175198e-01
6.000000000000000000e+00 -2.934274730689473420e-01 -3.293946461030263229e-01 -1.437457030760528887e-01 -3.089276207599420676e-01 -2.117534652852856025e-01 -4.567866508756063815e-01 -2.624544172200034553e-01 -4.687581549382219270e-01 -2.183150405115162618e-01 -2.654536361929635824e-01 -1.328747725728267048e-01 -2.509752565602963448e-01
7.000000000000000000e+00 -3.649273040989547967e-01 -3.833237449759480109e-01 -1.769874104357396782e-01 -2.926973880613805146e-01 -2.426936703859752520e-01 -3.996427673171860095e-01 -2.223902110410412858e-01 -4.991846252032318687e-01 -1.939741881287816994e-01 -1.243934611416276786e-01 -2.268578075133054761e-01 -3.431002815434465725e-01
8.000000000000000000e+00 -1.418759814553717247e-01 -8.868107043865006145e-02 -6.289445532792788118e-02 -9.892983558812512568e-02 -1.693279103719634027e-01 6.474717922253037106e-02 -3.383297277720501706e-01 1.561654814965963700e-01 -2.208127424905901026e-01 1.483536232485910822e-01 -3.443784327105820497e-01 1.712587523388734573e-02
9.000000000000000000e+00 -7.784264852710062743e-02 -1.476863583009450365e-01 -2.894558798925097459e-02 -1.640328322471113764e-01 4.625259913280475865e-02 4.093578675619444218e-02 -1.461683047227502197e-01 -9.946820991701865733e-02 -5.098462743933463992e-01 -1.707739655936836298e-01 -1.736826133956392848e-01 1.417291452139601282e-01
1.000000000000000000e+01 -8.322084767502202496e-02 -3.345109413937059906e-02 4.271529615858357110e-01 -2.111955804975063355e-01 -1.131391855254817724e-01 -1.941463130448677632e-01 -2.153170201403110384e-01 -4.979640019956741437e-01 -2.973755169618746974e-01 2.393857453745286412e-01 -2.200254976131422180e-01 2.120593145380355593e-01
1.100000000000000000e+01 1.749878507003558847e-01 2.594671782188212594e-01 4.495147282007289635e-01 1.920058951367422939e-01 2.980047714431149908e-01 -5.310259020174554201e-03 -2.971752194055429230e-01 -8.649308211477950425e-02 -1.351490907496252780e-01 3.903009386252173640e-01 -3.706827621584102284e-01 2.615845523719587118e-01
1.200000000000000000e+01 4.409226329781208986e-01 3.260192528871839190e-01 3.786792719947061903e-01 4.250127075677100352e-01 5.741173483034966996e-01 2.371712415788678752e-01 1.896708379752779228e-01 1.907710771108234171e-01 4.043954399426585855e-01 8.287119493051205155e-02 2.770092605354429471e-01 2.818685302716067431e-01
1.300000000000000000e+01 5.929079917662871679e-01 5.156204352642347333e-01 4.153263361924716124e-01 5.687815363648947020e-01 4.472831099747858197e-01 5.352194657716070614e-01 2.248404983386781963e-01 5.460836367160707416e-01 6.482804154510795058e-01 5.656955349422851942e-01 2.038990720427562575e-01 5.243544479583241991e-01
1.400000000000000000e+01 4.942510767486248957e-01 4.143971193818191678e-01 3.057527887581822368e-01 5.006105086929369952e-01 4.415489223088239212e-01 4.786440242994345340e-01 4.158277574084933703e-01 2.594510897611806977e-01 4.153874351085610206e-01 3.325211063519712962e-01 3.741809134030555928e-01 5.399835208094625472e-01
1.500000000000000000e+01 4.282946194179030885e-01 5.249184067960935840e-01 2.895099264254000770e-01 4.957614982841194728e-01 5.143313974953396261e-01 5.491880458475668636e-01 6.560243080721095410e-01 2.432111792963008723e-01 2.707966162148539024e-01 4.892587944487696294e-01 3.868991143445793535e-01 4.006760541809235576e-01
