# # time shift (tau) HDelta HGamma HeII4685 HBeta HeI5875 HAlpha HeI5015 OI8446 HeI4471 HeI7065 OIII5007 LyALpha
-5.000000000000000000e+00 -8.240687608069627301e-02 3.097967961444132029e-02 -7.017883021827012180e-02 2.051842111808662161e-01 3.307044792008557721e-01 2.343890515803965791e-01 -2.247646849042698736e-01 5.552169516483790312e-02 -1.501655684437268601e-01 2.933653305781076526e-01 -2.957500826379994008e-01 2.771501577618035173e-01
-4.500000000000000000e+00 -1.027393501232558987e-01 -3.997049147202021147e-02 -9.171511357288544830e-02 1.668420480545999562e-01 2.978136974480954380e-01 3.128910603230836696e-01 -1.912002331817419798e-01 4.054690359388252174e-02 -2.037481418190863758e-01 2.549640502486689719e-01 -2.406231536740938703e-01 2.598711724289153313e-01
-4.000000000000000000e+00 6.083706510207873702e-02 -3.306855914758335957e-02 -3.990941928677438355e-03 1.332454799981623306e-01 2.422326765944895488e-01 2.937547747226001427e-01 -6.725498305750469974e-02 -8.780526605108779359e-02 -2.233772048473536553e-01 1.553611759195485109e-01 -8.371904494404369679e-02 2.836821493570151342e-01
-3.500000000000000000e+00 1.735981381277173496e-01 1.121093254535275724e-01 1.950525041700416351e-01 1.977283042474344832e-01 3.247149423360469744e-01 3.083369565847577376e-01 -1.372386945389946489e-01 -1.126691638418407526e-01 -2.763137249202376466e-01 7.421420070200532293e-02 -1.922867181218692600e-01 4.128005464798631952e-01
-3.000000000000000000e+00 1.119935035612775187e-01 1.376394270670959763e-01 2.622263879003517983e-01 9.688798826002260889e-02 3.015744988346274469e-01 2.162728088705323515e-01 -1.492571139983230877e-01 -4.969581451027337005e-02 -3.770784424991891481e-01 -1.142510077484678588e-01 -2.271553912672636955e-01 3.722885572697288703e-01
-2.500000000000000000e+00 3.627643423732729855e-01 3.827337118181902698e-01 4.860765172190046335e-01 3.138741360810911041e-01 4.308017392948315649e-01 3.188298817044059597e-01 -5.931189796395888031e-02 -3.442020573945547834e-03 -1.114364225196482483e-01 -2.786610000592984471e-02 -1.762455511569895328e-01 4.931121299423856241e-01
-2.000000000000000000e+00 5.457202406642638337e-01 4.751795841680939159e-01 6.005196255105720304e-01 3.620112193867077166e-01 3.386638804494211397e-01 2.672171011889802328e-01 -3.814105941851084897e-02 -2.171230333889838382e-02 1.805578679008223164e-01 4.842322691214917540e-02 -8.643103147850539347e-02 5.087269973608199436e-01
-1.500000000000000000e+00 6.535245896890652384e-01 5.919365875875581828e-01 5.969222499582431674e-01 5.318139091495116544e-01 4.879388134726189152e-01 3.688223362724966092e-01 9.916203774845230856e-02 2.130542361068799573e-01 3.694824104640080931e-01 1.471952620314365690e-01 -4.113121449903971855e-02 5.259162706773792273e-01
-1.000000000000000000e+00 5.229810151440672517e-01 4.784062304444164360e-01 3.624612051982860628e-01 4.792440833381242382e-01 4.695472396630517853e-01 3.081084825729947241e-01 1.770913984307875277e-01 2.774736174859308013e-01 3.567549166665653360e-01 1.513974902093579433e-01 6.739041590352913558e-02 3.678104583251706750e-01
-5.000000000000000000e-01 5.770523122120836401e-01 5.375229533298971907e-01 3.645536480635195864e-01 6.119365296537208065e-01 4.231756434694546876e-01 4.460316478184296884e-01 3.627456749982588269e-01 4.359646622764806190e-01 8.190878877187972584e-01 2.712282273283838085e-01 2.398206505160870028e-01 3.802472563638771286e-01
0.000000000000000000e+00 4.564310120729410114e-01 4.328617859360222031e-01 2.700381059527520167e-01 5.907625009951321671e-01 2.308959834578242498e-01 4.137794618421774540e-01 4.781480834089374410e-01 3.805404496844538298e-01 1.000000000000000000e+00 2.925041715654201901e-01 4.263597113749639234e-01 2.733643659809263382e-01
5.000000000000000000e-01 3.538687302399683432e-01 3.425643565475619545e-01 2.577853329529363260e-02 4.885367978946998369e-01 2.929213204463627651e-01 4.214130125396789994e-01 3.658727148740077428e-01 4.276685139811502445e-01 8.190878877187972584e-01 2.741052948702283887e-01 3.121452062239916669e-01 1.785730162517552289e-01
1.000000000000000000e+00 1.387962768133201019e-01 1.544571622181001858e-01 -2.375086244478368247e-01 2.706253824291307009e-01 2.696853935259824198e-01 3.288277622772354802e-01 1.236981854752898236e-01 3.314528784319311638e-01 3.567549166665653360e-01 1.508836089856732121e-01 7.554014519841457942e-02 4.717278481318867150e-02
1.500000000000000000e+00 4.823448957839154838e-02 9.047892379938324292e-02 -3.170166620098089916e-01 1.945499212196905026e-01 2.335283501019884966e-01 3.246645785054889655e-01 2.211720806178952281e-01 3.197088320614006607e-01 3.694824104640080931e-01 3.291366270559603624e-02 1.015805210499841627e-01 1.353337504421827514e-02
2.000000000000000000e+00 -8.528649927135867337e-02 -3.093849684417170065e-02 -3.706395838206832383e-01 3.604975467206219392e-02 8.296017956109320857e-02 2.289269286398679104e-01 2.176599874782689237e-01 1.741242388480866987e-01 1.805578679008223164e-01 -4.721790410514788844e-02 7.286904937076638111e-02 -7.732581703529889383e-02
2.500000000000000000e+00 -9.294392692175462711e-02 -3.930527743254870476e-02 -2.990221428660576608e-01 -1.978749496336108804e-02 3.521353731439684498e-02 2.162526692193142142e-01 3.675661991291749864e-01 1.016690505582290294e-01 -1.114364225196482483e-01 -1.613388510080654981e-01 1.703909669984029485e-01 -3.333507605918332312e-02
3.000000000000000000e+00 -9.073058876146831986e-02 -4.727990960018085137e-02 -1.709959108254341942e-01 -7.306746226419852386e-02 -7.967684189663246097e-03 1.620785822086116545e-01 3.481783519027695784e-01 5.020085823823627197e-02 -3.770784424991891481e-01 -2.312665032883111094e-01 1.600773452224569238e-01 9.098259672886528648e-03
3.500000000000000000e+00 -6.760946104877268992e-02 -1.329735268391469272e-01 -5.719115244663448838e-02 -1.747645077876399111e-01 -1.834526793636150344e-01 3.747298929560261699e-02 1.949915162710452177e-01 -6.116025923285686727e-02 -2.763137249202376466e-01 -3.367504079695978203e-01 8.476294636228023927e-02 -1.564039744323479642e-02
4.000000000000000000e+00 -1.296502068534349239e-01 -2.271199186739287779e-01 -3.664682050068923669e-03 -3.136585808594740676e-01 -3.399888084522220688e-01 -1.256303103194859050e-01 -1.449552045801058217e-02 -1.557324648488633834e-01 -2.233772048473536553e-01 -3.408778882425834711e-01 -1.244268831954319435e-03 -1.221783038847136377e-01
4.500000000000000000e+00 -1.013587164447158767e-01 -1.605524597785336627e-01 -8.771886400964271774e-03 -3.306355287488317307e-01 -3.107390168683292209e-01 -1.272203245955429163e-01 3.735385416335415543e-02 -1.226753035333411623e-01 -2.037481418190863758e-01 -2.657785244173448413e-01 1.948965908053188201e-01 -1.261452319978706160e-01
5.000000000000000000e+00 -1.014657031944646570e-01 -1.108128631937265185e-01 -5.400227511171343253e-02 -3.088650593318466031e-01 -2.673329128539462252e-01 -1.633897282168312315e-01 1.379680850077964760e-02 -6.173144803755533511e-02 -1.501655684437268601e-01 -1.213729942516697385e-01 2.609756302786108151e-01 -1.434154850205786591e-01
5.500000000000000000e+00 -2.532030427774916714e-01 -1.680613189355966153e-01 -1.743197959154251520e-01 -2.993510277262284580e-01 -2.739411172111377857e-01 -3.055850332362847754e-01 5.217105153060699191e-02 -6.740264441068177792e-03 -4.664920500061660313e-02 -8.055946054243798282e-02 3.508497274355525386e-01 -2.815526047520673369e-01
6.000000000000000000e+00 -4.148559550347119540e-01 -2.814845451606471927e-01 -2.676139350556322460e-01 -3.313003820110993480e-01 -2.773554880076631868e-01 -4.538220832715512687e-01 2.443008903620647737e-02 -7.978342074972899489e-02 -1.614708143229410739e-02 -1.407647973551285625e-01 3.365733686055730756e-01 -4.133590208792019549e-01
6.500000000000000000e+00 -4.767702864854213574e-01 -4.132692447440559080e-01 -3.662100515003091639e-01 -4.502520289857264713e-01 -3.053204547248059564e-01 -5.561677873774943937e-01 -6.441729174303525984e-02 -3.831504982257215586e-01 -5.891924069026267807e-02 -1.362819000345601717e-01 2.721315717051416838e-01 -4.599295900313781216e-01
7.000000000000000000e+00 -4.152726480462690661e-01 -4.424310160135013215e-01 -3.236825276929335971e-01 -4.390629976851986305e-01 -2.821632344517276958e-01 -5.567206642092689117e-01 -1.369088839971446814e-01 -5.425202461290741240e-01 9.415352766654755401e-04 -1.045329121528384836e-01 1.695245738226826560e-01 -4.019825459425249159e-01
7.500000000000000000e+00 -4.594410616037994943e-01 -4.544667843326254397e-01 -4.822878941699075828e-01 -4.199726960975764256e-01 -1.875112894721356060e-01 -4.702378142088980972e-01 -2.043062262475421054e-01 -4.744267605454863812e-01 -2.068505964251213802e-01 1.222905841272458327e-01 2.658185648904731052e-02 -4.125652056855574346e-01
8.000000000000000000e+00 -3.692044049697327246e-01 -3.623088974226826298e-01 -4.698239059599388923e-01 -2.692408459733779957e-01 -5.808306684807459236e-02 -2.713338113470720181e-01 -1.646621792097720527e-01 -2.798071598005907878e-01 -2.023078776366102616e-01 2.103405001136104402e-01 -3.173122024436810656e-02 -3.240326074210673202e-01
8.500000000000000000e+00 -3.085234902287642411e-01 -3.526024445038387634e-01 -4.511821421251748787e-01 -2.235368408820480601e-01 -6.643876279177569899e-02 -1.024833969126002775e-01 2.400119344791336665e-02 -1.662940562881198014e-01 -2.378224654936750837e-01 9.963975589143830858e-02 1.226809004313059726e-01 -3.109527755538303850e-01
9.000000000000000000e+00 -1.347070795366626106e-01 -1.884061822506284956e-01 -3.249436349697099047e-01 -3.743485846830558322e-02 5.878079377237738906e-03 1.631263827517241971e-01 3.723109027885815325e-01 5.904814111893801065e-02 -1.360854833009710330e-01 1.751134650771897505e-02 3.468016200411755401e-01 -1.658815649310705354e-01
9.500000000000000000e+00 -1.423935593228834173e-01 -1.097664007165143757e-01 -3.194208634687858428e-01 -9.291753214121407922e-02 -1.128072501631910973e-01 2.139790146664574677e-01 2.646183856930113265e-01 1.330211884652583443e-01 -3.591877046837416154e-01 -2.684796327083807665e-03 1.739082520675122590e-01 -1.945456635997251382e-01
1.000000000000000000e+01 -4.390699977147500405e-02 4.154980748942735391e-02 -1.950644512335840131e-01 -4.892062918368884905e-02 -1.401332791920454901e-01 2.586394906165644936e-01 2.407716976542447762e-01 2.197263520108391210e-01 -3.320590602931710045e-01 -2.121684606608472204e-02 3.799114795342774242e-02 -8.494292615799195478e-02
