# # time shift (tau) HDelta HGamma HeII4685 HBeta HeI5875 HAlpha HeI5015 OI8446 HeI4471 HeI7065 OIII5007 LyALpha
-5.000000000000000000e+00 1.643347274694089977e-01 1.445892156662587358e-01 3.123454620766831780e-01 2.969278788707161998e-01 3.311945029072833613e-01 1.216749097642923494e-01 -2.769945936901122563e-01 8.111815986413035973e-03 -6.173144803755592491e-02 7.712594910198955489e-02 -2.170232136694593139e-01 3.012118707020363662e-01
-4.500000000000000000e+00 2.121308854009848754e-01 1.660767918748059513e-01 2.734947340748932199e-01 1.390572955623042284e-01 4.183930604086584237e-01 1.158049001074547280e-01 -4.062748266650367257e-01 4.096691835188952246e-02 -1.226753035333401354e-01 -7.068302000833991128e-03 -3.700265014943107111e-01 3.201893515038207738e-01
-4.000000000000000000e+00 3.540119853887557233e-01 1.804334636331944297e-01 2.026825556838480480e-01 1.675375520514024719e-02 4.684081495262122363e-01 1.435953489871532873e-01 -3.528109448404573856e-01 5.037213596079273548e-02 -1.557324648488606911e-01 -1.048643525097720519e-01 -3.675502125903757911e-01 3.545220264834997304e-01
-3.500000000000000000e+00 5.546246196871622569e-01 5.259195791190882652e-01 4.588419134476174888e-01 3.182066321005134757e-01 6.302033321304894020e-01 3.098147792335742556e-01 -1.506696096497750215e-01 1.109036004887204996e-01 -6.116025923285494520e-02 9.863237437833513588e-02 -2.372736401506439496e-01 6.417072081497976477e-01
-3.000000000000000000e+00 5.779833481274536666e-01 6.600085315351650328e-01 5.745860909112239234e-01 4.777691745232540144e-01 5.673320887158816994e-01 3.912475258850998117e-01 1.906193689575823580e-01 1.322574644450117964e-01 5.020085823823640381e-02 2.320392647333364977e-01 6.659918683975873943e-02 7.241354823063971269e-01
-2.500000000000000000e+00 7.024873108192828397e-01 6.817655105956959005e-01 6.616916806804751250e-01 6.337381544639630881e-01 6.524490695995412981e-01 4.288013290711175096e-01 2.662660851981000221e-01 2.900184088809977870e-02 1.016690505582316106e-01 3.118650253398372874e-01 5.395452197970840302e-02 7.450410458678953241e-01
-2.000000000000000000e+00 6.627956654048029472e-01 5.532627003087160489e-01 5.782963081617282786e-01 5.966459188743716835e-01 5.344175127342802867e-01 3.367398676197670415e-01 2.008901933231828640e-01 -7.516372742517171690e-02 1.741242388480903069e-01 3.632011095863644790e-01 1.319776012418153940e-02 6.022945387497740111e-01
-1.500000000000000000e+00 7.297331625936095412e-01 6.507588105489320318e-01 5.326595523083192951e-01 6.939214981611351307e-01 6.104451170051801157e-01 5.403066259452165010e-01 2.906193268099270255e-01 1.871043907324904387e-01 3.197088320614034362e-01 5.163484903141489779e-01 2.967641042667602813e-02 5.940221072245657208e-01
-1.000000000000000000e+00 6.607568059422505025e-01 6.193408575848760034e-01 3.431723633596739376e-01 6.256302790564423066e-01 5.288942796333075957e-01 5.737094288452873059e-01 2.760590690949183967e-01 3.045675027131137247e-01 3.314528784319334953e-01 5.250990681537678340e-01 6.307286989580071501e-02 4.428487826105023117e-01
-5.000000000000000000e-01 6.317511679634396637e-01 7.275931387380085713e-01 2.674823124509244643e-01 7.425601234198367928e-01 6.330470560156891136e-01 7.592950075202535842e-01 4.073712602213169776e-01 7.963225106002134179e-01 4.276685139811491343e-01 5.618497205922647897e-01 1.476470997118789485e-01 4.784830487315299141e-01
0.000000000000000000e+00 4.458195696288883014e-01 6.505006750490527345e-01 1.140294854574704919e-01 6.838495906914408007e-01 5.561408010519131029e-01 7.463040955829506329e-01 4.005076296702483885e-01 9.999999999999998890e-01 3.805404496844488893e-01 3.930039164219573666e-01 2.133589535771906742e-01 3.925198970456182934e-01
5.000000000000000000e-01 3.831889279640255941e-01 4.948556308799723635e-01 3.408042887202621107e-02 5.893770506091233763e-01 3.949598545204610067e-01 5.988631870353442466e-01 5.082709799710871668e-01 7.963225106002135290e-01 4.359646622764782320e-01 2.398060900010322294e-01 3.008214554863407608e-01 2.835872699031996014e-01
1.000000000000000000e+00 2.008959405960408229e-01 1.780744148803743432e-01 -1.051717822053223061e-01 3.041346731485295996e-01 9.718974540518866834e-02 2.586528897927636850e-01 3.675438714268681739e-01 3.045675027131137247e-01 2.774736174859323556e-01 -7.290290479955710209e-04 2.314512649241687869e-01 4.876272782011482898e-02
1.500000000000000000e+00 1.262064522593617788e-01 1.296042548198189925e-01 -6.960426255824407604e-02 2.264591938835497087e-01 2.779670129860399574e-02 1.528145331900394588e-01 2.373084098081656157e-01 1.871043907324904665e-01 2.130542361068812618e-01 -2.420512774259393068e-02 1.039532322281369325e-01 8.752212352236725390e-02
2.000000000000000000e+00 -1.315309483040433269e-01 -8.952286463257017046e-02 -1.140802754911657557e-01 -6.861761031867080751e-02 -2.119377984047746410e-01 -1.168364144948728089e-01 -7.273683865407792881e-02 -7.516372742517170302e-02 -2.171230333889871689e-02 -4.995428488132426514e-02 -1.235843566594614640e-01 -5.488387692210245500e-02
2.500000000000000000e+00 -1.833448242694744601e-01 -1.637937235547921311e-01 -1.630655040834023961e-01 -6.660060009117667323e-03 -1.896215009591530609e-01 -9.817255047020070902e-02 -8.179222799774349406e-02 2.900184088809977523e-02 -3.442020573950502205e-03 -1.609975806152951772e-01 -4.462095979608328433e-02 -2.165884003293713223e-01
3.000000000000000000e+00 -2.119852980812751142e-01 -2.208560956975860745e-01 -1.857588346644764299e-01 1.031126607861630740e-02 -1.347606435767674804e-01 -5.814466628342677967e-02 -3.575157813190137090e-02 1.322574644450118242e-01 -4.969581451028179386e-02 -2.458976075943274386e-01 6.684231575018745319e-02 -3.458036685554619072e-01
3.500000000000000000e+00 -2.033009370729315091e-01 -2.790164589316209698e-01 -1.750265962815435450e-01 -1.016083387716386344e-01 -2.650240778446469325e-01 -1.492081452900823613e-01 -2.501189542427399368e-02 1.109036004887204996e-01 -1.126691638418458874e-01 -4.475436201462319463e-01 4.571578515138938897e-02 -4.215273150673465308e-01
4.000000000000000000e+00 -1.483008383621862158e-01 -2.411981523035326980e-01 -1.094492748184955344e-01 -1.773269781685904989e-01 -3.398552473705867549e-01 -1.783223251074526061e-01 -5.394477656667680254e-02 5.037213596079277711e-02 -8.780526605108796012e-02 -4.420375688497286681e-01 -2.063467040368172425e-02 -3.807635224921037675e-01
4.500000000000000000e+00 -2.117589508703530965e-01 -2.072200248734387684e-01 -8.359918750380869457e-03 -2.797321376844879026e-01 -5.447708341583924474e-01 -2.700946685875472708e-01 -3.126904642512167154e-01 4.096691835188952940e-02 4.054690359388418708e-02 -4.233417715897563882e-01 -2.473579677192512538e-01 -2.916659334987882768e-01
5.000000000000000000e+00 -2.288781831713928572e-01 -1.441969917170490834e-01 1.671939681195873384e-02 -2.933157508498428490e-01 -5.079915055601516016e-01 -2.755437877996302909e-01 -3.997261748750252641e-01 8.111815986413015156e-03 5.552169516483974887e-02 -2.624688402305729307e-01 -3.276187806852304263e-01 -1.640201066050765710e-01
5.500000000000000000e+00 -2.064876037493408034e-01 -2.118919272889104588e-01 2.303193188778963202e-02 -2.921727084820168185e-01 -3.312646460150882044e-01 -3.767744882811903118e-01 -3.727753309406020010e-01 -3.096193646403130328e-01 -8.472917425498978361e-02 -2.646507827504139820e-01 -2.563497019228967999e-01 -1.258810746636385702e-01
6.000000000000000000e+00 -2.130326178839972162e-01 -2.701141310033773335e-01 -2.071493770801793172e-02 -2.768319079761794033e-01 -1.652091229549577100e-01 -4.098881167252044766e-01 -2.851103205974505617e-01 -4.728309632011057362e-01 -2.072212113850815107e-01 -2.377079265932020014e-01 -1.675717907406934493e-01 -1.329218200064206101e-01
6.500000000000000000e+00 -2.847922841192308541e-01 -3.130333016862903994e-01 -3.732639917506117011e-02 -2.498501796157325816e-01 -1.792645561118084707e-01 -4.453140461183028864e-01 -2.885582601750005249e-01 -5.543959732830436860e-01 -1.773168742812573639e-01 -1.332832976455310681e-01 -2.734313907895484785e-01 -2.173744382769472461e-01
7.000000000000000000e+00 -3.027058145681426615e-01 -3.138173712645647151e-01 -4.037201035824243556e-02 -2.285952691937974957e-01 -1.949282616504134924e-01 -4.001126744236873645e-01 -2.811976193687077408e-01 -5.092273740130268678e-01 -1.673593239287448076e-01 -1.215752431007732781e-02 -2.923334439276841223e-01 -2.302521028819005666e-01
7.500000000000000000e+00 -2.123966855042676571e-01 -1.832021169116847537e-01 -1.488726408227242226e-02 -1.706547173916742599e-01 -1.496673142084353203e-01 -1.660718501184327844e-01 -3.879880926139644415e-01 -2.326145765560333478e-01 -2.627496096569857387e-01 1.847077270788931302e-01 -3.874272366199343898e-01 -8.577634546084998701e-02
8.000000000000000000e+00 -2.622532273173858522e-02 9.758131047095303101e-03 5.785356642324456650e-02 1.164759352788052871e-02 1.269698929389107001e-03 1.270489951269335172e-01 -3.468742981314600904e-01 9.891574113828865977e-02 -1.770084113792715075e-01 2.537436954400178468e-01 -3.865841435408458038e-01 1.337115958791594839e-01
8.500000000000000000e+00 6.160018998343786550e-02 2.112476110248551198e-02 3.700956077614240419e-02 1.961239900427375060e-02 2.018607151884830309e-01 2.186963002713066817e-01 -2.174579394293749690e-01 8.186167696696200480e-02 -3.410610091842629643e-01 1.017161414339416703e-01 -3.337351690276058047e-01 2.448402747613679653e-01
9.000000000000000000e+00 9.172041207028105991e-02 2.837482573476947378e-02 8.428113175146415004e-02 6.805360871319762750e-03 2.506968272708831602e-01 2.267555151688652737e-01 -4.175178392383106785e-02 -5.317386857987615317e-03 -4.119497943598496859e-01 -8.711242636359403657e-05 -1.608204660276782438e-01 2.960049457010182072e-01
9.500000000000000000e+00 1.519124125549464188e-01 1.277030848608554925e-01 4.203502177912811777e-01 8.012399724818746599e-03 1.194426988404092560e-01 1.634308364607122699e-01 3.022882125480320231e-02 -2.424767310168201018e-01 -2.098522340299271982e-01 2.262197928869428276e-01 -8.114289029763696592e-02 4.361524480600341147e-01
1.000000000000000000e+01 1.506758197261647558e-01 1.706873795364480806e-01 5.927778820771580914e-01 -1.774397086125683448e-03 3.837198171253507206e-02 1.946923497483774718e-02 -9.112241298311898885e-02 -3.740653274394657446e-01 -1.355227153774392901e-01 3.853707572399249770e-01 -2.046043104128527634e-01 4.163549176900340765e-01
