# time shift (tau) 	 correlation coefficient 	 number of simulations: 10000	 FR: True	 RSS: True
-1.000000000000000000e+01 4.000000000000000000e+00
-9.000000000000000000e+00 0.000000000000000000e+00
-8.000000000000000000e+00 0.000000000000000000e+00
-7.000000000000000000e+00 0.000000000000000000e+00
-6.000000000000000000e+00 2.000000000000000000e+00
-5.000000000000000000e+00 5.000000000000000000e+00
-4.000000000000000000e+00 7.000000000000000000e+00
-3.000000000000000000e+00 1.100000000000000000e+01
-2.000000000000000000e+00 3.000000000000000000e+01
-1.000000000000000000e+00 5.100000000000000000e+01
0.000000000000000000e+00 2.630000000000000000e+02
1.000000000000000000e+00 3.759000000000000000e+03
2.000000000000000000e+00 1.863000000000000000e+03
3.000000000000000000e+00 1.676000000000000000e+03
4.000000000000000000e+00 1.132000000000000000e+03
5.000000000000000000e+00 6.220000000000000000e+02
6.000000000000000000e+00 2.460000000000000000e+02
7.000000000000000000e+00 1.220000000000000000e+02
8.000000000000000000e+00 9.100000000000000000e+01
9.000000000000000000e+00 3.800000000000000000e+01
1.000000000000000000e+01 6.000000000000000000e+00
1.100000000000000000e+01 6.000000000000000000e+00
1.200000000000000000e+01 2.000000000000000000e+00
1.300000000000000000e+01 0.000000000000000000e+00
1.400000000000000000e+01 4.000000000000000000e+00
1.500000000000000000e+01 6.000000000000000000e+01
