# time shift (tau) 	 correlation coefficient 	 number of simulations: 10000	 FR: True	 RSS: True
-1.000000000000000000e+01 2.450000000000000000e+02
-9.000000000000000000e+00 1.720000000000000000e+02
-8.000000000000000000e+00 4.300000000000000000e+01
-7.000000000000000000e+00 1.000000000000000000e+01
-6.000000000000000000e+00 5.500000000000000000e+01
-5.000000000000000000e+00 9.300000000000000000e+01
-4.000000000000000000e+00 1.240000000000000000e+02
-3.000000000000000000e+00 2.050000000000000000e+02
-2.000000000000000000e+00 2.180000000000000000e+02
-1.000000000000000000e+00 2.870000000000000000e+02
0.000000000000000000e+00 2.940000000000000000e+02
1.000000000000000000e+00 3.330000000000000000e+02
2.000000000000000000e+00 4.450000000000000000e+02
3.000000000000000000e+00 2.005000000000000000e+03
4.000000000000000000e+00 1.690000000000000000e+03
5.000000000000000000e+00 1.394000000000000000e+03
6.000000000000000000e+00 7.970000000000000000e+02
7.000000000000000000e+00 4.080000000000000000e+02
8.000000000000000000e+00 2.510000000000000000e+02
9.000000000000000000e+00 2.720000000000000000e+02
1.000000000000000000e+01 1.030000000000000000e+02
1.100000000000000000e+01 1.200000000000000000e+02
1.200000000000000000e+01 2.060000000000000000e+02
1.300000000000000000e+01 1.080000000000000000e+02
1.400000000000000000e+01 1.100000000000000000e+01
1.500000000000000000e+01 1.110000000000000000e+02
