# time shift (tau) 	 correlation coefficient 	 number of simulations: 10000	 FR: True	 RSS: True
-1.000000000000000000e+01 1.874000000000000000e+03
-9.000000000000000000e+00 5.100000000000000000e+01
-8.000000000000000000e+00 1.400000000000000000e+01
-7.000000000000000000e+00 1.100000000000000000e+01
-6.000000000000000000e+00 1.000000000000000000e+01
-5.000000000000000000e+00 7.000000000000000000e+00
-4.000000000000000000e+00 0.000000000000000000e+00
-3.000000000000000000e+00 0.000000000000000000e+00
-2.000000000000000000e+00 0.000000000000000000e+00
-1.000000000000000000e+00 0.000000000000000000e+00
0.000000000000000000e+00 1.600000000000000000e+01
1.000000000000000000e+00 4.650000000000000000e+02
2.000000000000000000e+00 1.089000000000000000e+03
3.000000000000000000e+00 6.430000000000000000e+02
4.000000000000000000e+00 4.260000000000000000e+02
5.000000000000000000e+00 5.990000000000000000e+02
6.000000000000000000e+00 8.560000000000000000e+02
7.000000000000000000e+00 5.420000000000000000e+02
8.000000000000000000e+00 2.190000000000000000e+02
9.000000000000000000e+00 1.880000000000000000e+02
1.000000000000000000e+01 5.280000000000000000e+02
1.100000000000000000e+01 1.062000000000000000e+03
1.200000000000000000e+01 9.680000000000000000e+02
1.300000000000000000e+01 2.660000000000000000e+02
1.400000000000000000e+01 3.800000000000000000e+01
1.500000000000000000e+01 1.280000000000000000e+02
