# time shift (tau) 	 correlation coefficient 	 number of simulations: 10000	 FR: True	 RSS: True
-1.000000000000000000e+01 2.726000000000000000e+03
-9.000000000000000000e+00 1.730000000000000000e+02
-8.000000000000000000e+00 3.100000000000000000e+01
-7.000000000000000000e+00 1.200000000000000000e+01
-6.000000000000000000e+00 2.000000000000000000e+00
-5.000000000000000000e+00 6.000000000000000000e+00
-4.000000000000000000e+00 0.000000000000000000e+00
-3.000000000000000000e+00 0.000000000000000000e+00
-2.000000000000000000e+00 0.000000000000000000e+00
-1.000000000000000000e+00 0.000000000000000000e+00
0.000000000000000000e+00 0.000000000000000000e+00
1.000000000000000000e+00 4.000000000000000000e+00
2.000000000000000000e+00 4.600000000000000000e+01
3.000000000000000000e+00 1.600000000000000000e+01
4.000000000000000000e+00 1.100000000000000000e+01
5.000000000000000000e+00 1.840000000000000000e+02
6.000000000000000000e+00 4.290000000000000000e+02
7.000000000000000000e+00 4.220000000000000000e+02
8.000000000000000000e+00 9.330000000000000000e+02
9.000000000000000000e+00 1.134000000000000000e+03
1.000000000000000000e+01 2.230000000000000000e+02
1.100000000000000000e+01 1.790000000000000000e+02
1.200000000000000000e+01 9.400000000000000000e+01
1.300000000000000000e+01 2.900000000000000000e+02
1.400000000000000000e+01 7.000000000000000000e+02
1.500000000000000000e+01 2.385000000000000000e+03
