# time shift (tau) 	 correlation coefficient 	 number of simulations: 20000	 FR: True	 RSS: True
-1.000000000000000000e+01 2.610000000000000000e+02
-9.000000000000000000e+00 3.480000000000000000e+02
-8.000000000000000000e+00 5.400000000000000000e+01
-7.000000000000000000e+00 1.400000000000000000e+01
-6.000000000000000000e+00 1.600000000000000000e+02
-5.000000000000000000e+00 1.890000000000000000e+02
-4.000000000000000000e+00 2.960000000000000000e+02
-3.000000000000000000e+00 4.830000000000000000e+02
-2.000000000000000000e+00 3.350000000000000000e+02
-1.000000000000000000e+00 6.270000000000000000e+02
0.000000000000000000e+00 5.190000000000000000e+02
1.000000000000000000e+00 7.340000000000000000e+02
2.000000000000000000e+00 7.180000000000000000e+02
3.000000000000000000e+00 3.591000000000000000e+03
4.000000000000000000e+00 4.238000000000000000e+03
5.000000000000000000e+00 4.815000000000000000e+03
6.000000000000000000e+00 1.038000000000000000e+03
7.000000000000000000e+00 6.520000000000000000e+02
8.000000000000000000e+00 1.060000000000000000e+02
9.000000000000000000e+00 5.400000000000000000e+01
1.000000000000000000e+01 2.590000000000000000e+02
1.100000000000000000e+01 1.980000000000000000e+02
1.200000000000000000e+01 5.900000000000000000e+01
1.300000000000000000e+01 4.900000000000000000e+01
1.400000000000000000e+01 1.200000000000000000e+01
1.500000000000000000e+01 1.910000000000000000e+02
