# time shift (tau) 	 correlation coefficient 	 number of simulations: 20000	 FR: True	 RSS: True
-1.000000000000000000e+01 1.000000000000000000e+00
-9.000000000000000000e+00 2.000000000000000000e+00
-8.000000000000000000e+00 1.700000000000000000e+01
-7.000000000000000000e+00 2.900000000000000000e+01
-6.000000000000000000e+00 5.900000000000000000e+01
-5.000000000000000000e+00 1.270000000000000000e+02
-4.000000000000000000e+00 2.500000000000000000e+02
-3.000000000000000000e+00 1.500000000000000000e+02
-2.000000000000000000e+00 1.840000000000000000e+02
-1.000000000000000000e+00 2.220000000000000000e+02
0.000000000000000000e+00 1.222000000000000000e+03
1.000000000000000000e+00 1.723700000000000000e+04
2.000000000000000000e+00 1.130000000000000000e+02
3.000000000000000000e+00 2.500000000000000000e+01
4.000000000000000000e+00 4.300000000000000000e+01
5.000000000000000000e+00 1.720000000000000000e+02
6.000000000000000000e+00 6.100000000000000000e+01
7.000000000000000000e+00 4.500000000000000000e+01
8.000000000000000000e+00 2.400000000000000000e+01
9.000000000000000000e+00 7.000000000000000000e+00
1.000000000000000000e+01 0.000000000000000000e+00
1.100000000000000000e+01 0.000000000000000000e+00
1.200000000000000000e+01 0.000000000000000000e+00
1.300000000000000000e+01 6.000000000000000000e+00
1.400000000000000000e+01 4.000000000000000000e+00
1.500000000000000000e+01 0.000000000000000000e+00
