# time shift (tau) 	 correlation coefficient 	 number of simulations: 20000	 FR: True	 RSS: True
-1.000000000000000000e+01 0.000000000000000000e+00
-9.000000000000000000e+00 0.000000000000000000e+00
-8.000000000000000000e+00 0.000000000000000000e+00
-7.000000000000000000e+00 0.000000000000000000e+00
-6.000000000000000000e+00 2.000000000000000000e+00
-5.000000000000000000e+00 6.000000000000000000e+00
-4.000000000000000000e+00 3.400000000000000000e+01
-3.000000000000000000e+00 8.100000000000000000e+01
-2.000000000000000000e+00 2.870000000000000000e+02
-1.000000000000000000e+00 2.427000000000000000e+03
0.000000000000000000e+00 1.664000000000000000e+04
1.000000000000000000e+00 1.500000000000000000e+02
2.000000000000000000e+00 3.300000000000000000e+01
3.000000000000000000e+00 4.300000000000000000e+01
4.000000000000000000e+00 1.360000000000000000e+02
5.000000000000000000e+00 1.250000000000000000e+02
6.000000000000000000e+00 1.600000000000000000e+01
7.000000000000000000e+00 1.000000000000000000e+01
8.000000000000000000e+00 7.000000000000000000e+00
9.000000000000000000e+00 3.000000000000000000e+00
1.000000000000000000e+01 0.000000000000000000e+00
1.100000000000000000e+01 0.000000000000000000e+00
1.200000000000000000e+01 0.000000000000000000e+00
1.300000000000000000e+01 0.000000000000000000e+00
1.400000000000000000e+01 0.000000000000000000e+00
1.500000000000000000e+01 0.000000000000000000e+00
