# time shift (tau) 	 correlation coefficient 	 number of simulations: 10000	 FR: True	 RSS: True
-1.000000000000000000e+01 8.000000000000000000e+00
-9.000000000000000000e+00 2.000000000000000000e+00
-8.000000000000000000e+00 0.000000000000000000e+00
-7.000000000000000000e+00 1.000000000000000000e+00
-6.000000000000000000e+00 1.000000000000000000e+00
-5.000000000000000000e+00 2.000000000000000000e+00
-4.000000000000000000e+00 7.000000000000000000e+00
-3.000000000000000000e+00 9.000000000000000000e+00
-2.000000000000000000e+00 1.500000000000000000e+01
-1.000000000000000000e+00 2.700000000000000000e+01
0.000000000000000000e+00 2.700000000000000000e+01
1.000000000000000000e+00 1.050000000000000000e+02
2.000000000000000000e+00 1.461000000000000000e+03
3.000000000000000000e+00 5.870000000000000000e+02
4.000000000000000000e+00 9.150000000000000000e+02
5.000000000000000000e+00 1.336000000000000000e+03
6.000000000000000000e+00 1.148000000000000000e+03
7.000000000000000000e+00 4.070000000000000000e+02
8.000000000000000000e+00 1.207000000000000000e+03
9.000000000000000000e+00 2.594000000000000000e+03
1.000000000000000000e+01 2.800000000000000000e+01
1.100000000000000000e+01 4.900000000000000000e+01
1.200000000000000000e+01 5.300000000000000000e+01
1.300000000000000000e+01 1.000000000000000000e+00
1.400000000000000000e+01 0.000000000000000000e+00
1.500000000000000000e+01 1.000000000000000000e+01
