# # time shift (tau) UVW2 Cont1150_not_optical_calibrated LyAlpha_not_optical_calibrated HBeta_not_optical_calibrated OI8446_not_optical_calibrated Cont1460_not_optical_calibrated
-9.000000000000000000e+00 -4.363357278798764560e-01 -1.137879811527173490e-01 -2.343227148752967670e-01 2.154193719946067009e-01 4.991278895673130767e-01 -7.972989308998153224e-02
-8.000000000000000000e+00 -1.765553365169410527e-01 8.313648438130696872e-02 -1.326398447960236981e-01 2.144257299161388408e-01 5.117253941883601609e-01 1.452778723384025028e-01
-7.000000000000000000e+00 4.291157032718669745e-02 2.704705404141284353e-01 6.374164592258259321e-02 4.035341733104363393e-01 3.255427872089524666e-01 3.472818830659800127e-01
-6.000000000000000000e+00 1.632019961670877484e-01 3.293056039238372312e-01 1.923149387853383407e-01 3.749784391773279268e-01 3.289960524698810618e-01 4.238033977386003182e-01
-5.000000000000000000e+00 2.615461163777040854e-01 3.899860528075085875e-01 1.838096002667239381e-01 2.870632145668520208e-01 1.860496655801997523e-01 4.579999400068784365e-01
-4.000000000000000000e+00 3.643496053777500743e-01 3.415919671171767646e-01 1.487281359536867797e-01 2.814759934751572823e-01 2.604939502376980159e-02 3.795325112458538541e-01
-3.000000000000000000e+00 4.733987391986865800e-01 4.043596606472499300e-01 1.972309739961058128e-01 2.474267444371004987e-01 -8.228971619343042332e-02 4.169820280442541049e-01
-2.000000000000000000e+00 5.994877836719407771e-01 6.001216271525509072e-01 2.705713439827046596e-01 2.278959242308584432e-01 -1.227506660055699000e-01 6.169629525662796432e-01
-1.000000000000000000e+00 8.317687240812956517e-01 8.365064402413235900e-01 4.735146933429903449e-01 4.115801797513854998e-01 4.626409988192210776e-02 8.427694512652859071e-01
0.000000000000000000e+00 9.999999999999997780e-01 8.957243150915907837e-01 7.540805999855004771e-01 6.610711445785064644e-01 2.546034671467504173e-01 9.389580477721702900e-01
1.000000000000000000e+00 8.317687240812955407e-01 7.064298125579532295e-01 8.978481969702644117e-01 8.146493071823983634e-01 4.395550596730057880e-01 7.824804897714370266e-01
2.000000000000000000e+00 5.994877836719407771e-01 4.993709971972655204e-01 7.885912020384240328e-01 7.792557777924735696e-01 3.978518064568838941e-01 5.640251887273703968e-01
3.000000000000000000e+00 4.733987391986865245e-01 2.933994238626627671e-01 6.447513605501564715e-01 6.382329955450971593e-01 4.733971844443118915e-01 3.519474911214341417e-01
4.000000000000000000e+00 3.643496053777500743e-01 2.094727569916202126e-01 6.009501881851906369e-01 5.526836099248632062e-01 4.282832008374535260e-01 2.716277166217386241e-01
5.000000000000000000e+00 2.615461163777040854e-01 1.539069776340787898e-01 4.733488395740184096e-01 4.239795435277071700e-01 2.041260931743457130e-01 2.289912962261398954e-01
6.000000000000000000e+00 1.632019961670877484e-01 1.878661286234579730e-01 2.544906587210890025e-01 2.950272349043401854e-01 1.985089278449199135e-01 2.113708491432449987e-01
7.000000000000000000e+00 4.291157032718667663e-02 1.520744770985096861e-01 8.217386219723675500e-02 1.894649642559048663e-01 3.544213135790816871e-01 1.174704803583133395e-01
8.000000000000000000e+00 -1.765553365169411082e-01 -2.435699743247022320e-01 -9.396347979024903541e-02 1.773056596453665423e-01 3.802665363335300253e-01 -2.756150373008182664e-01
9.000000000000000000e+00 -4.363357278798764560e-01 -4.681960305089163943e-01 -2.342336008167003603e-01 2.806971506442671460e-01 2.420430350410285592e-01 -4.708269375741749307e-01
1.000000000000000000e+01 -5.554584804932696240e-01 -4.289620259158535287e-01 -5.153212162477474045e-01 4.189158242814014499e-02 2.337403101506593250e-01 -4.758158409317352344e-01
1.100000000000000000e+01 -4.616052077833682210e-01 -3.378773221273091432e-01 -5.511136420037545669e-01 -4.973911255419813382e-01 6.080652114922571738e-02 -3.449164292757680439e-01
1.200000000000000000e+01 -4.508482777041449285e-01 -4.750440009411021069e-01 -3.597808186184873191e-01 -6.666356728874831550e-01 -1.680035785546058758e-01 -2.964286709243948437e-01
