# # time shift (tau) HDelta HGamma HeII4685 HBeta HeI5875 HAlpha HeI5015 OI8446 HeI4471 HeI7065 OIII5007 LyAlpha
-1.000000000000000000e+01 4.022902041553896857e-02 1.632441944988577143e-01 1.155434200549945722e-02 2.807012182648979115e-01 -6.158837209286704972e-02 -8.419438469747812792e-02 7.783215971839535507e-02 2.853945705525429144e-01 -1.126358120687329795e-01 1.046881338479307560e-01 7.494456562300332025e-02 -2.181110196484677966e-01
-9.000000000000000000e+00 -4.312802905316693441e-02 5.102559591313224341e-02 -6.864940498474564334e-02 9.691819875984658550e-02 -1.783167443946129804e-01 -2.611947429243520746e-01 -1.278001832954943628e-01 1.800397963413824243e-01 -2.050481163451395306e-01 -1.359473789667101605e-02 -1.371347652098626468e-01 -3.499169246960234236e-01
-8.000000000000000000e+00 -8.911816600240851649e-02 -3.800286542445845128e-02 -9.535032197078241456e-03 -2.108705752483535506e-02 -1.822599236837986747e-01 -3.335505269461469524e-01 -2.409710427163276880e-01 1.081271774665453766e-01 -3.533100866517762118e-01 -1.489361689155193624e-01 -3.145186592659576785e-01 -2.717387185591294552e-01
-7.000000000000000000e+00 -4.052177350527536720e-02 -6.408500491392767062e-02 2.004819967706810147e-01 6.204028950595017085e-03 -3.296475940406469185e-01 -2.809901489900450411e-01 -2.038150762874648136e-01 -1.436617644124808246e-01 -3.572294364247442511e-01 -8.801969545960197649e-02 -3.039814244642758956e-01 -1.321500471607585936e-01
-6.000000000000000000e+00 8.271053816942455089e-04 -1.231214839229841963e-02 2.762021409903429592e-01 -4.309792689163310930e-02 -3.099244067966786531e-01 -3.015995924092313429e-01 -4.198692212224482967e-01 -1.833818245798535806e-01 -4.781934856005896628e-01 9.572559555573149567e-03 -5.156481167782047681e-01 5.151927228268264256e-03
-5.000000000000000000e+00 2.667173991701932492e-02 1.084844974787893129e-01 2.834299056147836504e-01 1.216260724600506105e-01 -1.398263867807057748e-01 -1.220718594755052927e-01 -3.647831489774009395e-01 -6.993451507048348281e-02 -3.616768690797303454e-01 1.151982562901027740e-01 -4.486519294176684047e-01 1.013504461687072256e-01
-4.000000000000000000e+00 -3.537585773827427171e-02 5.531777720976011059e-02 2.181618219291832084e-01 2.029313078220788547e-01 -1.623998894754807854e-01 -1.492559982337220703e-01 -2.746621378851630824e-01 -1.345759422693333929e-01 -2.380482566430581481e-01 1.881694825423833040e-01 -3.563957105844913764e-01 8.575563861761514861e-02
-3.000000000000000000e+00 -6.491529247335722785e-02 -5.022466013389600276e-02 1.995752856047915413e-01 1.200371783690657168e-01 -1.366237044048401739e-01 -1.872299341485031410e-01 -5.111531018983366259e-01 -2.676128777991161889e-01 -9.894340164540008087e-02 1.402026476082505191e-01 -5.503862933204006769e-01 1.348309248058998100e-01
-2.000000000000000000e+00 7.146236777741846180e-02 8.055530795222327900e-02 2.530864006339120231e-01 2.136885335152907683e-01 1.984546301005494229e-01 4.958279057273796281e-03 -5.256660255925631464e-01 -1.529802860925587038e-01 -2.163008982743161723e-01 3.236187769627457689e-02 -6.096269740353752464e-01 2.669850975159494544e-01
-1.000000000000000000e+00 3.379320759475359370e-01 2.749460135853115661e-01 4.968319759063873908e-01 3.709882382927834343e-01 3.785822876702705786e-01 1.791595266333094738e-01 -3.807099782611498284e-01 -1.825148327697467127e-02 -8.204827381992882418e-02 -6.499467544285636444e-02 -5.762136496860694734e-01 4.658909942466320508e-01
0.000000000000000000e+00 6.386256990125172006e-01 5.219249832404126987e-01 7.717466820904184122e-01 5.242184622893391044e-01 4.609935359626169404e-01 3.748937695644151136e-01 -1.781788886324651155e-01 6.050064260973941205e-02 2.018900458771309969e-01 8.501010625629187856e-02 -4.637772113978299027e-01 7.132405121757117161e-01
1.000000000000000000e+00 8.539259303181977456e-01 7.479791371108019948e-01 8.479901745503539701e-01 7.018781407074554668e-01 6.435434129925805546e-01 5.582226628172328731e-01 -1.224741089114766285e-02 2.590424255059278202e-01 4.700336449129108862e-01 3.210455727401123616e-01 -2.976365408219640019e-01 8.709864955921878815e-01
2.000000000000000000e+00 8.834071127517304500e-01 8.766298002375468856e-01 6.822683309116772676e-01 8.663734426602154315e-01 7.973595548598564342e-01 7.185776161446687516e-01 2.691420162053586029e-01 4.454007690961390153e-01 6.395229384304601528e-01 4.929049964550296092e-01 -3.969090468443343955e-02 8.478349027185621001e-01
3.000000000000000000e+00 7.532536662985116482e-01 8.404604715610386467e-01 4.075543033440762741e-01 8.683557725221902057e-01 8.397521340675278001e-01 7.525097208697322237e-01 3.663055217907889571e-01 6.142727126267399917e-01 5.612229975729829956e-01 6.153682308453678473e-01 1.724839097653223935e-02 7.635932383240910948e-01
4.000000000000000000e+00 6.327953188704069643e-01 6.222606116747790850e-01 2.561017530710411050e-01 7.285601496575807579e-01 7.358485741566831440e-01 7.291594048695352326e-01 4.063062440036334655e-01 5.820356592786326555e-01 4.281164367699774598e-01 4.016063353830130467e-01 9.401342922339442354e-02 6.882140456221514935e-01
5.000000000000000000e+00 5.920905743794209197e-01 4.929946444074971845e-01 2.334783030246910251e-01 6.221122665175897737e-01 5.910944797715572685e-01 7.077462507438374573e-01 4.804713145181331302e-01 4.624915580016004668e-01 2.677667874694088512e-01 3.237726114262857724e-01 2.487549296584171676e-01 5.816038881804146410e-01
6.000000000000000000e+00 4.965483349317770800e-01 4.810813453106642656e-01 2.801922661618401200e-01 5.283604391873619743e-01 3.674514257528990746e-01 6.087908117323078683e-01 5.480321617003783841e-01 5.178953693969050587e-01 2.753676944766578760e-01 1.032751246219931612e-01 3.760291384046447472e-01 3.792657672481756226e-01
7.000000000000000000e+00 4.055212700108131729e-01 4.547070494704155141e-01 2.431329930206994894e-01 3.513059432977034824e-01 2.178536769815509477e-01 3.571552833396219873e-01 4.730562950449658799e-01 5.163353009948792316e-01 3.738504629812373081e-01 -1.099691634385019656e-01 4.292101620548429142e-01 1.711399135845611263e-01
8.000000000000000000e+00 1.646266838331273963e-01 1.797885838023270677e-01 1.759931797959982808e-02 1.009880568687347158e-01 -5.779390481107373606e-02 -9.508163617596110395e-02 2.206534780307097821e-01 2.155763401878080243e-01 5.897617810785227288e-01 -2.540641028995062056e-01 3.054488095856193741e-01 -1.232214686570780593e-01
9.000000000000000000e+00 -6.651027714361387733e-02 -1.317279446730723613e-01 -2.546780313509205973e-01 3.141491937208620855e-02 -2.093783816948225074e-01 -2.716990396440526201e-01 6.691290672585141486e-02 -8.523070373397600985e-02 5.837059141431657494e-01 -2.545294542760142553e-01 3.004415004798736133e-01 -3.215218250107442222e-01
1.000000000000000000e+01 -3.750287131058755996e-01 -3.953014603484490963e-01 -6.749414511123725813e-01 -1.315831982366464092e-01 -2.460271303734573589e-01 -1.991480900804358245e-01 6.830160781217495258e-02 -5.108467152272478523e-02 1.342502847150334189e-01 -2.998077590135283521e-01 2.167341327203747281e-01 -5.296873626347546882e-01
1.100000000000000000e+01 -4.807878804667409245e-01 -4.908311294720176243e-01 -6.856552638423685231e-01 -4.516159018543514092e-01 -4.519306353453185765e-01 -1.095331244936773862e-01 -1.264243818633715641e-02 -2.974282012379344392e-02 -3.371965295247711936e-01 -3.152391840139917578e-01 -9.494271405492304972e-02 -4.758314199504374287e-01
1.200000000000000000e+01 -5.045500700059687427e-01 -3.936723271199383811e-01 -4.289571283357657139e-01 -5.819040557593974095e-01 -5.822954169717990958e-01 -2.197609592671790901e-01 -1.769956395147721517e-01 -1.821246679487981968e-01 -6.882662522937008642e-01 -2.739525028857688893e-01 -3.677814784617885469e-01 -3.209304361868209332e-01
1.300000000000000000e+01 -5.597079621058320686e-01 -4.635618734635220672e-01 -2.105392532257372440e-01 -5.813517429193248987e-01 -6.409208067290045330e-01 -6.127012463751608795e-01 -3.906653520171251559e-01 -5.238839911447171760e-01 -5.860942407624294415e-01 -4.764527977001202785e-01 -3.759602814834093198e-01 -4.345534651799384807e-01
1.400000000000000000e+01 -5.897629141308091683e-01 -5.590698355197554203e-01 -2.235198916037901273e-01 -5.671022067929498700e-01 -4.419958610442635272e-01 -7.310889159812253846e-01 -5.935162317589518510e-01 -5.219291002595043416e-01 -4.696166948745574832e-01 -5.253879449235864252e-01 -3.203670705226543403e-01 -6.301685592590280383e-01
1.500000000000000000e+01 -4.909043543914570762e-01 -6.461479713826772109e-01 -1.553351772672998954e-01 -5.276618912575206100e-01 -2.856181830166126812e-01 -6.697374343156994314e-01 -6.533475828013436404e-01 -4.519326449005831581e-01 -2.643719306852898021e-01 -3.681868645046939004e-01 -2.728603713273713982e-01 -5.506708318242210520e-01
