# time shift (tau) 	 correlation coefficient 	 number of simulations: 15000	 FR: True	 RSS: True
-9.000000000000000000e+00 2.000000000000000000e+00
-8.000000000000000000e+00 1.000000000000000000e+00
-7.000000000000000000e+00 0.000000000000000000e+00
-6.000000000000000000e+00 0.000000000000000000e+00
-5.000000000000000000e+00 0.000000000000000000e+00
-4.000000000000000000e+00 0.000000000000000000e+00
-3.000000000000000000e+00 0.000000000000000000e+00
-2.000000000000000000e+00 0.000000000000000000e+00
-1.000000000000000000e+00 0.000000000000000000e+00
0.000000000000000000e+00 0.000000000000000000e+00
1.000000000000000000e+00 5.100000000000000000e+01
2.000000000000000000e+00 1.150000000000000000e+02
3.000000000000000000e+00 2.152000000000000000e+03
4.000000000000000000e+00 7.850000000000000000e+02
5.000000000000000000e+00 3.070000000000000000e+03
6.000000000000000000e+00 5.293000000000000000e+03
7.000000000000000000e+00 2.059000000000000000e+03
8.000000000000000000e+00 4.200000000000000000e+02
9.000000000000000000e+00 6.000000000000000000e+01
1.000000000000000000e+01 2.470000000000000000e+02
1.100000000000000000e+01 5.740000000000000000e+02
1.200000000000000000e+01 1.710000000000000000e+02
