# time shift (tau) 	 correlation coefficient 	 number of simulations: 20000	 FR: True	 RSS: True
-1.000000000000000000e+01 8.600000000000000000e+01
-9.000000000000000000e+00 7.000000000000000000e+00
-8.000000000000000000e+00 0.000000000000000000e+00
-7.000000000000000000e+00 0.000000000000000000e+00
-6.000000000000000000e+00 0.000000000000000000e+00
-5.000000000000000000e+00 0.000000000000000000e+00
-4.000000000000000000e+00 0.000000000000000000e+00
-3.000000000000000000e+00 0.000000000000000000e+00
-2.000000000000000000e+00 2.000000000000000000e+00
-1.000000000000000000e+00 5.000000000000000000e+00
0.000000000000000000e+00 4.000000000000000000e+00
1.000000000000000000e+00 8.800000000000000000e+01
2.000000000000000000e+00 1.545000000000000000e+03
3.000000000000000000e+00 8.746000000000000000e+03
4.000000000000000000e+00 2.712000000000000000e+03
5.000000000000000000e+00 5.556000000000000000e+03
6.000000000000000000e+00 1.040000000000000000e+03
7.000000000000000000e+00 3.400000000000000000e+01
8.000000000000000000e+00 1.400000000000000000e+01
9.000000000000000000e+00 5.000000000000000000e+00
1.000000000000000000e+01 1.500000000000000000e+01
1.100000000000000000e+01 5.700000000000000000e+01
1.200000000000000000e+01 2.600000000000000000e+01
1.300000000000000000e+01 0.000000000000000000e+00
1.400000000000000000e+01 2.000000000000000000e+00
1.500000000000000000e+01 5.600000000000000000e+01
