# Cont8015 timestamps [MJD], fluxes [ergs/s/cm2/A], fluxerrs [ergs/s/cm2/A]
5.758166000000000349e+04 1.628166460800370223e-15 2.484330695788961168e-17
5.758266000000000349e+04 1.689307297203643817e-15 1.772929566637745019e-17
5.758365000000000146e+04 1.531237029924234201e-15 2.205283917355425989e-17
5.758377999999999884e+04 1.566226178048199075e-15 2.827053988587348643e-17
5.758458000000000175e+04 1.649261858374897786e-15 1.170268204469606201e-17
5.758556999999999971e+04 1.557750782766482516e-15 1.758658833867268663e-17
5.758654000000000087e+04 1.373870965834927425e-15 1.327228481250540691e-17
5.758755999999999767e+04 1.455696824696824728e-15 1.048742385303641281e-17
5.758848000000000320e+04 1.487083821883111363e-15 1.967085999934684794e-17
5.758941000000000349e+04 1.601700094596187582e-15 8.651765176548091147e-18
5.759041000000000349e+04 1.663245319711396434e-15 2.886058103186764209e-17
5.759140000000000146e+04 1.489238665085295349e-15 2.543896435607781712e-17
5.759238999999999942e+04 1.593514634849151540e-15 3.033268343552931019e-17
5.759338999999999942e+04 1.634471648290051899e-15 1.137043459244762647e-17
5.759431999999999971e+04 1.614343089036332995e-15 3.003648345603256931e-17
5.759530999999999767e+04 1.645986560865567746e-15 1.901380990027242721e-17
5.759643000000000029e+04 1.438406651786160012e-15 6.759095814140935779e-18
5.759741999999999825e+04 1.475111642802308777e-15 1.963077507290819833e-17
5.759829000000000087e+04 1.459305247165821668e-15 8.558100212492655511e-18
5.759927999999999884e+04 1.413009902743000197e-15 5.617060122559560530e-18
5.760020999999999913e+04 1.402636866232666381e-15 1.695767627161431266e-17
5.760219999999999709e+04 1.272448273205654730e-15 1.530092833891340825e-17
5.760319000000000233e+04 1.214975272842135223e-15 1.372912641286981590e-17
5.760418000000000029e+04 1.201753786163968764e-15 2.090468470610615558e-17
5.760523999999999796e+04 1.181259086966396691e-15 1.461783723965077052e-17
5.760616999999999825e+04 1.276255220790185825e-15 1.147156434891188004e-17
