# Cont5600 timestamps [MJD], fluxes [ergs/s/cm2/A], fluxerrs [ergs/s/cm2/A]
5.758166000000000349e+04 2.071501441263686513e-15 7.162606502641522341e-19
5.758266000000000349e+04 2.108790433286208772e-15 8.513971061778968695e-19
5.758365000000000146e+04 2.024510105422987825e-15 1.037615891105463129e-17
5.758377999999999884e+04 2.105141186086367085e-15 0.000000000000000000e+00
5.758458000000000175e+04 1.949594397286506422e-15 3.175145205153412594e-19
5.758556999999999971e+04 1.813081427076546574e-15 2.479787656546388983e-17
5.758654000000000087e+04 1.705298667650803349e-15 1.849497749953014244e-18
5.758755999999999767e+04 1.956771871396223160e-15 0.000000000000000000e+00
5.758848000000000320e+04 1.968902954904439328e-15 1.782790502186173883e-17
5.758941000000000349e+04 2.152216725804473145e-15 0.000000000000000000e+00
5.759041000000000349e+04 2.088703328293330977e-15 0.000000000000000000e+00
5.759140000000000146e+04 2.004676555736736818e-15 1.378167246792360746e-17
5.759238999999999942e+04 1.888713555355437086e-15 1.710340890891032186e-17
5.759338999999999942e+04 1.896175144680170610e-15 0.000000000000000000e+00
5.759431999999999971e+04 1.975656865728138744e-15 1.243315288680539735e-17
5.759530999999999767e+04 1.985681340802536311e-15 3.893951362066355727e-18
5.759643000000000029e+04 1.810954027335995854e-15 0.000000000000000000e+00
5.759741999999999825e+04 1.771718257305889772e-15 0.000000000000000000e+00
5.759829000000000087e+04 1.694570615988859756e-15 4.008574029104550836e-18
5.759927999999999884e+04 1.620281277781095732e-15 0.000000000000000000e+00
5.760020999999999913e+04 1.563712913478009230e-15 3.531448754925768313e-17
5.760219999999999709e+04 1.418964374676744807e-15 0.000000000000000000e+00
5.760319000000000233e+04 1.428813460418466460e-15 4.099014382979234189e-19
5.760418000000000029e+04 1.357170307636577132e-15 1.588744284313576060e-17
5.760523999999999796e+04 1.394880546597440965e-15 0.000000000000000000e+00
5.760616999999999825e+04 1.465961006581769927e-15 0.000000000000000000e+00
