# Cont1460 timestamps [MJD], fluxes [ergs/s/cm2/A], fluxerrs [ergs/s/cm2/A]
5.758166000000000349e+04 9.498329123695668214e-15 3.316443104517772524e-16
5.758266000000000349e+04 1.080123124519411063e-14 1.887312439372395600e-17
5.758365000000000146e+04 8.095135405187562008e-15 2.515376855319773876e-16
5.758377999999999884e+04 7.857303207436584175e-15 2.396073689834179198e-16
5.758458000000000175e+04 7.122341281356228847e-15 1.180243302374857889e-16
5.758556999999999971e+04 6.218918185320569426e-15 2.284365218242075197e-16
5.758654000000000087e+04 7.085040989365581758e-15 1.360556586971316552e-16
5.758755999999999767e+04 9.321919326182724113e-15 1.883161436325660492e-16
5.758848000000000320e+04 9.769393458765846975e-15 1.615501999763730199e-16
5.758941000000000349e+04 1.032954148833448186e-14 4.086465134435759355e-16
5.759041000000000349e+04 1.097878178722778122e-14 7.674899694498493945e-17
5.759140000000000146e+04 8.300397982657247302e-15 1.203372165888587343e-16
5.759238999999999942e+04 8.152744628302445463e-15 1.913014306602144660e-16
5.759338999999999942e+04 8.438239754334001492e-15 1.502983420045257586e-16
5.759431999999999971e+04 9.045472120872427553e-15 1.994477631345448966e-16
5.759530999999999767e+04 8.829990712210607958e-15 2.542342530886664619e-16
5.759643000000000029e+04 6.916745839349463675e-15 2.675440088760450068e-16
5.759741999999999825e+04 6.708349830698007269e-15 2.172664748630720849e-16
5.759829000000000087e+04 6.276689577336051349e-15 2.521338022029664292e-16
5.759927999999999884e+04 6.740809024430549073e-15 1.771663400962080667e-16
5.760020999999999913e+04 5.435394031820527102e-15 2.588097507585704752e-16
5.760219999999999709e+04 5.686138093249806458e-15 1.136773398431737775e-16
5.760319000000000233e+04 4.739945323753423945e-15 3.252260842535020852e-16
5.760418000000000029e+04 4.981043117095710372e-15 2.057212187107959998e-16
5.760523999999999796e+04 4.611585831591938288e-15 1.270612611459623688e-16
5.760616999999999825e+04 5.197371576914954322e-15 1.230368088922763212e-16
