# HDelta timestamps [MJD], fluxes [ergs/s/cm2/A], fluxerrs [ergs/s/cm2/A]
5.758166000000000349e+04 9.057980066500682941e-14 1.799296441249906145e-16
5.758266000000000349e+04 9.094814477121762050e-14 2.171850013414150483e-16
5.758365000000000146e+04 9.168597464635909365e-14 1.866449432776879322e-16
5.758377999999999884e+04 9.784666821777512626e-14 3.850437818208040730e-16
5.758458000000000175e+04 8.934038889978521882e-14 2.082938707298238338e-16
5.758556999999999971e+04 8.186409849305192282e-14 1.843264217571989650e-16
5.758654000000000087e+04 7.749656923429037969e-14 2.935403317055280479e-16
5.758755999999999767e+04 7.289148435557558538e-14 3.064023738453529956e-16
5.758848000000000320e+04 8.414427057961673310e-14 2.011622531687338693e-16
5.758941000000000349e+04 8.609059314914988361e-14 1.056552287298490992e-16
5.759041000000000349e+04 8.744878209824088814e-14 2.007252015995259862e-16
5.759140000000000146e+04 8.682846808766696335e-14 1.462774820991763397e-16
5.759238999999999942e+04 8.748606789249565384e-14 9.644061855476832228e-17
5.759338999999999942e+04 8.542438737315895342e-14 3.006116464760596464e-16
5.759431999999999971e+04 8.689826018967501462e-14 1.298717877149516315e-16
5.759530999999999767e+04 8.889688231037694279e-14 2.455216243500893477e-16
5.759643000000000029e+04 8.920801898399924018e-14 2.045566123882279830e-16
5.759741999999999825e+04 8.861683220001204230e-14 4.336854317239656641e-16
5.759829000000000087e+04 8.563766838577113772e-14 8.981833191742356164e-17
5.759927999999999884e+04 8.693885115149424142e-14 5.005462840650344592e-16
5.760020999999999913e+04 7.881034927408453493e-14 1.818242193483129527e-16
5.760219999999999709e+04 7.485947017736878910e-14 1.156257190910053646e-16
5.760319000000000233e+04 7.372999809397045421e-14 2.806372877236098770e-16
5.760418000000000029e+04 6.842638046806618806e-14 1.897950405355854791e-16
5.760523999999999796e+04 6.728542644226262299e-14 1.556380295711986662e-16
5.760616999999999825e+04 7.175618070546748593e-14 2.194924772638774050e-16
