# HeI5875 timestamps [MJD], fluxes [ergs/s/cm2/A], fluxerrs [ergs/s/cm2/A]
5.758166000000000349e+04 8.883234118865834477e-14 4.524717373833747342e-17
5.758266000000000349e+04 9.544202750432344937e-14 2.121520408144058074e-16
5.758365000000000146e+04 8.537564309508834065e-14 1.230337645950251020e-16
5.758377999999999884e+04 9.038004808517712982e-14 1.184071752762015032e-16
5.758458000000000175e+04 8.762438912256824247e-14 5.572786817169803592e-17
5.758556999999999971e+04 8.442214357766335984e-14 1.838745567820378561e-16
5.758654000000000087e+04 8.616912886037530475e-14 9.231647813838094943e-17
5.758755999999999767e+04 8.024097817025879653e-14 8.799058735728999007e-17
5.758848000000000320e+04 7.814326073037244993e-14 1.259816794038554437e-16
5.758941000000000349e+04 8.245949534935398660e-14 2.997021718463351461e-17
5.759041000000000349e+04 8.498583880553014598e-14 5.338179132688626855e-17
5.759140000000000146e+04 8.544317755031526410e-14 1.430727137173176950e-16
5.759238999999999942e+04 9.132425002481266768e-14 1.477312749388472597e-16
5.759338999999999942e+04 9.207967991616654444e-14 6.592093136839081411e-17
5.759431999999999971e+04 8.800545796549964714e-14 7.344617062422653623e-17
5.759530999999999767e+04 9.164144839540164070e-14 9.493356818014174198e-17
5.759643000000000029e+04 8.921788506177281302e-14 7.316959075757605100e-17
5.759741999999999825e+04 8.778691212685603871e-14 1.772123054039630573e-17
5.759829000000000087e+04 9.201712824042291298e-14 1.228157405600421802e-16
5.759927999999999884e+04 8.575046646798035228e-14 8.479546757084102320e-17
5.760020999999999913e+04 7.886516497294431967e-14 2.158531958950044214e-16
5.760219999999999709e+04 8.164860075598033458e-14 1.216394424381126711e-16
5.760319000000000233e+04 6.813786360924939425e-14 2.944310892803445405e-17
5.760418000000000029e+04 7.757487739488294658e-14 1.532501846364391947e-16
5.760523999999999796e+04 7.561297769604991104e-14 2.159886245156773115e-17
5.760616999999999825e+04 7.739753644420712662e-14 8.774597043600403302e-18
