# OI8446 timestamps [MJD], fluxes [ergs/s/cm2/A], fluxerrs [ergs/s/cm2/A]
5.758166000000000349e+04 8.408543815101191983e-14 4.784794099741534108e-16
5.758266000000000349e+04 8.869339916134185760e-14 4.752485504497527219e-16
5.758365000000000146e+04 8.424852943712423640e-14 4.585313224866543831e-16
5.758377999999999884e+04 8.559988613831895099e-14 5.080853377102428599e-16
5.758458000000000175e+04 8.801386355188216737e-14 4.470861556711748247e-16
5.758556999999999971e+04 8.913641412792711300e-14 4.225259721041910821e-16
5.758654000000000087e+04 8.936871697178043793e-14 4.244042484461002877e-16
5.758755999999999767e+04 8.395213752686621211e-14 3.151137701782950072e-16
5.758848000000000320e+04 7.871667294250330245e-14 5.129749588083102569e-16
5.758941000000000349e+04 8.485639218563891059e-14 3.729434880885778135e-16
5.759041000000000349e+04 8.638281827413906410e-14 5.768330549264734203e-16
5.759140000000000146e+04 8.163558857855189315e-14 4.388608240707253002e-16
5.759238999999999942e+04 8.278612587608731620e-14 4.999552614888989402e-16
5.759338999999999942e+04 8.654428584408392773e-14 4.071581611297986303e-16
5.759431999999999971e+04 8.316892268837391514e-14 4.802190763851048645e-16
5.759530999999999767e+04 8.864523107627092194e-14 4.244650125995523070e-16
5.759643000000000029e+04 8.364828126956986636e-14 3.507069053436683857e-16
5.759741999999999825e+04 8.382330919994326537e-14 4.649253454896904294e-16
5.759829000000000087e+04 9.316879402581564187e-14 4.524692068257891597e-16
5.759927999999999884e+04 8.619244220922289983e-14 3.710532029899060905e-16
5.760020999999999913e+04 8.404198260500625378e-14 4.786803582742325198e-16
5.760219999999999709e+04 8.569487355144078210e-14 4.251356301761780707e-16
5.760319000000000233e+04 8.522300072978790019e-14 3.968543044336210858e-16
5.760418000000000029e+04 7.732931822714828832e-14 4.735179515824307434e-16
5.760523999999999796e+04 7.611625866546371046e-14 3.153716137659163932e-16
5.760616999999999825e+04 8.011018493565670259e-14 2.854772033035086393e-16
