# OIII5007 timestamps [MJD], fluxes [ergs/s/cm2/A], fluxerrs [ergs/s/cm2/A]
5.758166000000000349e+04 1.324791238911061588e-13 2.814371854295009481e-16
5.758266000000000349e+04 1.305432992791263373e-13 1.515644693249089847e-16
5.758365000000000146e+04 1.363016070260680079e-13 2.920126003919770077e-16
5.758377999999999884e+04 1.353863192984699075e-13 1.636468999677503533e-16
5.758458000000000175e+04 1.348073831042610634e-13 2.159756753936107529e-16
5.758556999999999971e+04 1.333318280857589218e-13 2.394302790578236588e-16
5.758654000000000087e+04 1.334837379490134319e-13 2.262139383753081908e-16
5.758755999999999767e+04 1.325025217370057686e-13 1.841284925895301133e-16
5.758848000000000320e+04 1.308649342962062309e-13 2.020797064385320378e-16
5.758941000000000349e+04 1.314104969999822261e-13 2.124757989403869898e-16
5.759041000000000349e+04 1.351751344482922250e-13 1.999236158206361903e-16
5.759140000000000146e+04 1.297055063921665843e-13 2.741312396508875385e-16
5.759238999999999942e+04 1.336457850629879168e-13 1.187324805801332950e-16
5.759338999999999942e+04 1.341175203207225513e-13 2.342974527655233785e-16
5.759431999999999971e+04 1.336965794977634734e-13 1.417413771732342002e-16
5.759530999999999767e+04 1.350228526137937939e-13 9.874645080746289909e-17
5.759643000000000029e+04 1.354690477881827156e-13 1.207085851286498538e-16
5.759741999999999825e+04 1.348740858489208873e-13 2.607244885701334567e-16
5.759829000000000087e+04 1.360227291458745856e-13 1.185165924006923696e-16
5.759927999999999884e+04 1.365484861223924043e-13 1.421814633371258145e-16
5.760020999999999913e+04 1.344793795937308874e-13 2.785730479935371702e-16
5.760219999999999709e+04 1.356484185424127079e-13 1.894233553962462052e-16
5.760319000000000233e+04 1.335710097771584697e-13 2.130910605935397674e-16
5.760418000000000029e+04 1.350179874290062432e-13 1.120655898779676750e-16
5.760523999999999796e+04 1.351692150040636962e-13 2.156278379744658742e-16
5.760616999999999825e+04 1.314327325721244025e-13 2.059825818986169916e-16
