# # time shift (tau) UVW2 Cont1150_not_optical_calibrated LyAlpha_not_optical_calibrated HBeta_not_optical_calibrated OI8446_not_optical_calibrated Cont1460_not_optical_calibrated
-1.000000000000000000e+01 1.342502847150379708e-01 4.902792713356239895e-01 -3.904542660461515213e-01 2.184829882047151922e-02 1.375408348093530020e-01 4.454048614248795057e-01
-9.599999999999999645e+00 3.214745636972977660e-01 6.638201119736050204e-01 -2.143018554009025467e-01 1.190568810922836701e-01 2.776067998655259439e-01 6.398984552752666755e-01
-9.199999999999999289e+00 5.479781555667002646e-01 7.636394872662179978e-01 -8.602129221375512391e-02 2.489666169436789422e-01 2.231580762597539236e-01 7.397983287520100149e-01
-8.799999999999998934e+00 6.197385276303133406e-01 7.420287352078209775e-01 6.112696784266337391e-02 3.221692517903255171e-01 1.771182210671032320e-01 7.267808579016012960e-01
-8.399999999999998579e+00 6.969636198461193199e-01 7.379236152363755075e-01 3.054169916835034471e-01 3.820731939875905425e-01 3.886490630002042979e-01 7.714010600518458327e-01
-7.999999999999998224e+00 5.897617810785151793e-01 6.409345688359757709e-01 4.288376189393061089e-01 3.418828516855376698e-01 3.623881855662081652e-01 7.095924360543119924e-01
-7.599999999999997868e+00 5.290700759810654796e-01 5.535442285836205123e-01 4.969249930975863094e-01 3.098325559213143676e-01 1.759093538781255628e-01 6.435294360576605532e-01
-7.199999999999997513e+00 4.345439998614976096e-01 4.113997737722236425e-01 4.650296496471513219e-01 4.203452402311870784e-01 1.979045145153339735e-01 4.882218088629108887e-01
-6.799999999999997158e+00 3.398498265137384622e-01 2.345026805040543727e-01 4.006607889607189943e-01 4.166634460812271845e-01 1.325916904242498418e-01 2.979724625657799164e-01
-6.399999999999996803e+00 3.302911976317201570e-01 1.494377242080901502e-01 4.177409069687661458e-01 4.072066513597721316e-01 -2.141660788324197678e-03 2.196171296711694199e-01
-5.999999999999996447e+00 2.753676944766573209e-01 3.990317922232594627e-02 3.391415072983016699e-01 2.561027739408558990e-01 -1.796854839097589140e-01 1.113786133529007100e-01
-5.599999999999996092e+00 2.904216438412797197e-01 1.009448968781925943e-01 3.083143645463593541e-01 1.938059247234298066e-01 -2.038997238738227691e-01 1.470765804295347534e-01
-5.199999999999995737e+00 2.346342756010348363e-01 8.298535633801687461e-02 2.373211216686912650e-01 8.620156753841444475e-02 -1.055018079085983801e-01 1.139982392222667618e-01
-4.799999999999995381e+00 2.950239979734436968e-01 9.110536880206210331e-02 1.300464127315877905e-01 -3.078840970454429365e-02 -3.844322494133509821e-02 9.930972575837294924e-02
-4.399999999999995026e+00 2.979491448172553181e-01 1.587100718947309641e-01 1.288008682252964054e-01 -1.091841758755597858e-01 -3.109076630140550912e-01 1.775986150590253554e-01
-3.999999999999994671e+00 4.281164367699801798e-01 2.031812640810995441e-01 1.372117659245080945e-01 -1.526967569541856085e-01 -4.437032998301638220e-01 2.312685037806670174e-01
-3.599999999999994316e+00 4.465128389661386366e-01 3.251515147722510157e-01 2.899753835397483881e-01 -4.183004768992179545e-03 -3.802995645839729599e-01 3.631512395735626564e-01
-3.199999999999993960e+00 5.300189972606695887e-01 3.787581647382605721e-01 2.920745877384912648e-01 -4.535560716988035895e-02 -3.198065796468547162e-01 4.095358712898622411e-01
-2.799999999999993605e+00 5.908671418438368184e-01 4.817577624103711043e-01 3.585470416654977788e-01 1.201823308098525639e-01 -1.448799244290810972e-01 5.078662326013518857e-01
-2.399999999999993250e+00 5.890721126978986089e-01 5.373986659444386360e-01 4.530252318023761382e-01 2.520242284094734719e-01 -6.561023102797801376e-02 5.497118763912098860e-01
-1.999999999999992895e+00 6.395229384304638165e-01 5.250895713831631451e-01 4.966580827109334795e-01 3.716811583069731251e-01 2.179610549983684170e-02 5.264391702292673392e-01
-1.599999999999992539e+00 5.747963575783340273e-01 4.841209237817218347e-01 5.255714228392975862e-01 5.055360605576506572e-01 1.998327588024292056e-01 4.802946399564788083e-01
-1.199999999999992184e+00 5.167069448419681077e-01 3.263153587739383577e-01 4.126311800974541977e-01 4.666225681707757977e-01 2.073463865612873436e-01 3.172179374960579779e-01
-7.999999999999918288e-01 4.246636215680691384e-01 2.447842229967988059e-01 3.790042233553309048e-01 4.831958572920757033e-01 3.092808014118783033e-01 2.374410066374925687e-01
-3.999999999999914735e-01 3.172615712026171653e-01 1.545077934028681599e-01 3.169843854357478063e-01 5.477794383998311201e-01 4.068034610583718402e-01 1.289215011569814495e-01
8.881784197001252323e-15 2.018900458771343553e-01 8.455904126491492478e-02 2.644406236151813916e-01 5.691701071753588748e-01 4.013994989235019073e-01 5.735272671767198405e-02
4.000000000000092371e-01 3.829697211357746545e-02 -1.786052353874128390e-02 1.603991107566876684e-01 4.572792617121910763e-01 4.475804723895959736e-01 -4.325012961070710815e-02
8.000000000000095923e-01 -6.239915717080814217e-02 -9.079401754072535802e-02 3.075943213262700981e-02 2.435400232687250921e-01 3.664396803836764693e-01 -1.058231942683881821e-01
1.200000000000009948e+00 -1.089872797572971203e-01 -1.044656606992047931e-01 -6.960476689738288869e-02 7.370590844109672912e-02 2.846381725363724136e-01 -1.083809704756189818e-01
1.600000000000010303e+00 -2.145053599709326742e-01 -8.569846198071562338e-02 -8.503390346141398437e-02 2.439212820456455877e-02 2.429563918928802635e-01 -9.462530738385079021e-02
2.000000000000010658e+00 -2.163008982743149788e-01 -1.265502053960355366e-01 -1.579676198177770163e-01 -1.094151955691275574e-01 1.249005356125588717e-01 -1.399850842447396548e-01
2.400000000000011013e+00 -1.613895667161939496e-01 -9.454596898050235398e-02 -1.211236478264163668e-01 -1.364763656706585171e-01 7.285155298848282335e-02 -7.832201346286073174e-02
2.800000000000011369e+00 -1.107369124093429413e-01 -5.689147285369441920e-02 -9.881992616076361313e-02 -1.919659725450851839e-01 -3.124199240367598121e-02 -2.084926554486848937e-02
3.200000000000011724e+00 -1.707545053993737572e-01 -2.389475201618521116e-02 -4.510856228978125243e-02 -1.702882823744675533e-01 6.449759659462466627e-03 1.546151008523648923e-02
3.600000000000012079e+00 -1.629685645252357262e-01 -4.148982201846514173e-03 1.166244744551465234e-02 -8.500130059766869417e-02 5.963854080237220023e-02 1.235853428117404673e-02
4.000000000000012434e+00 -2.380482566430574543e-01 -3.660877141917195932e-02 -4.576046995431745645e-02 -1.296762098495538307e-01 2.271207848822696940e-02 -4.593170855393167995e-02
4.400000000000012790e+00 -2.900245856036181014e-01 -1.298096561231622814e-01 -1.033879797732615569e-01 -2.784640589736143146e-01 -1.461172766971685633e-01 -1.269616667161882761e-01
4.800000000000013145e+00 -3.015561554218262885e-01 -1.829929494237919063e-01 -1.373753317705379562e-01 -3.630148976720252163e-01 -2.382679741550236541e-01 -1.703181794554232964e-01
5.200000000000013500e+00 -3.910803644585819638e-01 -3.064352304398123561e-01 -2.374684584829553635e-01 -3.994505846074235533e-01 -2.222005931680735846e-01 -3.042238920066699381e-01
5.600000000000013856e+00 -4.507372249906101414e-01 -4.009524880570092265e-01 -3.140069547755475199e-01 -3.394116530517887753e-01 -1.049021317023751815e-01 -4.250253830319183357e-01
6.000000000000014211e+00 -4.781934856005865542e-01 -4.266568422398073768e-01 -3.924902881217713357e-01 -3.286779127355980989e-01 -1.132904201831216179e-01 -4.759594114169162227e-01
6.400000000000012790e+00 -4.131003277947601360e-01 -5.102835308949495996e-01 -4.301916811150046094e-01 -4.132194414477121103e-01 -3.447214827572593898e-01 -5.607054675827496393e-01
6.800000000000014921e+00 -3.851279399227052203e-01 -4.700909442027082497e-01 -3.822476734860092984e-01 -4.000688926678900303e-01 -4.346253749454186965e-01 -5.200209839216202168e-01
7.200000000000017053e+00 -2.985241183990686720e-01 -5.389614270790656914e-01 -3.610575221402568258e-01 -3.618637606569414800e-01 -4.488792142288609011e-01 -5.714189837179721732e-01
7.600000000000015632e+00 -3.636531483131016929e-01 -5.956108428124322618e-01 -3.635753693264870412e-01 -3.470136464247512986e-01 -3.244209095076389660e-01 -6.030681149686272224e-01
8.000000000000014211e+00 -3.533100866517793204e-01 -5.098254920139910773e-01 -3.031359152856108463e-01 -2.361218542931590447e-01 -1.847771070714818720e-01 -5.060949872752742440e-01
8.400000000000016342e+00 -3.234377609605475490e-01 -4.472730405791023323e-01 -3.697844705130995946e-01 -3.233092489515489998e-01 -2.988367530457117227e-01 -4.491304232462715040e-01
8.800000000000018474e+00 -2.800070528020722760e-01 -2.351947947299601882e-01 -2.514861894518908292e-01 -1.834926173588617149e-01 -2.254819370363837505e-01 -2.307183019792810874e-01
9.200000000000017053e+00 -2.022319283647058541e-01 -2.068166786172210558e-01 -3.149067424141449578e-01 -2.806250627049058921e-01 -1.582991873631675039e-01 -2.030368512007756365e-01
9.600000000000015632e+00 -1.352235434622592880e-01 -1.394433813986429294e-01 -3.227965391624448288e-01 -3.155787415806623475e-01 -5.635113957517087074e-02 -1.390214530740779553e-01
1.000000000000001776e+01 -1.126358120687375869e-01 -3.968812499426252471e-02 -2.010740134809052282e-01 -2.432610784288598560e-01 1.240906213556703525e-01 -2.513903952859525281e-02
1.040000000000001990e+01 -1.461556441411909490e-01 -1.586467089590074542e-01 -1.499239553658198165e-01 -2.943297303108206586e-01 2.357042641717281006e-01 -1.208535196509459148e-01
1.080000000000001847e+01 -2.062586103145221117e-01 -1.670339645816162066e-01 9.602109118950742650e-03 -2.168901862606180120e-01 2.451175427612552471e-01 -1.063171724938978546e-01
1.120000000000001705e+01 -3.560344593828858040e-01 -3.253448397409900439e-01 -1.574735066966421182e-01 -2.981951717542741243e-01 7.746486964635179717e-02 -2.619271912108905864e-01
1.160000000000001918e+01 -3.697928183396168578e-01 -3.434476083441222460e-01 -2.156595250689087861e-01 -2.172542982787671884e-01 -9.928593972819797775e-02 -2.902812117623773114e-01
1.200000000000002132e+01 -4.029735252250106203e-01 -3.996274642426738133e-01 -3.126038780635275183e-01 -1.726676896011185569e-01 -2.182938979047359396e-01 -3.882624701622324204e-01
1.240000000000001990e+01 -4.727447764475876113e-01 -5.296686795831442307e-01 -4.163820427664407520e-01 -6.068674839784735792e-02 -1.507656350711639170e-01 -5.790800736346748412e-01
1.280000000000001847e+01 -4.851546031658751090e-01 -5.058398520249128838e-01 -3.631685410974524464e-01 5.242018587991406631e-03 -1.283583820105979878e-01 -6.070276337487241491e-01
1.320000000000002061e+01 -4.137956756170305117e-01 -4.844509002465630099e-01 -4.969045688743329858e-01 -1.706537037141982460e-01 -1.779908062203807428e-01 -6.280106776520124612e-01
1.360000000000002274e+01 -3.955344538910208207e-01 -3.105960533055750483e-01 -4.922831356377885825e-01 -2.958410751597886912e-01 -1.407539507630644893e-01 -4.679443463973225747e-01
1.400000000000002132e+01 -3.585102456924914027e-01 -2.226167057541143524e-01 -4.480204792658818436e-01 -2.754035259942776426e-01 -7.009491212522211967e-02 -3.869263266520223121e-01
1.440000000000001990e+01 -4.443252183149719592e-01 -3.385929166404449409e-01 -4.917459584792986949e-01 -3.578226114319325579e-01 -9.807761104373279026e-02 -4.430813250928806735e-01
1.480000000000002203e+01 -3.841001082540528300e-01 -2.924088982732317987e-01 -3.443757051382613232e-01 -2.815595259514216409e-01 -7.984720607650570845e-02 -3.351653261517384408e-01
1.520000000000002416e+01 -2.375607560621399439e-01 -4.290087516062517370e-01 -2.948619252565522486e-01 -4.294801365850110519e-01 -3.228473535423440621e-01 -3.955412488460011700e-01
