# # time shift (tau) HDelta HGamma HeII4685 HBeta HeI5875 HAlpha HeI5015 OI8446 HeI4471 HeI7065 OIII5007 LyALpha
-1.000000000000000000e+01 -5.327994896430899852e-01 -5.937841855276775327e-01 -1.417041364122097746e-01 -4.370905851544041876e-01 -5.492136683229191796e-01 -6.525554365132189005e-01 -6.066270371547468621e-01 -2.973755169618747529e-01 -3.320590602931774438e-01 -6.234937755496920975e-01 -5.893178970874679568e-01 -5.849493986458411676e-01
-9.500000000000000000e+00 -3.566860472871776766e-01 -5.231027474277596401e-01 6.309663644705942875e-02 -4.321630702375632294e-01 -5.533893017924524926e-01 -5.367365940680040026e-01 -6.473207680576814615e-01 -3.449489112458075657e-01 -3.591877046837423926e-01 -6.045241000783047047e-01 -6.595510279366414430e-01 -4.213951873880805721e-01
-9.000000000000000000e+00 -1.220796647602750279e-01 -4.385449296614080672e-01 2.705561444180736852e-01 -4.106733887485093937e-01 -6.099318644828992664e-01 -4.994969032056496561e-01 -4.556980551389309686e-01 -5.098462743933463992e-01 -1.360854833009678133e-01 -6.087598044235686956e-01 -4.481306075730273064e-01 -3.012544399152803365e-01
-8.500000000000000000e+00 1.041893230609530763e-01 -1.814117179047214368e-01 4.520716410987211109e-01 -2.986929621678182656e-01 -4.337853127111149787e-01 -3.438684133848425861e-01 -4.358091365508368620e-01 -3.983641428659004946e-01 -2.378224654936730575e-01 -4.413548331963169091e-01 -4.756004016036326498e-01 2.341660408407632982e-03
-8.000000000000000000e+00 2.218016139230463701e-01 9.522495658590124368e-02 5.839093857661918907e-01 -1.924100817771959848e-01 -2.673410119619129555e-01 -2.038089818131244568e-01 -4.440251257100195081e-01 -2.208127424905901026e-01 -2.023078776366102061e-01 -1.386812905717569600e-01 -5.049935509118860244e-01 2.339346893007866190e-01
-7.500000000000000000e+00 2.325899807578389045e-01 2.351982152703659956e-01 5.886260082684137140e-01 -8.255362910978653046e-02 -1.681400852335704077e-01 -1.448426912471099670e-01 -4.224660863906692931e-01 -2.934151751146856224e-01 -2.068505964251159401e-01 7.038102914434657409e-02 -5.165739867741219182e-01 3.522811401307309742e-01
-7.000000000000000000e+00 2.165993838597579657e-01 2.813060904225040404e-01 4.015409307954807550e-01 1.303011240979054797e-01 -4.668897958079656213e-02 -6.984302576240972171e-02 -1.754136712265019216e-01 -1.939741881287816994e-01 9.415352766755577529e-04 2.153311095847180168e-01 -2.854148452975925898e-01 2.877273179128623792e-01
-6.500000000000000000e+00 2.074421800391313964e-01 3.081564929979470069e-01 3.207999943900098905e-01 2.735915718757339632e-01 1.026169284226497447e-01 -2.510043943755210782e-02 -1.595040728460748736e-01 -1.918972674850982774e-01 -5.891924069025557958e-02 3.656800501755378408e-01 -2.859312143891293845e-01 3.595210651490008402e-01
-6.000000000000000000e+00 1.537107523167205170e-01 2.276787257344592419e-01 2.023044600815216976e-01 2.651521189592326300e-01 1.471850922904219539e-01 -4.088745621697682450e-03 -7.082896789915341107e-02 -2.183150405115162618e-01 -1.614708143229272655e-02 4.411386826573682196e-01 -1.946824136790410997e-01 3.402994847512773591e-01
-5.500000000000000000e+00 9.973997011556862136e-02 1.787534700633697238e-01 1.233250968982221724e-01 3.232258968614182271e-01 3.135969193725402504e-01 1.386984219368699867e-01 -1.523060694419854644e-01 -7.606017741942662502e-02 -4.664920500061552067e-02 4.186421908100302347e-01 -2.531078717930148603e-01 3.633954795864254295e-01
-5.000000000000000000e+00 -8.240687608071493864e-02 3.097967961443681695e-02 -7.017883021827410472e-02 2.051842111808642455e-01 3.307044792008516643e-01 2.343890515803986885e-01 -2.247646849042688189e-01 1.045957762508046840e-01 -1.501655684437238902e-01 2.933653305781102061e-01 -2.957500826380002890e-01 2.771501577618004086e-01
-4.500000000000000000e+00 -1.027393501232679862e-01 -3.997049147202339642e-02 -9.171511357288736344e-02 1.668420480546001783e-01 2.978136974480899424e-01 3.128910603230831144e-01 -1.912002331817340139e-01 8.730544139202436882e-02 -2.037481418190855154e-01 2.549640502486710814e-01 -2.406231536740885413e-01 2.598711724289106684e-01
-4.000000000000000000e+00 6.083706510207433082e-02 -3.306855914758403264e-02 -3.990941928676133843e-03 1.332454799981667160e-01 2.422326765944844418e-01 2.937547747225962569e-01 -6.725498305748929539e-02 -4.479608604596888033e-02 -2.233772048473542104e-01 1.553611759195479280e-01 -8.371904494402948593e-02 2.836821493570104713e-01
-3.500000000000000000e+00 1.735981381277165170e-01 1.121093254535262956e-01 1.950525041700442164e-01 1.977283042474346497e-01 3.247149423360418119e-01 3.083369565847482452e-01 -1.372386945389821866e-01 -3.054308267176533698e-02 -2.763137249202359813e-01 7.421420070199927221e-02 -1.922867181218586574e-01 4.128005464798590873e-01
-3.000000000000000000e+00 1.119935035612792396e-01 1.376394270670937836e-01 2.622263879003556841e-01 9.688798826001870923e-02 3.015744988346233391e-01 2.162728088705204443e-01 -1.492571139983230877e-01 4.867259971627944243e-02 -3.770784424991877604e-01 -1.142510077484754916e-01 -2.271553912672650277e-01 3.722885572697255396e-01
-2.500000000000000000e+00 3.627643423732779260e-01 3.827337118181908804e-01 4.860765172190094074e-01 3.138741360810884951e-01 4.308017392948312319e-01 3.188298817043988542e-01 -5.931189796395323205e-02 8.485725757230683231e-02 -1.114364225196486924e-01 -2.786610000593597175e-02 -1.762455511569860911e-01 4.931121299423847359e-01
-2.000000000000000000e+00 5.457202406642728265e-01 4.751795841680973576e-01 6.005196255105769154e-01 3.620112193867079387e-01 3.386638804494249144e-01 2.672171011889794556e-01 -3.814105941850171044e-02 1.854228525373073644e-02 1.805578679008217058e-01 4.842322691214412389e-02 -8.643103147849744150e-02 5.087269973608219420e-01
-1.500000000000000000e+00 6.535245896890740092e-01 5.919365875875609584e-01 5.969222499582480523e-01 5.318139091495139859e-01 4.879388134726209136e-01 3.688223362724962207e-01 9.916203774846435448e-02 2.212320073891355932e-01 3.694824104640074269e-01 1.471952620314343485e-01 -4.113121449903051063e-02 5.259162706773823359e-01
-1.000000000000000000e+00 5.229810151440751342e-01 4.784062304444181013e-01 3.624612051982887273e-01 4.792440833381285126e-01 4.695472396630511747e-01 3.081084825729941690e-01 1.770913984307972977e-01 2.527576023913037373e-01 3.567549166665656690e-01 1.513974902093601638e-01 6.739041590353478384e-02 3.678104583251735615e-01
-5.000000000000000000e-01 5.770523122120885251e-01 5.375229533298977458e-01 3.645536480635209742e-01 6.119365296537234711e-01 4.231756434694539659e-01 4.460316478184306321e-01 3.627456749982690409e-01 4.036158596089629569e-01 8.190878877187979246e-01 2.712282273283846967e-01 2.398206505160936919e-01 3.802472563638800707e-01
0.000000000000000000e+00 4.564310120729441200e-01 4.328617859360219811e-01 2.700381059527517946e-01 5.907625009951327222e-01 2.308959834578235004e-01 4.137794618421793413e-01 4.781480834089422149e-01 3.260461554727791533e-01 1.000000000000000000e+00 2.925041715654189689e-01 4.263597113749676981e-01 2.733643659809287252e-01
5.000000000000000000e-01 3.538687302399695644e-01 3.425643565475640639e-01 2.577853329529048929e-02 4.885367978947018353e-01 2.929213204463654296e-01 4.214130125396832183e-01 3.658727148740131829e-01 4.305779957187132467e-01 8.190878877187979246e-01 2.741052948702313863e-01 3.121452062239956637e-01 1.785730162517592534e-01
1.000000000000000000e+00 1.387962768133191027e-01 1.544571622181039605e-01 -2.375086244478435971e-01 2.706253824291330323e-01 2.696853935259875823e-01 3.288277622772403652e-01 1.236981854752930154e-01 3.737240275347132323e-01 3.567549166665656135e-01 1.508836089856809282e-01 7.554014519841759090e-02 4.717278481319275851e-02
1.500000000000000000e+00 4.823448957839120144e-02 9.047892379938543561e-02 -3.170166620098153754e-01 1.945499212196909466e-01 2.335283501019929653e-01 3.246645785054933508e-01 2.211720806178962551e-01 3.668871653771713093e-01 3.694824104640074269e-01 3.291366270560149021e-02 1.015805210499866884e-01 1.353337504422067600e-02
2.000000000000000000e+00 -8.528649927135775743e-02 -3.093849684417013246e-02 -3.706395838206850701e-01 3.604975467206292944e-02 8.296017956109758007e-02 2.289269286398717129e-01 2.176599874782670918e-01 2.389964193549631577e-01 1.805578679008217058e-01 -4.721790410514778435e-02 7.286904937076782440e-02 -7.732581703529670114e-02
2.500000000000000000e+00 -9.294392692175190707e-02 -3.930527743254715045e-02 -2.990221428660551628e-01 -1.978749496336051905e-02 3.521353731439912094e-02 2.162526692193157407e-01 3.675661991291678254e-01 1.997596333763302368e-01 -1.114364225196486924e-01 -1.613388510080634997e-01 1.703909669983997288e-01 -3.333507605918028388e-02
3.000000000000000000e+00 -9.073058876146472551e-02 -4.727990960017988686e-02 -1.709959108254280880e-01 -7.306746226419809365e-02 -7.967684189663377936e-03 1.620785822086110162e-01 3.481783519027594753e-01 1.360689509330952895e-01 -3.770784424991877604e-01 -2.312665032883068905e-01 1.600773452224512616e-01 9.098259672889318084e-03
3.500000000000000000e+00 -6.760946104876848495e-02 -1.329735268391454839e-01 -5.719115244662860420e-02 -1.747645077876389119e-01 -1.834526793636119812e-01 3.747298929560359537e-02 1.949915162710292582e-01 -1.781518907304105448e-02 -2.763137249202359813e-01 -3.367504079695962660e-01 8.476294636226928969e-02 -1.564039744323172249e-02
4.000000000000000000e+00 -1.296502068534323704e-01 -2.271199186739286113e-01 -3.664682050065037888e-03 -3.136585808594746783e-01 -3.399888084522176834e-01 -1.256303103194848503e-01 -1.449552045802927902e-02 -1.611063310757224198e-01 -2.233772048473541272e-01 -3.408778882425842482e-01 -1.244268831967493792e-03 -1.221783038847121527e-01
4.500000000000000000e+00 -1.013587164447120048e-01 -1.605524597785330798e-01 -8.771886400960413749e-03 -3.306355287488312866e-01 -3.107390168683240583e-01 -1.272203245955404460e-01 3.735385416334374015e-02 -1.431954432085444373e-01 -2.037481418190855154e-01 -2.657785244173449524e-01 1.948965908053156837e-01 -1.261452319978700609e-01
5.000000000000000000e+00 -1.014657031944600357e-01 -1.108128631937253805e-01 -5.400227511171040717e-02 -3.088650593318452708e-01 -2.673329128539420063e-01 -1.633897282168285114e-01 1.379680850077931453e-02 -1.046265803196145122e-01 -1.501655684437238902e-01 -1.213729942516684063e-01 2.609756302786176985e-01 -1.434154850205787979e-01
5.500000000000000000e+00 -2.532030427774866754e-01 -1.680613189355947001e-01 -1.743197959154231258e-01 -2.993510277262272923e-01 -2.739411172111387294e-01 -3.055850332362846089e-01 5.217105153060967726e-02 -9.071117113196551507e-02 -4.664920500061552761e-02 -8.055946054243462440e-02 3.508497274355570905e-01 -2.815526047520675590e-01
6.000000000000000000e+00 -4.148559550347060143e-01 -2.814845451606432514e-01 -2.676139350556296925e-01 -3.313003820110956288e-01 -2.773554880076650742e-01 -4.538220832715512132e-01 2.443008903621255931e-02 -1.628078271899231488e-01 -1.614708143229273349e-02 -1.407647973551256759e-01 3.365733686055745189e-01 -4.133590208792007892e-01
6.500000000000000000e+00 -4.767702864854176381e-01 -4.132692447440511341e-01 -3.662100515003068324e-01 -4.502520289857201430e-01 -3.053204547248025147e-01 -5.561677873774912850e-01 -6.441729174303008343e-02 -3.955852785118076920e-01 -5.891924069025559346e-02 -1.362819000345585063e-01 2.721315717051434602e-01 -4.599295900313750685e-01
7.000000000000000000e+00 -4.152726480462661240e-01 -4.424310160134960479e-01 -3.236825276929336526e-01 -4.390629976851906924e-01 -2.821632344517210900e-01 -5.567206642092632496e-01 -1.369088839971400184e-01 -5.188876263870909611e-01 9.415352766755299974e-04 -1.045329121528383726e-01 1.695245738226860699e-01 -4.019825459425213632e-01
7.500000000000000000e+00 -4.594410616037988282e-01 -4.544667843326219980e-01 -4.822878941699123567e-01 -4.199726960975692647e-01 -1.875112894721293055e-01 -4.702378142088930457e-01 -2.043062262475364710e-01 -4.213887112857400696e-01 -2.068505964251159679e-01 1.222905841272452915e-01 2.658185648905099160e-02 -4.125652056855571570e-01
8.000000000000000000e+00 -3.692044049697345010e-01 -3.623088974226817971e-01 -4.698239059599471634e-01 -2.692408459733739989e-01 -5.808306684807108822e-02 -2.713338113470673552e-01 -1.646621792097673898e-01 -2.327662057545062946e-01 -2.023078776366102061e-01 2.103405001136078867e-01 -3.173122024436616367e-02 -3.240326074210700957e-01
8.500000000000000000e+00 -3.085234902287633529e-01 -3.526024445038393740e-01 -4.511821421251764885e-01 -2.235368408820484487e-01 -6.643876279177896027e-02 -1.024833969125978073e-01 2.400119344790196951e-02 -1.287472390259748467e-01 -2.378224654936730298e-01 9.963975589143921063e-02 1.226809004312935797e-01 -3.109527755538313842e-01
9.000000000000000000e+00 -1.347070795366591411e-01 -1.884061822506302164e-01 -3.249436349697089610e-01 -3.743485846830864328e-02 5.878079377230047142e-03 1.631263827517251963e-01 3.723109027885651567e-01 7.973213944827713118e-02 -1.360854833009678688e-01 1.751134650771977996e-02 3.468016200411603300e-01 -1.658815649310705076e-01
9.500000000000000000e+00 -1.423935593228802254e-01 -1.097664007165157218e-01 -3.194208634687892845e-01 -9.291753214121729887e-02 -1.128072501631940672e-01 2.139790146664588277e-01 2.646183856929995581e-01 1.845827887652420896e-01 -3.591877046837423926e-01 -2.684796327086465262e-03 1.739082520675040711e-01 -1.945456635997254990e-01
1.000000000000000000e+01 -4.390699977147671101e-02 4.154980748942325997e-02 -1.950644512335914516e-01 -4.892062918369582264e-02 -1.401332791920474885e-01 2.586394906165622731e-01 2.407716976542317866e-01 2.751989669775515845e-01 -3.320590602931774438e-01 -2.121684606609142154e-02 3.799114795342348194e-02 -8.494292615799486912e-02
1.050000000000000000e+01 -6.201088483879223928e-02 5.263373024046261173e-02 -1.301242327521535680e-01 -1.693293107111391582e-01 -2.761161099725110146e-01 8.815559238994147284e-02 1.457755076438720376e-01 2.803386561031602220e-01 -1.651290337041939615e-01 -1.984669577146360719e-01 8.316309766088164634e-02 -5.809260072070958347e-02
1.100000000000000000e+01 -9.467466103310027969e-02 1.404283993565019414e-02 -7.421479590370749779e-02 -2.344945629797339781e-01 -2.917635342152779532e-01 -8.454255085994791252e-02 3.674587902257456240e-02 1.438191479786918858e-01 -1.187396088226984614e-01 -2.858331258113954720e-01 8.846778365914330367e-02 -6.087340114669904240e-02
1.150000000000000000e+01 -1.685162814640862317e-01 -8.086877018577053045e-02 -1.074265850057355420e-01 -2.178608630223795861e-01 -2.355024764483661937e-01 -2.580341141196146326e-01 6.909130560088613815e-02 -8.715599752508411402e-02 -7.043847462396493619e-02 -3.488475138257104424e-01 3.326996280005248274e-01 -2.273796872135104563e-01
1.200000000000000000e+01 -2.294374139892693953e-01 -1.845916610098274069e-01 -1.363906573405979650e-01 -2.185511408137460476e-01 -2.368529916455878737e-01 -4.039593204843134888e-01 -5.895545479193241289e-02 -2.638790949186825552e-01 -3.429660580839964668e-02 -4.174113564121847419e-01 2.918944195835042610e-01 -3.358206488620926189e-01
1.250000000000000000e+01 -3.769929806905449876e-01 -3.925162028909103817e-01 -2.910187315074911352e-01 -2.757155601513121557e-01 -4.308394737599444690e-01 -6.154664543029442214e-01 -2.451345744255506442e-01 -3.893209551532277324e-01 1.566813938382715377e-01 -5.094341656614531644e-01 8.721050999115088909e-02 -5.223872097892762190e-01
1.300000000000000000e+01 -4.136258651598119229e-01 -4.926575814384575036e-01 -3.056132600625778295e-01 -3.357521460071111741e-01 -4.581198774254034989e-01 -6.629783388503274200e-01 -4.818148306785252633e-01 -4.397179845139886911e-01 1.506146809854884694e-01 -4.591020579273180635e-01 -1.520482047895458655e-01 -5.498333554010859103e-01
1.350000000000000000e+01 -4.347630214743748445e-01 -5.478595639320125166e-01 -4.467959024696386838e-01 -4.017847495806756708e-01 -3.788113485140627290e-01 -5.038558410184466041e-01 -5.593805402006087890e-01 -3.297330339829994683e-01 -3.753278158079013938e-02 -3.568454532937118118e-01 -2.362511442560885078e-01 -5.382680547845681840e-01
1.400000000000000000e+01 -3.700265024850250550e-01 -4.679056985471134467e-01 -4.700649049162380910e-01 -3.211074374737765691e-01 -2.244353009845169722e-01 -2.788239704198461344e-01 -3.895488624201608463e-01 -1.834785199044905446e-01 -1.146271471892087446e-01 -2.170234644249291189e-01 -5.269224736630206962e-02 -4.558301290294555219e-01
1.450000000000000000e+01 -4.677936103727911021e-01 -5.176225613117259039e-01 -6.140334774506785998e-01 -3.753008123912193184e-01 -1.977168521671022472e-01 -2.187862472897837418e-01 -9.605890203241962411e-02 -1.815163481886558905e-01 -3.323607817546242460e-01 -2.468236871335946492e-01 7.657165356168227355e-02 -4.907888384168541673e-01
1.500000000000000000e+01 -4.091074982718870268e-01 -4.459974251153333569e-01 -4.551009783490113092e-01 -3.759543650921829960e-01 -2.262124549630363801e-01 -2.050422079515493712e-01 -2.261983140784913637e-02 -2.578358223096944846e-01 -3.642805152638620703e-01 -7.703579043828270856e-02 4.459863792914690872e-02 -3.680652794415090745e-01
