# # time shift (tau) HDelta HGamma HeII4685 HBeta HeI5875 HAlpha HeI5015 OI8446 HeI4471 HeI7065 OIII5007 LyALpha
-1.000000000000000000e+01 1.975642689508378680e-01 2.049926181776404455e-01 1.107918537565415196e-01 2.954549251947421462e-01 -7.072563403657289305e-02 -1.242291958287105869e-01 2.542301205841897976e-02 1.258314306155711437e-01 2.217198295297237443e-02 2.164961051025599548e-01 -2.172266223331621726e-02 -1.311499735110934206e-01
-9.000000000000000000e+00 -3.711785579079988906e-02 1.276093251767469461e-01 -9.256819095342748438e-02 2.450874591492687715e-01 -9.447989191047655166e-02 -5.261679822020571412e-02 -3.495535089609533297e-02 2.886310738910058959e-01 -1.623495305367487762e-01 1.979659235380381299e-01 -7.640846937719046605e-02 -2.372472019637242302e-01
-8.000000000000000000e+00 -1.484857657974795186e-01 -3.332149877085962414e-02 -3.901169442827021744e-02 -1.718992731810545932e-02 -8.591735627249919016e-02 -1.988418514953936844e-01 -2.573044091564898883e-01 1.565099042654455874e-01 -5.093436845093892718e-01 -8.727271193067823174e-02 -3.711328824097649415e-01 -1.735448474117698148e-01
-7.000000000000000000e+00 -2.165935314523122213e-02 -5.285240648008997233e-03 2.066424467907194140e-01 -8.900299157826552232e-02 -2.269607183285558272e-01 -2.559903962096095054e-01 -2.308691701780825056e-01 -1.523897915740308195e-01 -5.464085135710166075e-01 -6.849328110653346569e-02 -3.572644501271222683e-01 1.230129866008206063e-03
-6.000000000000000000e+00 1.200834205872819277e-01 1.393236649102387592e-01 3.976058037832658210e-01 1.117788816729742285e-01 -1.419327548237059311e-01 -2.040541025340558701e-01 -2.630457669339691384e-01 -1.168426403335493247e-01 -4.863791154013842322e-01 9.017474809802553115e-02 -3.625278111043895857e-01 1.699236682836578194e-01
-5.000000000000000000e+00 1.774974820316566060e-01 1.865192439687516357e-01 3.979494621209971328e-01 2.590518444640315110e-01 -7.942994025365603117e-02 -7.970742654444400166e-02 -2.856878625876731470e-01 -1.116609617973850221e-01 -2.244902475782984408e-01 1.878509209336721997e-01 -3.346782012604254675e-01 1.549505397224741343e-01
-4.000000000000000000e+00 3.992625664210125436e-02 1.690408109331484887e-01 1.984742468507503799e-01 3.050646198560146294e-01 -1.123914176522469027e-01 -9.377105348666155138e-02 -2.835127194716758892e-01 -2.965512734356543292e-02 -8.017442589169150591e-02 3.178875629646349399e-01 -3.306972893792742840e-01 7.199571469768348275e-02
-3.000000000000000000e+00 -6.166612190547727385e-02 1.504491444716976600e-02 1.271774859970949134e-01 2.466115531649154813e-01 -1.647755220392935205e-02 -9.118585167562676119e-02 -3.702285637699909704e-01 -5.659349902960437995e-02 3.432356850625429417e-02 1.384058296953028511e-01 -4.331080783835427050e-01 8.610160923179167869e-02
-2.000000000000000000e+00 4.241266368753866811e-02 9.176691986188818817e-03 1.880682191777077183e-01 1.974364316038399736e-01 1.256957013733342454e-01 -3.310709561427163661e-03 -4.849062011301021324e-01 -1.696494101257150500e-01 -1.092974314268260749e-01 -2.684661347385319807e-03 -5.955964882246254088e-01 1.806541916148171056e-01
-1.000000000000000000e+00 3.261741670186035225e-01 2.377066066310990489e-01 4.459164724789929646e-01 3.036122237826468506e-01 2.767379138781874692e-01 1.282683794343953687e-01 -4.379560281682824963e-01 4.414261180581850741e-03 -1.120566277317750770e-01 -1.124397123574938234e-01 -6.355126404885027558e-01 3.892487028209192790e-01
0.000000000000000000e+00 6.026594093361383742e-01 5.396653559344629647e-01 7.643947445723131562e-01 4.976796229731326737e-01 5.082254208918074445e-01 4.201045266658439692e-01 -1.291362017715678712e-01 2.138686417283264807e-01 6.424147127657789391e-02 -8.692661540142297694e-02 -4.054959474153926879e-01 6.827096768575492414e-01
1.000000000000000000e+00 7.937740656253462479e-01 6.975794011067697475e-01 8.551001246328203687e-01 5.978084732390935851e-01 5.008285849744780194e-01 4.370238277872436350e-01 -2.615796806309939049e-03 1.796626039566900368e-01 2.274052781651531574e-01 2.755047672522905611e-01 -3.056983341013549405e-01 7.815142841016735620e-01
2.000000000000000000e+00 8.274153830294848078e-01 8.051016597039208911e-01 7.751866219958933879e-01 7.259812787509365428e-01 6.735298603053144761e-01 5.427936340929147008e-01 1.042505848648833250e-01 2.886148185654328069e-01 5.406093107159610778e-01 5.503369085879612488e-01 -1.661577290055186451e-01 8.573299938180438673e-01
3.000000000000000000e+00 6.588093619496367959e-01 7.710136124525758250e-01 3.653380828683988057e-01 8.403701543967170284e-01 7.932167219164419913e-01 6.835432860268804145e-01 2.338847516991894027e-01 4.735556863684945439e-01 4.551681071700339754e-01 6.837310663248519216e-01 -1.861609965791170829e-02 6.675136982069012070e-01
4.000000000000000000e+00 5.282557429970242691e-01 5.503116673523885671e-01 1.418991827571282893e-01 6.801083281580417861e-01 6.998658853158435944e-01 6.378745386661728300e-01 2.743664332035432585e-01 5.079784702795415718e-01 2.915258725863977274e-01 5.033596045019963494e-01 -2.619178110923822689e-02 6.013693025634772038e-01
5.000000000000000000e+00 4.540276617253363733e-01 4.837718304207029307e-01 2.259892242760395686e-01 5.982562711891906693e-01 5.870213648196496159e-01 6.968372217951157577e-01 3.359454013820962204e-01 5.093657317746489444e-01 1.330349433586417440e-01 2.676457807701121405e-01 4.960653752434675268e-02 5.821806541864851248e-01
6.000000000000000000e+00 5.172697390767956316e-01 4.205443127467560771e-01 3.855129061609063879e-01 4.768996695296971455e-01 3.918608991394241237e-01 5.020767661726009967e-01 2.711436264659067841e-01 2.939539988472402721e-01 1.143508173879002332e-01 1.223149983908061456e-01 8.025767450278857573e-02 4.968360417532544648e-01
7.000000000000000000e+00 5.345402380794623820e-01 5.056802847694596981e-01 4.340148009742231805e-01 4.552006751805793838e-01 3.027758120550869125e-01 4.061602168956224279e-01 2.430688220201033534e-01 3.644828455412663093e-01 3.546515642339428398e-01 -2.454036903538490619e-02 1.173837791827860022e-01 3.041682536474790144e-01
8.000000000000000000e+00 4.175144995950832993e-01 4.789428206578106861e-01 3.075787653327334836e-01 4.376086345294571966e-01 1.879901437686157251e-01 2.401677362816120875e-01 3.043186326875482739e-01 5.147646446631322092e-01 6.817796998268951247e-01 -9.208590359190302332e-02 2.945042982088282857e-01 1.299006845333804394e-01
9.000000000000000000e+00 2.319277242831899177e-01 1.121714436208485904e-01 -1.230449637373233485e-02 1.929661063617515437e-01 2.789915585145266025e-02 -6.526828449937324694e-02 4.823569947729148405e-02 1.440371935681336035e-01 6.855148842041776103e-01 -2.371453324716245037e-01 7.299871220217898915e-02 -7.680811887902960766e-02
1.000000000000000000e+01 -8.029827716597937037e-02 -1.183615516089923103e-01 -3.033553651584915967e-01 4.375518573750026424e-02 -9.402406063837193129e-02 -5.927615046342788602e-02 9.760512753116241946e-02 -2.851347888967491889e-02 3.984036673306322607e-01 -3.727350212507807292e-02 1.001801533041878772e-01 -1.824649742196801927e-01
1.100000000000000000e+01 -2.599018800494024006e-01 -2.607552016849840060e-01 -4.898309300270172750e-01 -8.137598245832154686e-02 -1.414286261665571587e-01 6.259512667657735063e-02 1.137620391515948431e-01 3.798586623399927836e-02 -1.962389069712939249e-01 -1.329059296838646168e-02 -9.110246423240747626e-02 -2.288774749880170267e-01
1.200000000000000000e+01 -2.771097549982672326e-01 -2.332181036421787645e-01 -3.584581168854127364e-01 -3.253478752450472133e-01 -2.753225311195977021e-01 7.519493503449586891e-02 6.052676214867484805e-02 1.074460583162305943e-03 -5.828107977423919728e-01 -2.347761546318930248e-01 -2.831101762102069541e-01 -1.481164346198611259e-01
1.300000000000000000e+01 -2.989807810202334548e-01 -1.470101660206359628e-01 -5.976118190538044772e-02 -3.941838150550717734e-01 -4.228501860690242475e-01 -1.527951045689013854e-01 -2.768313360016706470e-01 -7.190292184784258245e-02 -5.622595057815501507e-01 -9.960414050823535037e-02 -4.731477788881677249e-01 -3.964905133342658261e-02
1.400000000000000000e+01 -3.225459786537068774e-01 -3.250379069633234641e-01 3.413815479924074692e-02 -3.866818630124702061e-01 -2.995850607369472396e-01 -5.562625365193523130e-01 -4.442354098290337561e-01 -4.809520614974801545e-01 -4.113110315096666358e-01 -4.911794049262668826e-01 -2.837579587692964922e-01 -2.000665644540480792e-01
1.500000000000000000e+01 -3.204959107381613603e-01 -3.696024854223829426e-01 2.092731254321304468e-01 -3.209067450736320382e-01 -1.798830159011933771e-01 -6.320571397347627407e-01 -5.896087920112142999e-01 -5.615609113086429405e-01 -1.355475868765416703e-01 -1.616606889299203043e-01 -2.538597662971066038e-01 -2.861556223689742939e-01
