# Cont8900 timestamps [MJD], fluxes [ergs/s/cm2/A], fluxerrs [ergs/s/cm2/A]
5.758166000000000349e+04 1.478015461927903608e-15 1.619431898334687065e-17
5.758266000000000349e+04 1.510125172594922478e-15 1.721356653065858682e-17
5.758365000000000146e+04 1.424465229783510459e-15 1.308809482798957588e-17
5.758377999999999884e+04 1.447030346317042630e-15 1.647476393573396436e-17
5.758458000000000175e+04 1.507191712210123624e-15 2.075819962673584818e-17
5.758556999999999971e+04 1.419871993212978375e-15 1.474807541975173905e-17
5.758654000000000087e+04 1.343224497259477436e-15 1.687657125447615449e-17
5.758755999999999767e+04 1.365527331136193612e-15 1.332340284688589892e-17
5.758848000000000320e+04 1.355987104516341194e-15 2.129580842484290433e-17
5.758941000000000349e+04 1.438435896266550212e-15 1.810290772369100796e-17
5.759041000000000349e+04 1.503218425781965952e-15 1.962573745228611299e-17
5.759140000000000146e+04 1.402536296278077714e-15 1.343399354801338308e-17
5.759238999999999942e+04 1.478119057864828662e-15 1.422782626225618270e-17
5.759338999999999942e+04 1.427940163542635740e-15 1.851966548683806769e-17
5.759431999999999971e+04 1.476982409018690906e-15 1.432645841722411439e-17
5.759530999999999767e+04 1.516183955454583458e-15 1.672811268995271748e-17
5.759643000000000029e+04 1.353362992664350314e-15 1.444850823397548866e-17
5.759741999999999825e+04 1.375129512165902232e-15 1.654968797198262535e-17
5.759829000000000087e+04 1.406597232361255661e-15 2.242515500247131200e-17
5.759927999999999884e+04 1.347303001322337829e-15 1.988961352366125850e-17
5.760020999999999913e+04 1.344400779058866035e-15 2.004657575439982238e-17
5.760219999999999709e+04 1.214277452556498166e-15 1.784408537227707063e-17
5.760319000000000233e+04 1.178784926744764978e-15 1.739599225281800995e-17
5.760418000000000029e+04 1.147755569309570345e-15 1.486642332636120361e-17
5.760523999999999796e+04 1.141675891753542336e-15 1.174759838524508566e-17
5.760616999999999825e+04 1.192047273269854694e-15 1.158355061325284593e-17
