# Cont6045 timestamps [MJD], fluxes [ergs/s/cm2/A], fluxerrs [ergs/s/cm2/A]
5.758166000000000349e+04 2.033499030941631892e-15 8.499161269017052363e-18
5.758266000000000349e+04 2.118522574707203121e-15 4.121131258306672022e-17
5.758365000000000146e+04 2.081490153081087366e-15 1.622791257591686180e-17
5.758377999999999884e+04 2.085907359314939473e-15 2.025505994198027618e-17
5.758458000000000175e+04 2.038702424922694129e-15 1.074919637112269300e-17
5.758556999999999971e+04 1.882131913926683472e-15 1.607795633217298624e-17
5.758654000000000087e+04 1.665182918040176291e-15 1.672224429376824389e-17
5.758755999999999767e+04 1.896825676807019703e-15 1.766061801077263552e-17
5.758848000000000320e+04 2.008444572808718268e-15 1.033879442455126265e-17
5.758941000000000349e+04 1.970532366294720783e-15 6.011792820199765840e-18
5.759041000000000349e+04 2.028969098739715894e-15 1.071468533234800079e-17
5.759140000000000146e+04 1.970497637943883357e-15 1.700381316228298342e-17
5.759238999999999942e+04 1.960275361992102577e-15 1.567879982581668960e-17
5.759338999999999942e+04 1.899779757150128279e-15 1.127804464459689915e-17
5.759431999999999971e+04 2.021597653344077601e-15 4.586202861166080115e-18
5.759530999999999767e+04 1.997667560862564991e-15 1.587083950878576453e-17
5.759643000000000029e+04 1.855182713676840653e-15 1.468495467316763354e-17
5.759741999999999825e+04 1.789934830484296103e-15 3.031689632324158347e-18
5.759829000000000087e+04 1.746851981929863811e-15 1.817683822126076381e-17
5.759927999999999884e+04 1.668946073666590334e-15 1.473935733065046422e-17
5.760020999999999913e+04 1.598066647807926100e-15 1.195816899502593132e-17
5.760219999999999709e+04 1.411313591220906410e-15 2.113261724774885212e-17
5.760319000000000233e+04 1.494001547513542116e-15 5.477349778870288546e-18
5.760418000000000029e+04 1.385922861007932631e-15 1.727965202883931655e-17
5.760523999999999796e+04 1.465465651618515111e-15 3.692314904978216863e-18
5.760616999999999825e+04 1.393367751218705897e-15 1.760400513080883475e-18
