# Cont4765 timestamps [MJD], fluxes [ergs/s/cm2/A], fluxerrs [ergs/s/cm2/A]
5.758166000000000349e+04 2.927604775448405905e-15 2.652469504559728473e-17
5.758266000000000349e+04 3.212401569219495902e-15 3.031690931925531121e-17
5.758365000000000146e+04 2.737242520296395772e-15 3.455373295489597081e-17
5.758377999999999884e+04 2.767157676997128199e-15 9.067719604659074951e-18
5.758458000000000175e+04 2.651115010256236307e-15 3.361413613337648640e-17
5.758556999999999971e+04 2.407198179395046711e-15 2.885492276197974313e-17
5.758654000000000087e+04 2.404958059593874970e-15 2.344889677605866389e-17
5.758755999999999767e+04 2.780133868818669522e-15 1.482008821372605106e-17
5.758848000000000320e+04 2.891100055348429579e-15 2.388164653693086583e-17
5.758941000000000349e+04 2.934765027295862388e-15 3.385556302303874890e-17
5.759041000000000349e+04 2.889613371353840538e-15 2.041640145868855336e-17
5.759140000000000146e+04 2.828400770768534946e-15 5.858977554138505563e-17
5.759238999999999942e+04 2.671365097512323934e-15 6.319878625827205795e-18
5.759338999999999942e+04 2.623303283414812458e-15 3.164940718205466183e-17
5.759431999999999971e+04 2.751941435960494203e-15 1.924001156823717613e-17
5.759530999999999767e+04 2.773841119881359581e-15 9.149360532704573881e-18
5.759643000000000029e+04 2.461129896523991151e-15 8.807458563591536434e-18
5.759741999999999825e+04 2.429985412672476457e-15 2.031118454009632924e-17
5.759829000000000087e+04 2.366484587873203104e-15 9.707139869478330471e-18
5.759927999999999884e+04 2.257019449605096074e-15 5.641993208884174733e-18
5.760020999999999913e+04 2.144141086196909435e-15 6.529179633442726541e-17
5.760219999999999709e+04 1.996246027818835461e-15 3.495388584200853797e-17
5.760319000000000233e+04 1.923487379957348757e-15 3.076805210030972302e-17
5.760418000000000029e+04 1.913411146602890275e-15 1.085908272511782618e-17
5.760523999999999796e+04 1.923003582972308413e-15 3.055646076086366489e-17
5.760616999999999825e+04 1.912736061343928598e-15 3.871763287707893150e-17
