# Cont4200 timestamps [MJD], fluxes [ergs/s/cm2/A], fluxerrs [ergs/s/cm2/A]
5.758166000000000349e+04 3.632953030484561995e-15 2.760420231070494582e-17
5.758266000000000349e+04 3.839647413171875254e-15 3.769554224080281015e-17
5.758365000000000146e+04 3.400698263943547749e-15 2.301972044148348220e-17
5.758377999999999884e+04 3.547334596068962495e-15 3.541100573580754688e-17
5.758458000000000175e+04 3.409431941253348035e-15 2.972502114819559676e-17
5.758556999999999971e+04 3.165846997312064251e-15 2.592703543840194222e-17
5.758654000000000087e+04 3.155152888715623489e-15 3.936598936658337828e-17
5.758755999999999767e+04 3.467697193642823618e-15 3.634155647430657046e-17
5.758848000000000320e+04 3.542761703414752943e-15 3.000779691677214676e-17
5.758941000000000349e+04 3.677861996781762859e-15 1.899600206038340600e-17
5.759041000000000349e+04 3.682482567391207962e-15 3.974334873721676856e-17
5.759140000000000146e+04 3.358809361267829597e-15 2.659515972153656816e-17
5.759238999999999942e+04 3.431367368199935439e-15 1.676607008918168186e-17
5.759338999999999942e+04 3.423807016810539571e-15 3.270823053572470733e-17
5.759431999999999971e+04 3.494762755043795497e-15 3.704143370560138067e-17
5.759530999999999767e+04 3.484948104874621114e-15 3.271845063405320202e-17
5.759643000000000029e+04 3.145976557281544026e-15 2.102029099403185310e-17
5.759741999999999825e+04 3.130334267495700853e-15 3.705747212982658012e-17
5.759829000000000087e+04 3.054579769978894095e-15 2.011192905039785009e-17
5.759927999999999884e+04 3.041590466793190196e-15 2.088325249583955656e-17
5.760020999999999913e+04 2.807705003010033812e-15 2.981532580278466428e-17
5.760219999999999709e+04 2.674418068952024450e-15 1.848000848912197171e-17
5.760319000000000233e+04 2.564700726623872452e-15 3.029545246429431231e-17
5.760418000000000029e+04 2.519786751656153973e-15 2.346218595961794731e-17
5.760523999999999796e+04 2.583187750093289591e-15 2.232534764727425129e-17
5.760616999999999825e+04 2.527192016606863499e-15 2.818430098943574715e-17
