# Cont8015 timestamps [MJD], fluxes [ergs/s/cm2/A], fluxerrs [ergs/s/cm2/A]
5.758166000000000349e+04 1.623695429572117872e-15 2.484330695788961168e-17
5.758266000000000349e+04 1.682600999165048304e-15 1.772929566637745019e-17
5.758365000000000146e+04 1.526324743885609976e-15 2.205283917355425989e-17
5.758377999999999884e+04 1.562076819121227602e-15 2.827053988587348643e-17
5.758458000000000175e+04 1.653488317949240391e-15 1.170268204469606201e-17
5.758556999999999971e+04 1.569597775915781832e-15 1.758658833867268663e-17
5.758654000000000087e+04 1.369952045964192866e-15 1.327228481250540691e-17
5.758755999999999767e+04 1.449410138321912790e-15 1.048742385303641281e-17
5.758848000000000320e+04 1.475599171878359963e-15 1.967085999934684794e-17
5.758941000000000349e+04 1.600031645131547869e-15 8.651765176548091147e-18
5.759041000000000349e+04 1.663162275567736070e-15 2.886058103186764209e-17
5.759140000000000146e+04 1.499382518422692203e-15 2.543896435607781712e-17
5.759238999999999942e+04 1.591003916930850960e-15 3.033268343552931019e-17
5.759338999999999942e+04 1.640084772166262678e-15 1.137043459244762647e-17
5.759431999999999971e+04 1.601915017217672121e-15 3.003648345603256931e-17
5.759530999999999767e+04 1.638755520337018780e-15 1.901380990027242721e-17
5.759643000000000029e+04 1.428101073332834455e-15 6.759095814140935779e-18
5.759741999999999825e+04 1.474530155796571520e-15 1.963077507290819833e-17
5.759829000000000087e+04 1.441351360982616970e-15 8.558100212492655511e-18
5.759927999999999884e+04 1.409089615464360266e-15 5.617060122559560530e-18
5.760020999999999913e+04 1.395187520836077139e-15 1.695767627161431266e-17
5.760219999999999709e+04 1.266356223980737497e-15 1.530092833891340825e-17
5.760319000000000233e+04 1.208930375569895241e-15 1.372912641286981590e-17
5.760418000000000029e+04 1.196822674863605458e-15 2.090468470610615558e-17
5.760523999999999796e+04 1.179595809535877674e-15 1.461783723965077052e-17
5.760616999999999825e+04 1.256725586047258426e-15 1.147156434891188004e-17
