# Cont7390 timestamps [MJD], fluxes [ergs/s/cm2/A], fluxerrs [ergs/s/cm2/A]
5.758166000000000349e+04 1.820872303012805661e-15 1.430996301484611541e-17
5.758266000000000349e+04 1.897999089699557042e-15 8.818521960619291466e-18
5.758365000000000146e+04 1.724694729406954254e-15 1.533889564605335260e-17
5.758377999999999884e+04 1.766634685985195584e-15 1.432685491358845303e-17
5.758458000000000175e+04 1.814566266246135273e-15 2.102309470302242032e-17
5.758556999999999971e+04 1.675905780380058611e-15 1.851557262591673186e-17
5.758654000000000087e+04 1.580447841932704552e-15 6.271731636430070355e-18
5.758755999999999767e+04 1.638886008787661030e-15 1.874073199211337904e-17
5.758848000000000320e+04 1.627417137305072715e-15 1.449986889138407069e-17
5.758941000000000349e+04 1.749778412697479787e-15 1.556963406390118720e-17
5.759041000000000349e+04 1.799881944253857113e-15 1.143372858953921815e-17
5.759140000000000146e+04 1.700402477400931227e-15 2.077041013868831357e-17
5.759238999999999942e+04 1.766561856277320142e-15 1.461172630722939553e-17
5.759338999999999942e+04 1.742758385137696300e-15 1.490824350163751972e-17
5.759431999999999971e+04 1.793381425193193717e-15 2.257436420278643135e-17
5.759530999999999767e+04 1.871843957628451147e-15 2.210260877107592876e-17
5.759643000000000029e+04 1.578769282287179670e-15 1.935637793094344112e-17
5.759741999999999825e+04 1.580854284138022790e-15 1.957371820958724288e-17
5.759829000000000087e+04 1.639095074669749347e-15 7.114551002630479715e-18
5.759927999999999884e+04 1.587336793664831874e-15 6.313189019068903184e-18
5.760020999999999913e+04 1.521103173358988497e-15 6.559483783998647260e-18
5.760219999999999709e+04 1.381418365003748046e-15 2.254329780489700758e-17
5.760319000000000233e+04 1.330728782443263598e-15 1.241850913266068082e-17
5.760418000000000029e+04 1.307003283711552239e-15 7.732025810595462485e-18
5.760523999999999796e+04 1.297113874061522731e-15 1.187898019507972616e-17
5.760616999999999825e+04 1.349889272733689653e-15 1.097001461721241461e-17
