# Cont5600 timestamps [MJD], fluxes [ergs/s/cm2/A], fluxerrs [ergs/s/cm2/A]
5.758166000000000349e+04 2.083937054800507564e-15 7.162606502641522341e-19
5.758266000000000349e+04 2.105987969395497171e-15 8.513971061778968695e-19
5.758365000000000146e+04 2.005462840369185654e-15 1.037615891105463129e-17
5.758377999999999884e+04 2.129039547538549328e-15 0.000000000000000000e+00
5.758458000000000175e+04 1.937433600968693336e-15 3.175145205153412594e-19
5.758556999999999971e+04 1.832488442265372067e-15 2.479787656546388983e-17
5.758654000000000087e+04 1.690194477483615695e-15 1.849497749953014244e-18
5.758755999999999767e+04 1.957189268034860603e-15 0.000000000000000000e+00
5.758848000000000320e+04 1.971236144794770700e-15 1.782790502186173883e-17
5.758941000000000349e+04 2.185851317860316133e-15 0.000000000000000000e+00
5.759041000000000349e+04 2.080151135163636061e-15 0.000000000000000000e+00
5.759140000000000146e+04 1.999090082111399519e-15 1.378167246792360746e-17
5.759238999999999942e+04 1.891118368808420228e-15 1.710340890891032186e-17
5.759338999999999942e+04 1.918685056076811432e-15 0.000000000000000000e+00
5.759431999999999971e+04 1.969969089384796673e-15 1.243315288680539735e-17
5.759530999999999767e+04 2.011036105403882137e-15 3.893951362066355727e-18
5.759643000000000029e+04 1.786928022340220946e-15 0.000000000000000000e+00
5.759741999999999825e+04 1.757422159018209428e-15 0.000000000000000000e+00
5.759829000000000087e+04 1.680319926203202672e-15 4.008574029104550836e-18
5.759927999999999884e+04 1.628178060277885638e-15 0.000000000000000000e+00
5.760020999999999913e+04 1.595223714069365049e-15 3.531448754925768313e-17
5.760219999999999709e+04 1.400164308294434869e-15 0.000000000000000000e+00
5.760319000000000233e+04 1.431539361572799814e-15 4.099014382979234189e-19
5.760418000000000029e+04 1.338618100253549355e-15 1.588744284313576060e-17
5.760523999999999796e+04 1.376405669398662185e-15 0.000000000000000000e+00
5.760616999999999825e+04 1.466146057303176729e-15 0.000000000000000000e+00
