# HAlpha timestamps [MJD], fluxes [ergs/s/cm2/A], fluxerrs [ergs/s/cm2/A]
5.758166000000000349e+04 1.202218103258936330e-12 2.806930839940693421e-16
5.758266000000000349e+04 1.239481481922361858e-12 2.826162301864876386e-16
5.758365000000000146e+04 1.229080678345116211e-12 9.350977226756283091e-17
5.758377999999999884e+04 1.252427555393402927e-12 2.487528335749804912e-16
5.758458000000000175e+04 1.250120896746537742e-12 2.596365893927397436e-16
5.758556999999999971e+04 1.267647025332717503e-12 3.840454177275772355e-16
5.758654000000000087e+04 1.207867596336600850e-12 2.703576291945311094e-16
5.758755999999999767e+04 1.179887723096361994e-12 1.863987270933169983e-16
5.758848000000000320e+04 1.169854603369902653e-12 2.588885614084507147e-16
5.758941000000000349e+04 1.208676988884425628e-12 1.908926017591030768e-16
5.759041000000000349e+04 1.232233018383807402e-12 1.957744734653695015e-16
5.759140000000000146e+04 1.181440395259142244e-12 3.014571057922378711e-16
5.759238999999999942e+04 1.243144267690548175e-12 3.111558431984792088e-16
5.759338999999999942e+04 1.259329177906771616e-12 1.885664299124178542e-16
5.759431999999999971e+04 1.264312831912754141e-12 1.605283078372222118e-16
5.759530999999999767e+04 1.293574938208985604e-12 1.484867773157897485e-16
5.759643000000000029e+04 1.198293319968579046e-12 2.078183082267009848e-16
5.759741999999999825e+04 1.209172825484787011e-12 2.023627287245265725e-16
5.759829000000000087e+04 1.252170528716868637e-12 2.444095319596532032e-16
5.759927999999999884e+04 1.237512281021181112e-12 2.546147239948679442e-16
5.760020999999999913e+04 1.225018223012712260e-12 2.830292674106537812e-16
5.760219999999999709e+04 1.200825414198685889e-12 1.343835955825007054e-16
5.760319000000000233e+04 1.149558318494929124e-12 1.548321123790294450e-16
5.760418000000000029e+04 1.134414351309962978e-12 2.685146299944443025e-16
5.760523999999999796e+04 1.119232519642208508e-12 1.631445769812769324e-16
5.760616999999999825e+04 1.142474439027662050e-12 2.289857247019519121e-16
