# HBeta timestamps [MJD], fluxes [ergs/s/cm2/A], fluxerrs [ergs/s/cm2/A]
5.758166000000000349e+04 3.660076654114187124e-13 3.783892257849585710e-16
5.758266000000000349e+04 3.679855273979284097e-13 2.037767756838461085e-16
5.758365000000000146e+04 3.816692164675176639e-13 3.926077558413159090e-16
5.758377999999999884e+04 3.879715797560934524e-13 2.272371990432670111e-16
5.758458000000000175e+04 3.804505976975359013e-13 2.903769396210195912e-16
5.758556999999999971e+04 3.754942564719459594e-13 3.219113983957209240e-16
5.758654000000000087e+04 3.670056425283491286e-13 3.041421725170035529e-16
5.758755999999999767e+04 3.589841372172821132e-13 2.556775773225724005e-16
5.758848000000000320e+04 3.482817024593412250e-13 2.716939609434873654e-16
5.758941000000000349e+04 3.591019768712574165e-13 2.905550193559008309e-16
5.759041000000000349e+04 3.774219795819883803e-13 2.776104068615805534e-16
5.759140000000000146e+04 3.567967159957564735e-13 3.685664613816778828e-16
5.759238999999999942e+04 3.697937782951101599e-13 1.596345249604492913e-16
5.759338999999999942e+04 3.834232271023073348e-13 3.253413105894571204e-16
5.759431999999999971e+04 3.623034931537233703e-13 1.905697354399846374e-16
5.759530999999999767e+04 3.712909708316213978e-13 1.327635259463895187e-16
5.759643000000000029e+04 3.705294823761934700e-13 1.676138123637883291e-16
5.759741999999999825e+04 3.745713287950127092e-13 3.620374264122387430e-16
5.759829000000000087e+04 3.796679827955611582e-13 1.593442656581822141e-16
5.759927999999999884e+04 3.635886118797517397e-13 1.974306723254060629e-16
5.760020999999999913e+04 3.570389793739824203e-13 3.745384242454173745e-16
5.760219999999999709e+04 3.401238109695904551e-13 2.590314142508890879e-16
5.760319000000000233e+04 3.334238315178839331e-13 2.958944884380795588e-16
5.760418000000000029e+04 3.278521540550322140e-13 1.556123015958097090e-16
5.760523999999999796e+04 3.266609018370278954e-13 2.994170127679113999e-16
5.760616999999999825e+04 3.249706501743739537e-13 2.769413344255058097e-16
