# HeI5015 timestamps [MJD], fluxes [ergs/s/cm2/A], fluxerrs [ergs/s/cm2/A]
5.758166000000000349e+04 1.519261994121776256e-13 3.523145889712829897e-16
5.758266000000000349e+04 1.501089225530227797e-13 1.897346067875314602e-16
5.758365000000000146e+04 1.578594854809987674e-13 3.655533263116222014e-16
5.758377999999999884e+04 1.574319019145702919e-13 2.074696733587150380e-16
5.758458000000000175e+04 1.550674101302670009e-13 2.703671911299576617e-16
5.758556999999999971e+04 1.518041780382440392e-13 2.997286240793056387e-16
5.758654000000000087e+04 1.534048805225039896e-13 2.831838678198977820e-16
5.758755999999999767e+04 1.530132886606081113e-13 2.334360028886011479e-16
5.758848000000000320e+04 1.486899909287108075e-13 2.529716483792906398e-16
5.758941000000000349e+04 1.502153400388820538e-13 2.659859025231019468e-16
5.759041000000000349e+04 1.557444495512981333e-13 2.534608799749622649e-16
5.759140000000000146e+04 1.490667337690314323e-13 3.431687069866032575e-16
5.759238999999999942e+04 1.541660614344747331e-13 1.486341793437565211e-16
5.759338999999999942e+04 1.543259668694001620e-13 3.029221825170146956e-16
5.759431999999999971e+04 1.539530980871540853e-13 1.774376579370702657e-16
5.759530999999999767e+04 1.548896999106097283e-13 1.236148491732235706e-16
5.759643000000000029e+04 1.561425375430024157e-13 1.530329675244009488e-16
5.759741999999999825e+04 1.549624537364997105e-13 3.305435330026021640e-16
5.759829000000000087e+04 1.550931180453436290e-13 1.483639216836416643e-16
5.759927999999999884e+04 1.575206714207453942e-13 1.802560376153217939e-16
5.760020999999999913e+04 1.545979405270012514e-13 3.487291444893504220e-16
5.760219999999999709e+04 1.565584107422864436e-13 2.325230462854808173e-16
5.760319000000000233e+04 1.504492747596997564e-13 2.755045280601486454e-16
5.760418000000000029e+04 1.527837589542683245e-13 1.420754767203996158e-16
5.760523999999999796e+04 1.537549660185855914e-13 2.733705137122944199e-16
5.760616999999999825e+04 1.490041858369547317e-13 2.578574276391546524e-16
