# HeI7065 timestamps [MJD], fluxes [ergs/s/cm2/A], fluxerrs [ergs/s/cm2/A]
5.758166000000000349e+04 3.731248977392605249e-14 2.423632264142362244e-16
5.758266000000000349e+04 3.832288045158750205e-14 2.817581470611615647e-16
5.758365000000000146e+04 4.584036212177393486e-14 2.181055922857581852e-16
5.758377999999999884e+04 4.401529087169325720e-14 3.487677265569212352e-16
5.758458000000000175e+04 4.759547068112559897e-14 3.884653271181287875e-16
5.758556999999999971e+04 4.924947740029009669e-14 4.877288457223623469e-16
5.758654000000000087e+04 4.055633771992276998e-14 2.547881359187354001e-16
5.758755999999999767e+04 3.205969115330396868e-14 3.216432297697767592e-16
5.758848000000000320e+04 3.492444424411515838e-14 3.668464625157580696e-16
5.758941000000000349e+04 3.658440699636414221e-14 2.908392966337447274e-16
5.759041000000000349e+04 3.925475128458608990e-14 2.075767046405879599e-16
5.759140000000000146e+04 4.115037322352024363e-14 3.746632921292072288e-16
5.759238999999999942e+04 4.360694238267599419e-14 2.246270339365669897e-16
5.759338999999999942e+04 4.479663860310230751e-14 2.894598117060004136e-16
5.759431999999999971e+04 3.871219129405147739e-14 3.501852193407644717e-16
5.759530999999999767e+04 4.587941592523979744e-14 3.187231664948296399e-16
5.759643000000000029e+04 3.932438273534105034e-14 3.229771493830098913e-16
5.759741999999999825e+04 4.207025990698210513e-14 3.613547593210560896e-16
5.759829000000000087e+04 3.995670878844844492e-14 2.545514082348013597e-16
5.759927999999999884e+04 3.791451063092028823e-14 2.363657026150162333e-16
5.760020999999999913e+04 4.165549641509376084e-14 3.006376723009221894e-16
5.760219999999999709e+04 3.441513938567055412e-14 3.458060322051123225e-16
5.760319000000000233e+04 3.784068253358897134e-14 1.801099451187030727e-16
5.760418000000000029e+04 3.368174056713286493e-14 2.077299010119709526e-16
5.760523999999999796e+04 3.846978198873516147e-14 2.021848744650760565e-16
5.760616999999999825e+04 4.096008716814295029e-14 2.095443084343950803e-16
