# HeII4685 timestamps [MJD], fluxes [ergs/s/cm2/A], fluxerrs [ergs/s/cm2/A]
5.758166000000000349e+04 9.277671763933694132e-14 3.917965324153207216e-16
5.758266000000000349e+04 9.681564196100944533e-14 3.156744139147856515e-16
5.758365000000000146e+04 9.114921454168491958e-14 4.439188674226641987e-16
5.758377999999999884e+04 9.270052015973311870e-14 9.692637760657550588e-17
5.758458000000000175e+04 9.298338667777426470e-14 2.833707435872414014e-16
5.758556999999999971e+04 6.192197246869774470e-14 3.885249779860198578e-16
5.758654000000000087e+04 5.565929721164309464e-14 3.388530139148089422e-16
5.758755999999999767e+04 7.205777850306821796e-14 2.877375766587298977e-16
5.758848000000000320e+04 8.374160816596296084e-14 2.454280228914904543e-16
5.758941000000000349e+04 9.111752261807857650e-14 3.379582560081442607e-16
5.759041000000000349e+04 9.637142115410675483e-14 3.773598665279910399e-16
5.759140000000000146e+04 8.317643647967269505e-14 3.940371161856911378e-16
5.759238999999999942e+04 8.281449798232146357e-14 2.938334743470349298e-16
5.759338999999999942e+04 7.672879146947457749e-14 4.140049212164200882e-16
5.759431999999999971e+04 7.895467302209858634e-14 3.547454994528118765e-16
5.759530999999999767e+04 8.839384429259563307e-14 1.352871728162013271e-16
5.759643000000000029e+04 8.478405544586946101e-14 2.926855474683441874e-16
5.759741999999999825e+04 8.311862355417356667e-14 3.039243101538847527e-16
5.759829000000000087e+04 6.357072990031948106e-14 3.173960445375524933e-16
5.759927999999999884e+04 6.754793725018531661e-14 1.904839105181454396e-16
5.760020999999999913e+04 6.493416484389102362e-14 4.815150540957437186e-16
5.760219999999999709e+04 5.663823637957344493e-14 5.091837197775068535e-16
5.760319000000000233e+04 6.498551052081565995e-14 3.407346788485638931e-16
5.760418000000000029e+04 5.687589608616414671e-14 2.996098694718223470e-16
5.760523999999999796e+04 6.666257855581871503e-14 3.839847102386974963e-16
5.760616999999999825e+04 6.215514728718262267e-14 4.042562335222850676e-16
