# HGamma timestamps [MJD], fluxes [ergs/s/cm2/A], fluxerrs [ergs/s/cm2/A]
5.758166000000000349e+04 1.691720845324247962e-13 3.445185368285311548e-16
5.758266000000000349e+04 1.750844264884816764e-13 3.293936621902169309e-16
5.758365000000000146e+04 1.724427445141994865e-13 3.551416624190999325e-16
5.758377999999999884e+04 1.752257306486287502e-13 2.994234007136583724e-16
5.758458000000000175e+04 1.728676799310441543e-13 2.589008142825039168e-16
5.758556999999999971e+04 1.678605441059467778e-13 3.360551423929873882e-16
5.758654000000000087e+04 1.631451940003803304e-13 4.225571604629673052e-16
5.758755999999999767e+04 1.547446846438570575e-13 4.227906369318080893e-16
5.758848000000000320e+04 1.507228196656093194e-13 2.718593770439543413e-16
5.758941000000000349e+04 1.616401956854871610e-13 2.042493779682780190e-16
5.759041000000000349e+04 1.723292076330907713e-13 3.677714593429520248e-16
5.759140000000000146e+04 1.662756542582769850e-13 1.771136532082970216e-16
5.759238999999999942e+04 1.660081901965879763e-13 2.876961013887342880e-16
5.759338999999999942e+04 1.664781242490481820e-13 4.257721720861033864e-16
5.759431999999999971e+04 1.605181230583579835e-13 3.088559940838929069e-16
5.759530999999999767e+04 1.728916482301429263e-13 2.940956482814450517e-16
5.759643000000000029e+04 1.686542864990340312e-13 3.387569667503470694e-16
5.759741999999999825e+04 1.697366266649980864e-13 4.075626348813383386e-16
5.759829000000000087e+04 1.681616988138170787e-13 2.860090741724300412e-16
5.759927999999999884e+04 1.607134842413424722e-13 2.572682262863498342e-16
5.760020999999999913e+04 1.628784917055732828e-13 2.980656037561114361e-16
5.760219999999999709e+04 1.550364111684887592e-13 3.368411021116364946e-16
5.760319000000000233e+04 1.510397130943144433e-13 3.354133809558678806e-16
5.760418000000000029e+04 1.430631175844984338e-13 3.546277586444075808e-16
5.760523999999999796e+04 1.439816653757313243e-13 3.022453734857968014e-16
5.760616999999999825e+04 1.479480022463001051e-13 3.452215804590812802e-16
