# OI8446 timestamps [MJD], fluxes [ergs/s/cm2/A], fluxerrs [ergs/s/cm2/A]
5.758166000000000349e+04 8.675628432240053620e-14 5.299076885073017047e-16
5.758266000000000349e+04 9.235256601878309144e-14 4.746753636982021117e-16
5.758365000000000146e+04 8.585371214203941264e-14 4.472562849204680026e-16
5.758377999999999884e+04 8.811044832269017749e-14 5.505495790750803290e-16
5.758458000000000175e+04 9.033719710862213576e-14 4.858313370095036477e-16
5.758556999999999971e+04 8.911035028229245984e-14 4.233516028238044001e-16
5.758654000000000087e+04 9.117213250223364606e-14 4.365732891688838703e-16
5.758755999999999767e+04 8.536258636853462618e-14 3.381488031797775160e-16
5.758848000000000320e+04 8.071547144027180065e-14 5.596871859354648304e-16
5.758941000000000349e+04 8.731478322512578094e-14 4.089673517242389690e-16
5.759041000000000349e+04 8.896687670025949972e-14 6.186811723780080973e-16
5.759140000000000146e+04 8.346395690021192833e-14 4.905381491055049174e-16
5.759238999999999942e+04 8.541412094935907599e-14 5.332836485358102557e-16
5.759338999999999942e+04 8.767701545026885424e-14 4.352919601514402521e-16
5.759431999999999971e+04 8.606044263524360789e-14 5.324193436441874258e-16
5.759530999999999767e+04 9.107002403356655448e-14 4.772286783331910499e-16
5.759643000000000029e+04 8.556316531175189282e-14 3.206370143821302819e-16
5.759741999999999825e+04 8.523737921133853442e-14 4.741615054416993164e-16
5.759829000000000087e+04 9.351817351522715426e-14 4.802510450599486692e-16
5.759927999999999884e+04 8.788212309419853992e-14 4.081940871285509748e-16
5.760020999999999913e+04 8.441280926019308086e-14 5.129885872712200205e-16
5.760219999999999709e+04 8.807089206391934261e-14 4.682276207533210968e-16
5.760319000000000233e+04 8.663041286696264785e-14 4.366302761579121316e-16
5.760418000000000029e+04 7.933107564698962639e-14 4.604068166193373811e-16
5.760523999999999796e+04 7.818331943863962183e-14 3.467184996422208784e-16
5.760616999999999825e+04 8.201805399366125384e-14 3.116007536775726955e-16
