# # time shift (tau) HDelta HGamma HeII4685 HBeta HeI5875 HAlpha HeI5015 OI8446 HeI4471 HeI7065 OIII5007 LyALpha
-1.000000000000000000e+01 -2.261870574991561300e-01 -2.532431356706949521e-01 -7.688210430514921812e-02 -2.428987986311212932e-01 -5.300150743800482456e-01 -3.710438823673620212e-01 -4.199515171859083962e-01 -2.153170201403110384e-01 2.407716976542317866e-01 -1.182233557295753190e-01 -3.919173681184752733e-01 -3.599351449448420226e-01
-9.000000000000000000e+00 -3.799547470547413597e-01 -2.886760254914743085e-01 -1.785485120374431522e-01 7.521275713128111606e-02 -5.088413234050865874e-01 -2.324109193923090122e-01 -5.155200281189191436e-02 -1.461683047227502474e-01 3.723109027885651012e-01 6.813380152973173148e-04 -3.587335779912878553e-02 -4.361112159747608241e-01
-8.000000000000000000e+00 -4.482000725017024623e-01 -5.190249825040496034e-01 -1.476766521155892797e-01 -4.958453813918571318e-01 -3.831474597639277224e-01 -3.015935956546915708e-01 -5.986864303665172526e-01 -3.383297277720501706e-01 -1.646621792097673898e-01 -2.967606817446821754e-01 -6.158847694453035704e-01 -1.832901512459180760e-01
-7.000000000000000000e+00 -3.408141085966632788e-01 -2.771559157777486737e-01 -1.850801941270134865e-01 -2.820946861308754605e-01 -2.655057103254029327e-01 -5.847191493993918882e-02 -2.874412484238875187e-01 -2.223902110410412858e-01 -1.369088839971400184e-01 8.392711803253672526e-03 -3.039468637632588011e-01 -5.824415656907686034e-02
-6.000000000000000000e+00 -1.432862493463718523e-01 -2.516585669904642941e-01 8.333483275578379423e-02 -8.064020249001435658e-02 -7.464662976318901799e-02 -5.836838375744644175e-02 -8.141211285626157035e-03 -2.624544172200034553e-01 2.443008903621258360e-02 -1.641666157261170989e-01 -1.167682940144932832e-02 1.388746164397880456e-01
-5.000000000000000000e+00 -3.823992149617780334e-02 -1.454962693679979768e-01 1.768102249762641409e-01 -2.394923768428951494e-01 -1.640345218890254878e-02 1.350997774133098212e-02 -3.991850310046863859e-01 -3.116386727365941800e-01 1.379680850077931453e-02 -1.553064602127822713e-01 -3.276561051262049662e-01 1.655880116372832611e-01
-4.000000000000000000e+00 2.621285836842292549e-01 2.257098992667809223e-01 1.520041253730719244e-01 -8.691949647351121522e-03 3.871592305556496583e-01 1.074203209212623716e-01 -1.978010421738917723e-01 2.481674248286480991e-02 -1.449552045802929984e-02 -1.738412790778482223e-02 -1.634666962318636063e-01 3.821780751782674623e-01
-3.000000000000000000e+00 4.132014542509370170e-01 3.435050586825074692e-01 3.551799294624131687e-01 3.427507778025878360e-01 5.401484654422195053e-01 2.660738540892080284e-01 3.774384121088627531e-01 5.106899927830062247e-02 3.481783519027594753e-01 -7.878890275538615040e-02 3.186118147874362760e-01 3.770164268888592796e-01
-2.000000000000000000e+00 5.162844007312277217e-01 3.886786033165632315e-01 3.818925224528258999e-01 2.189975289127472635e-01 3.790593813183530392e-01 2.558978357907603085e-01 8.013972689329906807e-02 3.926217321504920504e-02 2.176599874782670918e-01 1.628710417164631330e-01 2.660587323595477172e-02 4.692830571381089166e-01
-1.000000000000000000e+00 4.737338798736267509e-01 4.522350596467999972e-01 1.386108733641579494e-01 3.551857488207621483e-01 5.422392952507109065e-01 4.933188680503580725e-01 1.686088061665614313e-01 4.013239499323305592e-01 1.236981854752930016e-01 3.681496688095404757e-01 5.167665288933113998e-02 4.382775382254593954e-01
0.000000000000000000e+00 3.541291590679452317e-01 4.403803857577160974e-01 7.167121074144830462e-02 5.609260286962043374e-01 3.875337699460145169e-01 5.541169449335052732e-01 1.000000000000000000e+00 4.115874109780407464e-01 4.781480834089422149e-01 3.736865996708725879e-01 8.977089557730540959e-01 2.357318315090893845e-01
1.000000000000000000e+00 -1.923485344981426537e-02 4.793785832081179366e-02 -2.309068208933080513e-01 4.580941690316849002e-02 -5.600216580501549829e-02 1.714691235329162677e-01 1.686088061665614868e-01 3.009938647254136734e-01 1.770913984307972977e-01 2.449015521126210737e-01 1.456702145179052943e-01 -6.018603997704147224e-02
2.000000000000000000e+00 -2.087968098744854006e-01 -1.182468276582793465e-01 -5.882307556758269440e-01 -1.396220085235420905e-01 -9.735776318203116786e-02 7.283746834849591512e-02 8.013972689329906807e-02 2.250120018479944140e-01 -3.814105941850171044e-02 -1.880132442585485258e-03 2.016104177956479782e-01 -3.140256161750458741e-01
3.000000000000000000e+00 -4.774724586181774422e-01 -3.511949756966917802e-01 -4.786583658770211525e-01 -1.681526503150857776e-01 -2.241913910264596854e-01 -2.624874326162527360e-01 3.774384121088627531e-01 8.941734113965937869e-02 -1.492571139983230877e-01 -4.117226122436701274e-01 5.026072337611371399e-01 -5.278136164024855859e-01
4.000000000000000000e+00 -5.085994117314796004e-01 -6.460222198491361034e-01 -2.904836414780517240e-01 -5.623408070541404680e-01 -6.940312420688932171e-01 -5.548956862815146440e-01 -1.978010421738917723e-01 -3.940848245454254828e-01 -6.725498305748929539e-02 -7.179968678643744440e-01 7.017415476611549643e-03 -6.647239344376015824e-01
5.000000000000000000e+00 -3.365506032847543905e-01 -4.211934149236180591e-01 -2.675232809975793824e-01 -5.618013276681349533e-01 -5.513460007341214331e-01 -4.517416797126757588e-01 -3.991850310046863859e-01 -2.927737422116238331e-01 -2.247646849042687911e-01 -2.654840452517761018e-01 -1.329566152007219393e-01 -4.370092264582587926e-01
6.000000000000000000e+00 -4.537153095686463078e-01 -3.814906660701542496e-01 -2.615026258432165962e-01 -3.443484942061904586e-01 -4.047176696012790842e-01 -4.256118893222413657e-01 -8.141211285626181321e-03 -2.339129470340604033e-01 -7.082896789915339719e-02 -3.666609268362961416e-01 1.594984722126143728e-01 -5.227504182664686194e-01
7.000000000000000000e+00 -4.494553714892570162e-01 -3.993318784216114969e-01 -2.093284364270211473e-01 -4.354406878330061570e-01 -5.360683714563931890e-01 -4.984307665113457686e-01 -2.874412484238875187e-01 -4.790303697128129312e-01 -1.754136712265019493e-01 -2.103091092154436570e-01 -2.021677239156828010e-01 -4.477464895212715512e-01
8.000000000000000000e+00 -4.502789504094936723e-01 -3.987948209504073027e-01 -4.208919826810284537e-01 -4.782778698852342414e-01 -2.925613589576172568e-01 -3.803708282224299575e-01 -5.986864303665172526e-01 -2.054005469113591720e-01 -4.440251257100195081e-01 -4.894015743514170541e-02 -5.427906954235747206e-01 -2.452285898080490689e-01
9.000000000000000000e+00 -3.379842819113609287e-01 -3.832191487888479964e-01 -1.978891957213382569e-01 -3.018066642306369562e-01 -1.293892455905633621e-01 -1.604664395045341529e-01 -5.155200281189192824e-02 -3.268976259397006756e-01 -4.556980551389309686e-01 -9.723186547384640721e-02 5.363212301578559188e-02 -1.045486264535428894e-01
1.000000000000000000e+01 -3.151023281367819062e-01 -3.082257030257304353e-01 2.689936284889430512e-02 -2.976786658525779616e-01 -2.827143975437050871e-01 -2.496071289091312539e-01 -4.199515171859083407e-01 -4.531122844682401452e-01 -6.066270371547468621e-01 3.075887172996927960e-02 -4.290169052316663012e-01 -7.901123945214763578e-02
1.100000000000000000e+01 -3.540864593934916343e-02 1.230370047754653084e-02 2.757953371666774789e-01 -1.808625349473666488e-01 3.266347712808169435e-02 -6.155952932190726645e-02 -4.351643038589998458e-01 -1.406518385678075800e-01 -3.521121037519288066e-01 1.320800194097638824e-01 -3.792592907449700568e-01 1.855850950619535311e-01
1.200000000000000000e+01 1.675629233349515135e-01 2.171535514881722528e-01 3.272741322459175040e-01 1.277603569849455334e-01 4.030977952632298633e-01 3.765651290335197271e-02 1.427955138250890377e-01 1.276325577151337168e-02 -8.469311748086198743e-02 1.785350007823280349e-01 3.272027709863757350e-01 1.900045598313019335e-01
1.300000000000000000e+01 3.877179227466351907e-01 2.586574334915908158e-01 5.383109928834406421e-01 3.063591388741103705e-01 1.430283289904521193e-01 -4.536273925523272299e-02 -1.176231607993532685e-01 -1.089021482992308665e-01 5.656346579421738241e-01 3.270226913279304926e-01 -1.480376805977336174e-01 2.711645891393412167e-01
1.400000000000000000e+01 4.317286269381643837e-01 4.261021181519500933e-01 1.789729008739120164e-01 5.328933413756424819e-01 5.449468146816779379e-01 4.456514561604663638e-01 1.797234370867298869e-01 3.688231171054064950e-01 4.557142238105900689e-01 3.736210420930630161e-01 2.543114387058400538e-01 3.320813513162887975e-01
1.500000000000000000e+01 3.869733373749387750e-01 3.400951542059939547e-01 -1.718793610394862142e-02 4.533251875435090894e-01 5.308795707087584637e-01 5.649783307314624192e-01 7.048420204270455791e-01 4.867880071825249066e-01 4.148200123352711044e-01 2.274144098761611277e-01 7.022473998902747372e-01 2.998393441015567151e-01
