# extraction with python 
#  import numpy as np 
#  data = np.loadtxt(velodelaymap_Cont5100_HeI5875_ICCF.txt) 
#  timeHist = data[1:,0] 
#  velocityBoundaries = data[0,1:] 
#  velocityDelayMap = data[1:,1:]
0.000000000000000000e+00 -1.200000000000000000e+04 -1.160000000000000000e+04 -1.120000000000000000e+04 -1.080000000000000000e+04 -1.040000000000000000e+04 -1.000000000000000000e+04 -9.600000000000000000e+03 -9.200000000000000000e+03 -8.800000000000000000e+03 -8.400000000000000000e+03 -8.000000000000000000e+03 -7.600000000000000000e+03 -7.200000000000000000e+03 -6.800000000000000000e+03 -6.400000000000000000e+03 -6.000000000000000000e+03 -5.600000000000000000e+03 -5.200000000000000000e+03 -4.800000000000000000e+03 -4.400000000000000000e+03 -4.000000000000000000e+03 -3.600000000000000000e+03 -3.200000000000000000e+03 -2.800000000000000000e+03 -2.400000000000000000e+03 -2.000000000000000000e+03 -1.600000000000000000e+03 -1.200000000000000000e+03 -8.000000000000000000e+02 -4.000000000000000000e+02 0.000000000000000000e+00 4.000000000000000000e+02 8.000000000000000000e+02 1.200000000000000000e+03 1.600000000000000000e+03 2.000000000000000000e+03 2.400000000000000000e+03 2.800000000000000000e+03 3.200000000000000000e+03 3.600000000000000000e+03 4.000000000000000000e+03 4.400000000000000000e+03 4.800000000000000000e+03 5.200000000000000000e+03 5.600000000000000000e+03 6.000000000000000000e+03 6.400000000000000000e+03 6.800000000000000000e+03 7.200000000000000000e+03 7.600000000000000000e+03 8.000000000000000000e+03 8.400000000000000000e+03 8.800000000000000000e+03 9.200000000000000000e+03 9.600000000000000000e+03
-1.000000000000000000e+01 2.881711049731071617e-01 6.493256785479117887e-02 -2.474706664662834968e-02 1.449338089485734948e-01 2.619736772826258830e-01 9.957440345213172672e-02 5.844913305267467052e-02 1.315328385564968894e-01 7.949846916226444016e-02 -2.635456271695259950e-02 -1.484822390394874847e-01 6.460552533863445079e-02 1.575595791613968455e-01 -2.504583838348076741e-01 -2.493078150958709105e-01 6.324488228710070659e-02 -1.287619122355008194e-01 -1.817450112253062855e-01 -3.629962878430907924e-01 -3.148809326932159869e-01 -1.982571809551093023e-01 1.298323193193078040e-01 -9.311728447011456689e-02 1.999770055201604418e-02 3.498868002804984834e-02 -4.421730553919336337e-01 9.549168171155464346e-02 -4.636959666046033268e-01 -3.930759336343228605e-02 -2.543203276900725118e-01 -7.990052584062193319e-02 -3.974701541597114307e-01 -3.247910419249823155e-01 -1.428483235541300744e-01 1.999274434431061453e-02 1.670670685506098485e-01 2.306459355312527881e-01 6.909340816454358908e-03 5.822564649351227861e-02 3.839531585602698471e-02 -9.416186596839751233e-02 -1.320432447128036535e-01 -2.863295208143796788e-01 -5.870280210056104397e-02 -5.926445380000231467e-01 -5.471248089403866199e-01 -2.930421122412788515e-01 -1.132852935595840688e-01 3.150455735036576665e-03 1.719874595911929926e-02 -3.459142363909876727e-01 -3.843216171874896947e-01 3.369218606868276122e-01 -2.871994420681756588e-01 1.291691723858937046e-01
-9.000000000000000000e+00 1.066526583096026742e-01 4.987525909932313817e-02 -4.669033407649709339e-02 9.903215904383985690e-02 3.756705029544318841e-01 7.785572914567849556e-02 1.052246579540293270e-02 7.055310536659457898e-02 2.281102194679991008e-03 -1.115689676949340320e-01 -7.453778560191123836e-02 1.915026535723701739e-03 4.081967628250444957e-02 -2.988821338544552786e-01 -2.459180455054909009e-01 1.627630160242266866e-01 -1.769295425845665570e-01 -2.362053569522131746e-01 -3.603770390053199213e-01 -1.905226096982211847e-01 -1.766343845969157444e-01 3.036190139360385731e-01 1.443710602908675200e-02 1.647119530500782414e-01 9.622487145487393367e-02 -4.423463194177504887e-01 6.909101799913944242e-02 -4.731511033102051011e-01 -1.789667096490680787e-01 -3.929152085754980539e-01 -2.387641573199718315e-01 -4.570650209534664610e-01 -3.833857284928428033e-01 -2.361482358030102813e-01 2.676802368975163271e-02 2.091175228781933515e-01 3.308068814024384130e-01 1.116359418992575181e-01 1.057203263936786763e-01 1.668953614067247848e-01 -5.470163193169061411e-02 -1.751690305998628017e-01 -2.581454554182948113e-01 5.357715807908779160e-02 -5.321914597891593823e-01 -4.378337057292705503e-01 -8.737196058881335770e-02 9.909019711108377204e-02 1.008481659109435602e-01 5.573716581307499446e-02 -3.076727769251312861e-01 -3.873963052954380593e-01 3.389057325924345054e-01 -2.642570488897530989e-01 2.196885067037002981e-01
-8.000000000000000000e+00 -1.411383884703583114e-01 -1.284365468994010384e-01 -1.633890316663658138e-01 -5.867556459991602608e-02 1.711382672563167839e-01 -1.075522549577573872e-01 -1.631077671385155470e-01 1.643616520647977336e-02 -1.596410194287809295e-02 -1.930075465558812042e-01 -9.507338954354577210e-02 -2.005454702823957630e-02 -2.739731270945885977e-03 -3.295101263913760015e-01 -2.840012496568480316e-01 1.510348466837527770e-01 -2.290108925026018705e-01 -3.741691144545170600e-01 -3.765046031864168752e-01 -1.946549093718991930e-01 -1.726992079001545277e-01 1.809141433574165125e-01 -1.528293522576094909e-01 4.164574259095331354e-02 1.093369450577186541e-01 -4.346051283240340846e-01 8.146534145789906256e-02 -4.013354619245657062e-01 -3.085109900971224617e-01 -4.565327802502117116e-01 -3.326240973866332329e-01 -5.141510293286661870e-01 -4.069476229710196624e-01 -2.413079862929076724e-01 -3.890448064224262537e-03 8.084767614054927387e-02 4.163551316083144438e-01 2.118119676531241558e-01 2.865035624150321647e-01 2.053861782457608309e-01 -5.231297774785431676e-02 -2.456556084367826354e-01 -1.945909479317982638e-01 1.584374334337860235e-01 -4.293982775444751265e-01 -4.649183041843839570e-01 -3.657596753446730464e-02 1.944524923574447728e-01 3.281335351554403590e-01 5.197950483328261234e-02 -2.815561906108228207e-01 -3.750588782264323573e-01 4.395517300535134453e-01 -1.317958514122720415e-01 2.826976558632828818e-01
-7.000000000000000000e+00 -1.192585553958483424e-01 -8.763468304042133783e-02 -1.079558875568298326e-01 5.182270167468713828e-02 1.994330868028642290e-01 2.261840104943448060e-02 -2.114293665613790063e-01 -9.538720253566860749e-03 5.950835311295242513e-02 -1.198401404273048143e-01 -7.577946670183521860e-02 -1.085860671568239511e-01 -1.273390273505296474e-02 -3.405751021283257018e-01 -2.805730871970045781e-01 1.463680608872858502e-01 -2.313787613139484389e-01 -3.744159438764664283e-01 -4.005909361113851319e-01 -1.786859711337041301e-01 -1.732567032596271928e-01 7.055643698180588674e-02 -1.906836028341937217e-01 1.293639042467998879e-01 1.921930896034584890e-01 -3.652830984396573388e-01 3.672490784992640117e-02 -3.551011224932608124e-01 -3.254559489635674430e-01 -4.552040456395878287e-01 -4.332679026265948141e-01 -5.460423214786910284e-01 -4.510004156873035353e-01 -2.000385394978149156e-01 4.264141963218883585e-02 -4.093778698548106165e-02 3.089944611226112525e-01 3.952260107348141288e-02 3.540265377588656115e-01 1.313792948170269814e-01 -1.951665481982643724e-01 -3.200789617393278164e-01 -2.508304103494202186e-01 -3.442893287651047074e-02 -4.453522315790924280e-01 -3.880035622989126409e-01 7.224127496206853016e-02 2.155222840151204133e-01 2.090398248891314759e-01 -7.364375159345139255e-02 -4.446173442389778629e-01 -4.319166313833405213e-01 4.084895710022050652e-01 -1.641930120384041403e-01 1.537193866261420960e-01
-6.000000000000000000e+00 -2.432552684615876537e-01 -1.553239146796048242e-01 -1.954218614334820026e-01 -4.628432706334773689e-02 1.029438420462275433e-01 2.112397442131763725e-02 -2.021277813566033643e-01 -1.462421669764104037e-01 -5.001695307450843703e-02 -1.783903542425398503e-01 -1.928143914149078042e-01 -1.995495070883834543e-01 -5.343918841897185579e-02 -4.181145505873576917e-01 -3.922975028992040647e-01 8.691248614148829044e-02 -3.602674944548958647e-01 -4.246932907558571557e-01 -3.915769752191017306e-01 -8.928235347661928056e-02 -1.314018081711016139e-01 1.561103775316512732e-01 -2.487127189922095083e-01 1.135850965207038932e-01 2.378988923324523164e-01 -2.938078192535480970e-01 1.383828595820557616e-01 -2.258970827867891884e-01 -2.472235689305452566e-01 -3.749392691518426135e-01 -3.951650930390487870e-01 -4.729756578626942987e-01 -3.605925735116730646e-01 -1.154857239217034620e-01 8.694151657319344750e-02 4.190343917389800082e-02 3.891082429881087545e-01 1.439169661033903314e-01 3.876183484005881752e-01 2.911027444512169771e-01 -8.006197804223114112e-02 -2.650124935340314458e-01 -2.615290552490384668e-01 -1.482957626277338625e-01 -4.693143026044388488e-01 -3.724646610071257191e-01 1.530190803622915596e-01 2.676559373988407486e-01 1.441690202285951794e-01 -8.657649870158254379e-02 -4.838025499954723418e-01 -4.859293551697080327e-01 2.803537582742018364e-01 -1.687941256734494244e-01 1.994941187415064932e-01
-5.000000000000000000e+00 -2.002419002763662081e-01 -5.383724129737896269e-02 -2.436944739890693767e-01 -4.851507258199362627e-02 1.960224197612626118e-01 5.912318520768791025e-02 -1.619418345094622569e-01 -7.107816589679724628e-02 2.251189226596951587e-02 -9.184740048199793727e-02 -1.802450750382108280e-01 -1.582842198334383499e-01 2.497824429265325941e-02 -3.432710525548495761e-01 -3.789985090305624249e-01 1.489367274057222246e-01 -3.162057086661924088e-01 -3.909144453988830925e-01 -2.461237037983851905e-01 9.208215507193315622e-03 -6.904207674170412257e-02 1.840372311283047235e-01 -1.274443513056063015e-01 8.946516895622985688e-02 2.307896655584675827e-01 -2.737089326881583795e-01 2.035218828540722447e-01 -7.819475717970210404e-02 -1.038920519647218155e-01 -2.775834408592504632e-01 -2.581284218327722368e-01 -3.309403512732649322e-01 -2.962095289116575270e-01 4.714170451575702692e-02 1.534972150144884306e-01 1.398091828551683846e-01 3.580646810953635462e-01 1.208555659069566746e-01 3.767054705559838013e-01 2.836834199278081559e-01 -2.009230324682992896e-01 -2.126506732324449644e-01 -4.117210754504582737e-01 -3.507225607838789783e-01 -4.788980866122917179e-01 -3.845153383992395146e-01 7.460066694178729696e-02 2.216535685622493534e-01 9.449194734113182392e-02 -2.653159267170805968e-01 -5.851245934135063109e-01 -5.828180148940698135e-01 1.928598004904705510e-01 -3.476518685561996724e-01 -6.965868148340562116e-03
-4.000000000000000000e+00 -1.811821568053196274e-01 -2.120300794643678322e-01 -3.981526205612661018e-01 -2.164587230166640786e-01 9.150165908864053843e-02 7.109840836045000501e-02 -2.396818726846893233e-01 -2.109669021870225203e-01 -9.754210510161656633e-02 -2.413159957930984811e-01 -3.976438606203110959e-01 -1.886068407990665885e-01 -2.331834290486477224e-02 -4.152467066995961797e-01 -4.606420631023189216e-01 4.732199321316250124e-02 -3.775903623452600000e-01 -4.910274423515443853e-01 -2.947422470994700561e-01 -1.495162686929911999e-01 -1.142247087279846529e-01 3.509006204548124896e-02 -2.467522831912600245e-01 -2.792267990262738142e-02 1.981047315181096724e-01 -3.155746428721332153e-01 8.784989130063000640e-02 -8.372279319504931372e-02 -2.301773298370383969e-01 -2.195359223607837307e-01 -2.016455669389398131e-01 -2.702802647636938227e-01 -3.653314382831698293e-01 9.833560038943860160e-03 1.467817590712748588e-01 8.580312226823522126e-02 2.243522854176095427e-01 6.783575317921203274e-02 3.359554026527473147e-01 2.342227446822437442e-01 -2.001365629959701020e-01 -2.140435868121889629e-01 -3.696581808625140075e-01 -3.595948380675464406e-01 -4.266959137670547908e-01 -4.596386833613612666e-01 5.091500579185023745e-02 1.582622724763645961e-01 6.749109666878926050e-02 -3.340260417064611631e-01 -5.348043469088463731e-01 -5.851284538660295187e-01 1.126465876831062446e-01 -2.795010422429875518e-01 2.087911127182787499e-02
-3.000000000000000000e+00 -1.654902211520723476e-01 -8.715683226588093191e-02 -3.176358277615914938e-01 -1.353130895318447324e-01 1.346525563382938717e-01 1.110108105926346234e-01 -1.262258040047186669e-01 -8.421244194741223099e-02 -2.060868812112975901e-02 -1.820796344419387258e-01 -1.989017676456599215e-01 -4.808230725733169536e-02 2.153166365005059618e-02 -2.803059296555640567e-01 -2.036881183837014331e-01 2.420934982384955747e-01 -2.338792858713321654e-01 -3.738234699901590297e-01 -4.298433205653498512e-02 4.964078599101937050e-02 2.367730980575289412e-01 2.415328016169669134e-01 -2.419591573739236778e-02 1.923085056352608069e-01 2.844181508595405861e-01 -1.259866798379192798e-01 2.341333064036402456e-01 2.209713521259881741e-01 -2.005406951053122222e-02 -1.385706623560087336e-02 -4.282477613871561034e-02 -2.189753696657054105e-02 -1.442633965710233834e-01 2.056611473973577187e-01 2.656492769863642023e-01 2.848135802452656518e-01 2.923130437335858534e-01 1.960562500999888935e-01 3.331444390323096139e-01 3.959737835669316919e-01 -1.107309234666276898e-01 -1.227794034527114470e-01 -1.905188901470373231e-01 -1.646448861384380846e-01 -1.918871671134911028e-01 -2.535149198656512226e-01 1.853649235577755905e-01 2.085344405719602723e-01 1.350306142043247726e-01 -2.571029417913107684e-01 -3.168945217055125774e-01 -4.382188214425414285e-01 -2.610376515981240389e-02 -2.178572361001342439e-01 4.186081434415226538e-02
-2.000000000000000000e+00 -3.293260469622512621e-01 -1.316296609718610733e-01 -2.596187223363762842e-01 -1.175817746451715967e-01 1.687953781794064578e-02 -3.395747165507120857e-02 -1.655299732262195678e-01 5.227117578205178750e-02 1.079655625650860623e-01 -2.183942291783115275e-01 -1.709459865423877678e-01 2.904324051615215369e-02 5.682813796020838581e-02 -1.685909649694946610e-01 -6.339134710236751791e-02 2.983905392213562768e-01 -8.861476224485551056e-02 -3.227095803375910621e-01 6.282269384043433214e-02 2.930850893496369375e-02 3.943001690893808697e-01 2.282580125404214122e-01 5.345677823048490540e-04 2.367061037428899173e-01 4.193109510486229818e-01 -4.060836189865012213e-02 3.423465747248033431e-01 4.456944163951183091e-01 8.640951715175798631e-02 1.888891258989816857e-01 1.746215600141944324e-01 1.738709439499006859e-01 8.033152672716341314e-02 4.158765155384543388e-01 4.460618918504337116e-01 3.550221101073782748e-01 3.870910733240158219e-01 2.927111811292293919e-01 4.107068554944212080e-01 3.233571688176606340e-01 -5.668348656848115619e-02 -6.352170987788027801e-02 3.753447113117776290e-02 6.109343928526395073e-02 -4.131840217181912550e-02 -1.753392604980191782e-01 2.437671773437518619e-01 2.625677188135913109e-01 2.800590526111379486e-01 -1.352543502701467337e-01 -1.394106079888199068e-01 -2.959913287385131375e-01 3.706380877190215001e-02 -4.235630006433163675e-02 1.908503176279276181e-02
-1.000000000000000000e+00 -3.618304797310251675e-01 -1.757068330378976917e-01 -1.985894544780129056e-01 -2.080836375107432065e-02 -1.301304471334228663e-01 -8.887164056431093306e-02 -1.871497348168739139e-01 7.649610571840700923e-02 1.260089320080864106e-01 -1.098022253404157128e-01 -1.318876450812429546e-01 -1.379051873833797015e-01 -5.311731686872910030e-02 -1.427102050629874275e-01 -4.019765604493833605e-02 2.383727560110576182e-01 3.851314964313347355e-02 -1.957369404753041553e-01 -6.770532491287167831e-02 -5.262087149442649936e-02 4.908623979673277238e-01 1.506778530811379579e-01 -2.790222926099628770e-02 3.534976765023229994e-01 4.694471519849226504e-01 1.393354863336124794e-01 4.634213473416347595e-01 5.893626067051558337e-01 2.497523284009164346e-01 2.987907968014817950e-01 2.421426223737526695e-01 2.952111962110489651e-01 3.052039487269921914e-01 5.484725269558659022e-01 5.347946955217383058e-01 4.283545727105336209e-01 4.588673654272513724e-01 3.000249473485295804e-01 3.363323545794166813e-01 1.670424913075538864e-01 -2.003299471877532933e-01 4.772497766473939029e-02 7.573752448272239035e-02 9.932264343848473676e-02 -5.329632502863095034e-02 -6.400607066417302038e-02 1.600871637361834243e-01 1.902311344490713041e-01 1.187077818127727225e-01 -5.959556914561602026e-02 -2.505786552744451168e-01 -1.610672219122976090e-01 4.526453089696711590e-03 2.697407077366940908e-02 -1.069944767799096697e-01
0.000000000000000000e+00 -3.736806403763826001e-01 -2.352749245065801909e-01 -2.244756315674841796e-01 -3.097460658946640799e-02 -1.756381157238406376e-01 -1.839585937731705312e-01 -1.337044275364485113e-01 2.752717289532836953e-02 2.431087256322690404e-01 -4.943232317989481456e-02 -1.209499111553206524e-01 -9.666334875142817973e-02 -9.051362246747319054e-03 -1.889507249952318002e-01 -6.812623677284843082e-02 2.461048751707112792e-01 3.224398854676328169e-02 -1.179682116056459951e-01 -1.439516580885440988e-01 8.451341283018949657e-03 5.435332290331403859e-01 2.151090579209083975e-01 -7.618026098578445371e-02 3.575717849580039576e-01 6.024495930710119795e-01 3.404447030258498375e-01 6.038077058436713829e-01 7.201499743564646616e-01 4.972503969697302795e-01 4.993121027277620527e-01 3.909736211652650173e-01 4.231620052941258425e-01 5.574308049753329275e-01 7.239165428905321997e-01 6.555059493747871224e-01 5.479047416898918943e-01 5.531184113449586492e-01 2.536485031087384878e-01 1.502496856490468935e-01 1.737784290514686469e-02 -1.895667797507409602e-01 1.734612637754058551e-01 2.331719280799740557e-02 1.310873088777959605e-01 -8.307936594362783089e-02 -4.241615226647585390e-02 -2.265508758057227512e-03 2.278093707604028628e-02 -9.381886861349710005e-02 -1.431247704342901717e-01 -3.951228150043816778e-01 -2.969290267580935172e-01 3.080542970390913460e-02 -8.649793111117175248e-02 -2.463704332530383956e-01
1.000000000000000000e+00 -2.416652187292831488e-01 -1.217797758235771993e-01 -2.352766389138832293e-01 2.391063093219553473e-02 -9.843168051949641867e-03 -1.135745450980183979e-01 -1.294015588252518112e-01 -1.608162052187225508e-02 2.098734674857310467e-01 -2.667030018285502374e-03 -2.735863318208610617e-01 -1.387637778207725381e-01 5.136206466005230342e-02 -1.813579066396953654e-01 -1.923191978910437916e-01 1.480416261576232018e-01 3.969974362243740285e-02 -2.984315114266244615e-02 -1.014181474810801620e-01 1.117097433936731221e-01 5.110302295695950958e-01 1.955267278854542490e-01 5.672710427502459379e-02 2.640002859234845678e-01 6.103004979735642266e-01 3.272544521043430632e-01 6.545181922233160865e-01 6.847202570515830145e-01 6.301326910612405907e-01 5.134107886880137084e-01 4.580073670994556645e-01 4.748759960790103207e-01 6.138445838736932281e-01 7.845035236108137688e-01 7.074173239689656167e-01 6.532827378487451320e-01 5.945119470857591626e-01 2.659894019805674747e-01 8.166141225839036732e-02 6.448709578323261193e-03 -2.268105700946802250e-01 2.144428399240662364e-01 -1.303575759691208771e-03 -3.359036197839392057e-02 -2.616904009241398654e-01 -1.261963852525163077e-01 -9.361959243208047010e-02 7.396361616146018836e-02 -1.188964299549230830e-01 -2.992937322990301130e-01 -5.120770490889186011e-01 -3.642272567992362875e-01 -7.833486497534020154e-02 -1.713004495859870857e-01 -3.434511697129332131e-01
2.000000000000000000e+00 -1.091116180496264493e-01 -3.242369189935357943e-01 -4.405708683783124413e-01 -2.451320933503381982e-01 -4.995108156347825845e-02 -1.559424058759268372e-01 -1.074570495657741626e-01 -1.211011401918920816e-01 -3.293669104348098675e-02 -7.742523684043298160e-02 -4.053664185175900325e-01 -1.385488943502992676e-01 -1.071333651079129506e-01 -2.810916042900308276e-01 -3.825847633601316966e-01 1.597166901947215945e-01 1.478013541725014743e-02 -1.681308242344751180e-01 -2.094373995099744756e-01 -8.588987084177404641e-02 4.720927988305923528e-01 -6.422420963387064086e-02 -6.462309288186968148e-02 8.067953974253225247e-02 5.609416714607324828e-01 2.675783403846498931e-01 6.578144755191412951e-01 5.619633806842594392e-01 5.356029582646950615e-01 5.392309216651993697e-01 5.840479752614959885e-01 5.417566396127787565e-01 5.864505340402449418e-01 8.035973308129227277e-01 7.645887658151996336e-01 6.835219220410626573e-01 5.182440059630387674e-01 8.702781881575535894e-02 -1.435656942431133287e-01 -1.560548650764831402e-01 -3.475708279738619622e-01 1.836744295009192229e-01 -1.836256638438383826e-01 -1.363598500398281177e-01 -3.521759009160914111e-01 -3.141996389442895943e-01 -3.011559504852463487e-01 -6.174209026574492554e-02 -2.070758112218974156e-01 -4.629470496577486882e-01 -6.076204519528529691e-01 -4.514144331151721534e-01 -1.967281076374905457e-01 -2.831357309158730740e-01 -3.446684407564299391e-01
3.000000000000000000e+00 9.252290181205449771e-02 -1.770252926344187405e-01 -2.108892445385917302e-01 -9.864871323393417657e-02 1.235906097463004422e-01 2.414230671492138824e-02 1.348672697436649748e-01 1.299612508977615322e-01 2.475607892245914599e-01 4.516404129412986135e-02 -1.840474720966735478e-01 2.739841360375480095e-01 7.507184094893248893e-02 -1.657681841908914266e-01 -7.333828132341876915e-02 4.622578609448895204e-01 2.005026754007080969e-01 2.855566169740263865e-03 1.922204888490099961e-01 1.471355019049339630e-01 6.934099109261685490e-01 2.243126363218446440e-01 2.873601583313464269e-01 1.434988045032611903e-01 5.378475782318579146e-01 2.926584825511000520e-01 5.677415477701184265e-01 5.654741462037792266e-01 5.943848771156378108e-01 6.619131899095690441e-01 6.839755562103594366e-01 6.658180721251700795e-01 5.898803210643325245e-01 7.722206506709603513e-01 7.785279145299757175e-01 7.530286486136819057e-01 4.794549397341506536e-01 1.630079409346327224e-01 -5.704788322961192037e-02 8.058103902195402901e-02 -5.952776259703414230e-02 2.632579938091192950e-01 -3.602111241355782090e-02 1.474720775736875211e-01 -3.688875622508492463e-02 -2.018413176050027624e-01 -2.455646551935581623e-01 -3.228943077012719209e-02 -1.310485391857693083e-01 -4.198509068726404836e-01 -2.503748171434492797e-01 -3.019329625832283814e-01 -3.138478803439586073e-01 -1.312440905603265984e-01 -1.809153463241570392e-01
4.000000000000000000e+00 6.196938196818697897e-02 -1.816929479685138182e-01 -4.106201154835530109e-02 -2.001256108968969133e-02 1.432180867410779712e-01 1.428313688243526836e-01 7.597004074384897110e-02 2.375463711365423114e-01 1.283051100239438469e-01 -1.748480053615370788e-01 -1.003706482797598887e-01 4.423038144745871092e-01 2.011344850649610105e-02 -1.787527242024372631e-01 5.331587489439283678e-02 5.778997955730456049e-01 3.875827288521842551e-01 4.191761089282469710e-02 2.606255091065311502e-01 2.492389600188959359e-02 6.375970073152433804e-01 1.402512692763495938e-01 2.289407491383473048e-01 2.119627214711150842e-01 3.349610384050124567e-01 3.245436166963326929e-01 4.922774439244466671e-01 5.787285862491432509e-01 3.362841198138405430e-01 5.507680641223920981e-01 6.838952199432171142e-01 6.632033118674161010e-01 4.582541995745926799e-01 6.899487262933341469e-01 7.135624976575402068e-01 5.787489349965100338e-01 3.081928709537599120e-01 6.183489774386780741e-02 9.244893602435765023e-03 9.382964535795537686e-02 -3.140806694469517810e-03 2.517840503640932093e-02 9.014916566286895749e-02 3.499248920838107235e-01 1.606137712711471210e-01 -8.493808962836438270e-02 -2.496900785220041441e-01 -1.583439710424861813e-01 -5.676303915993605176e-02 -2.443551348519079625e-01 -9.340840254708412949e-02 -1.158756019843698581e-02 -4.214470920787969366e-01 9.349341406797870291e-03 -1.792026210722189039e-01
5.000000000000000000e+00 -4.520496533145985929e-02 -3.755133298272818054e-01 -5.930084276632285878e-02 -1.142769909214028240e-01 -2.351510930395148691e-01 -1.026865224555210399e-01 2.703662333821634997e-02 5.383411263377911593e-02 6.342858156537754810e-02 -2.196389323636313839e-01 -5.087070102445651748e-02 1.300535953993712801e-01 -2.158770245784884800e-01 -4.430821411264599385e-01 6.142090862768477544e-02 5.465419489057349312e-01 3.004887198867127740e-01 4.188362586556158840e-03 1.090249968219617893e-01 -1.448287989610641813e-01 5.575209016570372711e-01 1.293098431795735026e-01 5.288444517780146320e-02 1.489855362229105529e-01 1.027312659926284816e-02 2.164383475218064901e-01 3.529603293070207037e-01 6.116074893666887391e-01 3.632464359248182006e-01 4.370226654607755057e-01 4.880506257710545137e-01 5.175031595812976670e-01 4.616470762944758777e-01 5.611642113299262213e-01 4.624740751248672677e-01 4.102742155143270786e-01 1.851040250735401793e-01 -8.566336116544394363e-02 -2.684583973501415421e-01 8.864589352029453306e-02 -1.844524070726331622e-01 -6.810611213226291927e-04 -4.390834654079026067e-02 3.818511982846733988e-01 4.010208511079840776e-01 1.951780628447023491e-01 -3.308223999272800198e-01 -2.432065610208344886e-01 -3.352624734893632774e-01 -7.885107122411263991e-02 -7.071670578091028558e-02 2.622306365576706488e-01 -4.682103354357626257e-01 1.368096795916076414e-01 -1.868052750295886022e-01
6.000000000000000000e+00 -1.268982817478130076e-01 -3.373439935715937255e-01 -9.110772157569507756e-02 -1.510880882361523569e-01 -3.869761766549359994e-01 -2.762467380677223749e-01 -5.218723489405368426e-02 -9.937937517046695202e-02 7.274289452334387063e-02 -2.017928020087907948e-01 -2.476755575775869689e-01 -1.549040719338213301e-01 -1.935614029204485442e-01 -4.683811400036680395e-01 8.766380679783379593e-02 2.260357498762626816e-01 1.117939533994460055e-01 6.175486342109327842e-02 -6.352444221136049896e-02 -2.365272066766348491e-01 2.967060096180465512e-01 1.128169480219668730e-01 -5.807132777144184688e-02 1.691175850446086648e-01 -1.848911644836491452e-02 -3.034620925300743344e-02 2.724504109880720448e-01 5.592569206545972005e-01 3.909886229575966210e-01 3.246248512779891238e-01 2.951943999809762409e-01 2.674689106001411631e-01 3.933969105914829623e-01 4.649819521182979587e-01 2.805000243701781804e-01 2.438547536270915805e-01 7.218271150839405959e-02 -1.193540704684391690e-01 -4.562606462858630474e-01 1.036330803919257165e-01 -2.228749463621294835e-01 6.291568500034530609e-02 -9.787440717800297008e-02 2.794323328260180928e-01 2.509447216004373482e-01 2.432302398327782222e-01 -2.768123850480554982e-01 -2.437298580291395178e-01 -4.431395444183966470e-01 3.565766964629592251e-02 -2.681924131895888630e-01 8.432421540796089521e-02 -3.323514021488594983e-01 9.398969225965457530e-02 -2.664642466857818914e-01
7.000000000000000000e+00 -1.888101689525796545e-01 -2.067270300311465081e-01 -2.114252790074775679e-01 -1.375983278751368444e-01 -4.600528592520173876e-01 -5.256120921967257775e-01 -1.602313266745288289e-01 -2.882611742276007250e-01 -5.593340897017005930e-02 -2.674252700231214419e-01 -4.221097041514392245e-01 -3.862773004517764397e-01 -2.577707510889432063e-01 -2.188345833903415638e-01 1.590911191242101730e-02 -5.871711741783808280e-02 -1.879100118375364448e-01 -7.988093086099727624e-02 -3.512163205609197258e-01 -3.420477962681837680e-01 7.445069608477529466e-02 1.082504709500394513e-01 -2.158567098291150343e-01 3.336883322837152499e-01 7.446846404943394115e-02 -1.583906816389070438e-02 4.243286263868675245e-01 4.279089324858491583e-01 4.603362923612134838e-01 1.335079528499714119e-01 1.653985058191351776e-01 8.252348517190888355e-02 3.913591680412905616e-01 3.440730982512989478e-01 1.764420150429386602e-01 3.147192317101883408e-01 1.774966591784935543e-01 1.990924796842113986e-01 -3.467232086099281130e-01 7.658868435921693807e-02 -2.358368413576766853e-01 3.032967871137431937e-01 -1.103112391585832908e-01 7.729303373727702819e-02 -1.269797663369547081e-01 1.932346975047426474e-01 -2.253520804673959932e-02 8.617967512568426580e-02 -3.161436047637618540e-01 1.129932654421426652e-01 -3.393528728932941330e-01 5.152277596145506122e-02 -3.004071348684936860e-01 1.806950899143298928e-01 -1.464754468424598333e-01
8.000000000000000000e+00 -3.711823615890155748e-02 -7.242301425378128155e-03 -3.528585903870897766e-01 -8.498674297705199887e-02 -1.665375027527968843e-01 -5.301913125177267760e-01 1.036364648272623812e-02 -1.591160713038100583e-02 1.465107476982071277e-01 5.989032469164618649e-02 -2.219020094857338810e-01 -2.608768643681644295e-01 7.575290728120211148e-02 -9.035865251441876911e-02 -5.315605737646338091e-02 -1.791949284062621661e-01 -5.430506191179586967e-02 5.067824740102649939e-02 -2.978199242433478000e-01 -2.083409282273167018e-01 -6.296590682103822556e-03 1.660496570555099749e-01 -1.436467298861989761e-01 2.534318917750233435e-01 2.459192731889306427e-01 1.309380862330177531e-01 3.179939670753529346e-01 1.892303065265456274e-01 4.661423844644471126e-01 1.303337334969312256e-01 2.134384178193868969e-02 -7.202201194736099210e-02 2.217538622773603252e-01 2.229297357532337709e-01 8.286396690364608575e-02 2.821420384312734453e-01 3.545719648664110157e-01 3.618292086497874038e-01 -1.684765619366355160e-01 -2.424200500074320253e-01 -1.329161956066105821e-01 3.669250997328533104e-01 -2.326548942167435685e-01 -8.186677482183223747e-03 -4.390093127619225655e-01 -3.042905973426615618e-01 -1.170089747819113291e-01 3.748678591752864497e-02 -7.948119616057278125e-02 -3.214668042333980458e-02 -2.661338710714554190e-01 -9.043303220672735399e-02 -1.574917881763547856e-01 -8.848079789122301198e-02 -4.363419793401260849e-01
9.000000000000000000e+00 3.556328217690140486e-02 7.395754356636598248e-02 -2.418085070823770000e-01 2.916219198366056808e-01 3.418040401708426490e-01 -1.325851363971488617e-01 -9.220008743222933567e-02 1.723610752460529305e-01 7.868298297587819623e-02 3.270111145686151188e-02 -3.123619687530471145e-05 -7.245065580467029143e-02 -7.919637723002102836e-03 1.098769625355372204e-01 7.970804694279734481e-02 -9.728718940582060937e-03 2.582993133058835711e-01 9.988591493372615121e-03 -1.525311066130551896e-01 6.019964003423082521e-02 -1.012761213870091992e-02 2.315299671235046819e-01 4.236994842751773405e-02 2.838241661859998710e-01 3.969770979100800679e-01 3.572991876888716445e-01 3.146598453849416277e-01 1.813041843071279413e-01 3.215201784589928335e-01 1.632337395502047317e-01 8.016995043478888916e-02 1.809055762034702391e-02 1.433686774572813238e-01 1.469467564610248411e-01 1.742079673528542649e-01 2.825378626791640868e-01 3.789224070610351935e-01 5.318280011902605242e-01 -2.165777811166953726e-02 -4.226959054902498236e-01 -7.151926168250047344e-02 2.411898015431841458e-01 1.396149454226171538e-01 1.140672182462900419e-01 -4.488322390976304810e-01 -4.334940076456137992e-01 -1.326377518117470011e-01 1.293027178791923693e-01 1.902832875503816246e-01 -1.738070738923467862e-01 -6.922126679448821485e-02 -3.307816061577142364e-01 1.746639359722713669e-01 1.977339142467187116e-01 -1.176144867969853014e-01
1.000000000000000000e+01 -2.176864007134849954e-01 -3.064734122234582525e-01 -2.340081637453447772e-01 -9.117059950387454426e-02 5.062772890845583795e-01 1.025059614326701007e-01 -2.774266075246414331e-01 3.271335793706987849e-02 -1.308983141591610888e-01 -2.383382483827295450e-01 2.196696661067921719e-01 -4.242413799492725235e-02 -2.850552762797606832e-01 -2.208918712451098387e-01 -2.926050054620285001e-01 2.192881479673194078e-01 1.218846492079624227e-01 -1.977704979495465698e-01 -8.778301425640400169e-02 1.616706573589511420e-01 1.004965517044825174e-01 1.308593923232447276e-01 1.635490946189319117e-01 3.074537306456540456e-02 3.804924444505229930e-01 4.257446657397079282e-01 9.453088035382767318e-02 -3.486384917822535345e-03 -1.152388446422596552e-01 -9.184547396821368670e-03 5.574630881047479281e-02 1.797033251376236596e-01 1.193623892699724187e-01 9.918511895725387606e-02 2.550854619227854725e-01 1.939785715736664917e-01 3.323272985228066245e-01 1.551185539381450817e-01 -2.955718039512250650e-03 -3.870776139037961361e-01 -8.390761602462681878e-02 -9.926958241653734138e-02 1.950933394771087459e-01 3.756952558832338251e-01 2.261652719689310337e-02 -2.369372564364469191e-01 7.195912644768998057e-02 2.405821541645895012e-01 3.356222991414838375e-01 -2.368989576065494984e-01 7.901867317311406236e-02 -2.629341447640499152e-01 2.921791112071104868e-01 -7.007050490720576064e-02 -6.421736472219689851e-02
1.100000000000000000e+01 -6.062214087793271755e-01 -5.719654269632774568e-01 -2.157420717605895710e-01 -5.377060728212467167e-01 -1.011626059147317375e-01 -1.180249593030606725e-01 -5.667854454274600107e-01 -2.807146421342390230e-01 -2.553301567605228417e-01 -4.145660877095700969e-01 1.132121949376810044e-01 -5.512427922097546534e-02 -3.834426489099695412e-01 -5.021367015431770220e-01 -3.459377512712640823e-01 1.533480928539733834e-01 1.626180731034211971e-02 -3.193787393615015180e-01 8.603560589098818018e-03 2.053935003817822513e-01 2.273439097037907863e-01 -1.925898769672114708e-01 6.402183445272394136e-03 -4.142970716640864692e-01 1.898924980492184417e-02 1.287975017712819636e-01 -1.079465642804894182e-01 4.791454983794994626e-02 -2.552443992681042717e-01 3.547085537031761937e-02 1.273448191540367015e-02 2.337673737675712848e-01 2.057906102629469547e-01 1.260785599351751662e-01 1.928696223301789581e-01 3.104571477997170037e-05 2.715940536036717257e-01 -2.113117456267054467e-02 1.909273036421287387e-02 -8.898811118407116971e-03 1.282198426984860681e-03 -3.481140111835250850e-01 2.824407437954113975e-01 5.268794546410642265e-01 5.646805153653213782e-01 6.248466088606050017e-02 -3.536222856868556641e-02 1.436555956125172839e-01 2.900464737340704424e-01 -8.599798194124753936e-02 2.789181896294827545e-02 -3.514166435052748505e-02 2.677213697273155280e-01 2.742628589860909294e-01 2.047208811445537791e-01
1.200000000000000000e+01 -4.359808859128688763e-01 -3.561971637944220115e-01 1.747920427306627333e-01 -2.909812899778265738e-01 -3.314890420968230611e-01 -8.360559545331920639e-02 -2.752815947192307489e-01 -3.881823343125950787e-01 -6.444136024494005743e-02 -2.615276835714866466e-01 1.321233414912348358e-01 -1.743463412213789587e-01 -4.892898101276676459e-01 -2.427488910246619058e-01 -1.203074955244517463e-01 3.335428259992370137e-01 -2.713103762921519335e-01 -4.797789578468157901e-01 -6.170380872371557246e-02 5.000190137416897496e-02 1.373704511599284639e-01 -5.502105231455202139e-01 -2.451369504983371694e-01 -1.928689368979399354e-01 -1.385962416427847232e-01 -5.885739777387551802e-02 -1.828849643250242962e-01 -1.495972614587720226e-02 -2.254369219820108183e-01 -2.506596413185069316e-02 -4.946537637836510848e-02 1.024832553130410606e-01 1.278432872953220723e-01 6.817988990086731871e-03 1.296140489879261670e-01 -1.953437280904189166e-01 -1.550563036943615469e-01 -4.887358383232761616e-01 7.698450227238023968e-02 3.542946424639071418e-02 -1.655820560864962876e-01 -4.592447452995006008e-01 -9.118667314472778118e-02 -1.848774277245414377e-02 4.788382578671496193e-01 5.682349780860631583e-01 2.321487057871745585e-01 2.023075789126526636e-01 -1.695836879581157364e-01 -1.610235385858398149e-01 -2.662952318874010071e-01 -2.256127298358402006e-02 -7.607668189767798073e-02 1.950959286828609640e-01 1.483105732280504130e-01
1.300000000000000000e+01 -1.846396804180054363e-01 -1.349317433137569959e-02 3.827243253832027237e-01 -1.010588463530398273e-01 -5.786999729871775688e-01 -1.370951855383813721e-02 4.883042164734618940e-01 -8.628568604302215561e-02 1.701969361203225506e-01 3.768293328928974950e-01 1.077112721779866500e-01 -6.854491617756247601e-02 -7.752953421328122319e-02 -5.594702656451295414e-02 1.253111745526354071e-01 2.468615460911506854e-01 -2.003337055994948157e-01 2.211189165406342305e-02 2.475294015880250831e-01 1.089654815224455897e-01 1.246834467640078603e-01 -7.811754473566757950e-02 -1.219452159611702224e-01 3.389751959733743741e-02 -1.400590796314591380e-01 -4.782793346783212329e-02 -6.785214342686021749e-02 -2.141185855050940431e-02 7.019013219731032316e-02 1.613077784710136575e-01 -9.812977475355633139e-02 -4.004060635543225249e-02 7.808846215320219830e-02 -4.732324187613480559e-02 -5.707986881477059710e-02 -1.432717361158348801e-01 -3.145141337321762792e-02 -2.351471304029687515e-01 2.682002911454358651e-01 4.534685201728011483e-01 2.029391332306019202e-01 -3.441247175400675290e-02 -4.130109070431190466e-01 -3.679975109853536042e-01 1.941883590662181192e-01 5.461395413733991511e-01 1.919704189623278046e-01 -1.666849894861731352e-02 -4.772866891334474060e-01 3.802789714602837490e-02 -2.528971785040622922e-01 1.270773328006261360e-01 -4.727090289457553940e-01 9.382712323881409189e-02 3.133846022629052652e-02
1.400000000000000000e+01 1.816249448321188842e-01 5.176063103173587088e-01 3.025312031648866862e-01 4.986734082560719816e-01 -6.026403228490360281e-02 2.691590163729589147e-01 6.752401520969742998e-01 5.556126033464847680e-01 4.970372780870656593e-01 8.317314637256774112e-01 1.706426670697278047e-01 3.154191130794027909e-01 3.997074577345846036e-01 5.988759874165636710e-01 3.953590688392770724e-01 3.235636565577092449e-01 2.357251187549871396e-01 3.003333762939053297e-01 3.997287167985139611e-01 8.016983397981955473e-02 -3.142991926248188406e-02 2.169589623039320792e-01 5.334982321157342305e-02 2.667140218900677096e-01 2.611253824238204610e-02 6.358593365873477232e-02 1.282197193119548884e-01 1.575872688253823484e-01 2.538729878768156145e-01 1.920155532564741807e-01 7.539006300301613617e-02 -1.457879391179289080e-03 -7.567816003445655693e-02 2.847249626695670666e-03 -6.335197855140103917e-02 -4.103755983150374209e-03 -1.064593403477142736e-01 3.740116090825770789e-02 3.392486948577205785e-01 1.943055968297522917e-01 -2.540691704873863227e-02 2.804845605530295050e-01 -4.913180863884838434e-01 -8.204708290848879981e-01 -4.043215385290755970e-01 8.631296461716825297e-02 -1.563027726347640256e-01 -3.532127852234594467e-01 -5.460080392097002022e-01 -1.822559021598660622e-01 -3.977839497535640700e-01 -3.426927886535703349e-01 -3.921840859707939053e-01 -2.393756689030582530e-01 -3.247342150961135543e-01
1.500000000000000000e+01 3.339373179896515387e-01 5.071563530436531408e-01 -1.376040099458055443e-01 4.224831675414816856e-01 2.701134674982050843e-01 6.104626066430822728e-01 5.232615268417013521e-01 4.165962582083676535e-01 5.547854533049524361e-01 4.720946814010436032e-01 -2.679063746008698566e-01 3.935007657481990884e-01 8.623900838489237941e-01 5.819351413711998378e-01 2.535008012804331745e-01 6.658329373274403384e-02 1.723150389182134812e-01 3.914066160789932969e-01 3.160719010583948885e-01 6.944800688530589072e-02 6.252269705476493078e-02 4.224445665772006420e-01 1.643596532105623953e-01 4.941831405914225428e-01 5.899373101913590878e-01 4.148377064346829846e-01 2.616152477040645796e-01 3.532023404068967976e-01 2.386617905016409913e-01 4.104472558188725362e-01 2.764260599509849592e-01 2.160415832153391447e-01 -4.124723330004633620e-02 2.377024665178950336e-01 2.547197510988929436e-01 2.668602215781670228e-01 4.644539541068207211e-02 1.813774908486351367e-01 2.997446763778722767e-01 8.582260202769631530e-02 1.601740340282428177e-01 6.174688230608047501e-01 2.208607391116795132e-02 -4.567325449663527936e-01 -2.755662773905758200e-01 -3.251942581827483858e-01 -2.141035956208244689e-02 -3.169692041543908934e-01 -1.750354092710650900e-01 -1.376857395009750407e-01 -2.897500052406053878e-02 -5.290176999083953113e-01 4.686912011801606243e-02 -3.654589374649541700e-01 -3.160147199618424385e-01
