# extraction with python 
#  import numpy as np 
#  data = np.loadtxt(velodelaymap_Cont1150_HDelta_ICCF.txt) 
#  timeHist = data[1:,0] 
#  velocityBoundaries = data[0,1:] 
#  velocityDelayMap = data[1:,1:]
0.000000000000000000e+00 -9.600000000000000000e+03 -9.200000000000000000e+03 -8.800000000000000000e+03 -8.400000000000000000e+03 -8.000000000000000000e+03 -7.600000000000000000e+03 -7.200000000000000000e+03 -6.800000000000000000e+03 -6.400000000000000000e+03 -6.000000000000000000e+03 -5.600000000000000000e+03 -5.200000000000000000e+03 -4.800000000000000000e+03 -4.400000000000000000e+03 -4.000000000000000000e+03 -3.600000000000000000e+03 -3.200000000000000000e+03 -2.800000000000000000e+03 -2.400000000000000000e+03 -2.000000000000000000e+03 -1.600000000000000000e+03 -1.200000000000000000e+03 -8.000000000000000000e+02 -4.000000000000000000e+02 0.000000000000000000e+00 4.000000000000000000e+02 8.000000000000000000e+02 1.200000000000000000e+03 1.600000000000000000e+03 2.000000000000000000e+03 2.400000000000000000e+03 2.800000000000000000e+03 3.200000000000000000e+03 3.600000000000000000e+03 4.000000000000000000e+03 4.400000000000000000e+03 4.800000000000000000e+03 5.200000000000000000e+03 5.600000000000000000e+03 6.000000000000000000e+03 6.400000000000000000e+03 6.800000000000000000e+03 7.200000000000000000e+03 7.600000000000000000e+03 8.000000000000000000e+03 8.400000000000000000e+03 8.800000000000000000e+03 9.200000000000000000e+03 9.600000000000000000e+03
-1.000000000000000000e+01 -2.226820960915062431e-01 1.498779403587268688e-01 2.218217678541720694e-01 3.874797740257892448e-02 2.756947812122458874e-01 5.770065338540883992e-01 5.656632781025690004e-01 3.468782512848536115e-01 6.752641639663703454e-01 2.519788271723594208e-01 2.642471105464452852e-02 8.490891349542777355e-01 1.218198564492402464e-01 2.259486160998042670e-01 2.942053089303660052e-01 -9.126782453917028914e-03 6.756612439701772943e-02 2.550964488426393229e-01 2.151496908414546327e-02 3.166536207461244645e-01 1.899187999662474424e-01 -2.908064238580820859e-02 2.257117549152294622e-02 2.181233191329588067e-02 -1.634763310900918531e-01 -2.008288542622795603e-01 3.941194130232181236e-02 -8.501820206404772651e-02 -8.497293185164726814e-03 3.123992041334201497e-01 3.862716780632148295e-01 2.710775131967469997e-01 1.931772124808465718e-01 2.477417322733236338e-01 -1.469409161262420493e-01 2.367249278191358997e-01 -2.110790454926129295e-02 -2.580767272932723566e-01 1.479589607321402656e-01 4.125772072044028294e-01 -4.996201201609789394e-02 -2.556502308769545984e-01 2.296580757991093236e-01 3.279365055730322220e-01 -1.810580641468172158e-01 -4.744704456301912510e-01 -1.745075035701241783e-01 -7.076651301198315647e-01 -7.673302821469289992e-01
-9.000000000000000000e+00 -3.012474048393329329e-01 -9.796168541585355272e-02 -2.289793807058393416e-02 -3.170448962375372326e-01 5.326545936671756021e-03 4.012969399491170819e-01 3.178530938353882895e-01 9.850510010480317824e-02 2.879676879430168590e-01 3.195424347473087290e-02 -6.022661644576776663e-02 5.543470852617401468e-01 -2.613022222291540297e-02 -7.459025241146377549e-02 8.689938775669467375e-02 -2.329385678358180389e-01 -4.760450254322508290e-02 7.462253426897050290e-02 -1.178778990895569811e-01 2.631614569555006389e-01 -4.735348845531882345e-02 -2.570049471880434533e-01 -1.759188458223103213e-01 -2.400266621768410158e-01 -4.576841180506947548e-01 -5.455935081286129584e-01 -2.360461320450225609e-01 -1.488995514457310820e-01 7.686899246037173783e-02 2.511359119211349911e-01 2.231086199362616318e-01 1.865297623660037152e-01 1.492034655522423703e-01 1.182905966413421855e-01 3.310594763110435990e-03 4.842499861537589989e-02 -3.003178709204349928e-01 -2.792168330013829469e-01 -6.113970876467590687e-02 6.438247579320969041e-03 -1.415185352669403596e-01 -1.370196535519938585e-01 1.776924460689858210e-01 7.989475745957250186e-02 4.064473515722248631e-02 -2.989600397865248560e-01 -2.033993019946311598e-01 -5.218206966143004166e-01 -6.183711933748188283e-01
-8.000000000000000000e+00 -5.349246537516750832e-01 -3.251056102396494563e-01 -2.982609963034763556e-01 -5.028154271694769140e-01 -1.659146479887287640e-01 1.319587228537449364e-01 9.136500059373008076e-02 -1.154295508631003053e-01 6.963686158005738536e-02 2.108564377396470180e-01 8.895271595163209422e-02 2.177986114845791299e-01 -7.284860238670638755e-02 -1.807887345415947200e-01 -2.004856086788497915e-02 -2.866889306282132677e-01 -1.446965093869651553e-01 -1.489541137285324279e-01 -9.989638784242553526e-02 1.539035457772617022e-01 -2.069490889197758421e-01 -3.706900914534261293e-01 -3.114387130799488590e-01 -9.377958589859884675e-02 -3.282424109210829721e-01 -5.955025688817263685e-01 -2.296838663418788173e-01 -2.087190032754316915e-01 -7.204182443193352103e-02 1.643282752581718409e-01 3.759364303142769259e-01 1.803314973912741592e-01 3.034792281047056783e-01 2.274569903926436931e-01 1.388618173520702326e-01 2.713560757649208788e-01 -7.503392511192447101e-02 -1.229130248504156087e-01 1.292199046643407664e-02 2.091996810532435469e-01 -3.392124241165436413e-03 -5.889986579348484991e-02 5.097714093488192599e-02 -6.856215630019787954e-02 2.818422440368214543e-01 2.318890383072921141e-02 -1.411536113024024486e-01 -3.885196859549584492e-01 -5.490503567188486089e-01
-7.000000000000000000e+00 -4.916159954779854013e-01 -3.775636941743466535e-01 -3.383175252353251006e-01 -3.478349405528045613e-01 -5.381208460760520534e-02 1.765763148916256464e-02 1.019166719903433216e-02 -4.094265569479630523e-02 5.848051385500546012e-02 1.076347982522752184e-01 3.074577338257609288e-02 1.400781926850901971e-01 -5.211315766698747243e-02 1.227898084512788757e-01 1.621094746965854871e-01 -8.853799804560388842e-02 -2.662697688154082309e-02 2.954566539632896838e-02 1.286577471926945437e-01 3.271283987368843738e-01 3.948560343974158449e-02 -2.593395845283546497e-01 -9.388798741751838706e-02 1.307681199694200186e-02 -1.202933516125570187e-02 -3.870509415023890565e-01 -1.366814679655664333e-01 -1.198024247239714291e-01 -2.544788315197181738e-01 1.311088301423921354e-01 3.854039538997072745e-01 2.085085969744975287e-01 3.404560343398340683e-01 3.771353794332700238e-01 8.237023150299246921e-02 1.333726749418785440e-01 -6.539355760316931110e-02 -8.211066509317127560e-02 1.230213236286863965e-01 2.580268042476028256e-01 -1.794912130248655091e-01 -8.034827630940026555e-02 1.473258482897091826e-01 7.124991193194525618e-02 7.042028348089635070e-02 -1.834066283081294685e-02 -1.106127900963477795e-01 -5.179471579672253467e-01 -5.718946935126940634e-01
-6.000000000000000000e+00 -5.866045038827824021e-01 -4.473998520495838793e-01 -2.493360367229824903e-01 -4.949810903893099856e-01 -2.755426953741405560e-01 -3.429801329974667412e-02 6.747375231138447171e-02 -1.184617883895428686e-01 -5.662725203331206436e-02 5.633771547587455852e-02 3.949859646873281338e-02 -6.149761699435986328e-02 -3.212339494313417587e-01 -1.106972534438218358e-01 1.635748285426384119e-01 -1.658210989059100138e-01 -9.251215159033082669e-02 -6.893831315063538023e-02 1.571956279989927124e-02 4.221154351265048454e-01 1.853228083163372952e-01 -2.238313680954306106e-01 6.582307198951111576e-03 4.624543240548407291e-02 -9.061188590056501457e-02 -3.683494193610938883e-01 -6.220975170531099774e-03 -1.235032467218910579e-02 5.906383186527003337e-02 2.916246374230206939e-01 3.940033593790168709e-01 2.739775265550533634e-01 4.274582186488253832e-01 3.847374851246192495e-01 1.092719519211696605e-01 2.330881922559669972e-01 -1.745252395421964878e-02 1.707213101936319033e-01 1.706803300146128577e-01 2.871463366638934978e-01 -2.038346444292245818e-01 -2.754482195518350718e-01 1.847499326096140315e-01 -6.768412875307711074e-02 1.732940059803169675e-01 1.133787894113776895e-01 1.360475675702864651e-01 -3.310008248605523784e-01 -4.490994778912511531e-01
-5.000000000000000000e+00 -5.492207162399805886e-01 -3.934125600735027817e-01 -3.459261203343372282e-01 -4.977126019027101056e-01 -2.427234340307794502e-01 4.235588080823398521e-02 2.354675140614470863e-01 -1.689641266217398463e-01 -1.441889387515553345e-01 6.320799979895638798e-02 2.005332949277455201e-02 -6.412070428269157907e-02 -3.260330857248258107e-01 -2.499235108914239223e-01 5.370895050933587739e-02 -2.796395176837208618e-01 -7.810824378875830254e-02 4.657338838447998980e-02 1.680626272734049576e-01 4.550414886681865556e-01 1.143821654987210307e-01 -1.998697501610364469e-01 3.062138714717085874e-02 1.550217261284109749e-01 -6.771098387472065938e-02 -3.785048597807796344e-01 -2.185281131291683665e-01 -3.725480824787925221e-02 2.494245196911387130e-01 4.462355847963966893e-01 5.882236384394684547e-01 2.245523112410479083e-01 1.651387533933755813e-01 2.560554449542180588e-01 5.849924196490809830e-02 1.886501502632531024e-01 -6.028509598383710588e-02 -3.842082113243838748e-02 -5.238949674303682719e-02 2.535642861787401059e-01 -2.422107969963917529e-01 -3.345377631517404970e-01 -4.472070990557971970e-02 3.053994474555935326e-02 2.939420185654359474e-01 2.586994835298831244e-02 2.262819756296698681e-01 -2.785237981565242271e-01 -4.622857603069219778e-01
-4.000000000000000000e+00 -5.329102781408676659e-01 -4.959206141906396526e-01 -4.375225103966551288e-01 -5.696054928856636446e-01 -4.205474388939539621e-01 -4.278816359019055326e-02 7.820840421549915544e-03 -1.827544402838637283e-01 -1.246828547745914284e-01 5.104090333964261123e-02 -1.157523574262124544e-03 -1.922272046394783995e-01 -3.680227375547778235e-01 -3.947165988597680641e-01 -4.637362541710590702e-02 -3.707410381707718638e-01 -1.598287456028398557e-01 4.770496637678403595e-02 8.566798905485635551e-02 2.019761275517708010e-01 -1.412046602933625661e-01 -2.478098795597282744e-01 -1.908339842924347551e-02 1.046347983288095640e-01 -7.785534846437050516e-02 -3.284913682518137978e-01 -3.378942930494177599e-01 -4.353418858500102129e-04 2.261807789523084811e-01 1.869629256979444820e-01 3.694416434869624566e-01 -5.911011653493974949e-04 -6.659471586431589540e-02 1.557291847098273285e-01 4.671451485909920709e-02 4.584211263753360660e-02 -3.044667697633061665e-01 -1.181614481764393931e-02 -2.536156450505649973e-02 -1.087073548401959466e-01 -7.638233758866905254e-02 -1.772923446802003866e-01 1.612108784707831088e-01 -1.810777629347780082e-01 2.343235777842643808e-01 8.072499943441802106e-02 2.900756615808681160e-01 -3.343523477080575373e-02 -1.040492116357525365e-01
-3.000000000000000000e+00 -6.261013744018757432e-01 -6.435861738278827460e-01 -5.849530708855706918e-01 -6.351662398895472350e-01 -6.570558130773790362e-01 -1.907120417960558867e-01 -2.738077102195757284e-01 -4.931652344419662493e-01 -3.280928240411620789e-01 -1.670838833631737574e-01 -1.588016183859222441e-01 -3.761467446471913889e-01 -4.379232609968625733e-01 -4.787174646313410165e-01 -1.755724976271637039e-01 -4.621675057870702763e-01 -1.766265850919165881e-01 -1.133808345691097175e-01 -2.105047883829561269e-03 1.383097952892557159e-01 -2.045530851005127604e-01 -8.625365242484304973e-02 -8.673212644440048136e-02 9.256280440042910507e-02 -3.100375352045699889e-02 -2.989534056327090572e-01 -3.209875764602801995e-01 -2.675081130925155426e-03 1.183624639253534755e-01 -4.749148252682384302e-02 1.439931233213515849e-01 -3.316675502783565377e-01 -2.743054249339997863e-01 -2.455386559858230289e-01 -1.943950677650613801e-01 1.480471329788045701e-02 -4.851842573476582432e-01 -5.717336474273325420e-03 -1.783241742842145150e-01 -1.805741164968011070e-01 -1.146531185425272714e-01 -1.565267314871322812e-01 -1.234881843590847489e-01 -3.622275605392344389e-01 2.519037916913798858e-01 2.247612234610235071e-01 3.310445806809122482e-01 2.061759648085867702e-01 1.982630308597855273e-01
-2.000000000000000000e+00 -4.506134046652376934e-01 -4.733968789073233485e-01 -3.980282240732117560e-01 -3.684276983630349056e-01 -5.418402159562596410e-01 -7.397136345080621012e-02 -1.409136290618159815e-01 -4.055070500061527805e-01 -3.933571985860023768e-01 -1.556489020974649029e-01 -1.525303907918622859e-01 -2.656645791342153173e-01 -6.338402467099525650e-02 -2.143738767260088274e-01 1.261172556144138646e-01 -1.596210602579266613e-01 1.205201098969447548e-01 5.932738157961418846e-02 2.568836848270018569e-01 3.475667433201551360e-01 1.189373365425086537e-02 -4.570046081184844788e-03 7.275556179048101035e-02 7.882904856699718410e-02 1.230799273775970704e-01 -1.801915079222662364e-01 -2.404030222576790388e-01 5.981567824606587314e-02 5.511300906418074852e-02 -3.596497522385946888e-02 5.392790312375773942e-02 -3.467541072036894878e-01 -2.776682639320764978e-01 -2.379705696324185271e-01 -2.910042214801741300e-01 -1.060238235909436166e-01 -5.024444598431410114e-01 -1.451616051299911558e-01 -3.547759495114007899e-01 -3.090124470764128994e-01 -1.630948516914715041e-01 -2.876816858360588536e-01 -4.021951697755662969e-01 -2.792725389139231185e-01 4.051964932559689592e-01 2.117740834464957311e-01 3.110243806265622357e-01 1.823599623369927258e-01 3.837039336424256930e-02
-1.000000000000000000e+00 -3.461032709574094479e-01 -2.888620539518299557e-01 -3.311880541147274037e-01 -2.984732180937205714e-01 -3.193915610447365383e-01 -9.964900465017051401e-02 -1.759408496105749342e-01 -5.333161231426709614e-01 -5.005672990139451439e-01 -1.476145177487619420e-01 -8.257652892216760243e-02 -2.643210196655143562e-01 -7.479960340762549509e-02 -8.073613307069590905e-02 7.007412702451049080e-02 5.228631285988531718e-02 2.939737668416073646e-01 2.318640339715031806e-01 2.929976669057772209e-01 4.265654156817051401e-01 1.785064793189714005e-01 1.972438268453674537e-01 2.094889425002377514e-01 2.798337015084785828e-01 3.229611792869245268e-01 9.060611695500825347e-02 1.164730721131032321e-01 2.088832487331871435e-01 3.376761758607905728e-01 1.698963910002599942e-01 2.586530825291599722e-01 -1.825980128731142793e-01 5.642845665546114553e-02 7.815242601850545812e-02 -1.502880303423227426e-01 -2.730269025291781615e-01 -3.351774162938464530e-01 -4.186607115455509565e-02 -3.795260154773928418e-01 -2.295823386870975147e-01 -7.490059879009727806e-02 -4.585920207064379112e-02 -5.426308122651484211e-01 -2.327786799758840564e-01 5.277194103636615452e-01 3.268757568255197810e-01 2.329652719132448424e-01 2.259647027960814403e-01 1.364782876683224289e-01
0.000000000000000000e+00 -1.574853330205359392e-01 -8.745473339541923186e-02 -2.489002321197873457e-01 -1.109461662979286667e-01 -5.791382282581926388e-02 1.647723574196276880e-02 -1.062141698994514549e-01 -4.614415835226763352e-01 -4.107475665014477251e-01 7.825175827208913359e-02 1.921102505001741345e-02 -1.621739721340056672e-01 -1.639019659970109288e-01 1.091383940049752838e-01 1.926650599658072671e-01 2.126909549240492969e-01 3.030938145919321869e-01 2.675701138710552263e-01 3.407570727541603395e-01 4.441286838736427378e-01 3.613111753682086147e-01 4.183000154126141346e-01 3.044714965688915531e-01 5.105597431248674045e-01 5.542405944009809460e-01 3.395103352188060253e-01 3.792038757899390267e-01 4.680973612673239304e-01 5.324691848890662493e-01 5.652663474215033901e-01 5.542870429178268221e-01 2.419947325705144592e-01 3.088610029923992140e-01 2.450264540811106784e-01 1.970527794386454090e-01 -1.618985999809348375e-01 -2.114744949280641939e-01 5.730579138286711477e-02 -2.262184066213093481e-01 -8.739570966023973986e-02 -6.084148458680102567e-02 1.122706090911503030e-01 -3.692861284991000859e-01 -1.744299563032140343e-01 3.908175956214264835e-01 2.955273403465242810e-01 1.562324311288398049e-01 2.443859574788812550e-01 1.905871734057817957e-01
1.000000000000000000e+00 -1.066537960351260500e-01 -3.570754591361314373e-02 -8.180005667884274190e-02 7.244602702158617347e-02 1.038831166296579067e-02 1.649162157531864070e-01 8.122265329182114246e-02 -2.409905273109358148e-01 -2.803129491864094214e-01 3.060233339073334946e-01 7.673406104651431248e-02 -1.552159455700548030e-01 -1.076983577957051352e-01 2.657066149581934766e-01 3.759696945765710341e-01 4.208732773057830556e-01 5.032329477712909060e-01 4.275877579762618064e-01 4.336605019381817305e-01 5.696096720688499371e-01 5.735979337564365288e-01 5.251161851037869921e-01 4.649063839117008601e-01 8.205358923782528624e-01 7.463815236048304547e-01 5.843688984558745858e-01 5.953309705228377879e-01 6.526840913199953853e-01 5.698293603792388140e-01 6.388222395297923351e-01 7.040541163880567055e-01 5.045340287937585266e-01 3.582817912012367101e-01 4.997516242521033991e-01 3.153532211063306279e-01 -1.331654540102130968e-01 5.093126731167852556e-02 2.663790592706548055e-01 1.304069641745928543e-01 1.724534388818343422e-01 3.689832857287233397e-02 1.471658567311677317e-02 -3.227870480900971173e-01 -1.025185443327796334e-02 2.869454726097465103e-01 2.471471785109265462e-01 2.512999286413286626e-01 3.056248393481157954e-01 2.276954283246606647e-01
2.000000000000000000e+00 -5.902650626642257786e-03 2.556496416751518480e-02 5.039591037873047963e-02 -1.425574672641043150e-02 -3.805110163250798039e-02 1.767117861389408129e-01 1.328879096285625339e-01 -3.242117887194183035e-01 -2.723544006059377409e-01 -2.404728167896530433e-02 -2.381495616316973152e-01 -2.373933641389931459e-01 -2.819499370419038531e-01 -4.874334986271264443e-03 1.211599138015062721e-01 2.001725780673047350e-01 5.460910705251778019e-01 3.611352396356725114e-01 3.599147601509269379e-01 6.288123197225696792e-01 5.555251457389621672e-01 5.503248184582769653e-01 6.386460769654644931e-01 8.213561231007326935e-01 7.495396079137413015e-01 6.110889210762816548e-01 6.170448984835936734e-01 8.109988844639068883e-01 7.123598116969052096e-01 6.942441065591662408e-01 7.386454337015977423e-01 4.658821725720769802e-01 2.322220777330097630e-01 1.966244772801967744e-01 1.493761844394972949e-01 -2.604859036769701652e-01 -9.975882916094348796e-02 1.349312987906904349e-01 2.262643567439707459e-01 9.632116062791011568e-02 -1.629544834491411520e-01 -2.080613467488701476e-02 -2.310251785607205788e-01 -8.951917251602675707e-02 1.991946870453495944e-01 7.118110161964949500e-02 2.257249550996947018e-01 3.340343728104310239e-01 3.630459344866315274e-01
3.000000000000000000e+00 2.746045405122450322e-01 2.432246403877111052e-01 2.672868792211640088e-01 9.541238538710042349e-02 8.194782710395315251e-02 2.883251947028108164e-01 3.606421995624575771e-01 -5.817280182209971090e-02 -2.605002111535988374e-01 5.045873959429196531e-02 -1.395453587386862870e-01 -1.171099688631823399e-01 -1.055108361673316175e-01 -2.859825016135654763e-01 1.382848632366759090e-01 1.354682396615768392e-01 4.507268266642536214e-01 8.349407984281038975e-02 1.808227159115398108e-01 4.221964651115718281e-01 1.820875978140407414e-01 3.266865106844624167e-01 4.960162046387577295e-01 7.015240783512686207e-01 5.498968430699229248e-01 5.222195671305011055e-01 4.410702674949938951e-01 7.329685109803427689e-01 7.333534498708649263e-01 6.780076195974344966e-01 6.684267907521650454e-01 3.799540192337927391e-01 3.065027403997758193e-01 -9.967101143352173620e-02 1.422826738221299181e-01 -2.395153625001962827e-01 -2.219889935943952508e-01 -1.234929643364161833e-01 -1.180194936568512154e-01 -2.096804095170862886e-02 -2.442965460193947114e-01 -2.152081711048137169e-01 -2.616363132541838499e-01 -1.655272956926670536e-01 3.410066086241186345e-01 -1.156670438062364081e-01 -3.659617783994293522e-02 3.570933145658685692e-01 1.194494999013329950e-01
4.000000000000000000e+00 3.769085540137474544e-01 2.331335010539088148e-01 1.963020784253841633e-01 3.374785819799966391e-02 1.346095672492375883e-01 2.092101535211705332e-01 1.572075126727519589e-01 -1.280953668942299839e-01 -4.027861384443836013e-01 -1.213693519171830382e-01 -4.440255106007411356e-01 -1.831854627711425598e-01 7.181394155744047492e-02 -1.656873589397502289e-01 1.137974394910078457e-01 1.928614639186841118e-01 4.192304447188172078e-01 1.879965288301605197e-01 2.570748749328128913e-01 2.532689087524696570e-01 -5.157678219169319067e-02 3.554087807674474742e-01 3.404449896641974505e-01 5.150439090816196774e-01 6.068675583100821003e-01 5.331258225015197416e-01 4.144321998368581950e-01 6.091961654823695449e-01 5.206657674330611441e-01 3.933038103453028178e-01 5.057494440720670115e-01 1.459037340720091558e-01 2.560922916247627690e-01 -2.157965814979488084e-01 -8.963611999900125693e-02 -2.489805582931836070e-01 -8.039773957510988611e-02 -1.445707515497540729e-01 -2.580401016401204228e-01 9.525829392534798656e-02 2.255467954204878889e-01 1.958436339899796153e-01 2.748373310202702202e-04 -4.003602185440117145e-01 2.000083808950093300e-01 7.444819144438308278e-02 -3.031847973309881317e-01 8.320745485710773215e-02 2.685595953736704677e-01
5.000000000000000000e+00 3.481367442527270040e-01 2.917859988032930341e-01 3.305617549570351588e-01 1.708714270852986217e-01 1.352402906138116534e-01 8.794730416552226648e-02 -1.301324349343270514e-01 -1.522468318428835954e-01 -2.682795511315203552e-01 -1.815805952181024918e-01 -3.905441528100450088e-01 -2.265195761359056204e-01 2.000317233442132706e-02 1.724084198539521315e-02 1.204185232380389492e-01 4.122145166683977013e-01 2.793162340039890834e-01 -4.542680914269633941e-02 -4.975533714798828500e-02 4.670807117413583454e-02 1.948327404461118184e-01 3.991184219631582764e-01 3.619738601035284997e-01 2.858095467515514576e-01 5.538905263738017615e-01 5.941822360876347631e-01 5.290790732229655458e-01 5.286949982568633910e-01 3.873021152687809998e-01 2.508396731300528426e-01 1.271174036142786457e-01 6.711025285324136169e-02 5.732381591940970411e-01 -4.410175696267588097e-01 -2.586585827636331825e-01 -4.552316158119509293e-01 -3.805200763854350576e-01 1.545042658756535375e-03 -2.382897109305542882e-01 8.195993461517847578e-02 -1.450613769586215143e-02 7.593043574068095158e-02 2.825698098460741048e-03 -4.494430153678724005e-01 4.470081414737950981e-02 1.962682749768637491e-01 -3.734985853744079431e-01 1.320039593335710013e-02 2.506776854896067275e-01
6.000000000000000000e+00 3.697472373285047298e-01 4.546732012093831488e-01 4.824035697450921312e-01 3.729277481688707541e-01 1.426155081651628298e-01 3.116023677340719056e-01 2.065015336208044228e-01 3.729964052621700943e-02 -2.831499396705466909e-01 9.775772942410895783e-02 -1.782736731488310800e-01 -8.624298753016725050e-02 1.390127985571595615e-01 2.712471504369341480e-01 2.930611322097554927e-01 5.215430576677506647e-01 2.041889710225472110e-01 2.155717761181065173e-01 6.907507515903181516e-02 1.512536205088781394e-01 4.702571301035004536e-01 5.003822487546631947e-01 5.112696116691799464e-01 2.723832680783417892e-01 4.055389274640641695e-01 5.511045109559068456e-01 4.570105114146485459e-01 3.559761671981263587e-01 2.918165187980603648e-01 2.785292710087059476e-01 1.250962606607500804e-01 6.533215373708836649e-02 4.074755938420685508e-01 -1.838928176110379842e-01 -5.321448140795954629e-01 -3.536073151423151928e-01 -1.321482100180290387e-01 -5.714872086537130247e-02 -3.814453764788412471e-01 1.147123075543029780e-01 1.650826890417389503e-02 -2.069006315834273635e-01 -2.861228103133770517e-01 -4.328657073985392456e-02 1.343201302390916729e-01 2.649735692325265735e-01 -1.044529974497705738e-01 -1.887527287550189170e-01 -1.556144713330567253e-01
7.000000000000000000e+00 4.806082336767896757e-01 6.825212100355886324e-01 5.145065139219475725e-01 5.847205542378600684e-01 4.844133246583690044e-01 4.619257160685365515e-01 3.837593703352459862e-01 1.582221718200682581e-01 -1.943900449732042374e-02 2.811297745531509129e-01 1.195014307235116036e-01 3.351048417504010057e-01 2.414564789225494279e-01 5.568697508016365871e-01 3.035585813157583024e-01 5.342196233053193577e-01 1.393272999637625298e-01 3.633383633594698958e-01 8.445358828203292090e-02 6.322823549327913351e-02 6.137621327092911416e-01 5.033648317853751664e-01 5.429390745825783959e-01 1.949497361869517442e-01 3.438682405335899417e-01 5.561806782642719771e-01 4.170044273570482352e-01 2.817797549569682758e-01 3.911085541785841446e-01 4.090438147321407980e-01 1.747198106705996068e-01 5.525112528768812148e-02 2.507115977124202977e-01 2.081831320611290947e-01 -2.832074422527576241e-01 -2.471006956634420604e-01 -2.884499054592853245e-02 -2.138360809660831419e-01 -2.096723099801166001e-01 -7.940982412451480510e-02 1.400520213354512489e-01 2.365837055313718129e-01 -2.126449897570069081e-01 4.485296206581380618e-01 -1.678086084647845422e-01 -1.101118505641574125e-01 9.761759517497366201e-02 -5.891019296048276288e-02 7.166650965538014229e-04
8.000000000000000000e+00 3.726835915267234789e-01 5.828316007896888751e-01 3.401808817960304543e-01 4.780561962503773188e-01 3.730684418639225730e-01 7.473800531393357538e-01 4.787310237719694106e-01 2.237810669506923311e-01 3.377443896861473949e-01 5.351342999051347249e-01 4.778827097856889194e-01 4.386647018346360727e-01 1.462910325451365623e-01 4.381940706933442620e-01 2.573393879473249157e-01 3.934341195433335159e-01 1.340165914483178733e-01 4.116142491578446139e-01 -1.084435593897032368e-01 -1.649413083200418351e-01 5.235515943634453384e-01 5.560564450650228308e-01 1.444460934144030095e-01 1.904765761391406520e-01 1.952672201560920195e-01 3.676716393910164360e-01 3.821710256676521533e-01 2.077661853469290887e-01 3.847007682791607208e-01 4.722758248282979965e-01 2.361550751771444578e-01 3.752008874649747083e-01 8.684451109811429370e-02 3.301027122734289665e-01 1.755731760892392246e-01 -2.225486258308697132e-02 -7.907283854911341392e-02 -1.482122881185868879e-01 -1.112000066227136208e-01 -1.183099545522818818e-01 2.839747705291071345e-01 2.939723733350406709e-01 -3.935709248949914585e-02 3.187214929853618983e-01 -2.495705298525592863e-01 -2.511658046743081574e-01 2.762884253268242316e-02 1.881946200974501382e-01 3.015477318818234886e-01
9.000000000000000000e+00 1.575248211240556362e-01 2.722392212876648676e-01 1.607112116958051007e-01 4.534161989545467120e-01 3.051910923486290672e-01 6.908945153508608827e-01 4.412472631793127320e-01 2.570342261419393259e-01 5.427929755863976080e-01 4.032589034986632237e-01 1.358400418369165585e-01 5.113255765684843190e-01 4.112065671411766488e-01 4.904970395919162618e-01 2.254427285938061520e-01 1.529137926928303415e-01 2.438952878587960504e-01 4.956320014583385225e-01 1.955684791479046780e-01 5.293256176389705275e-02 3.160777669335632645e-01 3.332152969027757372e-01 -5.905996339398508072e-02 2.138710264124849547e-01 1.459103850884365672e-01 1.174427977040969628e-01 1.421117294107255291e-01 7.542955137140791577e-02 4.039061565929786407e-02 2.811272841906311548e-01 1.470651287493697779e-01 3.235052208163258225e-01 -4.041314004182661179e-01 -1.518118862443326028e-02 6.655039570232347546e-02 8.687677810818207613e-02 -2.039767267116870120e-01 -3.002142315813305928e-01 2.024337001314635009e-01 9.425920558571922181e-03 2.356808927194620762e-01 1.179302872363298393e-01 4.702642347618285479e-02 3.590808708001106964e-01 -3.716405900055271827e-01 -5.231713003627274094e-01 -9.747363594227144434e-02 4.694635663686329285e-02 9.152762489455877615e-02
1.000000000000000000e+01 2.811269406522923925e-02 -9.070709110965743949e-02 5.750685798759327949e-03 1.627509328875732519e-01 1.662364394145221524e-01 2.630454368638023288e-01 1.422429461389946859e-01 7.599797308817651809e-02 2.787636992953392290e-01 -3.188085779484644000e-01 -3.078335426576881417e-01 2.389987762929023929e-01 1.428904412102616206e-01 1.952843916915362743e-01 9.290308831017582425e-02 -5.466459672381056289e-02 2.189092014983610723e-01 1.584631931214386946e-01 1.121162610052227511e-02 7.053446622817788336e-02 -1.249636225910297216e-01 -1.462664613141839709e-01 -3.127248016268610042e-01 -1.655075019657641922e-01 -2.814520786505612243e-02 -2.802240697898682881e-02 4.105542489526155941e-03 -5.164025886773079832e-02 -1.479409618230965728e-01 -6.628781374734862841e-02 -3.084685761859387032e-01 2.508383137384621597e-01 -4.315707972645999035e-01 -2.592973241110979599e-01 -1.778565567262329061e-01 -3.066537588681895743e-01 -5.012345626617604744e-01 -5.999061294093406271e-01 2.992068900528135345e-01 -2.646302222096622581e-01 8.042923211835768804e-02 4.593168036060842063e-02 1.981010904139056117e-01 3.676687013252753489e-01 -4.627791807573465865e-01 -7.154617556311533288e-01 -3.182909500795897961e-01 -2.236828343031143640e-01 -7.493797411910085859e-02
1.100000000000000000e+01 1.033346687604173864e-02 -2.505030751460773364e-01 -2.163505498047244013e-02 -3.344798682950231306e-02 1.262975314134894000e-01 -1.415473205489884978e-01 8.358780052992190179e-02 1.468525315262443620e-01 -6.790332380524996547e-02 -4.162836193576792132e-01 -4.000007136787149253e-01 1.620067507495401848e-01 1.801162619038702839e-02 -6.894710988378451033e-02 1.861593960427110617e-01 -8.969567423953107854e-02 4.085522962628101995e-02 1.568077536560135050e-03 6.152819195857260615e-02 -3.601446093633302314e-02 -6.176182764323006058e-01 -4.973842979525654462e-01 -5.980217078424739929e-01 -3.586248268279202955e-01 -2.987299436392134577e-01 -2.156553466764742910e-01 -1.108853704313121497e-01 -2.960026063568396149e-01 -1.866256704438181702e-01 -1.533931716820273183e-01 -3.137809220623925532e-01 2.578232316246139577e-01 -1.169144216490924648e-01 -3.962989486673926809e-01 -7.789241574520977540e-02 -1.043521599623233181e-01 -3.235756950282624445e-01 -1.566765681239234709e-01 1.663712838764913327e-01 1.544736393143692765e-01 2.440710722199267990e-01 -1.121649051259312746e-01 7.455940579985259609e-02 6.929393148980420025e-02 7.227601140749835562e-02 -3.578709611024626369e-01 -6.331456421323227168e-01 -5.393310625188909579e-01 -4.122094350216399250e-01
1.200000000000000000e+01 8.113911693491050736e-03 -2.402765338226083569e-01 -3.431222027980702222e-02 -4.898229151662762682e-02 1.360201436996644198e-01 -3.762568168153423986e-01 -1.307432980422654212e-01 2.773726363289899521e-01 -2.806557609750253146e-01 -1.484358301072714603e-01 -3.389971280312094049e-01 1.905579678641620700e-01 8.677997157248704130e-02 6.991230196553965826e-02 1.316551459930816181e-01 -5.808604058265240400e-02 -1.505864262961047750e-01 1.729206635996459809e-02 1.577177886463018708e-01 -5.922835468568145995e-02 -4.488149817060656521e-01 -4.726720390893593970e-01 -4.232663870240849779e-01 -3.944529477702698461e-01 -3.752297926159893215e-01 -2.994660707333406391e-01 -2.191813572117717324e-01 -3.705377747711606773e-01 -3.011228641345150558e-01 -2.466137892813972110e-01 -2.330026020681997267e-01 2.577546221738539756e-01 2.362614971000851632e-02 -5.509908667635557977e-01 8.514037178874440948e-02 3.147163650741111041e-02 -2.056695527157712672e-02 4.065093830723677248e-01 4.191190246693452526e-01 6.394063132527011417e-01 3.707920717544100908e-01 2.584887724171606171e-01 1.063601256075011325e-01 -5.220481138011053013e-02 2.470104896030700381e-01 9.338530754030902048e-02 -5.315610571690394526e-01 -5.935242464998560230e-01 -4.323988964405149904e-01
1.300000000000000000e+01 -4.269508754490457525e-01 -4.051947860244863309e-01 -2.495479251298745316e-01 -4.549723073626070757e-01 -4.817481650689263706e-01 -5.614785115941941518e-01 -4.768640802672766688e-01 4.950933171798579946e-02 -1.659443068430950241e-01 9.264977117052991540e-02 8.225882202784531860e-02 -2.380842433642024192e-01 -4.303115224396045213e-01 -4.291799741459723094e-01 -4.838598727442072200e-01 -4.017000409133690830e-01 -4.851231437599964336e-01 -3.808166129433808722e-01 -2.592690190211550672e-01 -3.591040042863823945e-01 -1.914850213070070362e-01 -4.452795482943535665e-01 -2.040384474907468437e-01 -3.646016399214960790e-01 -4.071622331245067228e-01 -3.942991550731512751e-01 -3.593309254429032373e-01 -3.745241998367007663e-01 -3.276872390986653727e-01 -4.099655132825259507e-01 -3.031433498787082792e-01 3.951790436873253709e-02 2.389801630594674819e-01 -2.157481461213642815e-01 3.162806521213482047e-01 1.359349219379217821e-01 1.584360513841807927e-01 6.793282756324239280e-01 6.503668098047432622e-01 5.556371176387338018e-01 7.683267468004396916e-02 -6.855274313681561371e-02 3.076969242123734904e-01 -5.052394825860954120e-01 1.610748275767185933e-01 4.531169246391368866e-01 4.448051411338852651e-02 1.846938952013921914e-02 6.689651358540634266e-03
1.400000000000000000e+01 -5.280672474186579590e-01 -3.471072795877467865e-01 -3.900378113627783749e-01 -4.825338409605818280e-01 -5.312337845241548173e-01 -5.576900740446953941e-01 -3.358488096751476859e-01 5.217256277283567611e-03 3.159545269854899807e-01 2.909905494181140861e-01 6.267248233050948247e-01 -3.105338658962801257e-01 -4.684623817568457360e-01 -6.509522053971601441e-01 -6.909668540060805997e-01 -6.929369001917737858e-01 -7.913411096063641681e-01 -6.499926858333187063e-01 -3.082721027938218894e-01 -3.622549469221062468e-01 -1.791944963980985628e-01 -3.659049083216648346e-01 3.512227190504540325e-02 -2.661058728466712542e-01 -4.218818961778582621e-01 -5.516858512392204261e-01 -6.614728954481701173e-01 -5.278318599384386189e-01 -4.851536443346593508e-01 -4.637772716721801913e-01 -2.200184766950404602e-01 -4.406837325275378969e-01 5.653456618006889173e-02 -2.798668450643110317e-02 3.276143518749910499e-01 4.806821665813852951e-01 2.118831222599282249e-01 3.809858838551941629e-01 1.771261540427442327e-01 1.641376588193113606e-01 -6.296794134807981447e-01 -7.129885252014483976e-01 1.674046923335865689e-01 -4.121302649611500724e-01 2.157308421934648890e-01 3.993154356766456248e-01 5.125591568095780870e-01 2.992362954258194208e-01 -2.534828421956277222e-01
1.500000000000000000e+01 -4.715806478734210216e-01 -3.918671504380956683e-01 -5.583335548468150167e-01 -5.836360185062162698e-01 -5.296884761396833952e-01 -4.441990095744174916e-01 -2.908590067127210244e-01 -1.657092227439367627e-01 1.512270929776746153e-01 2.351398982575103602e-02 6.591387734414184685e-01 -3.552579475153937461e-01 -2.747914402183743166e-01 -6.021433981561908899e-01 -4.214151489639894055e-01 -6.315392701993103319e-01 -5.678160567263577096e-01 -5.260691234985612752e-01 -2.905242580509893591e-01 -1.360489157697482854e-01 -2.398624509134706373e-01 -2.718636286705790051e-01 2.831483080920110806e-02 -3.934723068371049348e-01 -4.570393044775089564e-01 -5.810307375819723230e-01 -6.346328923313322434e-01 -4.220215342247594092e-01 -4.910500780101801910e-01 -4.560973879461040492e-01 -2.005178796688000809e-01 -7.995947861469114848e-01 -3.621465599492181830e-01 6.101111671557011285e-01 3.590262584390467859e-01 7.543675354960471813e-01 7.024941772958603892e-01 5.403740698566282530e-02 -4.168766704516854160e-01 -4.270771601800230632e-01 -5.003818437671125885e-01 -4.835929595844844497e-01 2.963587553959204923e-01 -2.832425504753265932e-01 -5.072994964015337116e-02 3.271614050916192284e-01 7.480978753755280763e-01 5.778818355349895075e-01 -2.468658028395721502e-02
