# extraction with python 
#  import numpy as np 
#  data = np.loadtxt(velodelaymap_Cont5100_HGamma_ICCF.txt) 
#  timeHist = data[1:,0] 
#  velocityBoundaries = data[0,1:] 
#  velocityDelayMap = data[1:,1:]
0.000000000000000000e+00 -1.120000000000000000e+04 -1.080000000000000000e+04 -1.040000000000000000e+04 -1.000000000000000000e+04 -9.600000000000000000e+03 -9.200000000000000000e+03 -8.800000000000000000e+03 -8.400000000000000000e+03 -8.000000000000000000e+03 -7.600000000000000000e+03 -7.200000000000000000e+03 -6.800000000000000000e+03 -6.400000000000000000e+03 -6.000000000000000000e+03 -5.600000000000000000e+03 -5.200000000000000000e+03 -4.800000000000000000e+03 -4.400000000000000000e+03 -4.000000000000000000e+03 -3.600000000000000000e+03 -3.200000000000000000e+03 -2.800000000000000000e+03 -2.400000000000000000e+03 -2.000000000000000000e+03 -1.600000000000000000e+03 -1.200000000000000000e+03 -8.000000000000000000e+02 -4.000000000000000000e+02 0.000000000000000000e+00 4.000000000000000000e+02 8.000000000000000000e+02 1.200000000000000000e+03 1.600000000000000000e+03 2.000000000000000000e+03 2.400000000000000000e+03 2.800000000000000000e+03 3.200000000000000000e+03 3.600000000000000000e+03 4.000000000000000000e+03 4.400000000000000000e+03 4.800000000000000000e+03 5.200000000000000000e+03 5.600000000000000000e+03 6.000000000000000000e+03 6.400000000000000000e+03 6.800000000000000000e+03 7.200000000000000000e+03 7.600000000000000000e+03 8.000000000000000000e+03 8.400000000000000000e+03 8.800000000000000000e+03 9.200000000000000000e+03 9.600000000000000000e+03
-1.000000000000000000e+01 3.189334030533874098e-01 2.097910573786536947e-01 -3.696634577655724119e-01 -2.572552399692060177e-01 -1.414771662252796991e-01 -7.303139275683940834e-01 -6.457991003331764457e-01 -3.804469700740650273e-01 -3.754686927342310576e-01 -7.653161947275452515e-02 -2.259568458990134920e-01 -2.684248566541938552e-01 -3.616411839393849359e-01 -6.145197441668216742e-02 1.182031921553662601e-01 -2.308782146417160397e-01 -4.463393952241045959e-01 -5.878606449485732771e-02 -2.822411097456949403e-01 -1.714147750076532584e-01 -2.381203335669474785e-01 -1.881057590454514594e-01 -3.218454333676138979e-01 -1.112073922483722971e-02 3.915916288531955114e-02 3.105696107168950948e-01 5.258805898182587757e-02 -2.537825868899950543e-01 1.551467923131671922e-01 -6.557634587977978491e-03 6.175424078621900847e-02 -9.466929163777787481e-02 4.988686858912994015e-01 3.448794819870496520e-01 2.277866482232106526e-01 3.089742787093509024e-01 4.924571881799191114e-02 1.063935340528736617e-01 3.291360360629090598e-02 -3.391489992381908070e-01 -2.635463711351406779e-01 1.985063411966856983e-01 5.814499521046309627e-02 1.224934059946271164e-01 -8.474079676749547707e-02 -8.613799702880592379e-02 -5.947830733651349178e-02 -4.620058463261875747e-01 -2.109249847009507794e-01 -1.184854111703390056e-01 1.746730833165429375e-01 1.412301938139057800e-01 3.708997003880224463e-01
-9.000000000000000000e+00 2.406557415623355456e-01 2.008019611956717854e-01 -1.623581934345471045e-01 -1.944152341132572293e-01 -2.203686596401609465e-01 -6.931474620504323170e-01 -5.794409869241330391e-01 -4.542284083319294008e-01 -3.837432235029178407e-01 3.593052922392362541e-02 -6.812647988909142915e-02 -1.501050546565477484e-01 -2.831257497476828422e-01 3.678620053527271311e-02 3.014431437499185962e-01 -1.979807342672411652e-01 -3.502136805658793151e-01 5.135883394880743497e-02 -1.502765075370476877e-01 -1.078944193303565946e-01 -1.891055619139186406e-01 -2.270432315794331801e-01 -4.337536983007135305e-01 -1.453689296729458180e-01 -8.956296026336416083e-02 1.683387721892777855e-01 -5.880421206235612180e-03 -3.601910518467357214e-01 7.989277346379133893e-02 1.453162203172227857e-02 1.296971891338070670e-01 -5.652051706156110966e-03 4.240772867275675040e-01 3.227319106514053848e-01 2.141653671777849210e-01 2.006906189106960059e-01 2.289238940899182007e-01 3.050166564043271800e-01 1.064874905074363887e-01 -2.923074916796378764e-01 -3.199448518675562791e-01 4.450973442680961067e-02 1.522285416650419609e-01 1.652640598954821793e-01 1.638170078731938234e-02 8.162474768679203740e-02 2.204629740755382344e-02 -4.732450317880600443e-01 -2.436419452333241642e-01 -9.674149918051465347e-02 2.118953791886754034e-01 1.468724037063976195e-01 3.986847224726568495e-01
-8.000000000000000000e+00 1.480321343551659896e-01 9.848373555185145622e-02 -1.553986831963609372e-02 -9.906723941008400980e-02 -1.993714585505446946e-01 -6.165520341268142523e-01 -5.558029583412062991e-01 -4.303091067731508179e-01 -4.140538740866858691e-01 -5.283835087824713395e-02 -1.473622861004167395e-01 -1.849239415943200113e-02 -1.731494715464287348e-01 1.795782862089366771e-01 4.220418267946098867e-01 -3.407128981159948666e-02 -3.152001955827142821e-01 1.018046433517374311e-01 -1.346112632978011536e-01 -1.113494754397843789e-01 -1.759140115901276502e-01 -1.296304626865828480e-01 -4.175960471393337370e-01 -2.604501054851245945e-01 -1.924529632631517551e-01 6.917694539322050140e-02 3.906217916078826013e-02 -3.323371643815576371e-01 1.779608463116814920e-02 3.804355698851215328e-02 1.023176170489738523e-01 -8.124575720372541332e-02 4.169462402172695592e-01 2.617090901652182611e-01 2.123640029650194494e-01 2.721355447099266245e-01 2.175546410986461954e-01 1.592338016768770348e-01 7.923200367127243571e-03 -3.807618541616422658e-01 -2.095650859458785820e-01 1.487469561422334052e-01 4.632974521353359215e-02 1.685352185809286807e-01 -9.913880402840846706e-02 9.931197287773919913e-02 -1.485666852996695153e-01 -6.012666113558485792e-01 -3.445070532770443394e-01 -1.805321229682758932e-01 1.133490347731776482e-01 2.596698262102310750e-02 2.862376537071470439e-01
-7.000000000000000000e+00 1.572926085008214125e-01 7.707637487645602192e-02 1.112156593955370906e-02 3.486840774405820104e-02 -8.539596594453441325e-02 -6.359460686395910223e-01 -5.474725416051927640e-01 -4.180369520948087336e-01 -2.988765228535293361e-01 1.406476752143648590e-01 -6.561794146571618691e-02 -3.052079624548252601e-02 -1.169349528864405408e-01 2.351651361160695952e-01 5.099730098628375563e-01 8.809196402020844086e-02 -2.142700908196656373e-01 3.095224267690965814e-01 2.244279053862301837e-03 -5.480781807067915817e-02 5.718979351666472755e-04 -3.091754976687622822e-02 -3.267592583881251955e-01 -2.316185236809289172e-01 -2.814908971899751089e-01 -6.648857982626173169e-02 3.067837122699964073e-02 -2.718603556617523731e-01 8.624217187096122617e-02 -5.233761027111569902e-03 1.432476609264387579e-01 1.741470680466946502e-02 4.132840027481192724e-01 2.082178503653322743e-01 2.509052335037239567e-01 2.992518196902567706e-01 2.242434884202598455e-01 1.143164796915625003e-01 -3.748886775481538591e-02 -2.852393865053966526e-01 -1.566377969607043730e-01 1.016428993840021860e-01 1.327450622553921766e-01 1.164658746012033619e-01 -1.693848902230725428e-01 1.596888539569445986e-01 -2.209477740008833346e-01 -5.267799459059185896e-01 -3.455952548697738269e-01 -7.872884967240192933e-02 8.702656880839082509e-02 -1.225002739002745006e-01 1.552317053533262270e-01
-6.000000000000000000e+00 1.834902126898969033e-01 2.953634933084122588e-02 9.367946674684979325e-02 1.345886048911966448e-01 3.726872356627791011e-02 -4.484493723427672718e-01 -4.571168406812783358e-01 -4.209229802209637494e-01 -2.999101180932801647e-01 1.351000071554487592e-01 -1.045198981858875276e-01 9.273746168122095485e-03 8.041430599797608214e-02 2.987120958704283513e-01 5.424326515489243938e-01 1.425849658472505554e-01 -1.075294226030792388e-01 3.273568539651279252e-01 1.411936691340034411e-01 1.517217878910060436e-01 9.069404441189241051e-02 4.822421840672753979e-02 -1.643823215279552608e-01 -1.509754421285835480e-01 -2.338767391812497931e-01 -5.180851048042035140e-02 1.716606554135249874e-01 -1.159555942309805493e-02 1.983339042217203141e-01 1.363849922936815617e-01 2.742561100891904857e-01 9.651985208172708663e-02 4.279387399171009632e-01 2.773130976587196983e-01 3.040563317190163595e-01 3.544046139646807037e-01 2.800266804003016530e-01 1.148984344432442406e-01 -1.035649018467631466e-01 -1.269052329983944294e-01 -6.679168199635938941e-03 -4.748097404332494303e-03 2.303852916426228359e-01 1.713968814191441092e-01 -1.447140402566687578e-01 3.490407019304316849e-01 -1.693321737584735365e-01 -4.418464833205388298e-01 -2.530521630024010760e-01 -1.712585670274833702e-02 4.984819390119611671e-02 4.372681865744096341e-02 1.374868488039328596e-01
-5.000000000000000000e+00 2.179767685251830789e-02 -5.151377797597028740e-02 1.725757376225811879e-01 1.969114912755995372e-01 7.126595447861801269e-02 -3.728699717623560339e-01 -3.744777855659422450e-01 -4.420481542756600213e-01 -3.245333026676400223e-01 1.724875474450236479e-01 -1.482202831272516064e-01 -1.740975339347518303e-02 6.980308413057481620e-02 3.535011282009679068e-01 5.978677194707591180e-01 2.585707601595479410e-01 -5.339228720155726748e-02 3.507246933821890345e-01 2.720253865855417619e-01 2.340010391007404100e-01 1.979767016651641232e-01 2.151918498880271424e-01 8.167332991650018414e-02 -1.001351255131096574e-01 -2.631805253270669276e-01 -8.074809593654992679e-02 2.959830313858882178e-01 1.165033077430435576e-01 2.453635714823746150e-01 2.029985647300148466e-01 2.825101627374573265e-01 1.395679393880949748e-01 2.576272059694989514e-01 2.350391079382404269e-01 4.178096304150722418e-01 3.002471254936148748e-01 2.110093471958668365e-01 8.604981456080053326e-02 -5.231358383500049614e-02 -9.684741251991924038e-02 6.317687820854027414e-02 -1.623585287051143022e-01 3.805429976620949284e-01 2.404410438838558428e-01 -1.030476338116139978e-01 3.382124581500458582e-01 -8.203706855853148960e-02 -2.581559025542275454e-01 -1.266512124417865648e-01 1.491098390175557287e-01 1.265362133387516741e-01 7.035945055535525183e-02 1.335196866875459909e-01
-4.000000000000000000e+00 -2.032532629031054069e-02 -1.249912001406301987e-01 1.376202696375215528e-01 1.935549779163006079e-01 2.821180680446121469e-01 -2.054884288184233299e-01 -2.600346566782743007e-01 -3.709192935463124785e-01 -2.227677200938232849e-01 2.056194440190600159e-01 -1.158818219502687485e-01 7.820842881082921971e-02 3.673087996855735338e-02 3.733370993872523469e-01 5.831125404437773607e-01 3.934858430317331179e-01 8.620664078747923564e-02 3.997722453776225704e-01 3.011698813726563229e-01 2.265796246648152934e-01 2.018552536197223690e-01 3.592340809987264461e-01 1.669206247613701788e-01 -1.197578595254900208e-01 -3.489988797015259880e-01 -2.243180558507587574e-01 2.209986546465745605e-01 1.269192193581998029e-01 2.439608286291409800e-01 1.356087792110727830e-01 2.031911929048485499e-01 1.309953688386449044e-01 2.113723976665777826e-01 1.068700822525227440e-01 2.600849561801856780e-01 1.073581432987015388e-01 -1.776253749080052013e-02 -9.742583453175307495e-02 -3.226264584620892606e-01 -2.233433423848532051e-01 -2.941773157897504057e-02 -1.915265568185002820e-01 4.296687882104027190e-01 6.135489675047045566e-02 -2.314222880679595029e-01 2.554267223778804996e-01 -1.633728916005528498e-01 -2.419805154244214218e-01 -1.535913553201523896e-01 2.632974510454632114e-02 -5.462820211539328591e-02 -2.997765729462197049e-02 -1.041019086139575306e-02
-3.000000000000000000e+00 -2.584939635686836490e-01 -1.976171136278980778e-01 3.027645168271009823e-01 3.575535396578617409e-01 2.681054662621613627e-01 -1.712926855838920945e-02 -8.002764418466126739e-02 -1.072848383840768749e-01 -1.313056510643391128e-01 1.757884893934885673e-01 7.510109578191502544e-03 1.772130545072188867e-01 4.884081087160381529e-02 4.669248247665138130e-01 6.528798418881258669e-01 5.056502568786096496e-01 2.245465019596740441e-01 3.555260812169472318e-01 3.515804436317668258e-01 3.322713387260731732e-01 3.210769574039109009e-01 4.572318314839098896e-01 3.294715411987471643e-01 -2.878399941363586623e-02 -3.549833729174485253e-01 -1.940055368710977834e-01 2.979827064019551219e-01 2.184387630425437266e-01 3.320479303721838860e-01 2.146545588594543363e-01 2.293409460327061611e-01 1.459251465877229592e-01 1.007010417291755444e-01 -2.181982742221044019e-03 3.166099145360842249e-01 -4.998265019357816391e-02 -4.673802793213590462e-02 -9.397782141556175473e-02 -2.520267653895953974e-01 -2.320968879681805097e-01 -1.457106550378414189e-01 -2.977600303938358062e-01 3.842557430866253565e-01 -1.371979079662424827e-01 -2.128988619281984018e-01 2.188056201962756964e-01 9.901040563110447001e-04 -1.218181927003920278e-01 -2.009588773868038469e-01 4.664510097730122096e-02 -3.974588273300610347e-02 2.449918472334407238e-02 -5.470446829580075110e-03
-2.000000000000000000e+00 -4.344505710299780277e-01 -2.476048482162234721e-01 4.737464272960577039e-01 3.481046038398474263e-01 2.510298043716561178e-01 -4.017225464481909147e-02 -1.606540429605284315e-01 5.419942066044242113e-02 -9.330516829556124991e-02 -1.727839464989133766e-02 -5.530196419688622467e-02 1.635237706109559375e-01 9.592591551339710310e-02 5.686987055386909518e-01 7.477801699234352117e-01 7.208662322981055359e-01 4.565486988688089443e-01 4.481762812720006539e-01 4.212356105149180907e-01 3.848148830191220338e-01 4.400093668458141538e-01 5.971969618381254286e-01 4.835356794769506972e-01 1.337149371067790915e-01 -1.743400731216708244e-01 -4.008639775320418236e-02 3.831323165262255359e-01 3.751132468663512243e-01 3.728224655981801083e-01 2.950160900518251639e-01 2.331255271906003679e-01 1.555023891215103482e-01 2.412878255703247432e-01 1.895273232944945027e-02 3.451829226183146249e-01 3.153372150815349217e-02 -1.606488699647214691e-01 -3.041423413990931301e-01 -3.491922813227099076e-01 -2.701453452950571821e-01 -1.071483607464830956e-01 -1.376867201730665735e-01 1.890986133001759939e-01 -2.295626283468615858e-01 -1.102910101663781839e-01 1.621529644512201551e-01 9.597500188756821760e-02 3.119743717668432836e-02 -1.977382001659772626e-01 7.295195872063034437e-02 7.263305795167904200e-02 9.845404784269548570e-02 -4.324881587480434997e-02
-1.000000000000000000e+00 -4.197348296928598010e-01 -1.714028163887493239e-01 4.850906048962262407e-01 3.117517017716073813e-01 1.485516327713735651e-01 -1.679173529037440993e-01 -1.554973618440058103e-01 2.852841930493568157e-01 1.309445120980730071e-01 6.469622668154112466e-02 6.919739416599722526e-02 1.539200661442266527e-01 1.644293832918831133e-01 5.746928194647084043e-01 7.723710648976834792e-01 7.663995414826885177e-01 5.100262947537299585e-01 5.578480486521107951e-01 5.498587041645573992e-01 5.113622810321802881e-01 5.850348863038331571e-01 6.814971394443132269e-01 5.850338778758301661e-01 3.782916601312921179e-01 1.029896388728423345e-01 1.697281267264580951e-01 5.562704855179659846e-01 5.650928553864450476e-01 5.856288359020455081e-01 4.416004518386998923e-01 3.852268398874487687e-01 3.615342797419592857e-01 3.752311267621247226e-01 1.478318360867736381e-01 5.185897975753692712e-01 1.427083285865771989e-01 -1.698704870058308780e-01 -2.891455653050142294e-01 -2.057755285993650707e-01 -1.846906738922470259e-01 -1.452830722360411164e-01 -1.258404803482471024e-01 1.330371460011435247e-01 -2.748175220508801697e-01 -3.457423983695376291e-02 5.840269225834181233e-02 8.903792780290217812e-02 9.418545746341160096e-02 -2.348495448632874627e-01 2.117806432795498184e-01 1.885516108350323572e-01 4.325090655154734121e-02 -1.398084402341300270e-01
0.000000000000000000e+00 -7.614333350559907010e-02 -2.010476094483914788e-01 3.228654709896759401e-01 9.243454051636855462e-02 1.696962581977233542e-02 -1.331220406736574602e-01 -1.070440685703306638e-01 3.588479361758273312e-01 3.493851405471712912e-01 9.063637431522722498e-02 4.161814101377247360e-02 1.349847473152731570e-01 2.237892332984894594e-01 4.946840912324746431e-01 6.729317926061553212e-01 6.200153372516189476e-01 5.726950819416333216e-01 5.389207935007858108e-01 5.807281299206281666e-01 6.909642343393335162e-01 6.408881461263431500e-01 7.412991487732156770e-01 7.385046408696809284e-01 5.986424406255606012e-01 4.047170095271623302e-01 4.773639344572924714e-01 7.602569181155078848e-01 7.642883191508196283e-01 7.682590207601114329e-01 6.679138615288636727e-01 6.448759264091519228e-01 5.033054387861852774e-01 5.180940955004746939e-01 3.650282649148074432e-01 5.586403124729184544e-01 1.906079919999997818e-01 -1.187313530377867438e-01 -2.514565537496560310e-01 -1.815536761257186549e-01 -1.429934941302170581e-01 -5.516051325420669171e-02 -3.289495430521014452e-01 2.864018500800067923e-01 -1.023663045853445003e-01 1.266338684516858659e-01 5.451891624275582993e-02 2.017201044307509739e-01 2.414043681857134527e-01 -7.604893859649358712e-02 3.577101135993956404e-01 3.147350575151819374e-01 2.576919703064206590e-01 3.762089341523350283e-02
1.000000000000000000e+00 -1.598360082050832576e-01 8.554898733286173118e-03 2.927981753045493241e-01 3.328605830395506976e-02 -5.555113827701693707e-02 -1.893219642237556344e-01 -5.186357634001347722e-02 3.104693464521234292e-01 3.101758659954405584e-01 2.706336419919280756e-01 -2.430296000161841219e-03 -9.245292478751855614e-02 1.758222213997144567e-01 4.520674243199090947e-01 6.434272365486467526e-01 4.852709884389655448e-01 5.090848697423824287e-01 5.853564081774174088e-01 6.913601616468245670e-01 6.961278179469037042e-01 6.067518420803938994e-01 7.385630074187150562e-01 7.666017141976406712e-01 7.345572423374343574e-01 5.415522897992003371e-01 5.916265352324021620e-01 8.733115053000931605e-01 8.322336666359506641e-01 8.550791890439793930e-01 7.797652554528218261e-01 7.158806644565417487e-01 6.353169405129244218e-01 4.264605234542490075e-01 5.061631013769551934e-01 6.118390698276054973e-01 2.385098173305597868e-01 -1.044059227524753442e-01 -1.262813055100853732e-01 -9.195499176396421115e-03 -8.153244833851534812e-02 9.296732276543015483e-02 -3.510885502329224028e-01 3.079339731030507066e-01 1.345564688997102076e-01 2.520477732809453530e-01 3.791390446606145159e-02 1.883997041028287467e-01 3.013838239353759385e-01 8.400598832250109546e-03 5.137834208863529817e-01 4.319456501293694739e-01 3.380476660887888340e-01 5.708533864413339876e-02
2.000000000000000000e+00 -1.104643528034112976e-01 -1.502929203193188457e-01 1.595938861969248002e-01 -2.879947229704497846e-02 3.994876464662941440e-04 -4.697596827630268201e-02 1.539834568494140299e-01 2.884207039994013400e-01 4.506176503671399103e-01 2.417595552825498872e-01 1.241067951119067397e-02 1.031178416022051902e-01 8.463199646731194015e-02 3.418369848481099815e-01 5.020600586188588288e-01 3.757466316663783390e-01 3.864607322504024500e-01 5.235837732305252956e-01 6.263461606608788923e-01 6.343065933841887105e-01 4.892076196570455116e-01 7.673107155752634245e-01 8.488167717982196825e-01 7.697052629498958298e-01 5.894732178329752381e-01 6.143851201772031478e-01 8.915264366395947437e-01 7.959805936891934941e-01 8.996625707969506669e-01 8.516188375552211642e-01 8.021551783019831294e-01 6.541154644285623876e-01 3.544192569081036082e-01 4.414303127902237667e-01 5.122301009158531926e-01 5.910833901016532971e-02 -2.823825446781121906e-01 -1.530671953210661074e-01 -1.175649581173945080e-01 -2.112911751381446601e-01 -1.021403225189276565e-01 -4.127467466624116788e-01 4.136456894835069953e-01 6.753998010854921075e-02 1.668773511551877864e-01 -9.901142590196577997e-02 2.443530823754281878e-01 3.052160674639848859e-01 8.565124372867194413e-02 4.371687234893525398e-01 3.569054410501660834e-01 3.193401436287529593e-01 7.068316496887774858e-02
3.000000000000000000e+00 -3.205819381783892585e-01 -1.429277164599365713e-01 1.983383106017667097e-01 -6.692495778707367726e-02 -1.460299105093438854e-01 1.505532495504151858e-01 1.083059007219448755e-01 3.357880517531330322e-01 2.578442828302770495e-01 5.414676959388699251e-02 4.558205328929064437e-02 -4.217655045320144180e-03 -1.241282366117062025e-01 2.465958209877116558e-01 3.926828437042116926e-01 2.645114189637490232e-01 3.530526746578082631e-01 3.584511747728320041e-01 3.833289724134044119e-01 4.165433083252402247e-01 3.102288339440472664e-01 6.247868779726383215e-01 8.263386565395397509e-01 7.465614685921083682e-01 4.868603881015708956e-01 5.737777997215226522e-01 8.562482247994890328e-01 6.473586568207660985e-01 7.888454892815541797e-01 7.682552379758753602e-01 6.459353699815969518e-01 4.443297197462813264e-01 2.233144221760797188e-01 2.546843466776920195e-01 3.031487218173591347e-01 -1.250360856295929524e-01 -3.936179962725171455e-01 -1.477694892797388471e-01 -1.365122347179521523e-01 -4.434263817386156492e-01 -3.610040496762764728e-01 -3.193563381064644657e-01 2.042923232409313838e-01 -1.491088892066695371e-01 -8.305130339563118747e-02 -2.623974457838149088e-01 1.263347590902556550e-01 8.223098786776791846e-02 -1.225260625589714020e-01 2.251973522987028020e-01 2.319792691861658762e-01 3.106510886387540693e-01 9.688921363636521233e-02
4.000000000000000000e+00 -2.933678380527504626e-01 -3.181619796464723038e-01 2.660050316178622642e-01 -6.025378288856320097e-02 -2.634497032843830522e-01 -1.783226800811089918e-03 1.436977259506796306e-02 1.747476401345183228e-01 1.538547928677828636e-01 9.676983844355671605e-02 6.245646041423041916e-02 -2.092233684633697244e-02 -1.565991365122961498e-01 2.616959548965347437e-01 3.643143709555897169e-01 4.035032777022933836e-01 4.365829928460428500e-01 2.351795499712082127e-01 1.682976800457076927e-01 1.850845502131184261e-01 1.060328548749773642e-01 4.974810868658039453e-01 7.587973342350182726e-01 5.724863614614896790e-01 2.881646861524349568e-01 3.516760021288263260e-01 6.230100031663317051e-01 4.681198570926579094e-01 5.505815726771954299e-01 5.758683489776561526e-01 3.995465703788981804e-01 2.321876518999219929e-01 2.958142658336971875e-01 9.785403784200286115e-02 2.554743134883362687e-01 -7.760744818211304241e-02 -4.985532098011739022e-01 -3.833804560183309285e-01 -3.195182114466269541e-01 -3.996223941753409559e-01 -5.113081201147243737e-01 -2.302252437575426358e-02 -1.644489429704739519e-02 -4.058510195730272163e-01 -1.479723192232309248e-01 -4.301435115989881708e-01 1.930191213060846456e-01 1.583461760972367516e-01 -1.377349021893978787e-01 1.272138755895040330e-01 1.434116637221399815e-01 1.493447325926035851e-01 -8.576579889557879588e-03
5.000000000000000000e+00 -3.609220902670993159e-01 -2.301520778221761709e-01 1.696694679767246916e-01 -1.148469110313002917e-01 -3.252325053711836444e-01 -6.625564187386334680e-02 1.110464348891652825e-01 3.128159840920191614e-01 3.314807472380225661e-01 1.906834294859476586e-01 2.986675306522059703e-01 2.013437371712036850e-01 4.601471107257117804e-02 2.549505844650263309e-01 3.318631965904941250e-01 3.914529482050023157e-01 5.181099577315724236e-01 1.989616989070563946e-01 3.261804519071750952e-02 3.068386548525621205e-01 1.878438059073997690e-01 4.444084214667121113e-01 6.937105206499176724e-01 5.226487580843726111e-01 2.752510242738118174e-01 3.536996342028652651e-01 5.733616143450618319e-01 5.179544884924218717e-01 5.360160598985646008e-01 4.870200551827522095e-01 3.600979191840673055e-01 2.192994119051058094e-02 3.698341590143036095e-01 9.954333543673456186e-02 3.966924037740446884e-01 -2.010558131834965651e-04 -2.482281298738322206e-01 -3.634800902964981928e-01 -1.422920731233331681e-01 -2.793120947208338478e-01 -4.684112652330699733e-01 -6.124430351695651226e-02 -6.225146631818306159e-02 -5.711954615603953567e-01 -2.707453713508467530e-01 -4.171978340188726708e-01 1.469612847823195678e-01 1.279682506532726360e-01 -1.209226809843009093e-01 1.287823590034375132e-01 1.001165345536328410e-01 1.135882980943368203e-01 -5.351040087025020486e-02
6.000000000000000000e+00 -2.540219769240603664e-01 -1.503089223610196978e-01 3.282381083828129209e-01 4.537414693314876374e-02 -2.162007597511644841e-04 -1.219791164095217206e-01 2.912139122223909166e-02 3.683870179271333534e-01 4.081538935510387045e-01 3.235406851429721287e-01 4.160143826536398248e-01 3.893157033911872067e-01 3.406814283203997151e-01 3.850884836702523906e-01 4.162538594194475916e-01 5.436686892853765940e-01 6.859877424250440114e-01 3.360560046026310754e-01 2.503482226449227355e-01 4.439244897289065239e-01 4.204050320776180349e-01 5.589268921286181246e-01 5.606185065869973005e-01 4.777257332999800266e-01 3.508654263075842161e-01 4.199598588428501422e-01 4.615538381934208845e-01 5.372919593301443975e-01 5.218106171232297363e-01 3.648453117334464757e-01 2.660952265924633742e-01 9.485792256057867800e-02 5.485107721805762004e-01 3.744417830324400787e-01 4.710883017783607518e-01 5.175443951135433318e-02 -8.834212995798573775e-02 -2.922434723243873544e-01 -1.916163215879214399e-02 3.127280867843838796e-02 -1.895507806002985907e-01 -2.255837901831099779e-01 2.000530043300858818e-01 -3.396107037532422046e-01 -6.143207801149488945e-02 -1.644586841977120906e-01 2.790609184424380773e-01 3.263249009687744229e-01 1.392389970677192501e-01 2.586163855638977660e-01 1.632886330375209472e-01 1.712457792041449101e-01 4.382462192455941624e-02
7.000000000000000000e+00 -3.121729036472487562e-01 2.500204777540215861e-01 1.507795840166354373e-01 -4.956245633803234990e-02 2.177674715963061058e-01 9.013517272727253338e-02 1.797477324662933862e-01 5.393022682641699372e-01 4.220408459303546245e-01 2.476062028082090527e-01 6.249217090283736287e-01 5.152530172367721928e-01 3.897997536014068398e-01 4.477461888514286947e-01 4.481264769557299354e-01 4.681123136818185482e-01 6.760167006926320887e-01 4.764030780760085682e-01 4.104005626724317457e-01 6.364803003612611310e-01 5.853833427155952229e-01 5.956973972965254882e-01 3.611144358176457958e-01 4.399711540760075645e-01 4.353138752926732358e-01 4.864409391672925853e-01 4.693577987735904067e-01 5.886484863869202444e-01 6.166132865616014147e-01 4.417183926638681424e-01 3.602602901378859634e-01 2.752155744135056370e-01 5.279016276700585486e-01 6.456888670181595291e-01 6.679404373930959427e-01 2.803571356176651763e-01 2.141817619808042417e-01 3.860434551424749700e-02 2.173041057162128642e-01 2.550233609122703471e-01 2.320173796899575591e-01 -2.938498277826835925e-01 2.890496348756530498e-01 -9.385310685905408346e-02 1.653324728392880916e-01 6.007850282828332278e-02 4.699171199888062533e-01 4.709147091444004785e-01 4.966174740009713928e-01 5.846394627201420002e-01 3.998617808333760348e-01 3.853054578541593722e-01 2.587122866720473757e-01
8.000000000000000000e+00 -2.356097686140111447e-02 -1.755645553176200455e-02 -1.021291058220858139e-01 -2.747077201201139074e-01 2.432217547540824754e-01 3.771642768235373699e-01 5.585681867691438818e-01 6.465978557792171344e-01 5.665240339197875619e-01 2.332654979027453945e-01 6.097579054012162159e-01 4.288953733278203506e-01 3.168332807390521477e-01 6.250414134947175349e-01 5.979360445107414490e-01 3.814832147412356989e-01 5.252839427947151307e-01 5.388573382332589867e-01 6.013224097903376864e-01 6.941693816678357054e-01 6.771576886716357269e-01 6.296006634582436146e-01 3.167963484466663759e-01 3.557323741475202361e-01 4.719778526173979971e-01 4.773377608203059896e-01 4.940191627850896716e-01 4.867676382390394574e-01 5.871672519391950562e-01 4.489712193428518350e-01 4.425303725469234006e-01 4.507225016931318828e-01 3.942265730599028295e-01 6.869425638815995772e-01 5.532101987005803023e-01 3.342165418012061906e-01 1.948988528742791326e-01 2.446343764847580815e-01 2.246021368357404846e-01 2.729211722454139705e-02 1.375524596873538008e-01 -6.782538933181938567e-01 6.256094326111929504e-01 2.314990535737735111e-01 5.601322473394756418e-01 1.465699891742717476e-01 4.889531655865776982e-01 5.446771847964096969e-01 4.609120702283726612e-01 6.710278713427419994e-01 6.473569245229222613e-01 4.443934008282849346e-01 3.341577034639853228e-01
9.000000000000000000e+00 -1.441911155724562299e-03 5.353152835696766559e-02 -1.222423707446589625e-01 -5.172754664860177432e-01 -9.065135572905923256e-02 3.575643464088046342e-01 4.096541361928593972e-01 4.149731035665992218e-01 1.428702925722464268e-01 1.273421161471946228e-01 4.581216093569625558e-01 -8.753034099969118909e-02 -3.040677768455031238e-01 3.691542017826031086e-01 3.788218369241691530e-01 5.605725344333881144e-02 3.993243145940700289e-01 3.669437450305436110e-01 3.637799279266492047e-01 2.722069989835542714e-01 1.764824512931776335e-01 3.346850024352618913e-01 1.119902864879349091e-01 8.770474438281047891e-02 1.450139573881944477e-01 1.758624144164942504e-01 3.695847585809473035e-01 1.378705961317664430e-01 3.386963911764461210e-01 2.720293029183430411e-01 1.879879507611185718e-01 2.971313702820372327e-01 -1.724344567264671224e-01 5.849569912855550474e-02 -1.112324132876612026e-01 -2.302689182343734819e-01 -6.132727162354319195e-02 -9.500458067506933890e-03 -2.142667150873611426e-01 -6.124777528828353468e-01 -4.424596876243233612e-01 -6.605276609955960110e-01 3.086998985453650035e-01 6.369026532508377525e-02 3.452890128085177035e-01 -3.199176582306620942e-01 -5.451247984060296481e-02 -7.673156205429347565e-02 -1.818537696704822793e-01 1.039126502379265349e-01 2.444366950920439097e-01 3.556375833297714673e-02 -7.688356500701679086e-02
1.000000000000000000e+01 1.261848518546505593e-01 3.501222373831924806e-02 -1.394273315278463654e-01 -5.955631531927138012e-01 -5.628680589492133235e-01 -1.173267998400821382e-01 9.756037885529655895e-02 -9.893019983498724246e-02 7.683564521872793263e-02 1.309235246144630771e-01 5.324100731950313220e-02 -2.449808526240954965e-01 -3.253931923729757036e-01 -8.120831614459089742e-02 8.801570856924996467e-02 -2.722380706349112334e-01 5.404852320954395967e-02 4.002608196891378756e-02 5.184150785948313245e-02 2.329258519336082495e-02 -3.049921451849565979e-01 -1.327179199540931276e-01 7.900551559819375680e-02 -2.017624710023412440e-02 -4.236576194587293037e-02 -4.098975661576238771e-02 2.173949652177675773e-01 -9.227591631151986495e-02 3.271291296304611185e-02 2.526265938189818927e-01 3.837461109281964933e-01 4.193775437849915910e-01 -3.822817445299534489e-01 -3.672479864809402583e-01 -3.813376183214796655e-01 -4.137273766387337681e-01 -5.614801287098785537e-02 -1.176746697686893023e-02 -3.435198410305476679e-01 -6.012434430324248291e-01 -6.096171584431798740e-01 -3.929700807595938317e-01 5.618833546873498036e-02 2.287303953372953752e-02 2.871313236949864511e-01 -1.841266513135624006e-01 -1.276469720478125847e-01 -2.373675597983894159e-01 -4.707007985344022205e-01 -1.578772590156140021e-01 1.799926517522322800e-01 -5.555940553281449312e-02 -1.161167572811851734e-01
1.100000000000000000e+01 -1.862039380445060233e-03 -2.506754549788923758e-01 4.264786767235424492e-01 1.790257648268039903e-03 -6.326189451876678138e-01 -2.637371141120806728e-01 -2.077869015234206640e-01 -2.787492367147992312e-01 -7.882515988040329769e-03 2.522097802517555554e-01 -1.481915795074540132e-01 7.192765278152693509e-02 6.304219464324466171e-02 -8.448771447099388821e-02 -4.648234626441567763e-02 -2.215096353269457863e-01 -1.225275257975391024e-01 -1.203878426529785828e-01 -2.086343250115449965e-01 -2.659575740772252006e-01 -4.830749452778581032e-01 -1.711628719586773539e-01 8.569147158510145856e-02 1.185870780668251898e-02 -5.543348810301768070e-02 -6.729374870087634353e-02 1.536418529195601734e-01 -1.154504991351959498e-01 -2.305669560644704741e-02 2.061844512256220119e-01 1.779917384776833200e-01 1.724350421056169980e-01 -1.221743108626213437e-01 -2.997753831566960514e-01 -3.990397299544317100e-01 -3.178474603410426091e-01 -1.845435477861058216e-01 -2.152339064271194813e-01 -1.854155924502756680e-01 -3.854813896161470854e-01 -4.084083065822974312e-01 2.671945810804008947e-01 -4.660990638929336516e-01 -1.879645374130382157e-02 -2.300941804919289235e-01 -2.288981736659864152e-01 -4.920140838125737215e-01 -5.012821829658340445e-01 -6.217727604884564219e-01 -5.445444397049705731e-01 -3.644399748749200807e-01 -4.157548411496171381e-01 -4.960791163755318145e-01
1.200000000000000000e+01 -1.379031695815148839e-01 -1.159040973020618037e-01 4.107298660141581736e-01 4.583217657284149871e-01 -1.924733330689644140e-01 -2.276422867575819964e-01 -3.944806776507492341e-01 -3.096672000100201272e-01 7.697038294995187102e-02 2.026716841081409037e-01 -2.866474084618486629e-03 4.439940379659240155e-01 3.543328660373785133e-01 -2.607859738875728528e-01 -2.120105612489296132e-01 -3.184532147286463916e-02 -6.839457208993601767e-02 3.611036370098333892e-01 -1.288631683139687678e-01 -1.677158769599874089e-01 -7.713859747049783139e-03 -7.770478011090636850e-02 1.216265746606018522e-01 9.396922697592217932e-02 -4.399353651164573942e-02 -1.396802320606350123e-01 3.274942601276871479e-03 1.004067075852565528e-02 2.064817929224184445e-02 7.979986380605771923e-02 1.351093563254485985e-01 9.317896848131869414e-03 2.533768691266762851e-01 -7.265650950204119440e-02 5.743257938419229353e-03 1.417272746499127767e-01 9.769903886079134292e-02 -1.511223093403614159e-01 3.447397278781505481e-02 3.136122972538331055e-01 2.273276658424342178e-01 6.900298040291272805e-01 -5.050355165897640886e-01 -1.781575722716423338e-01 -5.219251864080352021e-01 1.444419084239743911e-01 -1.570658903230451320e-01 -8.598253156963525656e-02 4.676035883600134641e-02 -1.394372649650521545e-01 -3.939009007525700046e-01 -2.387619582173151900e-01 -2.439677515522583606e-01
1.300000000000000000e+01 -2.039407352245899141e-02 -3.997466756535101862e-01 4.143594377992961819e-01 6.354579237080539844e-01 3.617722676892766165e-01 5.188158600092958039e-01 -7.383056262866259656e-02 -6.875960291758838328e-02 6.245641035761516358e-02 -9.931146348713194849e-02 -2.201885010728842074e-04 5.751446951475043257e-01 7.727141235431103095e-01 2.245417814128555789e-01 2.195631942502795919e-01 1.743613448785765185e-01 -3.632293281674728314e-02 4.078044718756802522e-01 2.601326456644341700e-01 1.952801010718065167e-01 4.679708665814094060e-01 1.087508452257531372e-01 1.621682289661626197e-01 1.724946580239426486e-01 1.438515492860139577e-01 2.475869020732223563e-03 5.214158339008352627e-02 2.756840720046207505e-01 8.483280456514635803e-02 2.627314078242558998e-02 1.105965419186045462e-01 -3.452889644983914846e-02 5.504238201607487557e-01 4.058835474645650088e-01 3.814450480712440195e-01 6.577116867141423739e-01 2.557648337386414505e-01 1.435328690733490287e-01 2.871309998662434637e-01 8.459166606000765309e-01 5.539443156356740339e-01 2.813870431818977225e-01 5.063838846619980738e-02 7.833240393818100000e-02 -4.470270992687138123e-01 5.530954353551676972e-01 1.117739040178544613e-01 1.947766040201181215e-01 5.250247435889792147e-01 2.239985309170438033e-01 -1.892889186403519108e-01 1.683389005018082751e-01 1.030918149061355454e-01
1.400000000000000000e+01 -8.540012821455419956e-02 -4.333728171980577581e-01 1.146547263646720966e-01 4.411330337468424290e-01 5.260745224476774951e-01 5.802610421972482779e-01 4.901889855567229115e-02 6.536152237437076878e-03 -3.048959886662298002e-01 -3.784423654388026637e-01 -2.895626542203197373e-01 -1.208390839092368663e-03 1.862544500435930617e-01 2.467856727442296894e-01 3.330516113458439342e-01 4.383734863511683510e-01 3.498863020606049479e-03 1.811867272017038677e-01 3.860718103877962548e-01 8.068431854887350707e-02 5.413893815641721563e-01 2.923169127651466526e-01 1.656088183196240682e-01 1.956992491283909147e-02 -6.818729359831644798e-02 -1.153373882615317814e-01 7.199230485579144467e-02 2.886715422168000256e-01 4.913802359306954082e-03 -1.593673728081310137e-01 -2.717251260630086374e-01 -2.446385161628080729e-01 6.422098871157214117e-02 9.175929477510713639e-02 4.159087418960462079e-01 3.755581984410155671e-01 -1.617816707735798831e-01 -1.317394227011137176e-01 2.809920467347832782e-02 5.246222665769578741e-01 4.245223632008501280e-01 -1.527130082006014633e-01 3.622790958825490293e-01 -2.617926796065882591e-02 -2.831505172975002926e-01 2.044985763560709935e-01 1.256398457918339595e-01 2.716878169512107477e-01 5.113371870615244230e-01 3.625178870462736347e-01 -1.061194897971314971e-01 4.766669945287900501e-02 -1.307430879964642523e-02
1.500000000000000000e+01 1.913795880597820576e-01 -4.977858944917630257e-01 -4.535198774531449262e-01 2.604766908591142627e-02 5.885637567402082215e-01 4.487242444229303517e-01 2.041853097719543431e-01 1.340885740814595217e-01 -7.539509424890800116e-02 -2.699214439591616221e-01 -5.439526339486925322e-01 -5.963218802906450344e-01 -3.461122555311675342e-01 -1.737060081796789821e-02 3.134585532647212180e-01 6.366391161503810459e-01 3.135993805634509357e-01 -1.621906911122973360e-01 4.210957909028069102e-01 2.726153339709688206e-01 4.481989077230079666e-01 3.526751934382116316e-01 2.750104563531550750e-01 3.512317380780887593e-02 -1.582694456774404457e-01 -1.225431583852036321e-01 4.081123549799161448e-02 3.515475871513173978e-01 8.666281086845584181e-02 -8.521831189836484577e-02 -1.957726496783779996e-02 9.724827523136114760e-02 -1.732683983463871313e-01 -2.408067180670226404e-01 7.196620326067360018e-02 -2.365947290505418521e-01 -4.741082631870501274e-01 -2.367031986978522795e-01 -5.866632115223622268e-01 -1.070644785397770749e-01 1.356509935823107527e-01 -6.394491160841591082e-01 8.204719178949793079e-01 -2.531652190685873549e-01 1.009943196493293671e-01 1.081609621274386562e-01 1.218430839909463714e-01 3.616872713947575368e-01 6.031220519839568250e-02 2.062997656212691155e-01 1.997332956525979530e-02 2.295734655971706228e-01 1.062379533881760707e-01
