# # time shift (tau) UVW2 Cont1150_not_optical_calibrated LyAlpha_not_optical_calibrated HBeta_not_optical_calibrated OI8446_not_optical_calibrated Cont1460_not_optical_calibrated
-1.000000000000000000e+01 -2.998077590135304615e-01 -1.378344015395521933e-02 -1.165056084271050285e-01 3.704974784733576776e-01 6.453877592199175339e-01 6.320310784474023058e-03
-9.599999999999999645e+00 -3.568503295961616417e-01 -6.847639821471612764e-02 -1.188610526380199650e-01 4.250692784667114976e-01 5.147508797431845640e-01 -7.497974555729425283e-02
-9.199999999999999289e+00 -2.579143034643784915e-01 -1.541636908344472534e-01 -1.350270095192576680e-01 3.129634810773491704e-01 2.685799359821896548e-01 -1.440469121451593559e-01
-8.799999999999998934e+00 -3.069845381581476351e-01 -1.981791712544627160e-01 -1.343847514608403071e-01 1.293667227273158360e-01 2.608001455050697887e-02 -1.759440385462686107e-01
-8.399999999999998579e+00 -1.363286517897498162e-01 -1.396664459157088423e-01 -2.052738242637991151e-01 2.493126845857890073e-01 2.720631269766241589e-01 -1.393096700549054101e-01
-7.999999999999998224e+00 -2.540641028995120898e-01 -3.873117499437185585e-02 -2.758958782561243828e-01 3.223246762714209179e-01 4.307563195680145229e-01 -5.873679615267377030e-02
-7.599999999999997868e+00 -2.003355872008937277e-01 2.253725733062922343e-02 -3.342787536374521862e-01 2.298293596101263769e-01 3.502580108741712994e-01 -2.836693334126711569e-02
-7.199999999999997513e+00 -1.362700609100753191e-01 3.608792058637241840e-02 -3.931924691017671947e-01 6.217556219888910329e-02 8.084452873975610243e-02 -9.942361097250846519e-03
-6.799999999999997158e+00 -2.929897616501640767e-02 5.011482010153015844e-03 -3.897289032983773938e-01 -1.565251761051465740e-01 -1.962826450697003344e-01 -3.828454948664160307e-02
-6.399999999999996803e+00 3.380201989027479398e-02 9.544090687602090062e-02 -4.120905672585452040e-01 -3.180150791275653255e-01 -3.275579107811866786e-01 3.762561328547980866e-02
-5.999999999999996447e+00 1.032751246219940633e-01 1.755512970362149983e-01 -3.785852960214222129e-01 -3.918261844799850735e-01 -3.344288625587963359e-01 1.121046924431577108e-01
-5.599999999999996092e+00 3.100332923278072972e-01 2.043963163980018205e-01 -3.811771701814319901e-01 -3.928099999294679678e-01 -3.639225501582569189e-01 1.321341776562211523e-01
-5.199999999999995737e+00 3.352380159489444234e-01 2.970748577769821153e-01 -2.729129339782337960e-01 -2.643272811133443589e-01 -2.866088161222711816e-01 2.383802940493109090e-01
-4.799999999999995381e+00 3.762975195981337895e-01 3.933350291175793378e-01 -1.373757071442673894e-01 -1.357285092754965672e-01 -1.429166642517143981e-01 3.464810532674549859e-01
-4.399999999999995026e+00 3.290824719378527830e-01 5.296911399374290008e-01 -2.614192030054464377e-02 -1.674061919283561517e-01 -2.788836767070916878e-01 4.829427820425960527e-01
-3.999999999999994671e+00 4.016063353830153781e-01 5.631993520495297556e-01 8.948091899250638914e-02 -1.593610683652805227e-01 -2.618167005413810644e-01 5.243808308829339682e-01
-3.599999999999994316e+00 4.764289997188383419e-01 6.092571341646662031e-01 2.178466204815843466e-01 -3.651537713473364255e-02 -1.595074201872003217e-01 6.069078443723791016e-01
-3.199999999999993960e+00 5.850988630499260879e-01 6.593075007521882469e-01 3.889180143433090819e-01 9.404300967621613550e-02 -4.501605801222088865e-02 6.828454503341352400e-01
-2.799999999999993605e+00 5.982654963063462894e-01 6.202428122408946143e-01 5.432397176889476320e-01 2.880478374955389165e-01 1.648998477623497272e-01 6.704126582206599849e-01
-2.399999999999993250e+00 5.867009985050806176e-01 5.940338145702116490e-01 7.022331029718338335e-01 5.229453581595582268e-01 3.200318924953443611e-01 6.560986025198627392e-01
-1.999999999999992895e+00 4.929049964550285545e-01 5.022474293030450010e-01 7.440553095754320889e-01 6.465871983517097465e-01 3.545452967694943114e-01 5.731706566342176234e-01
-1.599999999999992539e+00 4.545423864320107254e-01 3.978714031439867238e-01 7.777682974745987465e-01 6.727911297836496329e-01 3.491559238148972399e-01 4.766695305196984034e-01
-1.199999999999992184e+00 3.951883899367688580e-01 2.572308767465366630e-01 7.282304228433120752e-01 6.040957347506621389e-01 2.134117250475895955e-01 3.447181378128942320e-01
-7.999999999999918288e-01 3.098897253012662389e-01 9.310757180749822115e-02 6.471365155606184638e-01 4.979164939919125121e-01 1.739236812722594894e-01 1.887592475219359578e-01
-3.999999999999914735e-01 2.039450060527132069e-01 -8.372012454157719274e-02 5.530731603832691468e-01 4.743939295688884283e-01 2.551226225642930778e-01 3.328016692567753454e-02
8.881784197001252323e-15 8.501010625629050466e-02 -2.438728225267857153e-01 3.577834139445945083e-01 3.456858308385190592e-01 2.383539990680965115e-01 -1.308746473321597548e-01
4.000000000000092371e-01 -3.818255774038109562e-02 -2.539929748813301025e-01 2.857635467595028844e-01 3.183708409456604826e-01 2.637613102295763290e-01 -1.543517993474925465e-01
8.000000000000095923e-01 -1.035916455916395529e-01 -2.432040559502905153e-01 8.682374485083577120e-02 1.500785276326679629e-01 1.528223828905148352e-01 -1.799099887358622252e-01
1.200000000000009948e+00 -4.015364616188574209e-02 -1.947435777695325498e-01 -1.320676405350237198e-02 6.249502101985538599e-02 1.057909134723606648e-01 -1.513353685590837494e-01
1.600000000000010303e+00 -9.465614840552283304e-02 -1.131908442485578814e-01 -6.496208589408571099e-02 2.230737033221380505e-02 1.008398826740871806e-01 -9.390417914799763233e-02
2.000000000000010658e+00 3.236187769627539568e-02 -5.396520521014289834e-02 -1.619539037316914953e-01 -6.552111058101811603e-02 6.280226565237141678e-02 -6.356435573272836703e-02
2.400000000000011013e+00 4.140035130102644179e-02 2.443128297501749938e-02 -1.108847314479396995e-01 -9.064969591682195404e-03 9.950184496323219441e-02 2.028314018250475595e-02
2.800000000000011369e+00 1.221854451257496921e-01 9.547931029858264251e-02 -5.821374574561001547e-02 1.598927572594328883e-02 1.190749500314294274e-01 9.397074530167853768e-02
3.200000000000011724e+00 8.657143065262984383e-02 2.212130296456124856e-01 -3.698536916626979365e-02 8.462100134908800975e-02 1.331947550666131574e-01 2.058771732408944399e-01
3.600000000000012079e+00 1.364029507109523476e-01 3.568992742178523914e-01 8.007100350310575321e-04 1.845295146120514429e-01 4.214008501864697359e-02 3.245773691293354357e-01
4.000000000000012434e+00 1.881694825423830264e-01 3.955282523235233993e-01 -3.743441967055822356e-02 1.834308537818754303e-01 -6.338966523087981308e-02 3.446492574679487220e-01
4.400000000000012790e+00 2.321821250244954227e-01 3.812558128124089452e-01 -1.561967184590001140e-02 2.622360450454634395e-01 1.280604169054085917e-01 3.220499719893353263e-01
4.800000000000013145e+00 1.843239887775372232e-01 3.269040337395218154e-01 1.217672225104001263e-02 2.912556559066275530e-01 2.790282063465568951e-01 2.719349213502502138e-01
5.200000000000013500e+00 1.171461630958025718e-01 2.560548953110025061e-01 3.162114011900920944e-03 2.612040820672484331e-01 3.550759500752500575e-01 2.034308485321866533e-01
5.600000000000013856e+00 8.289831063218423834e-02 1.849742053223855098e-01 1.206986380543434781e-02 2.081615881063741957e-01 3.891856124949110152e-01 1.347350185427730052e-01
6.000000000000014211e+00 9.572559555573033341e-03 1.679569266934182736e-01 5.515075998149647496e-03 2.162768898568110942e-01 3.816219839793580926e-01 1.208435653344031441e-01
6.400000000000012790e+00 -3.074619928060398633e-02 4.676700904471063625e-02 -3.504620333381844657e-03 2.321528655178989875e-01 3.711944625243659979e-01 2.822560221989219020e-02
6.800000000000014921e+00 -1.079612896372407205e-01 -3.135336561740500322e-02 5.635423488187657481e-03 2.296667361999623347e-01 2.655901520376547364e-01 -2.368765081653016052e-02
7.200000000000017053e+00 -8.876644183570789326e-02 -8.279861999814940032e-02 -4.603520624263980621e-03 1.806958749292416622e-01 2.036727729643116602e-01 -6.565871624178894195e-02
7.600000000000015632e+00 -1.385075446304919189e-01 -1.501617526530114599e-01 1.395747194689379682e-02 1.273965006316387372e-01 1.136541188333212160e-01 -1.219953797781741095e-01
8.000000000000014211e+00 -1.489361689155187518e-01 -1.026264388970992980e-01 3.633612155043074166e-02 4.180511660711190569e-02 4.388059960576545793e-02 -5.879381922123805976e-02
8.400000000000016342e+00 -9.799180013316641236e-02 -6.185044099502572112e-02 -3.694180623386810608e-02 -1.603087618688142091e-01 -1.584263179666702270e-01 -7.726668896980501064e-03
8.800000000000018474e+00 -3.623784076944742971e-02 9.215132605923911924e-02 -4.331197143817232253e-02 -2.669098826315118300e-01 -2.579119788053630957e-01 1.510015981187927125e-01
9.200000000000017053e+00 -4.758129436332930728e-02 1.169195002673820566e-01 -1.203649718275498839e-02 -3.211245567696199288e-01 -2.709524605004003384e-01 1.801481893603306683e-01
9.600000000000015632e+00 7.631559318257663538e-02 1.252860156453632912e-01 3.389651380467730013e-02 -3.226741007612260459e-01 -2.169196366217674976e-01 1.850251520578224951e-01
1.000000000000001776e+01 1.046881338479306173e-01 1.571449451703111899e-01 8.525311799535577328e-02 -3.841326228572037871e-01 -2.797124700915554207e-01 2.048051662539002726e-01
1.040000000000001990e+01 2.157472292601073649e-01 1.253171279193768806e-01 8.465645320067613500e-02 -4.502119968204099099e-01 -4.696340649851619142e-01 1.658918032663917186e-01
1.080000000000001847e+01 2.825543457911476319e-01 1.345820112757636910e-01 1.491200348769379791e-01 -3.909095803914799383e-01 -4.977350419188429353e-01 1.768953344633870661e-01
1.120000000000001705e+01 2.580761201726219367e-01 1.182387754134441304e-01 2.225281444895969574e-01 -1.940292354985782841e-01 -4.428328131593598505e-01 1.469287756999535233e-01
1.160000000000001918e+01 2.556587191617648025e-01 5.979785905677787589e-02 2.259832253878112929e-01 -7.420618213060180962e-03 -2.805881335843135038e-01 6.922473767698850144e-02
1.200000000000002132e+01 2.193265231016368055e-01 1.075843579772429448e-01 2.254358082256762152e-01 1.721492248063195563e-01 -2.627967837440829402e-01 6.322153599759688936e-02
1.240000000000001990e+01 2.384122221827803256e-01 1.132210177637111570e-01 1.125671105057698546e-01 2.426029851563400452e-01 -1.468669611965191524e-01 -1.671359695851637461e-03
1.280000000000001847e+01 2.449578148078709328e-01 2.700298458243439725e-01 1.622244301854637583e-01 4.142120287389776667e-01 -2.932418190130552799e-02 8.587467555542480091e-02
1.320000000000002061e+01 3.311877617597878687e-01 2.985809788782046170e-01 1.470818489542049523e-01 4.298997273621333326e-01 5.815050905830943667e-02 1.029547998568764583e-01
1.360000000000002274e+01 3.379747790270896113e-01 2.898328414160954991e-01 1.137065611553030042e-01 3.958135396423314578e-01 1.488304742588770768e-01 1.123646940253070076e-01
1.400000000000002132e+01 4.332100561140911354e-01 4.046159398867950063e-01 3.100505577481910136e-01 5.078338932030699304e-01 3.362103578403980997e-01 3.211642452862238928e-01
1.440000000000001990e+01 3.363325501555365915e-01 2.579827633345749271e-01 3.377791426504437866e-01 4.648973273714229193e-01 4.197301069707416454e-01 2.708844549551649994e-01
1.480000000000002203e+01 2.765007438176798615e-01 2.451678608777128898e-01 4.462967853508915672e-01 5.104813400248111588e-01 4.687923152476423105e-01 3.614927478117246906e-01
1.520000000000002416e+01 2.062272736750490054e-01 2.279892629351517597e-01 3.630858519521362737e-01 4.043989372041720820e-01 3.925535048150212702e-01 3.939928961376994998e-01
