# # time shift (tau) HDelta HGamma HeII4685 HBeta HeI5875 HAlpha HeI5015 OI8446 HeI4471 HeI7065 OIII5007 LyALpha
-5.000000000000000000e+00 -5.187234820230079979e-01 -3.730930394364418978e-01 -1.238033285971286285e-01 -2.953967110747864888e-01 -4.462590823555424024e-01 -2.416136183850765562e-01 -2.654840452517761018e-01 -2.624688402305728752e-01 -1.213729942516683924e-01 -2.181670535924490617e-01 -2.073676600526282721e-01 -2.326521572519450742e-01
-4.500000000000000000e+00 -3.721575500491698385e-01 -4.121782722402574928e-01 1.610615221629193086e-02 -4.525726434828623579e-01 -3.199202150444088177e-01 -4.538171477465144377e-01 -5.631787169029176532e-01 -4.233417715897563882e-01 -2.657785244173449524e-01 -4.314148893086121039e-01 -5.134235121999528584e-01 -1.489864380748383010e-01
-4.000000000000000000e+00 -1.508758844534507371e-01 -3.778435619448159422e-01 1.426586138461852227e-01 -4.981332612329481546e-01 -1.029567145031872882e-01 -5.161309968534781856e-01 -7.179968678643744440e-01 -4.420375688497286681e-01 -3.408778882425842482e-01 -5.437060917738871790e-01 -6.880716458552973425e-01 -2.263003064137970519e-02
-3.500000000000000000e+00 4.973186128310737308e-02 -1.017077945705199271e-01 3.421437236524622616e-01 -3.526980402749798627e-01 6.584605781251315348e-02 -4.226917584081487655e-01 -6.662288708625467848e-01 -4.475436201462318908e-01 -3.367504079695962660e-01 -5.053395672710713216e-01 -6.612234619413701608e-01 1.618146036320202430e-01
-3.000000000000000000e+00 2.780916446002056341e-01 1.995906001404156582e-01 5.121433330731857136e-01 -7.593818744973966639e-02 2.473979579685131602e-01 -1.151685708851783452e-01 -4.117226122436701274e-01 -2.458976075943273831e-01 -2.312665032883068905e-01 -3.324249722496678272e-01 -4.403295015346703201e-01 3.884772052931949604e-01
-2.500000000000000000e+00 5.152480198542285228e-01 4.061765077819590175e-01 7.035801586706493804e-01 1.905917224848359681e-01 3.825820674440143510e-01 1.348901019455330842e-02 -2.465996429384086364e-01 -1.609975806152952049e-01 -1.613388510080635552e-01 -1.135458523929900876e-01 -3.414747659072683295e-01 5.747630421001170831e-01
-2.000000000000000000e+00 6.563867801340154129e-01 4.963442651725898380e-01 7.223652172516594749e-01 3.693078899955918315e-01 4.464816585364708712e-01 1.070770913577443473e-01 -1.880132442585478320e-03 -4.995428488132427902e-02 -4.721790410514778435e-02 9.988940585929778626e-02 -1.339936835101654955e-01 6.336075342109499520e-01
-1.500000000000000000e+00 7.134513149100267793e-01 5.562953745090031266e-01 7.291554364169908764e-01 4.547755754835980380e-01 5.482254517121658566e-01 3.023955740808474402e-01 1.244786821910908309e-01 -2.420512774259392375e-02 3.291366270560146939e-02 3.021682142925607994e-01 -6.143992476482737497e-02 6.919643678465494663e-01
-1.000000000000000000e+00 6.530890681294395650e-01 5.525037630886198148e-01 6.112695780350045904e-01 4.516038553557843449e-01 5.132811808655604047e-01 4.267840350840259034e-01 2.449015521126210737e-01 -7.290290479955961744e-04 1.508836089856809559e-01 4.782923071839035867e-01 5.165177617262910886e-02 6.539823980339721787e-01
-5.000000000000000000e-01 6.139218179692134125e-01 6.459152991797068033e-01 4.810866986815930391e-01 5.730315341395981754e-01 5.385731217823555017e-01 5.695814357739142908e-01 3.891484551413075810e-01 2.398060900010322571e-01 2.741052948702313308e-01 8.546114375726185930e-01 1.721893193745195061e-01 6.307686046830632831e-01
0.000000000000000000e+00 4.523346961311075498e-01 6.088172534506657296e-01 2.251920812948404738e-01 5.610041361686888273e-01 4.089389871172985913e-01 5.820121289500296280e-01 3.736865996708725879e-01 3.930039164219574221e-01 2.925041715654189689e-01 1.000000000000000000e+00 2.265875559805314576e-01 4.640117576627915685e-01
5.000000000000000000e-01 4.038933202737312600e-01 5.711995745772537880e-01 5.564993403781896830e-02 6.204652783299933194e-01 5.426668910435302751e-01 6.378510991648744799e-01 4.746788830094345046e-01 5.618497205922647897e-01 2.712282273283846412e-01 8.546114375726185930e-01 2.735817379486714662e-01 4.055463241177744149e-01
1.000000000000000000e+00 1.939932740874517059e-01 3.609184569943615362e-01 -1.818517658384332936e-01 5.036463081370325945e-01 4.788425716692768508e-01 5.057061434548039136e-01 3.681496688095404757e-01 5.250990681537679450e-01 1.513974902093602193e-01 4.782923071839035867e-01 1.958364611753260209e-01 2.025245892658003033e-01
1.500000000000000000e+00 1.061467215699466726e-01 2.872326877710277282e-01 -2.284383077119602479e-01 4.182765943427956268e-01 4.214112772559216458e-01 4.668485540034023606e-01 3.412341627951735457e-01 5.163484903141490889e-01 1.471952620314343485e-01 3.021682142925607994e-01 1.694267155122023416e-01 1.497727436910273879e-01
2.000000000000000000e+00 -4.288639001156650810e-02 1.252712428786832422e-01 -2.666295518324050540e-01 2.488017851451398421e-01 2.071253568891656682e-01 3.187043768568171842e-01 1.628710417164631608e-01 3.632011095863645345e-01 4.842322691214412389e-02 9.988940585929781402e-02 4.454128752267354913e-02 1.564114684330663446e-03
2.500000000000000000e+00 -1.481022346824813207e-02 3.226249346638379589e-02 -2.134924744895997650e-01 1.762291271718992580e-01 1.016917418768453485e-01 1.764144613625114599e-01 4.464232075405276390e-02 3.118650253398372874e-01 -2.786610000593597175e-02 -1.135458523929900876e-01 -4.817319320720234860e-02 2.314952222815188504e-03
3.000000000000000000e+00 -1.016636670017599664e-02 -7.892518215077999610e-02 -1.226967040475220316e-01 7.840540089052068506e-02 -3.468847612377607553e-03 2.179881136544149778e-02 -7.878890275538613652e-02 2.320392647333364700e-01 -1.142510077484754916e-01 -3.324249722496679382e-01 -1.066087390090309089e-01 -1.892488927904029117e-02
3.500000000000000000e+00 7.443939129951557265e-02 -8.486841084476341723e-02 1.184413768628943542e-01 9.762088323887817276e-02 -5.678204560237969795e-02 1.476682679991748320e-02 6.639890525686066580e-03 9.863237437833510812e-02 7.421420070199924446e-02 -5.053395672710713216e-01 3.453031692776228900e-02 -2.527910158407805502e-02
4.000000000000000000e+00 7.300709976086432185e-02 -1.189055065535679495e-01 2.640663280656887490e-01 2.043184958589719380e-02 -1.670044971357730612e-01 -6.444633154136765463e-02 -1.738412790778480488e-02 -1.048643525097720242e-01 1.553611759195479280e-01 -5.437060917738871790e-01 6.643366940441225443e-02 -1.078963902697026439e-01
4.500000000000000000e+00 1.303617987316640359e-01 1.205758318400664691e-02 3.208310427332423109e-01 4.470107490152512575e-02 -2.240772498014731440e-01 -7.971932660988778618e-02 -7.771504222989827904e-02 -7.068302000833970311e-03 2.549640502486710814e-01 -4.314148893086120484e-01 1.429175351543859884e-02 -1.119495158532363421e-01
5.000000000000000000e+00 1.315751619328541788e-01 1.010138589966621397e-01 2.934708338475546241e-01 4.240566117495097459e-02 -2.319119127659272639e-01 -1.143175388547877647e-01 -1.553064602127822713e-01 7.712594910198952713e-02 2.933653305781102061e-01 -2.181670535924490895e-01 -8.369280949515736645e-02 -1.061059734737957172e-01
5.500000000000000000e+00 1.570408199191307141e-01 1.307671580760416952e-01 2.356085203653308646e-01 2.400105723388376577e-02 -1.743246486284169561e-01 -1.390821776190001302e-01 -1.926702494240922214e-01 1.207125430072734096e-01 4.186421908100302902e-01 -1.754826711617540891e-01 -1.540507397247747878e-01 -9.095533605951333644e-02
6.000000000000000000e+00 1.324919308087359748e-01 1.219381202037559675e-01 1.348076677697986892e-01 3.701808535760065660e-02 -9.011511373257713453e-02 -1.231824660751153905e-01 -1.641666157261170711e-01 1.275242179204041093e-01 4.411386826573682196e-01 -1.595974545052316063e-01 -1.778125553751025434e-01 -8.319632330225881778e-02
6.500000000000000000e+00 2.528640715166593361e-02 9.202923002617677262e-02 -1.533263775925230998e-02 6.926788259283829519e-02 -1.405808025347216050e-02 -8.991990539206309863e-02 3.283107196277014472e-02 6.769090774267005894e-02 3.656800501755378408e-01 -4.286662602733863625e-02 -3.170642505969858971e-02 -8.705780239913783747e-02
7.000000000000000000e+00 -7.727830330850513074e-02 -2.045232387957532025e-02 -1.259655313906828111e-01 1.402886710117269738e-02 -4.090798579711748401e-02 -1.133743593794807880e-01 8.392711803253655178e-03 -5.102707015351346659e-02 2.153311095847180445e-01 1.204422542882988174e-02 -9.348503679933764521e-02 -1.014726260260225832e-01
7.500000000000000000e+00 -1.545917653126550606e-01 -1.811648879720752503e-01 -2.251160809610319724e-01 -7.150096412758613629e-02 -1.329913407356375921e-01 -1.675171174906294191e-01 -1.534031032264863981e-01 -1.596730850616770725e-01 7.038102914434658797e-02 1.036939481010805131e-01 -2.574105602431478457e-01 -9.382219209697913176e-02
8.000000000000000000e+00 -1.982010973825547584e-01 -2.646158282123276528e-01 -2.443746165451690933e-01 -1.357087429355442743e-01 -1.596849714904051143e-01 -1.251458308637458106e-01 -2.967606817446821754e-01 -1.885920232868105173e-01 -1.386812905717569877e-01 1.368370130826043751e-01 -4.101779643854682744e-01 -4.543470165644171443e-02
8.500000000000000000e+00 -2.406195807043809975e-01 -2.838373280087226336e-01 -3.128955862062404725e-01 -1.776900049643226898e-01 -6.095229278611629525e-02 4.226892692307575999e-02 -1.445743125200345536e-01 -2.089524068412732527e-01 -4.413548331963168536e-01 2.328624436190874364e-02 -2.655927417895543874e-01 -2.972314334174275263e-02
9.000000000000000000e+00 -2.198217534677381901e-01 -2.085739736603824113e-01 -2.310480576144819942e-01 -1.512374769938918395e-01 1.176605507744580593e-02 1.671691565106254163e-01 6.813380152972999676e-04 -1.483467885535923458e-01 -6.087598044235688066e-01 -4.228001275952152083e-03 -1.101376436223805572e-01 4.488216592136437533e-02
9.500000000000000000e+00 -2.053774983619693351e-01 -1.415600230604718845e-01 -5.745021511424708294e-02 -1.694460970576672221e-01 -7.608113716293911366e-02 1.390174138527349723e-01 3.618932481465228501e-02 -7.593743210603720595e-02 -6.045241000783045937e-01 6.074082370364997097e-02 -2.610326903333152343e-02 9.931099273651398940e-02
1.000000000000000000e+01 -1.824692802476013120e-01 -1.085618534070283969e-01 1.154572175085934460e-01 -2.365750510337735757e-01 -1.435423048420808589e-01 9.612669338776382716e-03 -1.182233557295753190e-01 -1.453946641799000739e-01 -6.234937755496920975e-01 8.634246645587809188e-02 -1.744106285287123637e-01 1.230299456342462544e-01
