# # time shift (tau) HDelta HGamma HeII4685 HBeta HeI5875 HAlpha HeI5015 OI8446 HeI4471 HeI7065 OIII5007
-1.000000000000000000e+01 1.094590259567738283e-01 -7.663120979447038406e-02 3.666952843294263298e-02 1.437232313315691123e-01 -3.008922815426621211e-01 -1.490135198002514316e-01 1.783350172024168734e-02 9.231123274027486225e-02 2.838145194800414384e-01 5.429314783812025369e-02 -8.740969991391910054e-02
-9.000000000000000000e+00 -2.503164601594894123e-03 -6.567774543311842572e-02 -3.921668502584475802e-02 3.991852579337155926e-02 -2.581709426532741714e-01 -8.201313092654516357e-02 -1.027213194622630665e-01 1.913655432777013332e-01 1.778430493000482671e-01 6.089215845429213347e-02 -2.127919811750609846e-01
-8.000000000000000000e+00 -1.351876591441715236e-01 -1.146257818998379086e-01 -1.229434003711956866e-02 -2.099945560867683136e-02 -2.511515583896610226e-01 -1.152092397079246128e-01 -1.832988362961911477e-01 9.269144642912645338e-02 -5.485606103282358176e-02 -1.116895020421020124e-02 -3.398541935335248620e-01
-7.000000000000000000e+00 -1.093773881291941752e-01 -6.864271169078724200e-02 1.406075138005523084e-01 -1.115533625956550978e-01 -2.938504476786751307e-01 -2.103198063701037235e-01 -2.474241160731580624e-01 -1.549149675749870725e-01 -2.072941983889907969e-01 -5.056153690372567483e-02 -4.469375808386690796e-01
-6.000000000000000000e+00 -3.059210564354843120e-02 9.267121693726518283e-02 2.874694064203776600e-01 2.833924216775669455e-02 -2.267128183809335451e-01 -1.063236370413335047e-01 -2.978919763554787603e-01 -1.341199316829894406e-01 -2.133196583238955168e-01 6.045564525980313270e-02 -4.696382895325834084e-01
-5.000000000000000000e+00 6.163140921609231576e-02 1.701068082533185588e-01 3.809091877522152725e-01 2.120900980251970713e-01 -1.693568505522379530e-01 -1.340635096102528977e-02 -3.074721109077943049e-01 -1.423312898547362537e-01 -1.103797210830280984e-01 1.308994883595026304e-01 -4.285599083261097952e-01
-4.000000000000000000e+00 1.447635109774424861e-02 1.964004725254499539e-01 3.228653417100620926e-01 2.700454287160863331e-01 -2.616832788586376801e-01 -1.195295940099027482e-02 -3.453967191107087942e-01 -1.746477699528037331e-01 -2.236313018008877912e-02 2.161949027157226699e-01 -4.522485870845893707e-01
-3.000000000000000000e+00 3.727017268232432623e-02 2.974718167369573285e-01 3.432793492963254200e-01 3.047674386781625833e-01 4.223912664598269973e-02 7.361854757335649369e-02 -4.383781789012204388e-01 -7.159034995398667889e-02 -5.783640447578922150e-02 1.480330656582310167e-01 -5.395767524506637214e-01
-2.000000000000000000e+00 2.834425857867176046e-01 3.817894078185124496e-01 4.663124367509884349e-01 3.618457512244333540e-01 2.970440247704217995e-01 1.900191084160995636e-01 -4.272168078733842300e-01 -6.548173386356727355e-02 -9.023105755039388665e-02 6.591239786968336456e-02 -6.231092378907625573e-01
-1.000000000000000000e+00 5.554431197274291021e-01 5.734374034824055721e-01 6.661463909570241038e-01 5.193920767792192805e-01 3.435735298282019401e-01 3.582598156758922125e-01 -2.536131546341087173e-01 6.542874728692316122e-02 1.393449870780557459e-02 9.478959908538775458e-02 -5.471512846490174109e-01
0.000000000000000000e+00 7.218434644421620749e-01 7.313322495630181219e-01 8.179133209235722735e-01 6.969188095913546599e-01 4.467914514496053036e-01 6.080686636690569857e-01 1.289061133770974532e-02 3.114043420264729356e-01 2.709619175664026991e-01 1.844025465925999141e-01 -3.294060261212665153e-01
1.000000000000000000e+00 8.267026640149549577e-01 8.086287243178669204e-01 7.696928363677272289e-01 7.727356506086564547e-01 4.228560060666621823e-01 7.056282942817692083e-01 1.638764547506964542e-01 3.583008062969315066e-01 3.462912042715120542e-01 4.446934040601730476e-01 -2.112341522407597261e-01
2.000000000000000000e+00 7.497988470368392999e-01 8.276474405622935571e-01 6.446595737571640949e-01 8.567569871141562654e-01 3.886148506869274710e-01 7.385860072179533109e-01 2.201155763348580652e-01 4.977649025837131980e-01 5.030523709710388314e-01 6.241458002307465058e-01 -1.614595862668734838e-01
3.000000000000000000e+00 5.704467861485855718e-01 6.418042092543816413e-01 3.385171763509010612e-01 8.450777988548534569e-01 5.393125968531968795e-01 7.228722735029544655e-01 1.952303664803349825e-01 5.389562518892798693e-01 4.256931584251734679e-01 5.309826219078170872e-01 -1.323040955810599884e-01
4.000000000000000000e+00 5.079341150531138105e-01 4.331597181443780364e-01 2.567694164903128184e-01 6.996908080351574855e-01 5.374379916359950382e-01 6.169776537504860769e-01 1.609220512819896087e-01 4.762780989289870925e-01 2.270314080102025511e-01 3.670031294380136089e-01 -1.457439427840293567e-01
5.000000000000000000e+00 5.094033033523329701e-01 4.427751955196706501e-01 4.176838960228299591e-01 6.815055982299800252e-01 4.253869747177078664e-01 6.794235459792813403e-01 2.176517175164212059e-01 5.270784693172134716e-01 2.032207593703943271e-01 9.004918083011864693e-02 -6.064994052856715473e-02
6.000000000000000000e+00 6.525940710304859449e-01 5.282553938034573182e-01 6.166447418329341623e-01 5.861338402446262252e-01 2.613430639246500653e-01 5.592760491540101908e-01 1.732905377663709334e-01 3.534500961148638876e-01 1.714629690263442807e-01 2.267748544168482830e-02 -5.801653637009315106e-02
7.000000000000000000e+00 6.563872265293693165e-01 6.683627711557169615e-01 6.375243349342812893e-01 5.167863927732160301e-01 1.781161154065761809e-01 4.088541396464353550e-01 1.341024562607192328e-01 3.746493973520625964e-01 3.948965090400780586e-01 -1.768959813106498608e-02 -8.384927125728749986e-02
8.000000000000000000e+00 5.785360053743684450e-01 6.942754185702035841e-01 5.300524958668475506e-01 5.677944170385482714e-01 1.817225588447650975e-01 2.894938498923917969e-01 2.161433031238592095e-01 4.452281183682424981e-01 7.723005968252208975e-01 6.184756747684869160e-02 9.136284169571172453e-02
9.000000000000000000e+00 3.754477354993416283e-01 2.437732922325007157e-01 2.778069624605048263e-02 3.693096620423359511e-01 9.776320739348408340e-02 7.486444816826806625e-02 -2.380161146522835613e-02 2.229249503741956295e-01 7.301128219414869669e-01 -6.014823703586483217e-02 -1.590623975612850682e-01
1.000000000000000000e+01 9.000765242341163264e-02 -7.527308338817746691e-02 -2.334539700945884311e-01 1.631095098640453211e-01 4.563456501090305817e-02 1.686551325690800185e-01 4.230784927455261135e-02 1.278622901581144278e-01 4.672310398026490730e-01 1.064545083095424505e-01 -1.038280527866666247e-01
1.100000000000000000e+01 -1.457749339051943593e-01 -2.042681769327143737e-01 -3.100068349787205024e-01 1.006493557920261871e-02 7.141745554161113563e-02 2.522623469679243779e-01 1.839921829852145529e-01 9.087714619685594020e-02 -3.158439001375779598e-01 1.305689171710813223e-01 -2.047026578424716581e-01
1.200000000000000000e+01 -1.342676413535404123e-01 -6.479409603365748893e-02 5.954530601964376502e-02 -2.452297501987112660e-01 -1.632954057339395249e-01 9.756442661283437623e-02 1.145040352922873372e-01 -1.175706483724055923e-01 -7.194481468312157180e-01 -2.222877595300548625e-02 -4.318728048564111077e-01
1.300000000000000000e+01 -1.054669568528916052e-01 2.216008810285393094e-01 2.758923830989292725e-01 -1.639255629772184142e-01 -5.099860664941002764e-02 -1.507359438834143806e-02 -1.541074229725015454e-01 -6.059001290190754729e-03 -5.423749311484492575e-01 1.025278004842072183e-01 -4.318022344654171008e-01
1.400000000000000000e+01 -7.044772954221029115e-02 2.276289804348671786e-02 3.468532920318908586e-01 -4.263380601760631550e-02 2.506141000504360020e-02 -3.205676718156338367e-01 -3.401842085241648661e-01 -2.295627066448160114e-01 -1.472704233526794804e-01 -2.530628098979547103e-01 -7.021291529888532001e-02
1.500000000000000000e+01 5.574697536982966412e-02 -3.594487440155588048e-02 4.306861271979416372e-01 9.246779441325861382e-02 1.764969118921020930e-01 -2.519125460736696409e-01 -4.512673656314191706e-01 -3.032035738799375713e-01 2.627365851163706578e-01 1.075459764720888001e-01 1.970861704536384928e-03
