# time shift (tau) 	 correlation coefficient 	 number of simulations: 10000	 FR: True	 RSS: True
-5.000000000000000000e+00 0.000000000000000000e+00
-4.500000000000000000e+00 1.000000000000000000e+00
-4.000000000000000000e+00 1.000000000000000000e+00
-3.500000000000000000e+00 0.000000000000000000e+00
-3.000000000000000000e+00 1.000000000000000000e+00
-2.500000000000000000e+00 0.000000000000000000e+00
-2.000000000000000000e+00 1.000000000000000000e+00
-1.500000000000000000e+00 1.400000000000000000e+01
-1.000000000000000000e+00 4.400000000000000000e+01
-5.000000000000000000e-01 8.400000000000000000e+01
0.000000000000000000e+00 7.300000000000000000e+01
5.000000000000000000e-01 5.640000000000000000e+02
1.000000000000000000e+00 6.595000000000000000e+03
1.500000000000000000e+00 2.360000000000000000e+03
2.000000000000000000e+00 2.440000000000000000e+02
2.500000000000000000e+00 1.000000000000000000e+01
3.000000000000000000e+00 8.000000000000000000e+00
3.500000000000000000e+00 0.000000000000000000e+00
4.000000000000000000e+00 0.000000000000000000e+00
4.500000000000000000e+00 0.000000000000000000e+00
5.000000000000000000e+00 0.000000000000000000e+00
5.500000000000000000e+00 0.000000000000000000e+00
6.000000000000000000e+00 0.000000000000000000e+00
6.500000000000000000e+00 0.000000000000000000e+00
7.000000000000000000e+00 0.000000000000000000e+00
7.500000000000000000e+00 0.000000000000000000e+00
8.000000000000000000e+00 0.000000000000000000e+00
8.500000000000000000e+00 0.000000000000000000e+00
9.000000000000000000e+00 0.000000000000000000e+00
9.500000000000000000e+00 0.000000000000000000e+00
1.000000000000000000e+01 0.000000000000000000e+00
