# time shift (tau) 	 correlation coefficient 	 number of simulations: 10000	 FR: True	 RSS: True
-5.000000000000000000e+00 2.000000000000000000e+00
-4.500000000000000000e+00 3.200000000000000000e+01
-4.000000000000000000e+00 2.400000000000000000e+01
-3.500000000000000000e+00 7.000000000000000000e+00
-3.000000000000000000e+00 8.000000000000000000e+00
-2.500000000000000000e+00 6.000000000000000000e+00
-2.000000000000000000e+00 1.200000000000000000e+01
-1.500000000000000000e+00 1.400000000000000000e+01
-1.000000000000000000e+00 1.600000000000000000e+01
-5.000000000000000000e-01 2.800000000000000000e+01
0.000000000000000000e+00 2.800000000000000000e+01
5.000000000000000000e-01 3.300000000000000000e+01
1.000000000000000000e+00 2.600000000000000000e+01
1.500000000000000000e+00 3.300000000000000000e+01
2.000000000000000000e+00 4.400000000000000000e+01
2.500000000000000000e+00 2.250000000000000000e+02
3.000000000000000000e+00 8.610000000000000000e+02
3.500000000000000000e+00 6.850000000000000000e+02
4.000000000000000000e+00 7.910000000000000000e+02
4.500000000000000000e+00 1.133000000000000000e+03
5.000000000000000000e+00 1.208000000000000000e+03
5.500000000000000000e+00 1.027000000000000000e+03
6.000000000000000000e+00 8.610000000000000000e+02
6.500000000000000000e+00 8.930000000000000000e+02
7.000000000000000000e+00 9.330000000000000000e+02
7.500000000000000000e+00 5.220000000000000000e+02
8.000000000000000000e+00 1.630000000000000000e+02
8.500000000000000000e+00 7.800000000000000000e+01
9.000000000000000000e+00 3.100000000000000000e+01
9.500000000000000000e+00 1.370000000000000000e+02
1.000000000000000000e+01 1.390000000000000000e+02
