# # time shift (tau) Cont4010 Cont4200 Cont4440 Cont4765 Cont5100 Cont5600 Cont6045 Cont6110 Cont6880 Cont7390 Cont8015 Cont8900 Cont1150 Cont1460
-1.000000000000000000e+01 -1.026747103497196723e-01 -3.605688204890054871e-02 3.638834420381112378e-03 -9.514503702940402263e-02 6.024524813845191784e-02 -2.537196723797451037e-03 5.964634134349695860e-02 -8.285338266192648904e-02 -5.474439907187315935e-02 -2.597982120294720781e-02 -7.971938334842225415e-02 -4.678138460789887237e-02 -2.918438678567917277e-01 -2.519041687159313536e-01
-9.500000000000000000e+00 -5.684119985715235801e-02 -1.509765838239282218e-02 4.188793898683459277e-02 -5.983722729381370231e-02 8.843716898688766537e-02 -2.753917493679113038e-03 4.775982585320703855e-02 -7.976731497822452110e-02 -8.175786013814959063e-02 -6.664811295013522985e-02 -9.000970173795422302e-02 -9.899776785925562539e-02 -2.331739511117102426e-01 -1.900664612944829301e-01
-9.000000000000000000e+00 -3.986454729765503968e-02 6.191218148940955124e-03 5.192945873433510440e-02 -8.902600430708278167e-03 1.179398013589303545e-01 2.071565538368574239e-02 3.685359309678901130e-02 -7.521474812326711668e-02 -1.029133544075711837e-01 -1.067490452242276372e-01 -1.729802927317621863e-01 -1.614822470447131175e-01 -1.650902785469091361e-01 -1.297764779272673197e-01
-8.500000000000000000e+00 1.230412928289866814e-01 1.792077300516182192e-01 2.219913918350558124e-01 1.696690599986455661e-01 2.714469398317949089e-01 1.638574754437281955e-01 1.310185854436425323e-01 5.552934983474676345e-02 4.371517021303814032e-02 3.828248223272553985e-02 -8.649436013223681108e-02 -6.178511599240815722e-02 -1.680319505688691178e-02 3.283399456362828123e-02
-8.000000000000000000e+00 2.072945498865974290e-01 2.497580818829054361e-01 2.860700434834085870e-01 2.410478862613708584e-01 3.311874441215881260e-01 2.149648004235418797e-01 1.557309239889780872e-01 1.076572696836700926e-01 6.872833543023425251e-02 4.885706245234882478e-02 -1.011291224476814771e-01 -7.236181265315744238e-02 6.857804689011662291e-02 1.062732660969529508e-01
-7.500000000000000000e+00 3.679784800811867207e-01 3.888125688019041792e-01 4.169668552954782781e-01 3.621614582640159674e-01 4.448080538574578080e-01 3.604218564794960944e-01 3.113196729870262303e-01 2.542352165230022942e-01 2.296435767983555087e-01 2.012346077410674949e-01 6.010647709649820369e-02 7.429011796166837267e-02 1.863871501108366191e-01 2.369932726425340030e-01
-7.000000000000000000e+00 4.440763863601274175e-01 4.573248332725832754e-01 4.974434811113535027e-01 4.359217463267925918e-01 5.096624324941637640e-01 4.643876941617212095e-01 4.339676239070924813e-01 3.509049086911160131e-01 2.974316248788152484e-01 2.154458232510506610e-01 1.343450291147882947e-01 7.540032296891058250e-02 2.563510892784018891e-01 3.004733616546602093e-01
-6.500000000000000000e+00 4.698226126456201412e-01 4.757877157242433874e-01 5.382174816775472381e-01 4.665698683903976018e-01 5.288041804804634038e-01 4.870972181236429277e-01 4.729546426337062348e-01 3.910902700525829556e-01 3.345346345343039873e-01 2.532596169115288176e-01 1.870534213521358735e-01 1.100313899869537482e-01 2.548541622528546213e-01 3.096153946577289151e-01
-6.000000000000000000e+00 5.490241380516220904e-01 5.590769078063033692e-01 6.119406454231165471e-01 5.461506290394928520e-01 5.996318441929839871e-01 5.792281834230457171e-01 5.520121588313033900e-01 4.717749515944085204e-01 4.479348156995550667e-01 3.601120901464552881e-01 3.128834607293176084e-01 2.439909652112069172e-01 3.186235241126774698e-01 3.814913151132325320e-01
-5.500000000000000000e+00 5.408155474653533190e-01 5.491310433557193837e-01 5.881376431184976994e-01 5.293935482889585709e-01 5.820267664799714247e-01 5.822634661601535644e-01 5.546408821953755508e-01 4.588539867058084587e-01 4.744765097668440790e-01 3.964527827845086838e-01 3.510792613389333017e-01 3.072912821696104357e-01 3.094271082998267808e-01 3.733793696835314146e-01
-5.000000000000000000e+00 6.049422871123513179e-01 6.007901429502815471e-01 6.158475303881338903e-01 5.704380916139646374e-01 6.114977122757619954e-01 6.302342052065883493e-01 5.730666041796297350e-01 5.049178955319568729e-01 5.288232535667943823e-01 4.645793076183116765e-01 4.161608335686473037e-01 3.888430564414634971e-01 4.097145327710939311e-01 4.550058119939519585e-01
-4.500000000000000000e+00 5.430556725980716370e-01 5.256675364267175965e-01 5.398695496436463070e-01 4.925216078270745479e-01 5.321927412279165992e-01 5.617794063025838280e-01 5.115892715833095794e-01 4.473993898811626790e-01 4.525962741821024093e-01 4.039797103775768505e-01 3.578038535621554384e-01 3.430661435123343317e-01 3.430521240735751043e-01 3.763039777598878866e-01
-4.000000000000000000e+00 5.439450114718198392e-01 5.045600116769990429e-01 5.248047599652274631e-01 4.859006383102719706e-01 5.075998236429453137e-01 5.522511125519539155e-01 4.881172877867159809e-01 4.324995915142557101e-01 4.152802548763950830e-01 3.513022387002531222e-01 3.069127176119594846e-01 2.904716253745679433e-01 3.616715861690971145e-01 3.776388241567256721e-01
-3.500000000000000000e+00 4.589776441846993293e-01 4.071780706075828205e-01 4.315219322988654849e-01 3.978525334985876238e-01 3.979774959337329943e-01 4.545124239387725584e-01 4.030092491293790768e-01 3.374512391771699593e-01 3.129505954969020176e-01 2.357480045715860673e-01 2.155940073290601999e-01 1.874920228015978796e-01 2.979939499980532869e-01 2.991549826080481811e-01
-3.000000000000000000e+00 5.715052266856107677e-01 5.208535836798584562e-01 5.398368143591583124e-01 5.138248733955885772e-01 5.179283352692292119e-01 5.478670678142780748e-01 4.944273207241814960e-01 4.466654743382625359e-01 4.404661444458713992e-01 3.698511027244675287e-01 3.558973314464262128e-01 3.450470953414848108e-01 4.022822109988088424e-01 4.099412824312793635e-01
-2.500000000000000000e+00 5.895380358514019647e-01 5.520697086865231640e-01 5.521993541412637541e-01 5.365613159515627562e-01 5.360031879098112739e-01 5.365620314158935367e-01 4.663004273787652032e-01 4.454652278713478464e-01 4.485250378476744459e-01 3.827867714913230079e-01 3.863362747097951466e-01 3.649374157787469986e-01 4.668733336556331048e-01 4.790719096485935857e-01
-2.000000000000000000e+00 7.040016364507546420e-01 6.775918687920730044e-01 6.729649192147324488e-01 6.632794498384247950e-01 6.609467234741214225e-01 6.320787831198272366e-01 5.596346113981354176e-01 5.731842329323757479e-01 5.727663868024996940e-01 5.155724345520070750e-01 5.130481513999016752e-01 4.846305564298059032e-01 6.155517583605671916e-01 6.331287699411771719e-01
-1.500000000000000000e+00 7.791149559146319792e-01 7.529437016569977548e-01 7.393410771480402044e-01 7.443801946578296747e-01 7.262338498609666182e-01 6.880442770150061449e-01 5.845412372894494002e-01 6.362663733176614489e-01 6.220427924909228690e-01 5.603076013016876633e-01 5.436213747907334692e-01 5.100565119384232737e-01 7.595423124863978082e-01 7.650359359087528510e-01
-1.000000000000000000e+00 8.652146109028873155e-01 8.483539976881577793e-01 8.395801899530881407e-01 8.480695304430447834e-01 8.239548730650325670e-01 8.050899119814030058e-01 7.186743467903542459e-01 7.670995012926848933e-01 7.379201325360000840e-01 6.700359207996628985e-01 6.422542305243841287e-01 6.119703993177558754e-01 8.567874342159039758e-01 8.600471677187611075e-01
-5.000000000000000000e-01 9.128306709654927520e-01 8.973851776853816187e-01 8.905737059391827248e-01 9.123004815310817861e-01 8.782731221365500662e-01 8.713111773806662130e-01 8.010146036186811536e-01 8.455504661009414225e-01 7.977060737927500478e-01 7.160431856370949033e-01 6.813178581031609227e-01 6.613462870985102882e-01 9.270960877257780064e-01 9.267832365010588713e-01
0.000000000000000000e+00 9.541838751113822514e-01 9.531745377598195290e-01 9.451928757548393456e-01 9.696521605186485537e-01 9.449977646873715109e-01 9.383660904579838036e-01 9.012223164245998230e-01 9.400256389973484783e-01 8.930276109870138868e-01 8.233836731748814808e-01 7.973222359620091293e-01 7.774718165335181563e-01 9.302587539978691700e-01 9.465221178211776776e-01
5.000000000000000000e-01 9.318101393193034543e-01 9.267962479024051126e-01 9.418703347626153910e-01 9.514252195870909201e-01 9.447540011788230219e-01 9.426681169919197689e-01 9.326156996771481911e-01 9.522570756795769586e-01 9.234741070863871082e-01 8.694184125164889920e-01 8.469143978629829483e-01 8.400460885619672746e-01 8.381007806361124857e-01 8.656556427543873333e-01
1.000000000000000000e+00 8.992211257455213769e-01 8.973472975797881501e-01 9.139718870831088360e-01 9.033031178232611147e-01 9.214161104316918038e-01 9.268132460969413788e-01 9.283796519361855459e-01 9.330780289655067339e-01 9.338977886996910893e-01 8.959136328394406990e-01 8.867393742781606303e-01 8.820689718644696420e-01 7.571365709459271232e-01 7.959631949701466702e-01
1.500000000000000000e+00 8.218405122498086968e-01 8.267898029521154601e-01 8.454976945700194424e-01 8.062351617486187561e-01 8.443643136699088281e-01 8.453021739656527700e-01 8.817161648624778358e-01 8.621574054080829441e-01 9.048026139369403920e-01 8.871948107635427849e-01 8.971244238254905135e-01 8.911699450668477684e-01 6.309880178365256942e-01 6.867326755765362778e-01
2.000000000000000000e+00 7.483738229709436807e-01 7.543732645431191486e-01 7.701891581796524999e-01 7.203526267111737269e-01 7.670689725721397956e-01 7.657486969010665057e-01 8.122524704637787973e-01 7.877541008295207980e-01 8.495666628797656772e-01 8.538093272867295358e-01 8.597377414505659177e-01 8.799377246536901342e-01 5.555084740570712665e-01 6.097854300706830877e-01
2.500000000000000000e+00 6.572720206181711378e-01 6.707482012869937504e-01 6.870166647314006614e-01 6.267057435895329043e-01 6.719869353716061422e-01 6.691738661814754519e-01 7.185727401820851679e-01 7.040348520312802449e-01 7.774011936942221146e-01 8.119109369761354777e-01 8.084233330026132647e-01 8.413852399069050580e-01 4.519620338476348920e-01 5.160026390340382019e-01
3.000000000000000000e+00 5.588244610553019243e-01 5.710642531807141875e-01 5.971971700685081430e-01 5.415262815896185744e-01 5.775774503987161079e-01 5.665986934299293010e-01 6.328513147972372188e-01 6.306221939188946246e-01 6.919324214999771350e-01 7.491617477802350322e-01 7.096879428751661223e-01 7.827830930043804258e-01 3.615801125283799600e-01 4.155082410219004263e-01
3.500000000000000000e+00 5.221033043735869850e-01 5.413176920482765109e-01 5.638030973640987265e-01 5.152227935254103386e-01 5.336686372511652010e-01 5.204273972428468120e-01 6.110122957082111395e-01 6.088893311020936450e-01 6.532376848935177449e-01 7.212768221703520499e-01 6.534727191130049739e-01 7.460057172859315688e-01 3.335123060440097764e-01 3.897566284200226772e-01
4.000000000000000000e+00 4.429802221672554108e-01 4.842784962811428340e-01 5.004768988323656798e-01 4.513591144460648019e-01 4.652999365500540829e-01 4.362910681349322362e-01 5.628029601385768910e-01 5.582141909511610933e-01 5.933390833078510118e-01 6.545617095387311624e-01 5.929946343550778209e-01 6.699126131782693339e-01 2.708154669399354120e-01 3.222039431487953021e-01
4.500000000000000000e+00 4.170808908791922009e-01 4.760490397446538458e-01 4.757756641999243419e-01 4.384197028503781235e-01 4.420841421318737474e-01 4.070326181964262213e-01 5.258499809494605604e-01 5.363724176998170279e-01 5.498928872099371201e-01 5.989744548639001076e-01 5.480570219033233936e-01 5.912471056545085535e-01 2.798278175764913889e-01 3.289044753439763213e-01
5.000000000000000000e+00 3.458004507319237253e-01 4.220077244104822878e-01 4.163399146454825894e-01 3.591545901553929721e-01 3.790347729277293021e-01 3.442683612765257140e-01 4.472560190686445947e-01 4.526926046697381523e-01 4.788965511902333327e-01 5.187829850740890425e-01 5.124011706575282155e-01 5.254167621326079063e-01 2.188921360328419663e-01 2.776014126440362051e-01
5.500000000000000000e+00 2.859920596601733811e-01 3.640838926340063120e-01 3.465976039649396601e-01 2.989968410176289115e-01 3.234225761752274053e-01 3.108654108135541216e-01 3.852047274955572309e-01 3.795568605334498358e-01 3.991588919413334713e-01 4.094671497831364748e-01 4.323625516745949193e-01 4.368835225315421678e-01 2.000379901769766544e-01 2.454518225778480611e-01
6.000000000000000000e+00 2.638666809508526945e-01 3.328257684122607474e-01 3.131766864953869911e-01 2.691074060133057944e-01 2.849146102483647303e-01 3.051341797938953437e-01 3.427389660302494478e-01 3.399370990831933614e-01 3.650608439511059400e-01 3.693791522917141412e-01 3.964926227602008080e-01 4.154444025568627685e-01 2.205019337824830616e-01 2.607597894535528260e-01
6.500000000000000000e+00 2.279003385794715897e-01 2.857747721979905786e-01 2.711707271015168508e-01 2.391470050441184547e-01 2.581712771512728044e-01 2.848049139711585354e-01 2.883686602918443254e-01 2.972172236434330039e-01 3.153153574923578950e-01 3.107195527632649057e-01 3.310824123393343865e-01 3.678175913980886169e-01 2.366195325653385473e-01 2.520075254246028629e-01
7.000000000000000000e+00 1.293708946652797342e-01 1.692365518472200292e-01 1.446011749237129385e-01 1.508515870180482388e-01 1.523207297445373920e-01 1.865394798681976885e-01 1.743966775942768221e-01 1.939226591182736936e-01 1.886691679527660315e-01 1.787456583804774568e-01 1.558541624188039543e-01 2.407704745228259058e-01 1.735591462596018375e-01 1.506012408799871916e-01
7.500000000000000000e+00 -1.353780971990220169e-02 1.341364594883491523e-02 1.712209393492765408e-03 7.228339980368869711e-03 1.562676177536027888e-02 3.298671498961536219e-02 3.779314696527452666e-02 4.395028362683873341e-02 3.680178347294799091e-02 2.639866523533803203e-02 -3.476783655427089642e-02 1.052720200180496946e-01 -1.567537099172466170e-03 -4.491578918522457636e-02
8.000000000000000000e+00 -1.954179606118901791e-01 -1.968474124704090444e-01 -1.826873723342754552e-01 -1.826221880053653934e-01 -1.520611469534012550e-01 -1.580305869162242915e-01 -1.541318858478236964e-01 -1.658687560160600483e-01 -1.695950854376342964e-01 -2.021061381104910515e-01 -2.588833604802738275e-01 -1.167803503928406539e-01 -2.177920066562664958e-01 -2.860166434570756699e-01
8.500000000000000000e+00 -2.755567334732568763e-01 -2.720728642952650045e-01 -2.351771589008525287e-01 -2.838360875964630048e-01 -2.151054693125331041e-01 -2.588196083476984044e-01 -2.259806181934994884e-01 -2.657363307229771987e-01 -2.377837843352196001e-01 -2.679441102156439602e-01 -3.054609170200527357e-01 -1.750903373038137367e-01 -3.508705714607049941e-01 -3.981780217685751966e-01
9.000000000000000000e+00 -3.648458096832868369e-01 -3.775417304746396252e-01 -2.945232467729110293e-01 -3.930524690119363562e-01 -3.047034894297673824e-01 -3.923470402461882722e-01 -3.495276751260441017e-01 -3.979741690320111047e-01 -3.455721866709907664e-01 -3.756796983620834807e-01 -3.576819712914711680e-01 -2.870464086724946462e-01 -4.996919218120531303e-01 -4.920221281500026800e-01
9.500000000000000000e+00 -3.726852914064434641e-01 -3.732404638098799632e-01 -2.815598096957586671e-01 -4.033634340391037965e-01 -3.437993550493694817e-01 -4.178092324012611103e-01 -3.888790405341843170e-01 -4.043184082852275818e-01 -3.305415216303134174e-01 -3.331243829031018122e-01 -2.925578310369797430e-01 -2.541756961525172276e-01 -4.937041701155858164e-01 -4.416785527362023789e-01
1.000000000000000000e+01 -4.526402903630217800e-01 -4.380848153777116005e-01 -3.708585267868440560e-01 -4.801348674328412836e-01 -4.405739569904918440e-01 -5.066509598227192379e-01 -4.690077318830392361e-01 -4.773480278147825828e-01 -4.099526379678573584e-01 -3.682512745117698660e-01 -3.493892405264374390e-01 -3.285805287106778327e-01 -5.337904782622062694e-01 -4.767991996148668310e-01
1.050000000000000000e+01 -4.589358073852776720e-01 -4.024648823796976860e-01 -3.964542618030018062e-01 -4.628370073119422723e-01 -4.788017978293388488e-01 -4.865487635405735256e-01 -4.378547985803282749e-01 -4.462827042856584714e-01 -3.786299219492869628e-01 -3.076631427793445894e-01 -3.343553236923217375e-01 -2.979253419110513557e-01 -4.392606895616040230e-01 -3.937736854601825431e-01
1.100000000000000000e+01 -4.642081771044899163e-01 -3.974011050101046716e-01 -4.502345854379511403e-01 -4.595434303583126878e-01 -5.349353551086872827e-01 -4.738733862220995130e-01 -4.585026877407348822e-01 -4.337494495422664631e-01 -3.781320095627641598e-01 -2.885626254806678559e-01 -3.280318695333808154e-01 -3.102804908210856638e-01 -3.593354027095573278e-01 -3.142466262168516766e-01
1.150000000000000000e+01 -4.874321100802226914e-01 -4.346113163684885983e-01 -5.134034313207542777e-01 -4.778193892333481574e-01 -5.841981730225256353e-01 -4.933413706012442779e-01 -5.232606930451058069e-01 -4.466327462945275939e-01 -4.108002713932907835e-01 -3.053888561519220168e-01 -3.437735804698313635e-01 -3.451784352386646493e-01 -3.419110931091647876e-01 -2.894906153594241083e-01
1.200000000000000000e+01 -4.361231641653062763e-01 -4.192743914410878570e-01 -4.957974418176883669e-01 -4.286351687344205907e-01 -5.417297789175540279e-01 -4.336824636690107537e-01 -4.753144490605208938e-01 -4.039530890565374843e-01 -4.155631771308401223e-01 -3.458812584058838513e-01 -3.595905654958508890e-01 -3.830529012970387281e-01 -3.305249125239071439e-01 -2.747754977271577026e-01
1.250000000000000000e+01 -5.233884363071132917e-01 -5.490638162725897109e-01 -5.670294939688969027e-01 -5.311838041864069826e-01 -5.981959462728863031e-01 -5.275138813509414604e-01 -5.258909796364046318e-01 -5.183915402483142421e-01 -5.658791655121893083e-01 -5.661429336965533299e-01 -5.555423575911844214e-01 -5.578063053623347756e-01 -5.294402092708139218e-01 -4.934178934007242279e-01
1.300000000000000000e+01 -5.010301418681345487e-01 -5.640828771221895188e-01 -5.488693651607718937e-01 -4.940816134136494231e-01 -5.321457150942271452e-01 -5.056627551609276239e-01 -5.190460114186346008e-01 -5.292700882221985648e-01 -5.968238000898118401e-01 -6.740985336720646259e-01 -6.104466261925667325e-01 -6.390510931089572466e-01 -5.200064676613918024e-01 -5.210598452277608317e-01
1.350000000000000000e+01 -3.841986512816911725e-01 -4.751679423396111823e-01 -4.557723461122706876e-01 -3.663382175071934199e-01 -3.777737648377264001e-01 -3.812188053180210479e-01 -4.252791019253500115e-01 -4.380095366565861514e-01 -5.234630008050735750e-01 -6.484107217427097503e-01 -5.702943548442737098e-01 -6.273123700688040261e-01 -3.478219831903037185e-01 -4.178438638460957866e-01
1.400000000000000000e+01 -5.203550996065945400e-01 -5.743939241275557439e-01 -5.457139340958909735e-01 -4.798998942052087324e-01 -4.428245808656839921e-01 -5.259918028254697564e-01 -5.380265050461690013e-01 -5.697046496277680117e-01 -6.174117663123972477e-01 -7.099911186169438615e-01 -6.710742246111620624e-01 -7.032956624220125796e-01 -3.780380542017403589e-01 -5.306229312596076886e-01
1.450000000000000000e+01 -3.072643255959529585e-01 -3.500618857572426190e-01 -3.461560567895123341e-01 -2.651278089476817312e-01 -1.952734406768908415e-01 -3.160953951445589771e-01 -3.063929581419991832e-01 -3.577921228754605831e-01 -4.284326435600109839e-01 -5.216863427849561807e-01 -5.169007921802966088e-01 -5.420875600146418671e-01 -1.233031676426731560e-01 -3.501657472209723787e-01
1.500000000000000000e+01 -4.384931731577679237e-01 -4.569493729072522936e-01 -4.415295653946681442e-01 -4.077781123954893339e-01 -3.043941697355261877e-01 -4.380660825035642136e-01 -3.974609562108007976e-01 -4.649057108473469979e-01 -5.109814307422452240e-01 -5.372235083280791912e-01 -6.152084300648602566e-01 -6.058032678037621466e-01 -1.488193101505078109e-01 -4.215438519143489549e-01
