# # time shift (tau) UVW2 Cont1150_not_optical_calibrated LyAlpha_not_optical_calibrated HBeta_not_optical_calibrated OI8446_not_optical_calibrated Cont1460_not_optical_calibrated
-5.000000000000000000e+00 2.615461163777040854e-01 3.899860528075085875e-01 1.838096002667239381e-01 2.870632145668520208e-01 1.860496655801997523e-01 4.579999400068784365e-01
-4.500000000000000000e+00 2.950232681886831854e-01 3.148121761260015417e-01 1.542779853690984804e-01 2.922175156560243292e-01 1.355134458440834244e-01 3.728975400576153287e-01
-4.000000000000000000e+00 3.643496053777500743e-01 3.415919671171767646e-01 1.487281359536867797e-01 2.814759934751572823e-01 2.604939502376980159e-02 3.795325112458538541e-01
-3.500000000000000000e+00 4.546372432702452948e-01 2.984949999646032692e-01 5.435690184099599420e-02 1.861507879585816427e-01 -1.229975347924237850e-01 3.054685226306370627e-01
-3.000000000000000000e+00 4.733987391986865800e-01 4.043596606472499300e-01 1.972309739961058128e-01 2.474267444371004987e-01 -8.228971619343042332e-02 4.169820280442541049e-01
-2.500000000000000000e+00 5.584198107500544239e-01 4.685998832469737696e-01 1.536946310464656351e-01 1.448418607347028986e-01 -1.342174633964487163e-01 4.753428792345704146e-01
-2.000000000000000000e+00 5.994877836719407771e-01 6.001216271525509072e-01 2.705713439827046596e-01 2.278959242308584432e-01 -1.227506660055699000e-01 6.169629525662796432e-01
-1.500000000000000000e+00 7.143186542749263568e-01 7.407121748280361961e-01 3.055870500108875398e-01 2.448911138844758195e-01 -3.105566071099215980e-02 7.426624023627768079e-01
-1.000000000000000000e+00 8.317687240812956517e-01 8.365064402413235900e-01 4.735146933429903449e-01 4.115801797513854998e-01 4.626409988192210776e-02 8.427694512652859071e-01
-5.000000000000000000e-01 9.268197549368539789e-01 9.116319004656177061e-01 5.886115884567537648e-01 5.299538521894870957e-01 8.458506053595446494e-02 9.216813374536383385e-01
0.000000000000000000e+00 9.999999999999997780e-01 8.957243150915907837e-01 7.540805999855004771e-01 6.610711445785064644e-01 2.546034671467504173e-01 9.389580477721702900e-01
5.000000000000000000e-01 9.268197549368539789e-01 7.938061829657461210e-01 8.707074233433366173e-01 7.655939595155680788e-01 4.181612995977813663e-01 8.657827388176481120e-01
1.000000000000000000e+00 8.317687240812955407e-01 7.064298125579532295e-01 8.978481969702644117e-01 8.146493071823983634e-01 4.395550596730057880e-01 7.824804897714370266e-01
1.500000000000000000e+00 7.143186542749262458e-01 5.772249939259173068e-01 8.586699419748906603e-01 8.189056126449438811e-01 4.110553504648722933e-01 6.577927870386319764e-01
2.000000000000000000e+00 5.994877836719407771e-01 4.993709971972655204e-01 7.885912020384240328e-01 7.792557777924735696e-01 3.978518064568838941e-01 5.640251887273703968e-01
2.500000000000000000e+00 5.584198107500544239e-01 3.862892805608674762e-01 6.853624262412620904e-01 6.950430146803203701e-01 4.076375557133739003e-01 4.538312681864415943e-01
3.000000000000000000e+00 4.733987391986865245e-01 2.933994238626627671e-01 6.447513605501564715e-01 6.382329955450971593e-01 4.733971844443118915e-01 3.519474911214341417e-01
3.500000000000000000e+00 4.546372432702452393e-01 2.670253765523505907e-01 6.107325219621526635e-01 5.670117840239641271e-01 4.936923832230751819e-01 3.275578251896729132e-01
4.000000000000000000e+00 3.643496053777500743e-01 2.094727569916202126e-01 6.009501881851906369e-01 5.526836099248632062e-01 4.282832008374535260e-01 2.716277166217386241e-01
4.500000000000000000e+00 2.950232681886831854e-01 2.135043753825886792e-01 5.499044034761461086e-01 4.598776663432613820e-01 2.738954369094319108e-01 2.820616296833062808e-01
5.000000000000000000e+00 2.615461163777040854e-01 1.539069776340787898e-01 4.733488395740184096e-01 4.239795435277071700e-01 2.041260931743457130e-01 2.289912962261398954e-01
5.500000000000000000e+00 2.075220463085579725e-01 1.434314872410505648e-01 3.638031343147120067e-01 3.340317741426134246e-01 1.393466197499138026e-01 2.011858876370594684e-01
6.000000000000000000e+00 1.632019961670877484e-01 1.878661286234579730e-01 2.544906587210890025e-01 2.950272349043401854e-01 1.985089278449199135e-01 2.113708491432449987e-01
6.500000000000000000e+00 1.316260186347020245e-01 2.176990078195020217e-01 1.741208251795426099e-01 2.684857173752608350e-01 2.783690346375456981e-01 2.034121194836462365e-01
7.000000000000000000e+00 4.291157032718667663e-02 1.520744770985096861e-01 8.217386219723675500e-02 1.894649642559048663e-01 3.544213135790816871e-01 1.174704803583133395e-01
7.500000000000000000e+00 -6.519856808193508213e-02 -1.050877157407843765e-02 -6.847377451599148679e-03 2.035809010942193353e-01 4.410129557795745558e-01 -5.971137341120835024e-02
8.000000000000000000e+00 -1.765553365169411082e-01 -2.435699743247022320e-01 -9.396347979024903541e-02 1.773056596453665423e-01 3.802665363335300253e-01 -2.756150373008182664e-01
8.500000000000000000e+00 -3.103613622694227914e-01 -3.758279486807893921e-01 -1.201070724577648074e-01 2.517915470359519681e-01 3.613859510356050020e-01 -3.884004758791645973e-01
9.000000000000000000e+00 -4.363357278798764560e-01 -4.681960305089163943e-01 -2.342336008167003603e-01 2.806971506442671460e-01 2.420430350410285592e-01 -4.708269375741749307e-01
9.500000000000000000e+00 -4.909303718083014023e-01 -4.157944269871770571e-01 -3.555663258854590558e-01 2.482267174195372517e-01 2.727206441951879889e-01 -4.334254343163569390e-01
1.000000000000000000e+01 -5.554584804932696240e-01 -4.289620259158535287e-01 -5.153212162477474045e-01 4.189158242814014499e-02 2.337403101506593250e-01 -4.758158409317352344e-01
