# # time shift (tau) HDelta HGamma HeII4685 HBeta HeI5875 HAlpha HeI5015 OI8446 HeI4471 HeI7065 OIII5007
-5.000000000000000000e+00 2.667173991701508179e-02 1.084844974787906174e-01 2.834299056147847606e-01 1.216260724600492782e-01 -1.398263867807069682e-01 -1.220718594755051678e-01 -3.647831489774063241e-01 3.763052282940505811e-02 -3.616768690797292352e-01 1.151982562901034679e-01 -4.486519294176756212e-01
-4.500000000000000000e+00 -5.835600951972379213e-03 1.283138598246184314e-01 2.246605296556370424e-01 2.431112847518314690e-01 -1.176901600798252734e-01 -6.707344151734077886e-02 -2.496774323729228362e-01 7.714051933411669726e-02 -2.973582395057091654e-01 2.238306273331864549e-01 -3.360864394921302400e-01
-4.000000000000000000e+00 -3.537585773827794239e-02 5.531777720976151225e-02 2.181618219291849292e-01 2.029313078220810751e-01 -1.623998894754813960e-01 -1.492559982337222646e-01 -2.746621378851564765e-01 -3.433191728339261839e-02 -2.380482566430574543e-01 1.881694825423829709e-01 -3.563957105844914874e-01
-3.500000000000000000e+00 -1.559716935687439909e-01 -1.158326957704143845e-01 1.083812340054477186e-01 1.009948460474338616e-01 -2.517871436109835326e-01 -2.032352054860500634e-01 -3.329842750314940814e-01 -1.467039170052640840e-01 -1.617454007913338432e-01 1.503199670162668478e-01 -3.899199346329561555e-01
-3.000000000000000000e+00 -6.491529247336373654e-02 -5.022466013389437212e-02 1.995752856047926793e-01 1.200371783690693805e-01 -1.366237044048410620e-01 -1.872299341485034185e-01 -5.111531018983245245e-01 -2.079850147062488053e-01 -9.894340164539672244e-02 1.402026476082501305e-01 -5.503862933203956809e-01
-2.500000000000000000e+00 -1.018027903725367833e-01 -9.144998272435857223e-02 1.585785558500133474e-01 4.969340866261826029e-02 -9.437036026351594553e-02 -1.648013452916407273e-01 -6.030304915421754730e-01 -2.045748246548950156e-01 -1.603303830922249429e-01 4.844791273865080294e-02 -6.180559055705794336e-01
-2.000000000000000000e+00 7.146236777741470092e-02 8.055530795222509699e-02 2.530864006339135774e-01 2.136885335152937104e-01 1.984546301005487845e-01 4.958279057273182189e-03 -5.256660255925499348e-01 -1.359423898020828969e-01 -2.163008982743149788e-01 3.236187769627540955e-02 -6.096269740353670308e-01
-1.500000000000000000e+00 1.251125133127245492e-01 1.208826133704864747e-01 3.279794120492581788e-01 2.210712756905924836e-01 2.738821648311655088e-01 1.536664255238186227e-02 -5.449766589103866021e-01 -5.473264087970897834e-02 -2.282194710527479797e-01 -1.213706576950594612e-01 -6.382300199472676905e-01
-1.000000000000000000e+00 3.379320759475351599e-01 2.749460135853131204e-01 4.968319759063899443e-01 3.709882382927854327e-01 3.785822876702702455e-01 1.791595266333086134e-01 -3.807099782611352845e-01 -2.065826108588228460e-03 -8.204827381992975399e-02 -6.499467544285558729e-02 -5.762136496860617019e-01
-5.000000000000000000e-01 4.606728276380650522e-01 3.594292553282311120e-01 6.513789717556363046e-01 4.054084523353968517e-01 3.761896865815077540e-01 2.039877581763832604e-01 -2.842599923865087308e-01 -8.227675590922514659e-02 1.950193591574116148e-02 -8.030160334119523791e-02 -5.181911085688155616e-01
0.000000000000000000e+00 6.386256990125162014e-01 5.219249832404135869e-01 7.717466820904199665e-01 5.242184622893408807e-01 4.609935359626170515e-01 3.748937695644143364e-01 -1.781788886324510990e-01 2.709636260976452937e-02 2.018900458771343831e-01 8.501010625629053241e-02 -4.637772113978221311e-01
5.000000000000000000e-01 7.423842648174177050e-01 6.328944060759505996e-01 8.469765798780730659e-01 5.901667252750019133e-01 5.126560979790437678e-01 4.378696095488436302e-01 -1.206801726908984518e-01 9.152104852771356103e-02 3.395914056457291497e-01 2.382390190695822807e-01 -4.183685730742982001e-01
1.000000000000000000e+00 8.539259303181967464e-01 7.479791371108024389e-01 8.479901745503524157e-01 7.018781407074579093e-01 6.435434129925801106e-01 5.582226628172324290e-01 -1.224741089113038500e-02 2.335114175253112934e-01 4.700336449129126626e-01 3.210455727401102521e-01 -2.976365408219513453e-01
1.500000000000000000e+00 8.931509135081252548e-01 8.103633729304738909e-01 7.719626632082259299e-01 7.902213145212931833e-01 7.420891233854300939e-01 6.604704611343404919e-01 1.032793477530615928e-01 3.360589391076052035e-01 5.670802495186038072e-01 4.504434587761712017e-01 -1.854819714879623604e-01
2.000000000000000000e+00 8.834071127517287847e-01 8.766298002375468856e-01 6.822683309116739370e-01 8.663734426602174299e-01 7.973595548598555460e-01 7.185776161446681964e-01 2.691420162053758114e-01 4.310291907486030194e-01 6.395229384304638165e-01 4.929049964550285545e-01 -3.969090468441841685e-02
2.500000000000000000e+00 8.219367053376825938e-01 8.728919070464732366e-01 5.201681755997844547e-01 8.871508139645877256e-01 8.130361502123339967e-01 7.639383540001583039e-01 3.291625350752355739e-01 5.136237820547575605e-01 5.721596954142703639e-01 5.970593723208441617e-01 -1.450420231591648818e-02
3.000000000000000000e+00 7.532536662985073184e-01 8.404604715610389798e-01 4.075543033440727214e-01 8.683557725221913159e-01 8.397521340675274670e-01 7.525097208697320017e-01 3.663055217908064431e-01 5.719647616240083332e-01 5.612229975729872145e-01 6.153682308453688465e-01 1.724839097654824391e-02
3.500000000000000000e+00 6.537307338565155890e-01 7.405399453826837508e-01 3.084941730106477986e-01 7.988982817681959947e-01 7.655745395645666695e-01 7.381585491587417946e-01 3.538398327165797053e-01 5.828258978265338230e-01 4.562647878457645745e-01 5.138767932873090638e-01 6.803540346188449717e-03
4.000000000000000000e+00 6.327953188704038556e-01 6.222606116747797511e-01 2.561017530710374968e-01 7.285601496575808689e-01 7.358485741566830329e-01 7.291594048695353436e-01 4.063062440036412371e-01 5.038473976318137426e-01 4.281164367699801798e-01 4.016063353830153781e-01 9.401342922340236163e-02
4.500000000000000000e+00 5.846272494821127541e-01 5.208664196418366643e-01 2.348783563131642271e-01 6.410179965752008657e-01 6.833113659988144795e-01 6.992442146102301193e-01 4.206549368410776868e-01 4.128722304497002837e-01 2.676973186607526367e-01 2.849006840604922375e-01 1.418862697398338424e-01
5.000000000000000000e+00 5.920905743794271370e-01 4.929946444074982947e-01 2.334783030246883329e-01 6.221122665175893296e-01 5.910944797715574905e-01 7.077462507438375683e-01 4.804713145181360723e-01 4.301829958190397374e-01 2.677667874694075190e-01 3.237726114262886035e-01 2.487549296584229963e-01
5.500000000000000000e+00 5.265456160778011485e-01 4.480496637483437627e-01 2.665046354446065080e-01 5.389812089362910896e-01 4.266892503511037216e-01 6.084054056414123224e-01 4.203184380429911826e-01 4.233504178390044004e-01 2.198964474887179499e-01 2.473506022270418048e-01 2.369163584137368994e-01
6.000000000000000000e+00 4.965483349317864059e-01 4.810813453106658200e-01 2.801922661618411192e-01 5.283604391873596429e-01 3.674514257528991301e-01 6.087908117323079793e-01 5.480321617003802714e-01 5.288648488191213248e-01 2.753676944766572654e-01 1.032751246219940910e-01 3.760291384046489105e-01
6.500000000000000000e+00 4.936690124278899638e-01 5.040019868822147586e-01 2.962676098222843946e-01 4.921067995377910176e-01 3.287384235586503500e-01 5.378874648201038555e-01 5.443334474127961009e-01 5.823051550919176034e-01 3.384784569082779360e-01 1.500866081175453864e-02 4.550563586173312913e-01
7.000000000000000000e+00 4.055212700108213886e-01 4.547070494704171240e-01 2.431329930206990730e-01 3.513059432977013730e-01 2.178536769815511420e-01 3.571552833396217097e-01 4.730562950449723747e-01 5.328548003885974493e-01 3.738504629812334779e-01 -1.099691634385045608e-01 4.292101620548521845e-01
7.500000000000000000e+00 3.003319106204188627e-01 3.495704000323767158e-01 1.053691523635430782e-01 2.575826268901305061e-01 1.330069523162640543e-01 1.813021217169669408e-01 4.403040250525637744e-01 4.653777253529006175e-01 4.978045911557620884e-01 -2.045235658177372851e-01 4.401364381926516911e-01
8.000000000000000000e+00 1.646266838331326976e-01 1.797885838023271232e-01 1.759931797959863459e-02 1.009880568687334668e-01 -5.779390481107508915e-02 -9.508163617596142314e-02 2.206534780307120303e-01 2.963469010457125963e-01 5.897617810785151793e-01 -2.540641028995120898e-01 3.054488095856239815e-01
8.500000000000000000e+00 1.196706044832207549e-01 7.160699418831029117e-02 -5.875406399419304260e-02 9.170266981467650735e-02 -1.256075582312498884e-01 -1.591414596084942124e-01 1.846816623261301471e-01 2.184035110575368588e-01 6.987916105373414011e-01 -2.125281131356718534e-01 3.659380770902517233e-01
9.000000000000000000e+00 -6.651027714361155974e-02 -1.317279446730738046e-01 -2.546780313509239280e-01 3.141491937208459179e-02 -2.093783816948239229e-01 -2.716990396440525646e-01 6.691290672584032651e-02 3.085601110035872396e-02 5.837059141431669707e-01 -2.545294542760187517e-01 3.004415004798652866e-01
9.500000000000000000e+00 -1.403219687304858576e-01 -1.904547345727419516e-01 -4.763608922173414584e-01 4.645918417071395051e-02 -1.461815674408020460e-01 -1.489139219960060878e-01 1.606012852533225677e-01 6.572389711741000173e-02 3.810967955574877664e-01 -3.100998725641805343e-01 3.133029489340145579e-01
1.000000000000000000e+01 -3.750287131058770429e-01 -3.953014603484504841e-01 -6.749414511123770222e-01 -1.315831982366495456e-01 -2.460271303734576642e-01 -1.991480900804354359e-01 6.830160781214278387e-02 -2.836535800369461083e-03 1.342502847150379153e-01 -2.998077590135305170e-01 2.167341327203368140e-01
