# time shift (tau) 	 correlation coefficient 	 number of simulations: 10000	 FR: True	 RSS: True
-5.000000000000000000e+00 0.000000000000000000e+00
-4.500000000000000000e+00 0.000000000000000000e+00
-4.000000000000000000e+00 0.000000000000000000e+00
-3.500000000000000000e+00 0.000000000000000000e+00
-3.000000000000000000e+00 0.000000000000000000e+00
-2.500000000000000000e+00 0.000000000000000000e+00
-2.000000000000000000e+00 1.000000000000000000e+00
-1.500000000000000000e+00 1.600000000000000000e+01
-1.000000000000000000e+00 1.800000000000000000e+01
-5.000000000000000000e-01 5.000000000000000000e+00
0.000000000000000000e+00 1.000000000000000000e+00
5.000000000000000000e-01 0.000000000000000000e+00
1.000000000000000000e+00 6.700000000000000000e+01
1.500000000000000000e+00 1.660000000000000000e+02
2.000000000000000000e+00 3.350000000000000000e+02
2.500000000000000000e+00 7.060000000000000000e+02
3.000000000000000000e+00 3.355000000000000000e+03
3.500000000000000000e+00 6.580000000000000000e+02
4.000000000000000000e+00 1.819000000000000000e+03
4.500000000000000000e+00 2.328000000000000000e+03
5.000000000000000000e+00 1.770000000000000000e+02
5.500000000000000000e+00 1.600000000000000000e+01
6.000000000000000000e+00 4.000000000000000000e+00
6.500000000000000000e+00 3.000000000000000000e+01
7.000000000000000000e+00 2.140000000000000000e+02
7.500000000000000000e+00 6.600000000000000000e+01
8.000000000000000000e+00 3.000000000000000000e+00
8.500000000000000000e+00 0.000000000000000000e+00
9.000000000000000000e+00 0.000000000000000000e+00
9.500000000000000000e+00 1.000000000000000000e+01
1.000000000000000000e+01 5.000000000000000000e+00
