# time shift (tau) 	 correlation coefficient 	 number of simulations: 10000	 FR: True	 RSS: True
-5.000000000000000000e+00 5.600000000000000000e+01
-4.500000000000000000e+00 1.150000000000000000e+02
-4.000000000000000000e+00 2.400000000000000000e+01
-3.500000000000000000e+00 8.000000000000000000e+00
-3.000000000000000000e+00 1.000000000000000000e+00
-2.500000000000000000e+00 1.000000000000000000e+00
-2.000000000000000000e+00 1.000000000000000000e+00
-1.500000000000000000e+00 0.000000000000000000e+00
-1.000000000000000000e+00 0.000000000000000000e+00
-5.000000000000000000e-01 0.000000000000000000e+00
0.000000000000000000e+00 1.000000000000000000e+00
5.000000000000000000e-01 2.000000000000000000e+00
1.000000000000000000e+00 2.000000000000000000e+00
1.500000000000000000e+00 4.000000000000000000e+00
2.000000000000000000e+00 8.000000000000000000e+00
2.500000000000000000e+00 6.000000000000000000e+02
3.000000000000000000e+00 1.163000000000000000e+03
3.500000000000000000e+00 1.153000000000000000e+03
4.000000000000000000e+00 5.060000000000000000e+02
4.500000000000000000e+00 6.500000000000000000e+01
5.000000000000000000e+00 3.470000000000000000e+02
5.500000000000000000e+00 6.240000000000000000e+02
6.000000000000000000e+00 8.050000000000000000e+02
6.500000000000000000e+00 1.761000000000000000e+03
7.000000000000000000e+00 7.240000000000000000e+02
7.500000000000000000e+00 1.218000000000000000e+03
8.000000000000000000e+00 1.710000000000000000e+02
8.500000000000000000e+00 7.600000000000000000e+01
9.000000000000000000e+00 2.500000000000000000e+01
9.500000000000000000e+00 1.430000000000000000e+02
1.000000000000000000e+01 3.960000000000000000e+02
