# time shift (tau) 	 correlation coefficient 	 number of simulations: 10000	 FR: True	 RSS: True
-5.000000000000000000e+00 0.000000000000000000e+00
-4.500000000000000000e+00 0.000000000000000000e+00
-4.000000000000000000e+00 0.000000000000000000e+00
-3.500000000000000000e+00 0.000000000000000000e+00
-3.000000000000000000e+00 0.000000000000000000e+00
-2.500000000000000000e+00 0.000000000000000000e+00
-2.000000000000000000e+00 0.000000000000000000e+00
-1.500000000000000000e+00 0.000000000000000000e+00
-1.000000000000000000e+00 1.000000000000000000e+00
-5.000000000000000000e-01 0.000000000000000000e+00
0.000000000000000000e+00 0.000000000000000000e+00
5.000000000000000000e-01 5.000000000000000000e+00
1.000000000000000000e+00 2.400000000000000000e+01
1.500000000000000000e+00 4.600000000000000000e+01
2.000000000000000000e+00 1.150000000000000000e+02
2.500000000000000000e+00 3.020000000000000000e+03
3.000000000000000000e+00 2.040000000000000000e+03
3.500000000000000000e+00 5.470000000000000000e+02
4.000000000000000000e+00 8.240000000000000000e+02
4.500000000000000000e+00 6.990000000000000000e+02
5.000000000000000000e+00 1.899000000000000000e+03
5.500000000000000000e+00 2.910000000000000000e+02
6.000000000000000000e+00 2.980000000000000000e+02
6.500000000000000000e+00 1.380000000000000000e+02
7.000000000000000000e+00 6.000000000000000000e+00
7.500000000000000000e+00 2.000000000000000000e+01
8.000000000000000000e+00 1.000000000000000000e+00
8.500000000000000000e+00 1.000000000000000000e+00
9.000000000000000000e+00 1.000000000000000000e+00
9.500000000000000000e+00 1.000000000000000000e+01
1.000000000000000000e+01 1.400000000000000000e+01
