# time shift (tau) 	 correlation coefficient 	 number of simulations: 40000	 FR: True	 RSS: True
-1.000000000000000000e+01 4.400000000000000000e+01
-9.000000000000000000e+00 1.300000000000000000e+01
-8.000000000000000000e+00 4.300000000000000000e+01
-7.000000000000000000e+00 1.000000000000000000e+01
-6.000000000000000000e+00 1.700000000000000000e+01
-5.000000000000000000e+00 5.000000000000000000e+01
-4.000000000000000000e+00 8.300000000000000000e+01
-3.000000000000000000e+00 1.430000000000000000e+02
-2.000000000000000000e+00 2.070000000000000000e+02
-1.000000000000000000e+00 3.040000000000000000e+02
0.000000000000000000e+00 2.760000000000000000e+03
1.000000000000000000e+00 9.042000000000000000e+03
2.000000000000000000e+00 4.895000000000000000e+03
3.000000000000000000e+00 8.600000000000000000e+02
4.000000000000000000e+00 2.961000000000000000e+03
5.000000000000000000e+00 2.850000000000000000e+03
6.000000000000000000e+00 2.994000000000000000e+03
7.000000000000000000e+00 1.817000000000000000e+03
8.000000000000000000e+00 2.625000000000000000e+03
9.000000000000000000e+00 1.268000000000000000e+03
1.000000000000000000e+01 9.560000000000000000e+02
1.100000000000000000e+01 5.460000000000000000e+02
1.200000000000000000e+01 1.850000000000000000e+02
1.300000000000000000e+01 4.150000000000000000e+02
1.400000000000000000e+01 1.574000000000000000e+03
1.500000000000000000e+01 3.338000000000000000e+03
