# # time shift (tau) UVW2 Cont1150_not_optical_calibrated LyAlpha_not_optical_calibrated HBeta_not_optical_calibrated OI8446_not_optical_calibrated Cont1450_not_optical_calibrated
-1.000000000000000000e+01 -1.315831982366495456e-01 1.420159892210542119e-01 -2.891902907312451365e-01 3.115669613092543755e-01 3.453094909535032730e-01 1.284277894114568830e-01
-9.000000000000000000e+00 3.141491937208459873e-02 2.478903774193843834e-01 -1.651361544157063377e-01 3.732847463209499894e-01 4.244240175233989221e-01 2.617443434941004177e-01
-8.000000000000000000e+00 1.009880568687335223e-01 4.371047727170682684e-01 -4.486700008977664161e-02 2.300794344864146579e-01 3.687641278832028413e-01 4.684436536008258489e-01
-7.000000000000000000e+00 3.513059432977013175e-01 4.062819522352780210e-01 8.158984684712232427e-02 9.589578235243945148e-02 -3.518867693532431312e-02 4.662427000818231138e-01
-6.000000000000000000e+00 5.283604391873597539e-01 4.310564756502922035e-01 2.581664694057711484e-01 2.179594027532890110e-01 -6.603748812050286299e-02 4.857245459045185232e-01
-5.000000000000000000e+00 6.221122665175893296e-01 5.670717641638199913e-01 3.655100491883368496e-01 2.211476151588643024e-01 -1.649015914508687453e-01 6.017593777768821539e-01
-4.000000000000000000e+00 7.285601496575808689e-01 6.055946651397354774e-01 3.984480602801959703e-01 1.163031828065988760e-01 -2.339428526354803417e-01 6.506630181929392576e-01
-3.000000000000000000e+00 8.683557725221913159e-01 7.456052057651200160e-01 6.632705081468022179e-01 4.622195176705170550e-01 6.714684117236940919e-02 7.997782492912306473e-01
-2.000000000000000000e+00 8.663734426602174299e-01 6.648516814952548648e-01 8.391539288792947415e-01 7.201724854559676814e-01 2.462475504075916644e-01 7.310749668917458921e-01
-1.000000000000000000e+00 7.018781407074577983e-01 4.749327670188185357e-01 8.090965604732043293e-01 6.999571693412161011e-01 3.166249935922756387e-01 5.692542791629742194e-01
0.000000000000000000e+00 5.242184622893408807e-01 3.781616381921255599e-01 6.582500189434992155e-01 8.235187892329787207e-01 5.957926505938968553e-01 4.503629302657367051e-01
1.000000000000000000e+00 3.709882382927853772e-01 2.107764922731225898e-01 4.344069870187273752e-01 5.702631443870178618e-01 5.182063768153269967e-01 2.552693560946625584e-01
2.000000000000000000e+00 2.136885335152936549e-01 6.389207235322046097e-02 2.540896189819696893e-01 3.011332370296888605e-01 4.608520090559496407e-01 1.372355454918781081e-01
3.000000000000000000e+00 1.200371783690693944e-01 1.736649589801319560e-01 5.786832481241342696e-02 3.065261499380956822e-01 2.431207049101408169e-01 2.110131480798755066e-01
4.000000000000000000e+00 2.029313078220810751e-01 3.862841669177579096e-01 -7.964554139789731257e-02 2.193033379419637441e-01 6.143607262310626926e-02 3.227701041620385514e-01
5.000000000000000000e+00 1.216260724600493337e-01 3.048403167314577278e-01 5.013875343071506202e-02 1.766443269547415817e-01 5.143317749628800728e-01 2.813889767076094284e-01
6.000000000000000000e+00 -4.309792689163621793e-02 1.797714246259086712e-01 -4.027152105304025037e-02 1.672394786246045595e-01 1.948885280573756373e-01 1.515497371593983733e-01
7.000000000000000000e+00 6.204028950590509406e-03 -6.656377298863369596e-03 -6.172314094394576456e-02 1.199287739481418313e-01 -1.507979659373149817e-01 -2.739390648255052643e-02
8.000000000000000000e+00 -2.108705752484113169e-02 5.506058838497508712e-03 1.994392094745838645e-02 5.291482968834138045e-03 1.442605818080374136e-01 1.286101297397001034e-02
9.000000000000000000e+00 9.691819875983934129e-02 1.905957914043897028e-01 1.020448153269282177e-02 -1.898249957454814230e-01 -2.059565418106911183e-01 2.256318078208993383e-01
1.000000000000000000e+01 2.807012182648918608e-01 2.213882928347849499e-01 2.641336733138428539e-01 -1.384859421464135765e-01 -2.307403880429344523e-01 3.020255027732487996e-01
1.100000000000000000e+01 3.642777733365516468e-01 3.344154411347382005e-01 3.648811340452167151e-01 -1.195975494817270168e-01 -2.732572267746228301e-01 3.822365168646110756e-01
1.200000000000000000e+01 3.070527476645128484e-01 3.036138422628416600e-01 2.239499326478583130e-01 2.956710965884293274e-02 -3.466509856281366764e-01 2.523486732116130837e-01
1.300000000000000000e+01 4.952388589249011597e-01 3.107943618231150396e-01 3.933498044872343335e-01 4.719894715639850746e-01 7.994520075957477212e-02 2.073690037925663976e-01
1.400000000000000000e+01 4.697039428050814314e-01 5.037000972224304762e-01 4.545408777981686521e-01 6.645747944499027504e-01 3.772614304254537365e-01 4.385407770227172097e-01
1.500000000000000000e+01 3.772825708564060965e-01 4.622810384546349738e-01 3.530813442104295818e-01 4.774334942864688625e-01 3.085159611322915163e-01 4.794449010506355857e-01
