# # time shift (tau) HDelta HGamma HeII4685 HBeta HeI5875 HAlpha HeI5015 OI8446 HeI4471 HeI7065 OIII5007 LyALpha
-1.000000000000000000e+01 -2.127674954670814023e-01 -2.481868257376432241e-01 -4.856969000738508430e-02 -1.041518653181998794e-01 -5.053411854842331241e-01 -5.540814411716696863e-01 -2.976786658525641394e-01 -2.111955804975068351e-01 -4.892062918368884211e-02 -2.365750510337744361e-01 -3.086826706283712918e-01 -5.162353157612280530e-01
-9.000000000000000000e+00 -1.855973720202293564e-01 -2.621896451180342202e-01 3.540265921647831743e-02 -6.308020939620850864e-02 -5.375437613335367626e-01 -4.046792765936430003e-01 -3.018066642306292957e-01 -1.640328322471085731e-01 -3.743485846830561098e-02 -1.512374769938893970e-01 -3.284227392347415231e-01 -3.933059395809589409e-01
-8.000000000000000000e+00 -2.395393288774561036e-01 -2.269209452071393462e-01 8.656935000804995284e-02 -1.654058949294258396e-01 -4.545717165001658122e-01 -2.372468652998164229e-01 -4.782778698852240273e-01 -9.892983558811986600e-02 -2.692408459733779957e-01 -1.357087429355436359e-01 -5.280098813086596676e-01 -2.175322655661404703e-01
-7.000000000000000000e+00 -2.067020726959514221e-01 -1.377815328238525816e-01 1.067050071390337473e-01 -2.011572003374719197e-01 -4.199118963778010194e-01 -2.996921940399993600e-01 -4.354406878330061015e-01 -2.926973880613789603e-01 -4.390629976851987415e-01 1.402886710117251176e-02 -5.531049135726245902e-01 -4.294752251851643998e-02
-6.000000000000000000e+00 -1.619012449359017447e-01 -6.501186265645340912e-02 2.645031767202598583e-01 -3.436286986600327331e-02 -2.169088232683671347e-01 -2.627368466797632696e-01 -3.443484942061995069e-01 -3.089276207599411794e-01 -3.313003820110992925e-01 3.701808535760063579e-02 -4.641137899314833337e-01 1.623925651126426339e-01
-5.000000000000000000e+00 1.866657679385861496e-02 -4.154580128609366291e-02 3.464691884152070189e-01 1.840253616622165161e-02 2.756067962446588984e-02 -1.308491446761641808e-01 -5.618013276681422807e-01 -3.269166999630180870e-01 -3.088650593318465476e-01 4.240566117495101622e-02 -5.822192208588764517e-01 2.982839028742602649e-01
-4.000000000000000000e+00 2.158841188576903769e-01 1.083491199666206800e-01 3.671414530214335836e-01 9.596644329073425461e-02 2.393146185205652088e-01 -4.699068726686019687e-02 -5.623408070541500159e-01 -2.223246823076360512e-01 -3.136585808594740676e-01 2.043184958589516070e-02 -6.040204208312671685e-01 4.031097459904257052e-01
-3.000000000000000000e+00 5.058472017533105491e-01 5.209295401425495520e-01 6.903967945136544326e-01 5.015260849769148654e-01 5.502617773827366277e-01 2.876303542344038622e-01 -1.681526503151034857e-01 4.977429808207756157e-02 -7.306746226419852386e-02 7.840540089052251693e-02 -2.872128104825948935e-01 6.938903662083073520e-01
-2.000000000000000000e+00 7.808469667162465377e-01 6.542588211321472835e-01 7.817868349302752318e-01 5.720289291498796835e-01 6.326411651271390824e-01 3.340286168902082964e-01 -1.396220085235533315e-01 -9.235733629751344265e-03 3.604975467206218004e-02 2.488017851451423956e-01 -3.550469494102014290e-01 7.870221156803349771e-01
-1.000000000000000000e+00 8.895497772142757498e-01 8.277856606117819371e-01 7.256440833198425366e-01 7.693469061298594536e-01 7.645581764865230223e-01 6.145015349088698287e-01 4.580941690316045478e-02 3.299706259399611818e-01 2.706253824291307009e-01 5.036463081370307071e-01 -2.487550508106025071e-01 8.496079147981705493e-01
0.000000000000000000e+00 8.314338478824226941e-01 8.947535348436089775e-01 5.766132009077750142e-01 1.000000000000000000e+00 7.903041180018294254e-01 8.455446380182006783e-01 5.609260286961992303e-01 6.703531641794602258e-01 5.907625009951320560e-01 5.610041361686884942e-01 2.643061921420484239e-01 7.473294255744428183e-01
1.000000000000000000e+00 6.504988013355439413e-01 6.614503779813736273e-01 2.771884904881465328e-01 7.693469061298594536e-01 5.978845954124094586e-01 7.186904571993690816e-01 3.551857488207594282e-01 6.363371721817507876e-01 4.792440833381242382e-01 4.516038553557819579e-01 4.702552542814852216e-02 5.433361124273925480e-01
2.000000000000000000e+00 4.186998285133215481e-01 5.378072356443525104e-01 2.961887769421672756e-02 5.720289291498796835e-01 4.553508416792284574e-01 6.520883886683004338e-01 2.189975289127468472e-01 6.442328868810023312e-01 3.620112193867077166e-01 3.693078899955903882e-01 -3.839215457462696879e-02 4.076289164881170546e-01
3.000000000000000000e+00 1.970851895678980004e-01 2.718635282291897437e-01 -2.765227713875438587e-02 5.015260849769148654e-01 3.020083309532106686e-01 3.670551672826780076e-01 3.427507778025836727e-01 4.336006103764481479e-01 9.688798826002255338e-02 -7.593818744973991619e-02 1.454678710669567998e-01 1.595323778186285846e-01
4.000000000000000000e+00 5.875918276852007405e-02 -6.435611790440153024e-02 1.362710625540397846e-01 9.596644329073425461e-02 -1.601641829841214115e-01 -2.531897043558453686e-03 -8.691949647343100160e-03 -4.763281580264391857e-02 1.332454799981623028e-01 -4.981332612329534282e-01 -9.938068933761612378e-02 -1.274706475507412784e-01
5.000000000000000000e+00 1.369166279090715532e-01 1.009322745514768388e-01 1.786842351265958695e-01 1.840253616622165161e-02 -2.163289549957791436e-01 2.200330549368945815e-02 -2.394923768428876831e-01 2.400480944496324875e-01 2.051842111808662161e-01 -2.953967110747848235e-01 -1.857003112144544332e-01 -6.123761481257039563e-04
6.000000000000000000e+00 6.720345808293158932e-03 -6.513619123848460313e-02 1.183199629692252008e-01 -3.436286986600327331e-02 -1.900564061070312560e-01 -2.148568186379398726e-01 -8.064020249002752661e-02 -8.144032853296363783e-02 2.651521189592307426e-01 -4.108575731239331175e-01 1.774540854095688763e-02 -1.440526716948317687e-01
7.000000000000000000e+00 -2.334829746486574709e-01 -2.170605524681234466e-01 2.009825803066730976e-02 -2.011572003374719197e-01 -3.507848128456468872e-01 -4.442888836435036626e-01 -2.820946861308763487e-01 -5.172103477381222447e-01 1.303011240978942664e-01 -1.160405253378327395e-01 -2.627397908665506376e-01 -2.392152875378973365e-01
8.000000000000000000e+00 -2.222258140942567906e-01 -1.789944522657385684e-01 -1.896290456443565087e-01 -1.654058949294258396e-01 -5.069176581529695469e-02 -1.710038198143080113e-01 -4.958453813918490827e-01 -1.167087812577434075e-01 -1.924100817772024796e-01 2.158212293718652641e-01 -5.411753986103304825e-01 -5.700236195497889596e-02
9.000000000000000000e+00 -9.472532548562703769e-02 -1.548678594131152331e-01 -1.582555394162012130e-01 -6.308020939620850864e-02 1.407567505365801552e-01 1.611794135135903860e-01 7.521275713128121321e-02 -2.673083597461525796e-02 -4.106733887485033430e-01 3.271901119169293159e-03 -8.187155194938480762e-02 7.548268792768182689e-02
1.000000000000000000e+01 -4.087818861575764906e-02 -2.337719676324418946e-02 2.458141089422302417e-01 -1.041518653181998794e-01 -1.663843457297740080e-01 7.971217461521760972e-02 -2.428987986311262059e-01 -1.447282244850899846e-01 -4.370905851544061305e-01 2.541408633973044617e-01 -4.470983931914128129e-01 2.528252618153118969e-01
1.100000000000000000e+01 9.802653135989297661e-02 1.690731450552550030e-01 3.895747473283562856e-01 -8.775719956749708506e-03 1.716005431599555431e-01 7.851352016345887475e-02 -2.683755028575195434e-01 -7.940474533844125993e-02 -4.287612870512146346e-01 1.558783697614465891e-01 -3.390614832261001910e-01 3.573970489987575716e-01
1.200000000000000000e+01 1.892449021600576820e-01 2.221815011627745751e-01 4.583727030604161645e-01 1.470357179700356454e-01 3.777664679712913198e-01 -1.706951760246074035e-02 9.393482451932994026e-02 -1.058810158365486864e-01 9.976376481394717832e-04 1.486995598487352854e-01 2.543582691190654499e-01 2.257735690766127790e-01
1.300000000000000000e+01 4.552731148467580313e-01 3.506996311486555995e-01 5.516155977728490756e-01 3.795937706221234054e-01 2.873739376358148689e-01 5.333605986198583504e-02 -1.731564923401019973e-01 9.029277018443421232e-02 5.718109583943893348e-01 3.894150807760454747e-01 -1.386572497897139433e-01 3.324631605580945504e-01
1.400000000000000000e+01 5.273934852871835499e-01 4.358237197261709550e-01 2.957826772806836368e-01 5.893015055430488314e-01 5.819843097211645500e-01 4.509602408900645898e-01 2.111308835724149957e-01 3.504777244949235371e-01 6.013239755462517211e-01 3.569253526175307223e-01 3.688947340835783129e-01 4.565659982641253056e-01
1.500000000000000000e+01 4.597884787101137460e-01 4.152779029689847023e-01 1.604585994634599722e-01 5.236489476996480930e-01 6.012404130470638819e-01 5.922996110253160307e-01 6.797011408069207894e-01 3.762663057313193615e-01 4.508921586836136530e-01 4.418117629806384561e-01 6.522753179898275189e-01 4.325237922879579533e-01
1.600000000000000000e+01 5.609405405678662415e-01 6.445240576756920969e-01 3.056968992261051565e-01 4.885697966362206879e-01 2.964339849270714033e-01 6.931568013531230754e-01 5.735778912169939847e-01 5.357277544655164592e-01 3.073492589573499356e-01 6.140876486565952641e-01 1.211407300751803640e-01 5.719503241661114679e-01
1.700000000000000000e+01 4.597387968441328798e-01 6.673320165226264145e-01 -2.212608785251132804e-01 5.345158413335352465e-01 1.638826166620524771e-01 6.297638194183946547e-01 5.473139849629149456e-01 7.178295720831233684e-01 2.137947706079083299e-01 8.156417236845049656e-03 1.647879464157130658e-01 4.083974612168195240e-01
1.800000000000000000e+01 2.242935560178607735e-01 2.542150354419486780e-01 -5.420017926361069271e-01 3.188038513607023838e-01 4.982647322656885702e-02 3.058959393119666803e-01 5.002834843574563983e-01 5.126543757912525034e-01 2.119127702892302789e-01 -6.535017335875267230e-01 5.171936084556233437e-01 -6.475785431989530827e-02
1.900000000000000000e+01 9.400412741450955845e-02 -9.283016512436470524e-02 -3.950686995350070896e-02 9.143214943805344497e-02 -6.510533282815464950e-01 -1.081503605464448625e-01 -6.370003994541476033e-02 2.007858745374331289e-01 6.229286086958063517e-01 -6.342143534408999361e-01 1.077920409532431845e-01 2.054671872234315466e-01
2.000000000000000000e+01 -7.405393076158475196e-01 -8.751797092635472675e-01 8.447474551806814780e-02 -6.374404698575872885e-01 -4.929749030313775870e-01 -7.916007458646199257e-01 -5.313577782158230844e-01 -7.307001132524563181e-01 -1.127173758298755518e-01 -3.397255285063455199e-01 -8.633305849693556633e-02 -2.324007087743747979e-01
