# time shift (tau) 	 correlation coefficient 	 number of simulations: 10000	 FR: True	 RSS: True
-1.000000000000000000e+01 1.900000000000000000e+01
-9.000000000000000000e+00 1.300000000000000000e+01
-8.000000000000000000e+00 1.600000000000000000e+01
-7.000000000000000000e+00 3.200000000000000000e+01
-6.000000000000000000e+00 1.900000000000000000e+01
-5.000000000000000000e+00 1.500000000000000000e+01
-4.000000000000000000e+00 3.900000000000000000e+01
-3.000000000000000000e+00 7.800000000000000000e+01
-2.000000000000000000e+00 1.310000000000000000e+02
-1.000000000000000000e+00 8.500000000000000000e+01
0.000000000000000000e+00 8.400000000000000000e+01
1.000000000000000000e+00 2.490000000000000000e+02
2.000000000000000000e+00 3.989000000000000000e+03
3.000000000000000000e+00 4.590000000000000000e+02
4.000000000000000000e+00 3.010000000000000000e+02
5.000000000000000000e+00 5.220000000000000000e+02
6.000000000000000000e+00 7.330000000000000000e+02
7.000000000000000000e+00 4.620000000000000000e+02
8.000000000000000000e+00 6.640000000000000000e+02
9.000000000000000000e+00 4.930000000000000000e+02
1.000000000000000000e+01 2.030000000000000000e+02
1.100000000000000000e+01 2.210000000000000000e+02
1.200000000000000000e+01 1.390000000000000000e+02
1.300000000000000000e+01 9.200000000000000000e+01
1.400000000000000000e+01 3.130000000000000000e+02
1.500000000000000000e+01 6.290000000000000000e+02
