# # time shift (tau) UVW2 Cont1150_not_optical_calibrated LyAlpha_not_optical_calibrated HBeta_not_optical_calibrated OI8446_not_optical_calibrated Cont1450_not_optical_calibrated
-1.000000000000000000e+01 4.189158242814014499e-02 3.143255078309747930e-01 -2.671456350453688122e-01 2.796633143260390808e-01 3.253898894818326171e-01 3.125363557612012011e-01
-9.000000000000000000e+00 2.806971506442671460e-01 4.202400881503386421e-01 1.249875691960793123e-01 4.102380160189530445e-01 5.598170938360748083e-01 4.730523810082856162e-01
-8.000000000000000000e+00 1.773056596453665423e-01 3.814244182875308198e-01 2.463959309049589264e-01 4.442602421938087742e-01 4.359375808933961260e-01 4.804210387649895941e-01
-7.000000000000000000e+00 1.894649642559048663e-01 2.297787080871879217e-01 2.309424009584439552e-01 3.413676708456573339e-01 1.276040522503315011e-01 3.357912726915787127e-01
-6.000000000000000000e+00 2.950272349043402409e-01 2.882283412333092043e-01 2.817717035669594638e-01 2.889906920565943338e-01 1.569746757133073656e-01 3.706830751249554634e-01
-5.000000000000000000e+00 4.239795435277071700e-01 2.924576913155902957e-01 3.267210756895447821e-01 2.112824561982386828e-01 -2.269444271367013558e-02 3.682335084685914861e-01
-4.000000000000000000e+00 5.526836099248632062e-01 3.032610484935092110e-01 1.804798417761260820e-01 1.792743465791959701e-01 -3.518599899683319543e-01 3.415837414071951628e-01
-3.000000000000000000e+00 6.382329955450971593e-01 6.020842621809121553e-01 3.106892018923961274e-01 2.186982000684157268e-01 -1.583949690187540227e-02 6.217413456557139284e-01
-2.000000000000000000e+00 7.792557777924735696e-01 7.215926168799655649e-01 4.730265029736253624e-01 4.030434244743356098e-01 2.135730666817499401e-01 7.321317096067792018e-01
-1.000000000000000000e+00 8.146493071823983634e-01 6.910579482147825026e-01 7.329973945500445343e-01 6.134062056264015794e-01 3.001044041795346562e-01 7.559329519747025605e-01
0.000000000000000000e+00 6.610711445785064644e-01 5.483692091320929718e-01 7.772302972250572095e-01 1.000000000000000000e+00 6.601505218579861722e-01 6.040870809509720774e-01
1.000000000000000000e+00 4.115801797513854998e-01 3.157851907871789821e-01 6.036612992048140391e-01 6.134062056264016904e-01 4.277200292559190098e-01 3.998224558337660772e-01
2.000000000000000000e+00 2.278959242308584154e-01 1.025081956872015976e-01 2.939614489832823030e-01 4.030434244743356653e-01 5.660654287510744620e-01 1.850484507605005824e-01
3.000000000000000000e+00 2.474267444371004987e-01 1.502953863077301500e-01 2.234331146184850569e-01 2.186982000684156990e-01 1.650154647320244694e-01 2.224699992915694369e-01
4.000000000000000000e+00 2.814759934751572823e-01 2.844050909345561262e-01 1.560032227310779729e-01 1.792743465791959423e-01 -4.700448796775977267e-02 2.990452962906423595e-01
5.000000000000000000e+00 2.870632145668519652e-01 3.923336187269236275e-01 1.879017168394776505e-01 2.112824561982387106e-01 1.160240856731077352e-01 4.019027510080644405e-01
6.000000000000000000e+00 3.749784391773278713e-01 5.175177848028972294e-01 9.584402940608573174e-02 2.889906920565942783e-01 1.373867636690294936e-01 4.461605809162845215e-01
7.000000000000000000e+00 4.035341733104363393e-01 3.259749699207821205e-01 2.848711016187306377e-01 3.413676708456572229e-01 2.218931576713311926e-01 2.904242569489458581e-01
8.000000000000000000e+00 2.144257299161388963e-01 1.871573628338047413e-01 3.137374831682514520e-01 4.442602421938087742e-01 2.699740910117145454e-01 1.966223154207188684e-01
9.000000000000000000e+00 2.154193719946067009e-01 2.482882104749336016e-01 1.810327101647513648e-01 4.102380160189530445e-01 6.604618584172614049e-02 2.564578075485800523e-01
1.000000000000000000e+01 2.435320604602284611e-01 4.142137112107706631e-01 2.753267620778562241e-01 2.796633143260390253e-01 4.308954742888028711e-01 4.259947139501819580e-01
1.100000000000000000e+01 3.023865175864303145e-01 3.986376625709182608e-01 3.066978631756286378e-01 -9.118614832254962055e-02 1.517017456720681778e-01 4.737318404223012092e-01
1.200000000000000000e+01 2.113077456330758330e-01 1.555006145134526230e-01 3.398682510983578320e-01 -1.328976470880214311e-01 -3.850188078864776875e-01 2.742075477645388171e-01
1.300000000000000000e+01 2.774147993169620019e-01 1.405668298847127518e-01 2.596520846886755107e-01 1.306123701962483563e-01 -2.600443482710346199e-01 1.368704344187911814e-01
1.400000000000000000e+01 3.747789510576042815e-01 5.223143384031987413e-01 1.333903918989879367e-01 2.596953411134258483e-01 1.049959459778789655e-02 2.942737318238096700e-01
1.500000000000000000e+01 4.734786715409398106e-01 4.924382240442922720e-01 4.171282677571189756e-01 4.033997036855139218e-01 2.784688438314059100e-01 3.995810185695470862e-01
