# # time shift (tau) Cont4010 Cont4200 Cont4440 Cont4765 Cont5100 Cont5600 Cont6045 Cont6110 Cont6880 Cont7390 Cont8015 Cont8900
-1.000000000000000000e+01 -1.093553657428647796e-01 2.320906792295981264e-02 6.371466965083659451e-02 5.888201449286526584e-02 1.415428870620068502e-01 6.185108369128752837e-02 1.603076691761000094e-01 -1.578441251381703520e-02 -1.220210216378135940e-02 -4.443177139700826839e-02 -7.530300832589781335e-02 -6.878032155613549026e-02
-9.000000000000000000e+00 5.601011843051384442e-02 1.688516873504012361e-01 1.763812268997578259e-01 1.704350583465863989e-01 2.336054294935908382e-01 1.246709313177420952e-01 1.379494132477395996e-01 3.634677790301914929e-02 6.820715464491350355e-02 6.029598261371765106e-02 -1.756322726530486211e-03 5.759498605986484998e-03
-8.000000000000000000e+00 2.940714676055044552e-01 3.551886428344079305e-01 3.785419045357067969e-01 3.459702525365805359e-01 3.942892569568300365e-01 3.099141479207558891e-01 2.708515349973610875e-01 2.267424955313935286e-01 1.960261161872480784e-01 1.567973456140099309e-01 7.828303768930008899e-02 3.469109900316989098e-02
-7.000000000000000000e+00 4.753087095227316317e-01 5.274893740271562326e-01 5.503023879893911285e-01 5.295288837518630221e-01 5.561994942382553209e-01 4.990527566052478381e-01 5.120961262249615897e-01 4.474135414308124670e-01 3.879902499114221692e-01 2.925016431096560954e-01 2.283345405759453217e-01 1.616213624186621234e-01
-6.000000000000000000e+00 5.880358747851670564e-01 6.198827038904826114e-01 6.301493289306082657e-01 6.111673460532321966e-01 6.566146375070519570e-01 6.452861367743512044e-01 6.217272119878987091e-01 5.530960821643221559e-01 5.344931627982655309e-01 4.620403760406681659e-01 4.062329191010682905e-01 3.398561331219169812e-01
-5.000000000000000000e+00 6.376814110203099517e-01 6.314247900420484338e-01 6.332965150238576424e-01 5.967890324903335486e-01 6.493647002694846737e-01 6.518256957408077312e-01 6.323048066192726857e-01 5.570679328254573015e-01 5.571805769685245213e-01 4.725552574615760060e-01 4.648252717654278721e-01 3.928514049778994988e-01
-4.000000000000000000e+00 5.953751127831570233e-01 5.596008516198138771e-01 5.792416181545086973e-01 5.350485076379185578e-01 5.837525493420254730e-01 6.029280239692269561e-01 5.867493682862036097e-01 5.079611317489305389e-01 4.913801178640225809e-01 4.121531194207622706e-01 4.076817408101003903e-01 3.531569510168462434e-01
-3.000000000000000000e+00 6.749546077439081415e-01 6.331387467184508289e-01 6.466825377762416283e-01 6.088621720663733861e-01 6.372717912825629494e-01 6.273681516541922409e-01 6.039054044673086707e-01 5.670953044327018411e-01 5.608241761779335643e-01 5.061256465237007340e-01 4.883119105029624651e-01 4.683177731264440702e-01
-2.000000000000000000e+00 8.053470302132429426e-01 7.804844255074514514e-01 7.844927634826137641e-01 7.537821902503015759e-01 7.733555522611398336e-01 7.433706690452899224e-01 6.790214638765101896e-01 6.990180047991826351e-01 6.822301882920063232e-01 6.256170512571381792e-01 6.170913938849114100e-01 5.701716738387951899e-01
-1.000000000000000000e+00 8.943407625922550341e-01 8.925046321899373636e-01 9.018360875570703428e-01 8.823800049766290510e-01 8.910161349819702981e-01 8.730188317599862913e-01 8.112636001818593900e-01 8.408708218428773140e-01 8.147177533062694987e-01 7.580270179530870234e-01 7.301735405669078638e-01 7.089444631641890204e-01
0.000000000000000000e+00 9.801108749229255901e-01 9.865941538833306046e-01 9.854342687671576728e-01 1.000000000000000000e+00 9.880606917266999689e-01 9.680916426284738030e-01 9.498643022970094663e-01 9.823535941831684770e-01 9.580357458762008838e-01 9.161940056446147285e-01 8.845882422844925097e-01 8.700920882116094379e-01
1.000000000000000000e+00 8.681756604762949081e-01 8.882580443828533845e-01 8.999334443180621035e-01 8.823800049766290510e-01 9.106516334857313044e-01 9.239289366031464557e-01 9.450473451323460061e-01 9.157007331021695951e-01 9.198533593833746469e-01 8.802560990519000539e-01 8.601398204634810307e-01 8.598082019283733723e-01
2.000000000000000000e+00 7.702004482686504172e-01 7.853486270801285363e-01 7.997843993082951464e-01 7.537821902503015759e-01 8.022072281401574356e-01 8.006721230440403403e-01 8.482247165959095891e-01 8.098240809234605875e-01 8.642166271051108239e-01 8.676403363920273115e-01 8.748368154418724174e-01 8.823967383947339815e-01
3.000000000000000000e+00 6.247264455129259986e-01 6.474325084408585340e-01 6.682088824125814730e-01 6.088621720663733861e-01 6.495601752121070716e-01 6.295672992638652321e-01 7.131504324884498924e-01 6.727916383349745733e-01 7.381172394138395543e-01 7.753978868282425108e-01 7.655403647821793500e-01 8.047488966595743864e-01
4.000000000000000000e+00 5.237061006924095263e-01 5.793461743654190199e-01 5.784039589823591898e-01 5.350485076379185578e-01 5.516576069793253101e-01 5.090344170680343172e-01 5.829528074418032224e-01 5.871513454832896217e-01 6.099033260016675229e-01 6.615645811909290908e-01 5.759946136659677141e-01 6.555812599557218068e-01
5.000000000000000000e+00 5.873498549626596787e-01 6.347973246445274276e-01 6.363923211643749411e-01 5.967890324903335486e-01 5.908669148308893782e-01 5.887340751340419676e-01 6.201598280382077943e-01 6.342205188754796996e-01 6.333237680842460637e-01 6.419649862478307156e-01 6.009531890192605363e-01 6.398168658812033449e-01
6.000000000000000000e+00 5.581544806337807030e-01 6.182546578950018912e-01 6.153894492163760610e-01 6.111673460532321966e-01 5.994015042084617217e-01 5.966937707376217537e-01 6.182544209127197599e-01 6.179618594904625617e-01 5.957679670253041015e-01 5.600429219237005318e-01 5.590854562582332488e-01 5.660022417168153464e-01
7.000000000000000000e+00 4.490111445083878605e-01 5.217479753502048956e-01 4.963705609256932605e-01 5.295288837518630221e-01 5.101141049719710718e-01 5.381044031788513315e-01 4.808977191533460038e-01 4.807947091441389098e-01 5.072252581227287838e-01 4.581432733166700411e-01 4.372735257719675417e-01 4.869113201929469725e-01
8.000000000000000000e+00 3.090427074028515575e-01 3.367837076543035435e-01 3.364636749630588453e-01 3.459702525365805359e-01 3.470612663255493446e-01 3.384016364782316266e-01 3.214007525327000625e-01 3.051143821759093600e-01 3.199989892146281600e-01 2.767400814017586530e-01 2.684083307829767673e-01 3.428589130442196709e-01
9.000000000000000000e+00 1.240044450896190531e-01 1.194266487203671095e-01 2.206750352788079128e-01 1.704350583465863989e-01 1.758573857283227404e-01 1.308119449333000062e-01 1.387423600877105700e-01 1.232501212434474885e-01 1.231519919057143253e-01 8.021863709355832317e-02 7.047944284038806795e-02 1.303865063077631059e-01
1.000000000000000000e+01 7.422814046447641367e-02 1.018935708241992394e-01 1.344331782164094879e-01 5.888201449286526584e-02 7.143686301577713282e-02 1.725586467463634255e-02 3.870617878294039388e-02 4.177334210139761056e-02 9.621334067588771521e-02 1.131512293065769226e-01 1.338186531474068186e-01 1.458857450634908348e-01
1.100000000000000000e+01 1.387305803344086041e-01 1.363996400139433907e-01 1.404247698435630853e-01 7.676783909201703726e-02 4.151740571715727829e-02 9.409804087058007416e-02 3.234108670024892634e-02 9.933843986951443328e-02 1.235425524231437699e-01 1.814266993831619990e-01 2.218864769628998979e-01 1.433095317155839710e-01
1.200000000000000000e+01 2.035415762143271690e-01 1.763418491677337108e-01 1.211010685514920804e-01 1.739066152508771945e-01 6.322664311194356457e-02 1.908479746652050058e-01 1.403989470427278730e-01 1.792137769017331794e-01 1.699009485366498873e-01 1.994919731749286163e-01 2.036733786468894469e-01 1.442456309015860971e-01
1.300000000000000000e+01 1.940888210786297363e-01 1.059179230930645255e-01 4.232454291983647754e-02 1.640843616152885265e-01 1.095051491726825865e-01 1.572628998859030847e-01 1.233624381817795823e-01 1.557346761465711604e-01 8.278049719656149774e-02 9.239567869144790779e-02 9.421267036644308257e-02 2.154447959673566962e-02
1.400000000000000000e+01 1.096249462529228641e-01 4.470445433945070823e-04 -2.656651018700474653e-03 6.502699534391717662e-02 1.084245711040660309e-01 2.093831738169323053e-02 9.804303697982076626e-02 5.261095084821752754e-02 -5.909721935865264869e-02 -1.868629299776156660e-01 -1.741324541824703087e-01 -2.324014499785183874e-01
1.500000000000000000e+01 2.424796027568236478e-01 1.602999742150692242e-01 1.989470313912271582e-01 2.202992459127931513e-01 3.640946323277627350e-01 1.769931095011491040e-01 2.640427509331922939e-01 1.887749282733433565e-01 1.111553202679604335e-01 -1.025070204390308298e-02 1.996331560055772045e-02 -4.176085601905013545e-02
