# # time shift (tau) HDelta HGamma HeII4685 HBeta HeI5875 HAlpha HeI5015 OI8446
-1.000000000000000000e+01 -1.903275820022796994e-02 1.671938348792329221e-01 -2.736135882579475778e-02 1.468676584465213875e-01 -2.910241362917996288e-01 -2.006912962015211521e-01 -2.075983934842441370e-01 -1.299670315008517180e-02
-9.000000000000000000e+00 -1.734193418998157266e-01 6.071916690028961866e-02 -1.293669852996066350e-01 3.379038214015468722e-02 -2.469313359583767964e-01 -1.219818546509973262e-01 -3.101933764282790440e-01 1.205611123556448727e-01
-8.000000000000000000e+00 -2.525958699722257728e-01 -2.715225073918630522e-02 6.570420059265183466e-03 -3.162794637141976700e-02 -3.298406269495370857e-01 -2.287667201393546179e-01 -3.074620748900015466e-01 -7.198044727465302550e-02
-7.000000000000000000e+00 -1.932765815575058777e-01 -6.589172353972058693e-02 2.114442145221714087e-01 -1.549293286624390531e-01 -3.991373682878471829e-01 -2.708087817314014933e-01 -4.672475374012219351e-01 -2.199769308872565055e-01
-6.000000000000000000e+00 1.582612363053839677e-02 9.631706538185945410e-02 3.761444212084965044e-01 1.166171613656938333e-02 -1.381565547705288499e-01 -1.251793000070580419e-01 -4.939578534080380501e-01 -7.430436383145452850e-02
-5.000000000000000000e+00 1.597957868766544109e-01 2.153835663671543332e-01 4.412985443859648305e-01 2.522228097583957829e-01 -3.506873323590106728e-03 -1.190008897025949530e-01 -3.990118250293619995e-01 -7.279394615138244651e-02
-4.000000000000000000e+00 1.814352599804076038e-01 2.162112307840991510e-01 4.017713266310298792e-01 3.696173921168328658e-01 -5.276095476963206521e-02 -1.208276163569705353e-01 -4.643908891277829798e-01 -7.553100257085269831e-02
-3.000000000000000000e+00 2.160317180383699576e-01 2.076004586276815611e-01 3.154129284784267240e-01 4.312819417953593915e-01 2.556149406428741555e-01 1.117053217220775330e-01 -4.410669407697245248e-01 1.366084127057223541e-01
-2.000000000000000000e+00 4.089037934034634447e-01 3.166799828078700196e-01 4.485127144666721244e-01 4.779307202847776770e-01 3.973224297102235791e-01 2.350078812182098131e-01 -4.143646949700927617e-01 1.419047139807136926e-01
-1.000000000000000000e+00 5.730366161412582260e-01 4.823572528811210791e-01 6.490539379994816338e-01 5.366498826562242641e-01 4.803649405671297501e-01 3.191940459111486939e-01 -3.612001959590219746e-01 1.846211263521620460e-01
0.000000000000000000e+00 7.390897721770401940e-01 6.615110106752868369e-01 8.327252341407078706e-01 6.368067208219432285e-01 6.330485716658131867e-01 5.088724706982106216e-01 -1.022009358990837308e-01 3.042968324541412972e-01
1.000000000000000000e+00 8.573461861434288345e-01 7.675231067794108242e-01 8.272310694700973910e-01 7.377332087629292490e-01 6.595637189430449965e-01 5.719693252392039629e-01 2.301013298223946162e-03 2.977810043864536071e-01
2.000000000000000000e+00 8.392024405473039739e-01 8.614296946471798888e-01 6.651184354096264517e-01 8.515283204896411107e-01 6.825376452748546097e-01 6.117117907765099449e-01 -2.969619719497709406e-02 4.408381381757430773e-01
3.000000000000000000e+00 6.282768589502796264e-01 7.650323503529569136e-01 2.596441438653724898e-01 8.546910923248980385e-01 7.205031860125084009e-01 6.916812230844632259e-01 7.716131515734809231e-03 5.499796709800243155e-01
4.000000000000000000e+00 4.427377929012094038e-01 4.751674192419423348e-01 9.333434758582891122e-02 6.778887486105593663e-01 6.313896843808042281e-01 5.684137442732200007e-01 3.765434075055414803e-02 5.029858461020972893e-01
5.000000000000000000e+00 4.558008529226396099e-01 4.156289453495709552e-01 2.598604077562248760e-01 6.136990029440657635e-01 5.062343843715638725e-01 5.659708083874032125e-01 8.503424735652000133e-02 4.083599172515092190e-01
6.000000000000000000e+00 4.909985090546897801e-01 3.808183448859337461e-01 4.416228376539583778e-01 4.784224033468392201e-01 3.217745592446878966e-01 4.345423004117628385e-01 -2.922491435283192107e-02 2.285301950049299924e-01
7.000000000000000000e+00 5.357360633347578727e-01 4.696945320454287698e-01 4.868965223664685760e-01 3.836555152041030148e-01 3.000617723063732090e-01 3.125568877546516244e-01 -2.669738744968149294e-03 2.941697607852178376e-01
8.000000000000000000e+00 4.663853387969775222e-01 5.454020365117564495e-01 4.379429915792962258e-01 4.057222195619498706e-01 1.685322832238756174e-01 1.250065303014948892e-01 9.326199632215073643e-02 3.562015009335778304e-01
9.000000000000000000e+00 2.516335638407908304e-01 2.434179256808869929e-01 7.949552686483193908e-02 2.232060317065954758e-01 4.721583045502214526e-02 -9.683455453979805672e-02 -2.039340535834197887e-01 3.543702146861307800e-02
1.000000000000000000e+01 -7.863191104311703650e-03 -3.081631669199117601e-02 -2.008920412424246571e-01 8.382013844381670797e-02 4.958204243262635813e-02 7.090392509513823716e-02 -7.681023835665787280e-02 -4.670590046495642911e-03
1.100000000000000000e+01 -6.055872456865943332e-02 -5.227409656319254028e-02 -2.413575996952856684e-01 6.427837761094827573e-02 4.886830671931560732e-02 3.059175716815338286e-01 4.847392620542553821e-02 1.986467271158971482e-01
1.200000000000000000e+01 -5.116766850557909196e-02 -6.720130531890360082e-02 6.979836532425481854e-03 -1.320358799226327429e-01 -7.590972809231491536e-02 2.585570743825755802e-01 -1.013576735401444384e-01 8.792567816568205852e-02
1.300000000000000000e+01 -9.421558873950210133e-02 -8.209295508051481227e-03 2.313829666808075725e-01 -1.902065109629480499e-01 -6.532270668351713994e-02 3.587176985947870822e-02 -2.811014988180146612e-01 2.721685862566883274e-02
1.400000000000000000e+01 -3.534891068786299995e-02 -7.008746149263313241e-02 3.706542517699811246e-01 -1.254458518148523494e-01 1.048037547466904723e-02 -3.472987741611049950e-01 -3.016575702679615834e-01 -2.617030455713274528e-01
1.500000000000000000e+01 9.520022715754897225e-02 -1.238899676332816391e-02 5.193165199556885048e-01 7.818884783668451910e-02 1.035254993687889924e-01 -3.198662191384570863e-01 -3.501259339535034432e-01 -2.397116878116137828e-01
