# time shift (tau) 	 correlation coefficient 	 number of simulations: 20000	 FR: True	 RSS: True
-1.000000000000000000e+01 2.200000000000000000e+01
-9.500000000000000000e+00 4.300000000000000000e+01
-9.000000000000000000e+00 6.800000000000000000e+01
-8.500000000000000000e+00 5.900000000000000000e+01
-8.000000000000000000e+00 3.300000000000000000e+01
-7.500000000000000000e+00 2.600000000000000000e+01
-7.000000000000000000e+00 2.200000000000000000e+01
-6.500000000000000000e+00 3.000000000000000000e+01
-6.000000000000000000e+00 3.400000000000000000e+01
-5.500000000000000000e+00 5.200000000000000000e+01
-5.000000000000000000e+00 5.200000000000000000e+01
-4.500000000000000000e+00 7.100000000000000000e+01
-4.000000000000000000e+00 1.000000000000000000e+02
-3.500000000000000000e+00 8.000000000000000000e+01
-3.000000000000000000e+00 1.120000000000000000e+02
-2.500000000000000000e+00 1.330000000000000000e+02
-2.000000000000000000e+00 1.290000000000000000e+02
-1.500000000000000000e+00 1.380000000000000000e+02
-1.000000000000000000e+00 1.180000000000000000e+02
-5.000000000000000000e-01 1.180000000000000000e+02
0.000000000000000000e+00 3.263000000000000000e+03
5.000000000000000000e-01 4.457000000000000000e+03
1.000000000000000000e+00 1.818000000000000000e+03
1.500000000000000000e+00 7.060000000000000000e+02
2.000000000000000000e+00 2.730000000000000000e+02
2.500000000000000000e+00 2.580000000000000000e+02
3.000000000000000000e+00 6.590000000000000000e+02
3.500000000000000000e+00 6.960000000000000000e+02
4.000000000000000000e+00 6.020000000000000000e+02
4.500000000000000000e+00 6.560000000000000000e+02
5.000000000000000000e+00 6.470000000000000000e+02
5.500000000000000000e+00 5.580000000000000000e+02
6.000000000000000000e+00 4.120000000000000000e+02
6.500000000000000000e+00 4.300000000000000000e+02
7.000000000000000000e+00 4.450000000000000000e+02
7.500000000000000000e+00 3.780000000000000000e+02
8.000000000000000000e+00 3.250000000000000000e+02
8.500000000000000000e+00 2.410000000000000000e+02
9.000000000000000000e+00 2.100000000000000000e+02
9.500000000000000000e+00 1.450000000000000000e+02
1.000000000000000000e+01 1.650000000000000000e+02
1.050000000000000000e+01 1.090000000000000000e+02
1.100000000000000000e+01 8.800000000000000000e+01
1.150000000000000000e+01 5.300000000000000000e+01
1.200000000000000000e+01 2.600000000000000000e+01
1.250000000000000000e+01 7.000000000000000000e+01
1.300000000000000000e+01 1.820000000000000000e+02
1.350000000000000000e+01 1.250000000000000000e+02
1.400000000000000000e+01 1.700000000000000000e+02
1.450000000000000000e+01 2.060000000000000000e+02
1.500000000000000000e+01 1.870000000000000000e+02
