# # time shift (tau) UVW2 Cont1150_not_optical_calibrated LyAlpha_not_optical_calibrated HBeta_not_optical_calibrated OI8446_not_optical_calibrated Cont1460_not_optical_calibrated
-1.000000000000000000e+01 -1.991480900804353804e-01 3.992047924772979678e-02 -1.012014915873740428e-01 4.900965429226024073e-01 4.485724820101518184e-01 3.989526889342704524e-02
-9.599999999999999645e+00 -2.550595545931951258e-01 2.030665826610450475e-02 -1.717895463363479924e-01 3.927150908642323968e-01 4.211493264839619721e-01 1.073096505890875837e-02
-9.199999999999999289e+00 -1.982884907872576041e-01 -8.144606327147890790e-03 -2.864129533446110321e-01 3.292531056123205735e-01 3.906251575498823625e-01 -1.354049293638420054e-02
-8.799999999999998934e+00 -2.507291723695330710e-01 -3.228252137448331394e-02 -3.684569899812368265e-01 1.889935582066371023e-01 2.890516534327196574e-01 -3.516831321379446096e-02
-8.399999999999998579e+00 -1.109629101037662435e-01 1.278761277551708764e-01 -2.970793482280841280e-01 1.150925066333671892e-01 3.800539931293935858e-01 1.332409526547267964e-01
-7.999999999999998224e+00 -9.508163617596143702e-02 2.486418277505276775e-01 -2.649065581993697016e-01 -1.834449814929568420e-02 2.932180150746893088e-01 2.430217603928015446e-01
-7.599999999999997868e+00 1.563540558062478103e-01 3.676633632288857090e-01 -1.685701002961794148e-01 -1.288712511161352603e-01 6.690768586987060063e-02 3.782807822187006508e-01
-7.199999999999997513e+00 3.183355113765375388e-01 3.881552859199393635e-01 -7.109333004772133702e-02 -1.232686513091043740e-01 -1.372956492248941229e-01 4.167384619820475589e-01
-6.799999999999997158e+00 4.978501523280521868e-01 3.949502263196622565e-01 3.868031947634431589e-02 -5.441035565773331972e-02 -2.210429153994408757e-01 4.265468229359284935e-01
-6.399999999999996803e+00 5.627773845428021282e-01 4.524246594162626423e-01 1.360484988033071885e-01 1.648228265167880208e-02 -2.944022363166011180e-01 4.880425384353128671e-01
-5.999999999999996447e+00 6.087908117323079793e-01 4.667969658688064793e-01 1.944940729117359823e-01 5.418076247882138569e-02 -3.011180100017121775e-01 5.109331125883918023e-01
-5.599999999999996092e+00 6.623608201933228745e-01 5.873293927260807568e-01 2.507223468864462346e-01 1.144650160836078595e-01 -3.317692041911169398e-01 6.008979800424631978e-01
-5.199999999999995737e+00 6.932967296256884460e-01 6.837206739719849935e-01 2.707330661285518025e-01 1.502994020113159190e-01 -3.174990972567910408e-01 6.730317020704877917e-01
-4.799999999999995381e+00 7.387834205319359082e-01 7.000961226599711207e-01 2.735362739734599202e-01 1.510649548433439238e-01 -2.065701694339298067e-01 6.726099054340172190e-01
-4.399999999999995026e+00 7.096586901040665696e-01 7.045671373264295045e-01 3.194778454431124737e-01 1.241029240996771588e-01 -2.143009438661828137e-01 6.818402881606789867e-01
-3.999999999999994671e+00 7.291594048695353436e-01 6.272104564104232782e-01 3.575127290595463414e-01 7.743048449663919586e-02 -1.252169558583676179e-01 6.193793529492011007e-01
-3.599999999999994316e+00 7.332312464549350928e-01 6.488768457193886396e-01 5.410987274538302527e-01 2.758863751434149636e-01 -7.252801426455842554e-03 6.679882628105766607e-01
-3.199999999999993960e+00 7.649056993761975676e-01 6.441102942407341825e-01 6.495771151402085497e-01 3.698408517168164655e-01 7.112909064039442397e-02 6.772363105855021548e-01
-2.799999999999993605e+00 7.696426822528414924e-01 6.357948408765055071e-01 7.125298965360317149e-01 5.029518531797402270e-01 1.282683887811805201e-01 6.786161191650231794e-01
-2.399999999999993250e+00 7.374154091397073785e-01 5.941985982007501610e-01 7.847085130659903207e-01 6.995416665366025466e-01 1.794268081088961075e-01 6.462194170971984342e-01
-1.999999999999992895e+00 7.185776161446681964e-01 4.917863305438558985e-01 7.748449864515649654e-01 7.785974243436015740e-01 1.653223607836883935e-01 5.505188517234886891e-01
-1.599999999999992539e+00 6.844961182975752845e-01 4.691676186612782073e-01 8.100642278705896260e-01 8.069385228420490330e-01 3.064534012050180722e-01 5.311951332812574478e-01
-1.199999999999992184e+00 6.005186726071418679e-01 3.940856207472687167e-01 7.594220189009781574e-01 7.184947904317338097e-01 3.184788998168803786e-01 4.640914101681979931e-01
-7.999999999999918288e-01 5.448886106289405618e-01 3.478675702078795617e-01 7.062415463990299180e-01 6.620472573237723424e-01 3.966165509395478406e-01 4.244998793898666634e-01
-3.999999999999914735e-01 4.205950475019345491e-01 3.111251091959535420e-01 6.431556632948902674e-01 6.238868458573603171e-01 5.201440497628821991e-01 3.929257923020927357e-01
8.881784197001252323e-15 3.748937695644143919e-01 2.626124772529637719e-01 5.310498284817154468e-01 5.203056106686445581e-01 5.255862764135248444e-01 3.381357944146696215e-01
4.000000000000092371e-01 2.548813253570589299e-01 1.811389249907539578e-01 4.893751959603621082e-01 5.017348878660676803e-01 5.467658653354607878e-01 2.613216157876492862e-01
8.000000000000095923e-01 1.795442180990302061e-01 9.276091353926017857e-02 4.292649041195386594e-01 4.617669324046671520e-01 4.565778017582335369e-01 1.702114918968469226e-01
1.200000000000009948e+00 1.492016551353013698e-01 3.813849640994113055e-03 3.302618610708197844e-01 3.311557043856214189e-01 3.746631655576911912e-01 7.308349750886480867e-02
1.600000000000010303e+00 4.053333287622945535e-03 -2.344466378170052823e-02 2.746503507372887176e-01 2.802941815703122730e-01 3.264975939147043982e-01 4.070162877017186043e-02
2.000000000000010658e+00 4.958279057273168311e-03 -9.211932983344657544e-02 1.313129634283705105e-01 1.067115698777168359e-01 1.660005127743058584e-01 -4.819861573448180198e-02
2.400000000000011013e+00 -1.360614204913094816e-01 -6.590318683985219028e-02 6.627433947750821508e-02 2.057172670723144692e-01 2.303718554327074397e-01 -3.823088206750461376e-02
2.800000000000011369e+00 -1.694445266741611000e-01 -3.348451937280014223e-02 -2.317573240683554192e-02 2.528073408406101841e-01 2.730235536767915416e-01 -3.207243686507482011e-02
3.200000000000011724e+00 -2.607488689714164143e-01 -3.615248609327513518e-02 -1.803480146783318083e-01 1.796238995633263336e-01 2.260168322998563906e-01 -7.804186410114564987e-02
3.600000000000012079e+00 -2.000681110862226886e-01 4.630359437478475532e-02 -2.591224766134839763e-01 1.076098745406360857e-01 1.305517091393478268e-01 -3.204755407212121765e-02
4.000000000000012434e+00 -1.492559982337222924e-01 1.092664674751255005e-02 -3.443512905669027790e-01 -2.499730210315882425e-02 2.407357264247439455e-02 -8.295952253987745606e-02
4.400000000000012790e+00 -6.304907133626241889e-02 2.689997256345582483e-02 -2.824044183745513248e-01 1.966341645542533240e-02 2.281373798353130700e-01 -5.114011930504150372e-02
4.800000000000013145e+00 -1.090858747844857951e-01 1.313602849810104403e-02 -1.956509986872687068e-01 4.164102342988190708e-02 3.577711775222799373e-01 -3.934580875265566990e-02
5.200000000000013500e+00 -1.478961863378100983e-01 -4.034180885785233761e-02 -2.141404136421488635e-01 -3.310684001467631941e-03 3.546231667063561854e-01 -7.395224801655186919e-02
5.600000000000013856e+00 -2.148342907338245955e-01 -7.861530412743911178e-02 -1.691560203721039768e-01 6.242440181820872735e-03 2.602475757735476236e-01 -9.586321651378806874e-02
6.000000000000014211e+00 -3.015995924092308433e-01 -1.392527427929752815e-01 -2.155558529964486103e-01 -4.625963459453493604e-02 1.320862763675023366e-01 -1.517662124408513113e-01
6.400000000000012790e+00 -2.909404852014024767e-01 -1.681211998052630496e-01 -3.002638213213795204e-01 -1.240000638872182509e-01 -6.142665308304753879e-02 -1.797103049223832683e-01
6.800000000000014921e+00 -3.177260279518835384e-01 -2.390343486696275832e-01 -3.516003553610099197e-01 -2.142030536625061654e-01 -2.423538491892466840e-01 -2.446285630608159289e-01
7.200000000000017053e+00 -2.311593529904903410e-01 -2.357148746313846022e-01 -3.341939098480812831e-01 -1.827789308916187294e-01 -1.175828633305015108e-01 -2.409878966253804211e-01
7.600000000000015632e+00 -2.712443273236828656e-01 -2.325478224161953711e-01 -2.702911560129649393e-01 -1.226423256258837163e-01 1.519047921315023475e-01 -2.351351244506911797e-01
8.000000000000014211e+00 -3.335505269461462863e-01 -1.876154722369346994e-01 -2.481000414374961438e-01 -1.345882842154401682e-01 2.509947184248815244e-01 -1.852705492445199387e-01
8.400000000000016342e+00 -3.146104367408180114e-01 -1.441779520903378742e-01 -2.404901311921849305e-01 -2.664407765358907665e-01 2.972293685375475975e-02 -1.419260486214332651e-01
8.800000000000018474e+00 -2.543327839725217365e-01 -1.837867447493454071e-02 -2.500825549233048894e-01 -3.804253752910091713e-01 -1.643059129541837859e-01 -4.276942907023340013e-02
9.200000000000017053e+00 -2.659617615109809430e-01 -8.077956107649365836e-02 -2.024421008625295892e-01 -4.303923544586040206e-01 -3.161068839714120671e-01 -5.668489020156067260e-02
9.600000000000015632e+00 -1.441897634456494326e-01 -1.405746467189778748e-01 -1.184595988042899950e-01 -4.133492735754481506e-01 -4.242707687132720729e-01 -6.671593091172579870e-02
1.000000000000001776e+01 -8.419438469747805853e-02 -1.844729839753004030e-01 -1.188186659223362251e-01 -5.568336581074424529e-01 -5.710922562966604943e-01 -1.125799467823159344e-01
1.040000000000001990e+01 5.433158144199463913e-02 -1.434783177064754278e-01 -9.336264019652240620e-02 -5.334538170970926085e-01 -6.332635922424478814e-01 -9.817704383445610694e-02
1.080000000000001847e+01 7.404615662745145377e-02 -1.343561105214625129e-01 -2.781355363426835092e-02 -4.146696296144899985e-01 -5.226181145286152852e-01 -9.357246306371828914e-02
1.120000000000001705e+01 1.441811449781831844e-01 1.036148953853818083e-02 1.769882320658799219e-02 -3.754216234710400224e-01 -6.627213794646260592e-01 1.545444567776536882e-02
1.160000000000001918e+01 2.365909286334220152e-01 9.833488889841621172e-02 -6.920680592474781623e-02 -3.729147704589677592e-01 -6.823683968126016408e-01 4.214328310825669888e-02
1.200000000000002132e+01 2.745528457193541216e-01 1.955608715607674020e-01 1.188007043108482014e-02 -1.461961466659818520e-01 -5.461064911368325170e-01 1.082263344253766857e-01
1.240000000000001990e+01 3.843043351671341368e-01 1.443404344520124449e-01 9.193328299447646457e-02 4.802366567349600213e-02 -1.449536460750295297e-01 5.329156553023012971e-02
1.280000000000001847e+01 3.707268242978647432e-01 2.423579080956713705e-01 2.394560029358100972e-01 3.034274788453923954e-01 2.434687672031767558e-01 1.214871888084132351e-01
1.320000000000002061e+01 3.857895539712147270e-01 3.231226187812281658e-01 2.744499037219828574e-01 4.010636503275825104e-01 2.251229587042711533e-01 1.787410227588837885e-01
1.360000000000002274e+01 4.206455716538813894e-01 3.356185300060438581e-01 2.588493618857989897e-01 4.214287873418555153e-01 1.298311182499266025e-01 2.088251036700657370e-01
1.400000000000002132e+01 4.675175513152300955e-01 4.737533938979375803e-01 4.497191860566036592e-01 5.764230831036238900e-01 3.179308129151893203e-01 4.503502090286222170e-01
1.440000000000001990e+01 3.407725239054608113e-01 3.882263727742011339e-01 4.505054752215075231e-01 6.290018827402834578e-01 3.621964976457932583e-01 4.084407895604690864e-01
1.480000000000002203e+01 3.277231907425256496e-01 2.993662643972768711e-01 4.442007447788892671e-01 5.247917529480278231e-01 1.513155532452064300e-01 3.861233931135474862e-01
1.520000000000002416e+01 3.370792273500528013e-01 3.076347712341438445e-01 3.985082294622180887e-01 4.470204045768625956e-01 2.930568623898912595e-01 4.054026133122464182e-01
