# # time shift (tau) HDelta HGamma HeII4685 HBeta HeI5875 HAlpha HeI5015 OI8446 HeI4471 HeI7065 OIII5007 LyALpha
-5.000000000000000000e+00 2.187009710389523076e-02 -5.333653779479734236e-02 4.371967218799907018e-01 2.200330549368949284e-02 -6.656428062415351010e-02 -4.989445511916496684e-02 -4.517416797126857508e-01 -2.755437877996286256e-01 -1.633897282168312315e-01 -1.143175388547876953e-01 -4.079604689408367069e-01 2.354344865851992763e-01
-4.500000000000000000e+00 8.948856118057756104e-02 4.669474708363112458e-02 4.356309753197312729e-01 3.150156509553359019e-03 2.220998766729578508e-02 -8.489667064961803344e-02 -5.847398739649722899e-01 -2.700946685875448283e-01 -1.272203245955429163e-01 -7.971932660988809149e-02 -5.398569527363870080e-01 2.772932633038371897e-01
-4.000000000000000000e+00 2.503098814388569626e-01 1.618859892320842486e-01 3.957643922960472627e-01 -2.531897043558412053e-03 1.708128701525032933e-01 -1.238126932050268164e-01 -5.548956862815335178e-01 -1.783223251074502191e-01 -1.256303103194859050e-01 -6.444633154136787667e-02 -5.336884295451456151e-01 3.409168014623432663e-01
-3.500000000000000000e+00 4.410993044261649065e-01 4.031594235142191285e-01 5.658135699045967471e-01 2.348415292900737916e-01 4.325730669596642985e-01 -2.071949239142119314e-03 -4.983536720959674815e-01 -1.492081452900799465e-01 3.747298929560261699e-02 1.476682679991825342e-02 -5.299089802855913023e-01 5.686916306250917597e-01
-3.000000000000000000e+00 5.211039878975970430e-01 5.080947870906744601e-01 6.413205621661643985e-01 3.670551672826780076e-01 5.749053492878832827e-01 1.396107830481562173e-01 -2.624874326162754401e-01 -5.814466628342475352e-02 1.620785822086116545e-01 2.179881136544261494e-02 -3.477611239641856256e-01 6.762420031168120405e-01
-2.500000000000000000e+00 6.557452861819224044e-01 6.158404260680390152e-01 7.062908895054884617e-01 5.743027880605682256e-01 7.078282163804880955e-01 3.024550596683736603e-01 -8.260483359185238905e-02 -9.817255047020014003e-02 2.162526692193142142e-01 1.764144613625123759e-01 -2.782042446213432441e-01 7.491207227732369356e-01
-2.000000000000000000e+00 7.343175139086305370e-01 6.160011364805650924e-01 6.526148140150940247e-01 6.520883886683004338e-01 6.767300807374607707e-01 3.623452113677795849e-01 7.283746834848200957e-02 -1.168364144948734612e-01 2.289269286398679104e-01 3.187043768568181834e-01 -1.279679390734560496e-01 7.240619790992111060e-01
-1.500000000000000000e+00 8.262513121090266921e-01 7.027260383046822767e-01 6.711795134413063302e-01 7.493642449377695414e-01 7.668019561754314539e-01 5.810805701829082626e-01 1.317868751159110841e-01 1.528145331900381543e-01 3.246645785054889655e-01 4.668485540034024162e-01 -1.742648827604288964e-01 8.017986544596988896e-01
-1.000000000000000000e+00 8.111801960184910065e-01 6.790292671751395615e-01 5.581994538692263141e-01 7.186904571993690816e-01 7.130079553881258914e-01 6.452444431536407121e-01 1.714691235329100782e-01 2.586528897927621862e-01 3.288277622772354802e-01 5.057061434548022483e-01 -1.226066760175149734e-01 7.527862632835464751e-01
-5.000000000000000000e-01 8.213600667457567894e-01 8.204351035362174027e-01 5.243733148879579087e-01 8.479125074765073711e-01 8.210304322633917851e-01 9.052962665518924368e-01 4.420633176480834869e-01 5.988631870353433584e-01 4.214130125396789994e-01 6.378510991648730366e-01 7.513040127592540696e-02 7.924504457862082685e-01
0.000000000000000000e+00 7.186947335122834124e-01 8.258856731344733637e-01 3.954832470390382548e-01 8.455446380182006783e-01 7.710519898690273433e-01 9.999999999999998890e-01 5.541169449335044961e-01 7.463040955829501888e-01 4.137794618421774540e-01 5.820121289500286288e-01 2.793551129253025733e-01 7.168514476014525849e-01
5.000000000000000000e-01 6.674857738715924693e-01 7.712247371020644060e-01 3.131315508489711519e-01 7.964850664225455734e-01 6.815470852811227331e-01 9.052962665518924368e-01 6.399427969846898101e-01 7.592950075202535842e-01 4.460316478184296884e-01 5.695814357739134026e-01 3.144993781143532452e-01 6.486816051754142887e-01
1.000000000000000000e+00 5.198169542442505620e-01 5.924182519369430855e-01 1.320496510606659624e-01 6.145015349088698287e-01 4.577398649007280440e-01 6.452444431536407121e-01 4.933188680503497459e-01 5.737094288452873059e-01 3.081084825729947241e-01 4.267840350840249597e-01 2.215532782622616770e-01 4.544261277831228574e-01
1.500000000000000000e+00 4.448790367834197235e-01 5.474361805614262888e-01 1.102048012547497957e-01 5.498007564976089556e-01 4.623301053191551935e-01 5.810805701829082626e-01 4.596528712922272608e-01 5.403066259452171671e-01 3.688223362724966092e-01 3.023955740808467185e-01 2.066843020138531273e-01 4.296877371757702457e-01
2.000000000000000000e+00 2.406531880854923811e-01 3.621632397245528878e-01 1.245348427860259316e-02 3.340286168902082964e-01 3.075838126630449643e-01 3.623452113677795849e-01 2.558978357907586432e-01 3.367398676197675966e-01 2.672171011889802328e-01 1.070770913577432926e-01 9.585704469229902602e-02 2.515463509986988200e-01
2.500000000000000000e+00 2.074986945473246136e-01 3.021354092012674686e-01 -5.614574127997206537e-02 3.916817008453516991e-01 2.926509245486448307e-01 3.024550596683736603e-01 3.425842862627767049e-01 4.288013290711172321e-01 3.188298817044059597e-01 1.348901019455205595e-02 2.612209484115171620e-01 1.361374098644364539e-01
3.000000000000000000e+00 6.270122620935200675e-02 9.735042682582431550e-02 -1.570008542143926100e-01 2.876303542344039177e-01 1.778480959309287623e-01 1.396107830481562173e-01 2.660738540892180204e-01 3.912475258850984794e-01 2.162728088705323515e-01 -1.151685708851791778e-01 3.239064079040889221e-01 -8.666848538031110549e-02
3.500000000000000000e+00 3.622584517965336814e-02 -1.015855491839571106e-01 -1.501686385733599916e-01 1.506205692456098200e-01 4.023197940771921360e-03 -2.071949239142119314e-03 2.246060674052051398e-01 3.098147792335728123e-01 3.083369565847577376e-01 -4.226917584081504309e-01 3.173574254455027166e-01 -2.213611063014838121e-01
4.000000000000000000e+00 -8.764843349680861984e-03 -2.554685199225456005e-01 -1.616242953369534385e-01 -4.699068726686019687e-02 -1.970393414014489641e-01 -1.238126932050268164e-01 1.074203209212743065e-01 1.435953489871524547e-01 2.937547747226001427e-01 -5.161309968534797399e-01 2.348287901032021507e-01 -3.462769973565891224e-01
4.500000000000000000e+00 -5.371945339743815911e-02 -1.784699274161749005e-01 -7.417151763315449342e-02 -1.013156250662148594e-01 -3.429371449638840552e-01 -8.489667064961803344e-02 5.090157613748733795e-02 1.158049001074551304e-01 3.128910603230836696e-01 -4.538171477465099413e-01 2.121575727438977377e-01 -3.006056729059749522e-01
5.000000000000000000e+00 -1.253752951546205363e-01 -9.096454128263767314e-02 -8.348562061975053905e-02 -1.308491446761641530e-01 -3.657132024933228420e-01 -4.989445511916496684e-02 1.350997774134251456e-02 1.216749097642938482e-01 2.343890515803965791e-01 -2.416136183850683405e-01 1.457242555896015590e-01 -2.561750078333654423e-01
5.500000000000000000e+00 -1.364450542986929971e-01 -1.408051731682897767e-01 -1.088756764564146051e-01 -1.924750983079052125e-01 -3.446115137358982672e-01 -2.036215143984472231e-01 -7.536245073607059086e-02 -2.542546921660347042e-02 1.386984219368700422e-01 -2.250732833553181211e-01 3.697331851369614619e-02 -2.744674541405495161e-01
6.000000000000000000e+00 -2.255734162412953991e-01 -2.178769783365170909e-01 -1.930295008964691972e-01 -2.627368466797632696e-01 -3.070669386985185323e-01 -3.292052078186995523e-01 -5.836838375744285434e-02 -1.625195572260131893e-01 -4.088745621695534863e-03 -2.571380991211359990e-01 1.564556324356274411e-03 -3.290671405153383078e-01
6.500000000000000000e+00 -2.852854466254179933e-01 -2.176133587416425597e-01 -2.099745389944998597e-01 -2.648110792615057663e-01 -2.938810638883082582e-01 -3.261567029541786455e-01 8.474024523828923086e-03 -2.742750003519730528e-01 -2.510043943755311049e-02 -2.381505427257823437e-01 -1.292054172147120289e-02 -3.854995465215453887e-01
7.000000000000000000e+00 -3.210242130019470563e-01 -2.653124830552826552e-01 -2.510048401349358471e-01 -2.996921940399993045e-01 -3.284964910004951055e-01 -3.461316342156363079e-01 -5.847191493992907191e-02 -3.388852504545959432e-01 -6.984302576241262217e-02 -2.065622849738434352e-01 -1.179267555147845842e-01 -4.001750872861252750e-01
7.500000000000000000e+00 -3.593372764538748654e-01 -2.515765980365147758e-01 -3.241544314869343468e-01 -2.699034382035225832e-01 -3.771219802404300880e-01 -3.019377182418468974e-01 -2.174310756635008945e-01 -1.006469414068656421e-01 -1.448426912471120487e-01 -3.020292858571001562e-02 -2.526795624888736880e-01 -3.466040180027717965e-01
8.000000000000000000e+00 -3.659750441344286065e-01 -2.706237251159946400e-01 -3.623201921191248620e-01 -2.372468652998163952e-01 -3.525747537029498835e-01 -2.013266494443632371e-01 -3.015935956546691443e-01 9.168519512799104543e-02 -2.038089818131254560e-01 -4.222124608003388624e-02 -2.858396900040339195e-01 -2.746493476671251210e-01
8.500000000000000000e+00 -3.529196993913072955e-01 -4.225052511969868418e-01 -4.264508389059717963e-01 -3.340855808014973061e-01 -2.758321991321350253e-01 -2.046482023716304499e-01 -2.912287824487806986e-01 -9.828307628505414395e-02 -3.438684133848447511e-01 -3.465733901603284539e-01 -2.375620393607415504e-01 -2.362916173749514404e-01
9.000000000000000000e+00 -3.855874830934189479e-01 -4.992351299180174395e-01 -4.082272542735518317e-01 -4.046792765936430003e-01 -2.713833977048819013e-01 -2.042480774579467639e-01 -2.324109193922941907e-01 -2.161121452317945058e-01 -4.994969032056510994e-01 -4.589475706784497122e-01 -1.037748546774062558e-01 -2.236621790199780357e-01
9.500000000000000000e+00 -4.436806697606285321e-01 -4.461471024965165677e-01 -2.325735540699566672e-01 -4.090203527850772014e-01 -3.427720883062588264e-01 -2.126792790110185183e-01 -1.246570145273414587e-01 -3.739517332528338178e-01 -5.367365940680048908e-01 -2.256961328035525516e-01 2.744020069587603874e-02 -1.430657933991401343e-01
1.000000000000000000e+01 -5.175667465247435484e-01 -4.637621268283164122e-01 -9.234083438642884389e-02 -5.540814411716696863e-01 -4.478149680531433585e-01 -3.817900621892355573e-01 -3.710438823673666286e-01 -5.917689364973560684e-01 -6.525554365132184564e-01 -8.509086110358264621e-02 -1.819157915017174942e-01 -1.600892245657582480e-01
