# time shift (tau) 	 correlation coefficient 	 number of simulations: 20000	 FR: True	 RSS: True
-5.000000000000000000e+00 1.600000000000000000e+01
-4.599999999999999645e+00 2.000000000000000000e+00
-4.199999999999999289e+00 1.000000000000000000e+00
-3.799999999999998934e+00 1.000000000000000000e+00
-3.399999999999998579e+00 0.000000000000000000e+00
-2.999999999999998224e+00 5.000000000000000000e+00
-2.599999999999997868e+00 3.000000000000000000e+00
-2.199999999999997513e+00 2.000000000000000000e+00
-1.799999999999997158e+00 0.000000000000000000e+00
-1.399999999999996803e+00 0.000000000000000000e+00
-9.999999999999964473e-01 1.000000000000000000e+00
-5.999999999999960920e-01 2.100000000000000000e+01
-1.999999999999957367e-01 1.426000000000000000e+03
2.000000000000046185e-01 7.390000000000000000e+03
6.000000000000049738e-01 5.505000000000000000e+03
1.000000000000005329e+00 8.520000000000000000e+02
1.400000000000005684e+00 9.970000000000000000e+02
1.800000000000006040e+00 4.060000000000000000e+02
2.200000000000006395e+00 7.300000000000000000e+01
2.600000000000006750e+00 3.720000000000000000e+02
3.000000000000007105e+00 1.462000000000000000e+03
3.400000000000007461e+00 5.310000000000000000e+02
3.800000000000007816e+00 5.000000000000000000e+01
4.200000000000008171e+00 9.700000000000000000e+01
4.600000000000008527e+00 8.900000000000000000e+01
5.000000000000008882e+00 1.130000000000000000e+02
5.400000000000009237e+00 6.000000000000000000e+01
5.800000000000009592e+00 1.600000000000000000e+01
6.200000000000009948e+00 2.700000000000000000e+01
6.600000000000010303e+00 6.400000000000000000e+01
7.000000000000010658e+00 3.000000000000000000e+01
7.400000000000011013e+00 5.400000000000000000e+01
7.800000000000011369e+00 7.300000000000000000e+01
8.200000000000011724e+00 1.900000000000000000e+01
8.600000000000012079e+00 5.000000000000000000e+00
9.000000000000012434e+00 2.300000000000000000e+01
9.400000000000012790e+00 5.200000000000000000e+01
9.800000000000013145e+00 6.200000000000000000e+01
1.020000000000001350e+01 1.000000000000000000e+02
