# time shift (tau) 	 correlation coefficient 	 number of simulations: 10000	 FR: True	 RSS: True
-1.000000000000000000e+01 0.000000000000000000e+00
-9.500000000000000000e+00 2.000000000000000000e+00
-9.000000000000000000e+00 3.000000000000000000e+00
-8.500000000000000000e+00 4.000000000000000000e+00
-8.000000000000000000e+00 3.000000000000000000e+00
-7.500000000000000000e+00 0.000000000000000000e+00
-7.000000000000000000e+00 3.000000000000000000e+00
-6.500000000000000000e+00 2.000000000000000000e+00
-6.000000000000000000e+00 1.000000000000000000e+00
-5.500000000000000000e+00 2.000000000000000000e+00
-5.000000000000000000e+00 1.000000000000000000e+00
-4.500000000000000000e+00 5.000000000000000000e+00
-4.000000000000000000e+00 3.000000000000000000e+00
-3.500000000000000000e+00 2.000000000000000000e+00
-3.000000000000000000e+00 5.000000000000000000e+00
-2.500000000000000000e+00 5.000000000000000000e+00
-2.000000000000000000e+00 4.000000000000000000e+00
-1.500000000000000000e+00 7.000000000000000000e+00
-1.000000000000000000e+00 1.800000000000000000e+01
-5.000000000000000000e-01 5.200000000000000000e+01
0.000000000000000000e+00 6.300000000000000000e+01
5.000000000000000000e-01 3.400000000000000000e+01
1.000000000000000000e+00 2.800000000000000000e+01
1.500000000000000000e+00 2.500000000000000000e+01
2.000000000000000000e+00 3.700000000000000000e+01
2.500000000000000000e+00 7.000000000000000000e+01
3.000000000000000000e+00 8.600000000000000000e+01
3.500000000000000000e+00 1.250000000000000000e+02
4.000000000000000000e+00 1.310000000000000000e+02
4.500000000000000000e+00 1.500000000000000000e+02
5.000000000000000000e+00 1.000000000000000000e+02
5.500000000000000000e+00 1.200000000000000000e+02
6.000000000000000000e+00 1.190000000000000000e+02
6.500000000000000000e+00 2.180000000000000000e+02
7.000000000000000000e+00 2.280000000000000000e+02
7.500000000000000000e+00 9.200000000000000000e+02
8.000000000000000000e+00 5.700000000000000000e+02
8.500000000000000000e+00 2.290000000000000000e+02
9.000000000000000000e+00 2.880000000000000000e+02
9.500000000000000000e+00 4.280000000000000000e+02
1.000000000000000000e+01 3.830000000000000000e+02
1.050000000000000000e+01 4.330000000000000000e+02
1.100000000000000000e+01 6.240000000000000000e+02
1.150000000000000000e+01 8.840000000000000000e+02
1.200000000000000000e+01 2.170000000000000000e+02
1.250000000000000000e+01 2.350000000000000000e+02
1.300000000000000000e+01 1.160000000000000000e+02
1.350000000000000000e+01 4.340000000000000000e+02
1.400000000000000000e+01 2.930000000000000000e+02
1.450000000000000000e+01 5.130000000000000000e+02
1.500000000000000000e+01 1.777000000000000000e+03
