# time shift (tau) 	 correlation coefficient 	 number of simulations: 10000	 FR: True	 RSS: True
-5.000000000000000000e+00 0.000000000000000000e+00
-4.500000000000000000e+00 0.000000000000000000e+00
-4.000000000000000000e+00 3.000000000000000000e+00
-3.500000000000000000e+00 3.000000000000000000e+00
-3.000000000000000000e+00 2.000000000000000000e+00
-2.500000000000000000e+00 4.000000000000000000e+00
-2.000000000000000000e+00 1.400000000000000000e+01
-1.500000000000000000e+00 3.200000000000000000e+01
-1.000000000000000000e+00 6.100000000000000000e+01
-5.000000000000000000e-01 2.060000000000000000e+02
0.000000000000000000e+00 3.388000000000000000e+03
5.000000000000000000e-01 4.420000000000000000e+03
1.000000000000000000e+00 7.410000000000000000e+02
1.500000000000000000e+00 1.690000000000000000e+02
2.000000000000000000e+00 1.850000000000000000e+02
2.500000000000000000e+00 2.130000000000000000e+02
3.000000000000000000e+00 1.660000000000000000e+02
3.500000000000000000e+00 1.180000000000000000e+02
4.000000000000000000e+00 7.600000000000000000e+01
4.500000000000000000e+00 5.300000000000000000e+01
5.000000000000000000e+00 3.200000000000000000e+01
5.500000000000000000e+00 3.000000000000000000e+01
6.000000000000000000e+00 3.200000000000000000e+01
6.500000000000000000e+00 3.200000000000000000e+01
7.000000000000000000e+00 1.400000000000000000e+01
7.500000000000000000e+00 4.000000000000000000e+00
8.000000000000000000e+00 1.000000000000000000e+00
8.500000000000000000e+00 0.000000000000000000e+00
9.000000000000000000e+00 0.000000000000000000e+00
9.500000000000000000e+00 1.000000000000000000e+00
1.000000000000000000e+01 0.000000000000000000e+00
