# time shift (tau) 	 correlation coefficient 	 number of simulations: 10000	 FR: True	 RSS: True
-1.000000000000000000e+01 0.000000000000000000e+00
-9.500000000000000000e+00 0.000000000000000000e+00
-9.000000000000000000e+00 0.000000000000000000e+00
-8.500000000000000000e+00 0.000000000000000000e+00
-8.000000000000000000e+00 0.000000000000000000e+00
-7.500000000000000000e+00 0.000000000000000000e+00
-7.000000000000000000e+00 0.000000000000000000e+00
-6.500000000000000000e+00 1.000000000000000000e+00
-6.000000000000000000e+00 0.000000000000000000e+00
-5.500000000000000000e+00 3.000000000000000000e+00
-5.000000000000000000e+00 4.000000000000000000e+00
-4.500000000000000000e+00 1.400000000000000000e+01
-4.000000000000000000e+00 2.900000000000000000e+01
-3.500000000000000000e+00 2.700000000000000000e+01
-3.000000000000000000e+00 3.800000000000000000e+01
-2.500000000000000000e+00 5.600000000000000000e+01
-2.000000000000000000e+00 6.200000000000000000e+01
-1.500000000000000000e+00 6.900000000000000000e+01
-1.000000000000000000e+00 8.000000000000000000e+01
-5.000000000000000000e-01 8.200000000000000000e+01
0.000000000000000000e+00 9.000000000000000000e+01
5.000000000000000000e-01 1.730000000000000000e+02
1.000000000000000000e+00 2.079000000000000000e+03
1.500000000000000000e+00 1.708000000000000000e+03
2.000000000000000000e+00 8.500000000000000000e+01
2.500000000000000000e+00 8.900000000000000000e+01
3.000000000000000000e+00 3.150000000000000000e+02
3.500000000000000000e+00 8.290000000000000000e+02
4.000000000000000000e+00 1.342000000000000000e+03
4.500000000000000000e+00 4.890000000000000000e+02
5.000000000000000000e+00 3.820000000000000000e+02
5.500000000000000000e+00 3.450000000000000000e+02
6.000000000000000000e+00 2.160000000000000000e+02
6.500000000000000000e+00 2.850000000000000000e+02
7.000000000000000000e+00 1.790000000000000000e+02
7.500000000000000000e+00 1.180000000000000000e+02
8.000000000000000000e+00 1.910000000000000000e+02
8.500000000000000000e+00 9.100000000000000000e+01
9.000000000000000000e+00 8.800000000000000000e+01
9.500000000000000000e+00 9.700000000000000000e+01
1.000000000000000000e+01 6.500000000000000000e+01
1.050000000000000000e+01 2.900000000000000000e+01
1.100000000000000000e+01 2.500000000000000000e+01
1.150000000000000000e+01 4.400000000000000000e+01
1.200000000000000000e+01 2.100000000000000000e+01
1.250000000000000000e+01 8.000000000000000000e+00
1.300000000000000000e+01 1.100000000000000000e+01
1.350000000000000000e+01 5.000000000000000000e+00
1.400000000000000000e+01 4.100000000000000000e+01
1.450000000000000000e+01 8.700000000000000000e+01
1.500000000000000000e+01 8.000000000000000000e+00
