# # time shift (tau) Cont1150_not_optical_calibrated
-1.000000000000000000e+01 -2.624487219661470472e-01
-9.500000000000000000e+00 -1.817939149577422198e-01
-9.000000000000000000e+00 -1.137879794082682083e-01
-8.500000000000000000e+00 1.813649085464795821e-02
-8.000000000000000000e+00 8.313648563558476146e-02
-7.500000000000000000e+00 1.906621956094305959e-01
-7.000000000000000000e+00 2.704705413906912659e-01
-6.500000000000000000e+00 2.742572620284933205e-01
-6.000000000000000000e+00 3.293056042675440720e-01
-5.500000000000000000e+00 3.072478272929022314e-01
-5.000000000000000000e+00 3.899860527476558536e-01
-4.500000000000000000e+00 3.148121753447145066e-01
-4.000000000000000000e+00 3.415919655162492630e-01
-3.500000000000000000e+00 2.984949975347949702e-01
-3.000000000000000000e+00 4.043596586878243082e-01
-2.500000000000000000e+00 4.685998815938094975e-01
-2.000000000000000000e+00 6.001216262853583672e-01
-1.500000000000000000e+00 7.407121744450999579e-01
-1.000000000000000000e+00 8.365064402735746807e-01
-5.000000000000000000e-01 9.116319007255806461e-01
0.000000000000000000e+00 8.957243158612515632e-01
5.000000000000000000e-01 7.938061833733407457e-01
1.000000000000000000e+00 7.064298131249806545e-01
1.500000000000000000e+00 5.772249949375674039e-01
2.000000000000000000e+00 4.993709985097131709e-01
2.500000000000000000e+00 3.862892820562565666e-01
3.000000000000000000e+00 2.933994252523848267e-01
3.500000000000000000e+00 2.670253781236403001e-01
4.000000000000000000e+00 2.094727586459248225e-01
4.500000000000000000e+00 2.135043770188417289e-01
5.000000000000000000e+00 1.539069796576661986e-01
5.500000000000000000e+00 1.434314892503763539e-01
6.000000000000000000e+00 1.878661308336072033e-01
6.500000000000000000e+00 2.176990095069042119e-01
7.000000000000000000e+00 1.520744771651700300e-01
7.500000000000000000e+00 -1.050877283709053533e-02
8.000000000000000000e+00 -2.435699767182586406e-01
8.500000000000000000e+00 -3.758279498457562928e-01
9.000000000000000000e+00 -4.681960308386845515e-01
9.500000000000000000e+00 -4.157944268762559514e-01
1.000000000000000000e+01 -4.289620256092390171e-01
1.050000000000000000e+01 -3.594603170239538681e-01
1.100000000000000000e+01 -3.378773211799058762e-01
1.150000000000000000e+01 -4.188493329240984830e-01
1.200000000000000000e+01 -4.750440005157191559e-01
1.250000000000000000e+01 -6.547651727152745682e-01
1.300000000000000000e+01 -5.917483985718001716e-01
1.350000000000000000e+01 -3.710851721966397232e-01
1.400000000000000000e+01 -3.417095351931734304e-01
1.450000000000000000e+01 -6.922984369990368980e-02
1.500000000000000000e+01 -8.053942716496749477e-02
