# # time shift (tau) LyAlpha_not_optical_calibrated SiIV1393_not_optical_calibrated NV1238_not_optical_calibrated CIV1548_not_optical_calibrated HeII1640_not_optical_calibrated OIII]1660_not_optical_calibrated
-5.000000000000000000e+00 1.917899157145182276e-01 3.643693372482290083e-01 2.414894653643929190e-01 7.722911983130231750e-02 6.742521325599504234e-02 -2.406176322282960467e-01
-4.500000000000000000e+00 1.601803282697802366e-01 2.822903080619023064e-01 1.543674928331394969e-01 4.000090099354416603e-03 1.208169301447697269e-02 -2.669834957024901367e-01
-4.000000000000000000e+00 1.548640514819978053e-01 2.647163961665671694e-01 1.248968466796610832e-01 -1.343851609735425071e-02 6.932356273167650240e-02 -2.328928147089103229e-01
-3.500000000000000000e+00 6.027196639060364985e-02 1.480985060878613202e-01 2.237668064219314884e-02 -1.239358700869583468e-01 3.226396892353668167e-02 -2.901857791706282663e-01
-3.000000000000000000e+00 2.038574329840545929e-01 2.556173062072849000e-01 1.428703666071899359e-01 1.791428823399640602e-02 7.832834594022851371e-02 -3.174588340108697171e-01
-2.500000000000000000e+00 1.624525382612970192e-01 2.149330367137579079e-01 1.322868230866262873e-01 3.144053352103145377e-02 1.085277174162206648e-01 -2.097833214867726725e-01
-2.000000000000000000e+00 2.812003675053650897e-01 2.812282486686559779e-01 2.184698302853941565e-01 1.770991571820488275e-01 2.000168203353239749e-01 -7.102137592549477574e-02
-1.500000000000000000e+00 3.172843475992940254e-01 3.298972817254967049e-01 2.800243967843858428e-01 2.677784968223334561e-01 3.491027261744633625e-01 8.471645074686470767e-02
-1.000000000000000000e+00 4.850329217057535169e-01 4.084436289389753449e-01 3.843325440725701148e-01 4.259700617443219484e-01 5.132913529976893541e-01 1.351313887863632435e-01
-5.000000000000000000e-01 6.008758914274718865e-01 4.575871343438362437e-01 4.845781184043026490e-01 5.596245123235461527e-01 6.528455285869863012e-01 1.961919317429668685e-01
0.000000000000000000e+00 7.647672029430756524e-01 5.798519203908375497e-01 6.525369873719106817e-01 6.936179537832221076e-01 7.094708643025942063e-01 1.956873379109895505e-01
5.000000000000000000e-01 8.780922646242268481e-01 7.074660725623200808e-01 7.365249062870179442e-01 8.150939918259527683e-01 7.130898842987962727e-01 1.792317273000337552e-01
1.000000000000000000e+00 9.022329992676030308e-01 7.826130565278732742e-01 7.574850279956114596e-01 8.224883736397703426e-01 6.693867978152181486e-01 1.484731594769442831e-01
1.500000000000000000e+00 8.619877833884157514e-01 7.917477576166221942e-01 7.088717129853017163e-01 7.701116157121404848e-01 5.556473034211963924e-01 1.194321292860529848e-01
2.000000000000000000e+00 7.903592396362340011e-01 6.885185230364474496e-01 6.204782954155414476e-01 6.496695165992383281e-01 4.297916908608938602e-01 7.521311848196982064e-02
2.500000000000000000e+00 6.869273883363388178e-01 5.389572075858886091e-01 5.028624068811269332e-01 5.213123909094421471e-01 2.752753622787951215e-01 3.868204172900790994e-03
3.000000000000000000e+00 6.439541395518680877e-01 3.789120901936097185e-01 4.060305834432252903e-01 4.924022088277684173e-01 2.308791354023034814e-01 2.748279622030590230e-02
3.500000000000000000e+00 6.097018460559761044e-01 2.540466727115404666e-01 3.763641659240477555e-01 4.332877578781277328e-01 2.074536414034729437e-01 8.459726849652342284e-04
4.000000000000000000e+00 5.984516911801098793e-01 1.839598136557863417e-01 3.451494283126611551e-01 4.792806453001843270e-01 2.396926531608328803e-01 9.994218993117187644e-02
4.500000000000000000e+00 5.463310009475588203e-01 1.385953212370293897e-01 3.494775529059954700e-01 4.308793353364289702e-01 2.906706903761697158e-01 1.605909963075102254e-01
5.000000000000000000e+00 4.688483589192390388e-01 1.152580360785226549e-01 3.305741369529164309e-01 3.800841679919205740e-01 2.697521443094549887e-01 1.088857212450410339e-01
5.500000000000000000e+00 3.586409637528207295e-01 6.972420866181042176e-02 2.703792290538236109e-01 3.093716094562910524e-01 3.050745127095896292e-01 3.299858493211201699e-02
6.000000000000000000e+00 2.516565126361867133e-01 1.580657205869968884e-02 2.147563358473749129e-01 2.278961796700014752e-01 3.343195307465615107e-01 -2.210600499562044574e-03
6.500000000000000000e+00 1.730587627893236946e-01 -5.664802223287099259e-02 1.467921863339662902e-01 2.161682849808664597e-01 3.743652835214364427e-01 1.226418718356483417e-01
7.000000000000000000e+00 7.957042673544410805e-02 -6.814740515625454520e-02 5.108404721977959084e-02 1.208185587913224723e-01 3.856232827429231236e-01 2.597729283738833272e-01
7.500000000000000000e+00 -1.190251265984664658e-02 -1.146665503885885978e-01 -1.248113762585885966e-01 3.338307872981320645e-02 3.084052840882115509e-01 2.788741914712987158e-01
8.000000000000000000e+00 -1.016403477815455980e-01 -7.175273725505799949e-02 -2.084695404125066764e-01 -9.089609268978535161e-02 2.040749497140499358e-01 2.235065443190183132e-01
8.500000000000000000e+00 -1.265152097549264443e-01 -1.253296174016224618e-01 -2.697860170572597416e-01 -1.173696191653277043e-01 7.848745618814464975e-02 1.316513590172881942e-01
9.000000000000000000e+00 -2.370294681430731853e-01 -2.684402257525043134e-01 -4.079590311377211398e-01 -2.504422252886302491e-01 -2.781018804905083242e-01 -1.029119663241588323e-01
9.500000000000000000e+00 -3.530962346483005332e-01 -4.967814371696901432e-01 -5.842729172312204344e-01 -3.185276020953227150e-01 -4.522203802961400343e-01 -1.137117888236013064e-01
1.000000000000000000e+01 -5.090604937500093907e-01 -6.471253645360683926e-01 -7.249881557947495114e-01 -3.689165314462269363e-01 -6.132618620849863422e-01 -7.555218815468914273e-02
