# time shift (tau) 	 correlation coefficient 	 number of simulations: 10000	 FR: True	 RSS: True
-5.000000000000000000e+00 1.100000000000000000e+01
-4.500000000000000000e+00 2.000000000000000000e+00
-4.000000000000000000e+00 9.000000000000000000e+00
-3.500000000000000000e+00 3.000000000000000000e+00
-3.000000000000000000e+00 2.000000000000000000e+00
-2.500000000000000000e+00 1.000000000000000000e+00
-2.000000000000000000e+00 0.000000000000000000e+00
-1.500000000000000000e+00 1.300000000000000000e+01
-1.000000000000000000e+00 6.000000000000000000e+01
-5.000000000000000000e-01 5.410000000000000000e+02
0.000000000000000000e+00 3.307000000000000000e+03
5.000000000000000000e-01 4.140000000000000000e+03
1.000000000000000000e+00 1.227000000000000000e+03
1.500000000000000000e+00 1.900000000000000000e+02
2.000000000000000000e+00 2.200000000000000000e+01
2.500000000000000000e+00 2.000000000000000000e+00
3.000000000000000000e+00 1.000000000000000000e+00
3.500000000000000000e+00 5.000000000000000000e+00
4.000000000000000000e+00 1.000000000000000000e+01
4.500000000000000000e+00 1.500000000000000000e+01
5.000000000000000000e+00 8.000000000000000000e+00
5.500000000000000000e+00 4.300000000000000000e+01
6.000000000000000000e+00 1.090000000000000000e+02
6.500000000000000000e+00 1.700000000000000000e+02
7.000000000000000000e+00 5.600000000000000000e+01
7.500000000000000000e+00 3.600000000000000000e+01
8.000000000000000000e+00 8.000000000000000000e+00
8.500000000000000000e+00 8.000000000000000000e+00
9.000000000000000000e+00 0.000000000000000000e+00
9.500000000000000000e+00 1.000000000000000000e+00
1.000000000000000000e+01 0.000000000000000000e+00
