# time shift (tau) 	 correlation coefficient 	 number of simulations: 10000	 FR: True	 RSS: True
-1.000000000000000000e+01 3.000000000000000000e+00
-9.500000000000000000e+00 0.000000000000000000e+00
-9.000000000000000000e+00 0.000000000000000000e+00
-8.500000000000000000e+00 0.000000000000000000e+00
-8.000000000000000000e+00 0.000000000000000000e+00
-7.500000000000000000e+00 2.000000000000000000e+00
-7.000000000000000000e+00 0.000000000000000000e+00
-6.500000000000000000e+00 1.000000000000000000e+00
-6.000000000000000000e+00 5.000000000000000000e+00
-5.500000000000000000e+00 2.000000000000000000e+00
-5.000000000000000000e+00 1.600000000000000000e+01
-4.500000000000000000e+00 1.000000000000000000e+00
-4.000000000000000000e+00 1.000000000000000000e+00
-3.500000000000000000e+00 0.000000000000000000e+00
-3.000000000000000000e+00 2.200000000000000000e+01
-2.500000000000000000e+00 2.800000000000000000e+01
-2.000000000000000000e+00 5.000000000000000000e+00
-1.500000000000000000e+00 1.000000000000000000e+00
-1.000000000000000000e+00 1.000000000000000000e+00
-5.000000000000000000e-01 1.000000000000000000e+00
0.000000000000000000e+00 3.580000000000000000e+02
5.000000000000000000e-01 2.806000000000000000e+03
1.000000000000000000e+00 4.102000000000000000e+03
1.500000000000000000e+00 1.331000000000000000e+03
2.000000000000000000e+00 3.000000000000000000e+01
2.500000000000000000e+00 2.000000000000000000e+00
3.000000000000000000e+00 0.000000000000000000e+00
3.500000000000000000e+00 2.000000000000000000e+00
4.000000000000000000e+00 1.000000000000000000e+00
4.500000000000000000e+00 1.000000000000000000e+00
5.000000000000000000e+00 3.000000000000000000e+00
5.500000000000000000e+00 7.000000000000000000e+00
6.000000000000000000e+00 1.000000000000000000e+00
6.500000000000000000e+00 3.000000000000000000e+00
7.000000000000000000e+00 0.000000000000000000e+00
7.500000000000000000e+00 0.000000000000000000e+00
8.000000000000000000e+00 0.000000000000000000e+00
8.500000000000000000e+00 0.000000000000000000e+00
9.000000000000000000e+00 0.000000000000000000e+00
9.500000000000000000e+00 0.000000000000000000e+00
1.000000000000000000e+01 0.000000000000000000e+00
1.050000000000000000e+01 0.000000000000000000e+00
1.100000000000000000e+01 0.000000000000000000e+00
1.150000000000000000e+01 5.000000000000000000e+00
1.200000000000000000e+01 2.200000000000000000e+01
1.250000000000000000e+01 1.220000000000000000e+02
1.300000000000000000e+01 3.650000000000000000e+02
1.350000000000000000e+01 3.600000000000000000e+02
1.400000000000000000e+01 8.300000000000000000e+01
1.450000000000000000e+01 1.180000000000000000e+02
1.500000000000000000e+01 1.890000000000000000e+02
