# # time shift (tau) HDelta HGamma HeII4685 HBeta HeI5875 HAlpha HeI5015 OI8446
-1.000000000000000000e+01 -1.494433376947636172e-02 2.084675154468474123e-01 -2.921850277530852261e-02 2.103713963736527637e-01 -2.911921911689272502e-01 -2.120187306503262537e-01 -1.335909342328334692e-01 -4.400823741228576669e-03
-9.000000000000000000e+00 -1.932461918101055498e-01 3.722389419528956966e-02 -1.616208876524466986e-01 1.487041427572126720e-02 -2.979747722572100299e-01 -1.789017207320673930e-01 -3.102608799115316174e-01 8.066237662517164453e-02
-8.000000000000000000e+00 -2.936676906475690907e-01 -4.782236940220863097e-02 -4.880831909396579626e-02 -4.170934444693449872e-02 -3.254889017708717525e-01 -2.148778174296951948e-01 -3.459678039821579842e-01 -1.899771667652044860e-02
-7.000000000000000000e+00 -1.904131785639445185e-01 -9.157228141092707552e-02 1.981082040511240594e-01 -1.793392436058017236e-01 -3.703763157549902485e-01 -2.815226793623598067e-01 -4.605467468109859519e-01 -2.321150687796899037e-01
-6.000000000000000000e+00 -1.843918151750467693e-02 6.135380515441234833e-02 3.784482205708637470e-01 -1.067566062355708445e-02 -2.249984244973008973e-01 -1.479303319621404489e-01 -4.550474550300831478e-01 -1.436484689571151663e-01
-5.000000000000000000e+00 1.418625663927202130e-01 1.998755357866114357e-01 4.377940401546752125e-01 2.228652163962602795e-01 -2.719320872229721853e-02 -9.955248476511571742e-02 -4.171912996694633335e-01 -4.490572823104560518e-02
-4.000000000000000000e+00 1.468852329171178583e-01 1.803692027416144705e-01 3.499653161970743831e-01 3.276772472425238947e-01 -5.970633047632950552e-02 -1.311111680480856745e-01 -4.674104464836249528e-01 -8.686531203172863369e-02
-3.000000000000000000e+00 1.942704145138470229e-01 2.100558515619277422e-01 3.243696323157743144e-01 4.075107528254346412e-01 2.528088096759107950e-01 5.746409890660499065e-02 -4.859420375607929610e-01 1.624260189455351000e-01
-2.000000000000000000e+00 4.202327914655258900e-01 3.025633481280354253e-01 4.867229158588645133e-01 4.570619999208515027e-01 4.136468507824463403e-01 1.887844666461777898e-01 -4.205580070841769547e-01 8.553664897541660150e-02
-1.000000000000000000e+00 6.217293662118126285e-01 5.058836231626117064e-01 7.133921978692481236e-01 5.511010638436862896e-01 5.317551090290305593e-01 3.629802346161328241e-01 -3.513105596793507091e-01 1.641699605177414367e-01
0.000000000000000000e+00 7.904418978693945608e-01 7.136440626962101685e-01 8.503327183358880825e-01 7.040842212342350859e-01 6.193670054329036834e-01 5.698898115381062501e-01 -3.554647963731745464e-02 3.229552464718771776e-01
1.000000000000000000e+00 8.585191995777992080e-01 8.170560888521274379e-01 7.859256259111666587e-01 7.794712694641299233e-01 7.027404311654770197e-01 6.311229031770984044e-01 1.215049504899980842e-02 3.975424174406612110e-01
2.000000000000000000e+00 7.861564683416429888e-01 8.472536408006894337e-01 5.469047442761166833e-01 8.384951713975398180e-01 6.893208222387545714e-01 6.051616425755499407e-01 -9.112844926957763825e-02 4.910568373691999167e-01
3.000000000000000000e+00 6.029394325790187192e-01 7.047110977855419733e-01 2.352491911362424859e-01 8.516360116147803083e-01 7.238363530519794642e-01 6.331494125010382890e-01 3.140712233613274923e-02 5.567939939037600539e-01
4.000000000000000000e+00 4.252776030111723449e-01 3.842251199130110040e-01 1.643944939655875292e-01 6.663851440055147402e-01 5.783645714095618784e-01 5.357663412126912883e-01 -3.380081326890192056e-02 3.757296791885114118e-01
5.000000000000000000e+00 5.396655409792218139e-01 4.305431498627475539e-01 3.574143573012967812e-01 6.010305176132861860e-01 5.019961100102937612e-01 6.178627310678941331e-01 4.199921754000262436e-02 3.849598706685839478e-01
6.000000000000000000e+00 5.612470470233571485e-01 5.407085067258939892e-01 5.417693616268149936e-01 5.455196315675813201e-01 3.746226623018663604e-01 4.938674901896203950e-01 3.518352679263393040e-02 3.764232719046363140e-01
7.000000000000000000e+00 5.822708038799451202e-01 5.484978856336344410e-01 5.124669319765264852e-01 4.230331734789385401e-01 3.168009211701522942e-01 2.504983767652254611e-01 4.365825561408918920e-02 2.553699267135350337e-01
8.000000000000000000e+00 4.695313217693691810e-01 5.251131372545162490e-01 3.664822003352713464e-01 4.093492478380299504e-01 1.858753876371139202e-01 9.230768337788275435e-02 -8.347768567384203364e-02 3.074397125694793287e-01
9.000000000000000000e+00 2.263463392437902177e-01 1.832253418546682666e-01 -3.292041630217944215e-02 2.909669806023349459e-01 1.411434931238655932e-01 4.518869489448226751e-02 -5.674365977520262616e-02 1.629037891358660339e-01
1.000000000000000000e+01 -2.443826384034961108e-02 -9.099515922002089641e-02 -1.847818525096017739e-01 4.963155157739968654e-02 -7.303763987968711624e-03 1.475329614360216812e-01 -1.040212763182586653e-01 -1.259662634320982133e-02
1.100000000000000000e+01 -6.237812103863912133e-02 -1.305437433252366886e-02 -1.404073770679822586e-01 3.453494712355696661e-04 5.462387308021255522e-02 3.512250226429102784e-01 3.836302847006831801e-02 2.279796994239244867e-01
1.200000000000000000e+01 -1.073178654537126908e-03 3.879779229419455522e-02 1.442667887261047110e-01 -9.630795967260760704e-02 -7.144393903269638524e-03 2.129608511152227268e-01 2.040573905852369890e-02 4.744657751404843249e-02
1.300000000000000000e+01 -1.695408872470192951e-02 3.797034692937968636e-02 2.513868381214321435e-01 -1.088342843315238950e-01 -2.548584651787613731e-02 -6.049441190441015581e-02 -2.755682233433713879e-01 -2.295171393933538584e-02
1.400000000000000000e+01 6.010820710913508669e-03 -6.692361783776831774e-02 3.448660706195463832e-01 -5.462913636081839081e-02 -1.650299398899707573e-03 -3.129825615079745993e-01 -4.670335931629520654e-01 -1.265416315954892290e-01
1.500000000000000000e+01 7.665227995726228705e-02 -7.749723610387564132e-02 3.704410845712915457e-01 8.792137885779478801e-02 1.902027464351431219e-01 -2.582296330998945511e-01 -2.161166687603855996e-01 -2.059268261941042399e-01
