# # time shift (tau) HDelta HGamma HeII4685 HBeta HeI5875 HAlpha HeI5015 OI8446 HeI4471 HeI7065 OIII5007
-1.000000000000000000e+01 1.359907488403848397e-01 -3.131659195957915698e-02 9.904322677947224873e-02 1.507090857858823241e-01 -3.609388450735646625e-01 -1.342379304161692988e-01 -4.864124103266571908e-02 6.990606152207418100e-02 3.724798654037929646e-01 9.505288135201320210e-02 -1.244205817789745122e-01
-9.000000000000000000e+00 -4.983268568348646343e-02 -4.163133208326157825e-02 -1.380568691852716023e-01 9.873043125204312986e-02 -3.076206102291807465e-01 -9.388445691300839613e-02 -8.482152883114700559e-02 2.037294413977430718e-01 2.946539379780866441e-01 1.341663748658909194e-01 -1.823872745973088294e-01
-8.000000000000000000e+00 -2.961386262513134859e-01 -1.634154927056043483e-01 -1.223111480190894190e-01 -3.944854454167616084e-03 -2.771540261731207933e-01 -1.451036119774847255e-01 -1.675034448288164890e-01 1.335861055852095580e-01 -1.649979395159042322e-02 -4.129161918740833354e-02 -3.247834032821487749e-01
-7.000000000000000000e+00 -2.482660430999400203e-01 -2.418180812928511503e-01 1.443203752743241891e-02 -2.253038747720741419e-01 -3.972761939387771113e-01 -2.813423655459741379e-01 -3.361376565867696398e-01 -2.640731966339818770e-01 -2.569180080193004811e-01 -7.789112953421455099e-02 -5.180744584829188870e-01
-6.000000000000000000e+00 -1.768440624090214242e-01 -3.923100604977357297e-02 2.110507460833725146e-01 -5.391788271637457108e-02 -3.410197389520449596e-01 -1.831721282969006048e-01 -3.753490858740504699e-01 -2.612267166572085353e-01 -2.868702321824255774e-01 5.743604093825921235e-03 -5.184643576386830377e-01
-5.000000000000000000e+00 -9.641291036674659587e-02 1.763932193489420319e-01 4.141837465944024355e-01 1.734137346534401214e-01 -2.153039237217808100e-01 -3.355505683941684830e-02 -3.840135498207996601e-01 -1.790940605135568076e-01 -1.831154045227629812e-01 -5.003861778204417646e-03 -4.519939130104054237e-01
-4.000000000000000000e+00 2.522584401026709000e-02 2.670630708427286226e-01 3.746061195027198254e-01 7.287141490296047963e-02 -1.923165532468434913e-01 -1.608904727802922263e-01 -5.388497394069310387e-01 -2.875094050177606775e-01 -1.980146361846386593e-01 2.379958771092897940e-02 -6.029314303130450803e-01
-3.000000000000000000e+00 1.790312216620925656e-01 4.399869110668414018e-01 5.045999566617657139e-01 2.537780240205022575e-01 1.923354539857035084e-01 1.074995135306552885e-02 -5.206659802014343974e-01 -1.732141867769881050e-01 -4.860291892243370770e-02 4.479945328237984470e-02 -6.022439788064162247e-01
-2.000000000000000000e+00 4.609132516055973183e-01 4.929352940267232031e-01 6.211140139200507226e-01 5.091281443149500152e-01 4.457347367574716057e-01 2.818610606434666099e-01 -3.301771999243616196e-01 -1.142260208640017011e-01 5.257817568034320321e-02 1.255704528275298770e-01 -5.159928179371306989e-01
-1.000000000000000000e+00 7.216734833894331569e-01 6.010611792512443596e-01 6.735840915142810026e-01 6.149746218360293559e-01 3.933465242223092018e-01 4.946741333995746670e-01 -1.096262536047940550e-01 9.213871430409467655e-02 1.179240098640262913e-01 2.660196167454539906e-01 -4.325810757054773803e-01
0.000000000000000000e+00 7.787160441815095258e-01 8.128392661326353519e-01 7.678367049069922956e-01 7.605696229359553140e-01 5.590892924345702841e-01 8.055194649559056508e-01 1.853961864623512035e-01 5.204036359861298200e-01 2.888156820455886065e-01 3.907638115961541980e-01 -1.812947160218020271e-01
1.000000000000000000e+00 7.965630360378135322e-01 7.807370158874498145e-01 6.353143091442762236e-01 8.032666865611146623e-01 4.669714283016163647e-01 7.847770510567617652e-01 3.290182450581253804e-01 4.860508356739513536e-01 2.969318291785021380e-01 5.538502984286827191e-01 -7.224827848581108491e-02
2.000000000000000000e+00 6.754224682204532648e-01 7.183495510151282071e-01 5.031996629243038477e-01 7.983774185073504448e-01 3.976083718330798988e-01 6.888806496079507014e-01 3.249915717325239095e-01 5.159262470324593730e-01 4.502295083917096652e-01 5.790668929753097771e-01 -5.711391274585527617e-02
3.000000000000000000e+00 4.661187771637109734e-01 5.257018176123972042e-01 2.149501847982672742e-01 8.087742470132368577e-01 5.159976542497415331e-01 6.970844216580500685e-01 2.571787200617850488e-01 6.658663456487681209e-01 4.403796661916802857e-01 4.187155803075721661e-01 4.619880785977970722e-02
4.000000000000000000e+00 4.585151071979436388e-01 2.453361363434183595e-01 1.586137551547889268e-01 5.601762316843335032e-01 3.557144053482894641e-01 4.653979355955342179e-01 1.839559735044890010e-01 4.606398106782523261e-01 2.416726725736259573e-01 8.321596142077360148e-02 2.678467196916213544e-02
5.000000000000000000e+00 3.628334398885353362e-01 3.601439737728769908e-01 3.504688630243244507e-01 4.906133204297895567e-01 1.069540188142991538e-01 4.612456023169121400e-01 1.570734384627018032e-01 4.268307937360140691e-01 3.303529758665832983e-01 -8.384570255911193148e-02 -2.389885968924650161e-02
6.000000000000000000e+00 4.512139801805053474e-01 4.398184197326490130e-01 4.534015917345779467e-01 4.194517798504880379e-01 1.019498628861320449e-01 2.864457135293342338e-01 9.336611423081984940e-02 2.134451875810007837e-01 2.829570490611309497e-01 -1.603200393730999374e-01 -5.999326050639888774e-02
7.000000000000000000e+00 4.235592138873005563e-01 3.986865457709171112e-01 3.377479251620573164e-01 2.560633359158894784e-01 -8.770418039615961864e-03 9.670423899027272285e-02 4.847894685917966684e-02 1.538935698036332511e-01 4.107032971019685674e-01 -2.686325208678537191e-01 -1.960544494466579801e-01
8.000000000000000000e+00 2.219217407539419706e-01 3.945054578437886539e-01 1.789776614142522537e-01 2.720975133649292665e-01 -1.810748019123162578e-01 1.093673902089808275e-01 -2.158319107876668225e-02 3.744172540170415120e-01 6.048349360661483543e-01 -3.474356004803933612e-02 -1.355241388477549380e-01
9.000000000000000000e+00 -5.831955238351809595e-02 -1.661791496046113870e-01 -2.594449236127885361e-01 -6.440500213896388493e-03 -8.698830539760896152e-02 -1.091934079036611660e-01 -2.488038777259502510e-01 -4.775249434371382079e-02 1.715536899333341414e-01 -2.917707916276595093e-01 -2.991133243344910042e-01
1.000000000000000000e+01 -3.718080533769887452e-01 -3.946351356491086815e-01 -2.341087456331669148e-01 -3.242277192603237879e-01 -1.490405352026739905e-01 -1.803227028209202776e-01 -2.117199879593263112e-01 -4.190033654332055435e-01 -2.791621438236460695e-01 -3.272213402692224216e-02 -2.994026061531980254e-01
1.100000000000000000e+01 -3.508846358341120020e-01 -1.881961044228461222e-01 -5.475124090081624068e-02 -2.239285921447676242e-01 -5.141404865495927123e-02 -2.697493219524962904e-02 -3.363058016546757734e-01 -2.488718836064310880e-01 -7.095230441721703807e-01 2.755412436993921466e-01 -6.515772178652181612e-01
1.200000000000000000e+01 -6.597314637236388613e-02 -5.527855189950938580e-03 2.937277564717196698e-01 -1.635753440094465661e-01 9.285025140101059449e-02 -1.240691664230478969e-02 -1.699091395365417700e-01 -2.873377663758448497e-01 -7.054115266801679329e-01 -2.275113650209327487e-02 -4.511443036634681381e-01
1.300000000000000000e+01 1.273250565820973623e-01 3.632940496414097664e-01 5.628734965019186465e-01 7.311599925064964089e-02 1.550796936295871786e-01 6.779844656224795485e-02 -3.144625643297194184e-01 -8.073514990053293205e-03 -2.458385734363573716e-01 4.276410717561698327e-01 -3.649956883858659351e-01
1.400000000000000000e+01 3.116760143005171679e-01 2.859681657268384747e-01 5.475191466068840551e-01 3.525252402514688077e-01 3.968853194057913036e-01 7.970276076505135310e-02 -2.114717667023945924e-01 -1.465588833299633423e-02 1.861761569650266512e-01 1.778009650268407293e-01 1.500087383774290628e-01
1.500000000000000000e+01 5.134423244654805485e-01 3.690852294473597750e-01 6.682745614824757707e-01 5.437566436907665945e-01 5.578224023630437012e-01 3.115796122796862799e-01 1.221103622357289642e-01 4.958765408909063255e-03 5.720867926606320042e-01 5.747722071509062669e-01 3.207920525802275824e-01
