# # time shift (tau) UVW2 Cont1150_not_optical_calibrated LyAlpha_not_optical_calibrated HBeta_not_optical_calibrated OI8446_not_optical_calibrated Cont1460_not_optical_calibrated
-1.000000000000000000e+01 -1.991480900804358245e-01 3.992047924772943596e-02 -1.012014915873747090e-01 4.900965429226015746e-01 4.485724820101513743e-01 3.989526889342669136e-02
-9.000000000000000000e+00 -2.716990396440526201e-01 -2.248716289060462628e-02 -3.299553893542022109e-01 2.643653386769732050e-01 3.353471959001803060e-01 -2.553498360316147631e-02
-8.000000000000000000e+00 -9.508163617596110395e-02 2.486418277505282326e-01 -2.649065581993693685e-01 -1.834449814929523664e-02 2.932180150746892533e-01 2.430217603928020165e-01
-7.000000000000000000e+00 3.571552833396219873e-01 3.818037005396112127e-01 -1.849740647816845718e-02 -1.110348835329869610e-01 -2.150578212177557125e-01 4.196750777961709145e-01
-6.000000000000000000e+00 6.087908117323078683e-01 4.667969658688066459e-01 1.944940729117364264e-01 5.418076247882196161e-02 -3.011180100017112893e-01 5.109331125883921354e-01
-5.000000000000000000e+00 7.077462507438374573e-01 7.013278004397942578e-01 2.705644616629502286e-01 1.539142167711407827e-01 -2.607447921113923428e-01 6.827054628229974886e-01
-4.000000000000000000e+00 7.291594048695352326e-01 6.272104564104228341e-01 3.575127290595465634e-01 7.743048449663941790e-02 -1.252169558583679509e-01 6.193793529492011007e-01
-3.000000000000000000e+00 7.525097208697322237e-01 6.173034667232304429e-01 6.709689013116912903e-01 3.905322108907936518e-01 9.578514905359536424e-02 6.573775711777798403e-01
-2.000000000000000000e+00 7.185776161446687516e-01 4.917863305438560095e-01 7.748449864515647434e-01 7.785974243436011299e-01 1.653223607836880049e-01 5.505188517234889112e-01
-1.000000000000000000e+00 5.582226628172328731e-01 3.367624376813631581e-01 7.060122553010512725e-01 6.485619870245734608e-01 2.900665665770967294e-01 4.093129903266153335e-01
0.000000000000000000e+00 3.748937695644151136e-01 2.626124772529644935e-01 5.310498284817155579e-01 5.203056106686447801e-01 5.255862764135246223e-01 3.381357944146701766e-01
1.000000000000000000e+00 1.791595266333094738e-01 6.354627696430095729e-03 3.105410623170785089e-01 3.311492593621818692e-01 3.584418437328144580e-01 6.937514601669109160e-02
2.000000000000000000e+00 4.958279057273796281e-03 -9.211932983344593706e-02 1.313129634283710656e-01 1.067115698777175298e-01 1.660005127743067743e-01 -4.819861573448107339e-02
3.000000000000000000e+00 -1.872299341485031410e-01 -7.446218823909851736e-02 -1.379366331933146728e-01 1.982930162367584626e-01 2.537064096904454447e-01 -9.869620636573041284e-02
4.000000000000000000e+00 -1.492559982337220703e-01 1.092664674751260903e-02 -3.443512905669023905e-01 -2.499730210315872017e-02 2.407357264247463394e-02 -8.295952253987738667e-02
5.000000000000000000e+00 -1.220718594755052927e-01 -2.078100518353400566e-02 -2.209188321212063599e-01 -4.759406717472920365e-03 3.536533918339797022e-01 -6.040884548421894540e-02
6.000000000000000000e+00 -3.015995924092313429e-01 -1.392527427929756700e-01 -2.155558529964487213e-01 -4.625963459453490828e-02 1.320862763675021423e-01 -1.517662124408517277e-01
7.000000000000000000e+00 -2.809901489900450411e-01 -2.199195086534246335e-01 -3.414657737533932091e-01 -1.977408277943613624e-01 -2.309053472975970966e-01 -2.264440089053459393e-01
8.000000000000000000e+00 -3.335505269461469524e-01 -1.876154722369351435e-01 -2.481000414374964214e-01 -1.345882842154404457e-01 2.509947184248820795e-01 -1.852705492445203550e-01
9.000000000000000000e+00 -2.611947429243520746e-01 -4.885876300520902021e-02 -2.319109164016435187e-01 -4.124831355274464206e-01 -2.224942077508807181e-01 -4.971548037675793674e-02
1.000000000000000000e+01 -8.419438469747812792e-02 -1.844729839753010969e-01 -1.188186659223365305e-01 -5.568336581074424529e-01 -5.710922562966606053e-01 -1.125799467823164896e-01
1.100000000000000000e+01 7.899126776531167904e-02 -4.044600733137657111e-02 4.534643718020672787e-02 -3.513733280052967478e-01 -5.782098984925851948e-01 -1.019575083175941477e-02
1.200000000000000000e+01 2.745528457193537331e-01 1.955608715607671244e-01 1.188007043108401523e-02 -1.461961466659822406e-01 -5.461064911368325170e-01 1.082263344253763110e-01
1.300000000000000000e+01 3.839748253396132460e-01 2.847345480401146656e-01 2.584278986228645270e-01 3.528992691269123849e-01 2.402069246843136496e-01 1.478399902357276363e-01
1.400000000000000000e+01 4.675175513152288742e-01 4.737533938979368586e-01 4.497191860566027710e-01 5.764230831036230018e-01 3.179308129151884321e-01 4.503502090286216064e-01
1.500000000000000000e+01 3.731578605526612025e-01 3.053898446858687166e-01 4.295324232740488357e-01 4.935929354355054199e-01 2.174429964924367575e-01 3.971252410534903965e-01
1.600000000000000000e+01 2.522615386154386519e-01 2.466115853730934671e-01 2.751348790845495884e-01 3.363523108751471646e-01 4.765051528011298165e-01 4.362377639081935765e-01
1.700000000000000000e+01 1.230650780344707540e-01 1.520216673852198830e-01 8.365784775226219050e-02 3.005124024155026441e-01 6.273694795340430952e-01 3.669846429562918511e-01
1.800000000000000000e+01 -3.375836600267903553e-01 -1.535124300189932567e-01 2.294951870926961734e-02 2.483884301679009088e-01 5.957651158354090315e-01 3.709124052263436389e-02
1.900000000000000000e+01 -4.012812128397693079e-01 -1.887889915285916043e-01 6.911049956780287995e-02 2.687099241813893369e-01 8.610094000663183478e-02 -1.918394438936411595e-01
2.000000000000000000e+01 -1.855744362966829653e-02 -5.771537928286369912e-01 2.120461326226887877e-01 -3.159098607094169564e-01 -6.936238358221931133e-01 -7.489679744236086290e-01
