# time shift (tau) 	 correlation coefficient 	 number of simulations: 10000	 FR: True	 RSS: True
-1.000000000000000000e+01 2.200000000000000000e+01
-9.000000000000000000e+00 6.600000000000000000e+01
-8.000000000000000000e+00 8.000000000000000000e+01
-7.000000000000000000e+00 6.500000000000000000e+01
-6.000000000000000000e+00 9.500000000000000000e+01
-5.000000000000000000e+00 1.690000000000000000e+02
-4.000000000000000000e+00 2.570000000000000000e+02
-3.000000000000000000e+00 2.510000000000000000e+02
-2.000000000000000000e+00 3.520000000000000000e+02
-1.000000000000000000e+00 2.950000000000000000e+02
0.000000000000000000e+00 2.329000000000000000e+03
1.000000000000000000e+00 1.260000000000000000e+03
2.000000000000000000e+00 3.280000000000000000e+02
3.000000000000000000e+00 3.840000000000000000e+02
4.000000000000000000e+00 7.910000000000000000e+02
5.000000000000000000e+00 1.194000000000000000e+03
6.000000000000000000e+00 6.070000000000000000e+02
7.000000000000000000e+00 3.020000000000000000e+02
8.000000000000000000e+00 4.810000000000000000e+02
9.000000000000000000e+00 8.900000000000000000e+01
1.000000000000000000e+01 1.370000000000000000e+02
1.100000000000000000e+01 1.500000000000000000e+01
1.200000000000000000e+01 9.000000000000000000e+00
1.300000000000000000e+01 2.000000000000000000e+00
1.400000000000000000e+01 5.100000000000000000e+01
1.500000000000000000e+01 3.690000000000000000e+02
