# time shift (tau) 	 correlation coefficient 	 number of simulations: 10000	 FR: True	 RSS: True
-1.000000000000000000e+01 1.320000000000000000e+02
-9.000000000000000000e+00 3.000000000000000000e+02
-8.000000000000000000e+00 3.680000000000000000e+02
-7.000000000000000000e+00 1.370000000000000000e+02
-6.000000000000000000e+00 4.000000000000000000e+00
-5.000000000000000000e+00 8.000000000000000000e+00
-4.000000000000000000e+00 4.000000000000000000e+00
-3.000000000000000000e+00 7.000000000000000000e+00
-2.000000000000000000e+00 3.100000000000000000e+01
-1.000000000000000000e+00 1.660000000000000000e+02
0.000000000000000000e+00 3.973000000000000000e+03
1.000000000000000000e+00 2.021000000000000000e+03
2.000000000000000000e+00 4.800000000000000000e+01
3.000000000000000000e+00 1.800000000000000000e+01
4.000000000000000000e+00 8.000000000000000000e+00
5.000000000000000000e+00 8.100000000000000000e+01
6.000000000000000000e+00 1.060000000000000000e+02
7.000000000000000000e+00 2.100000000000000000e+01
8.000000000000000000e+00 2.900000000000000000e+01
9.000000000000000000e+00 2.800000000000000000e+01
1.000000000000000000e+01 0.000000000000000000e+00
1.100000000000000000e+01 2.000000000000000000e+00
1.200000000000000000e+01 1.000000000000000000e+00
1.300000000000000000e+01 1.600000000000000000e+01
1.400000000000000000e+01 2.220000000000000000e+02
1.500000000000000000e+01 2.269000000000000000e+03
