# time shift (tau) 	 correlation coefficient 	 number of simulations: 40000	 FR: True	 RSS: True
-1.000000000000000000e+01 2.720000000000000000e+02
-9.000000000000000000e+00 1.800000000000000000e+01
-8.000000000000000000e+00 3.000000000000000000e+01
-7.000000000000000000e+00 1.200000000000000000e+01
-6.000000000000000000e+00 5.000000000000000000e+00
-5.000000000000000000e+00 2.000000000000000000e+00
-4.000000000000000000e+00 0.000000000000000000e+00
-3.000000000000000000e+00 1.000000000000000000e+00
-2.000000000000000000e+00 0.000000000000000000e+00
-1.000000000000000000e+00 2.400000000000000000e+01
0.000000000000000000e+00 7.940000000000000000e+02
1.000000000000000000e+00 6.550000000000000000e+03
2.000000000000000000e+00 2.372600000000000000e+04
3.000000000000000000e+00 4.822000000000000000e+03
4.000000000000000000e+00 2.610000000000000000e+02
5.000000000000000000e+00 3.600000000000000000e+01
6.000000000000000000e+00 1.260000000000000000e+02
7.000000000000000000e+00 2.000000000000000000e+01
8.000000000000000000e+00 9.000000000000000000e+00
9.000000000000000000e+00 1.600000000000000000e+01
1.000000000000000000e+01 9.600000000000000000e+01
1.100000000000000000e+01 3.650000000000000000e+02
1.200000000000000000e+01 1.030000000000000000e+02
1.300000000000000000e+01 1.070000000000000000e+02
1.400000000000000000e+01 2.090000000000000000e+02
1.500000000000000000e+01 2.396000000000000000e+03
