# time shift (tau) 	 correlation coefficient 	 number of simulations: 10000	 FR: True	 RSS: True
-1.000000000000000000e+01 2.933000000000000000e+03
-9.000000000000000000e+00 6.250000000000000000e+02
-8.000000000000000000e+00 1.308000000000000000e+03
-7.000000000000000000e+00 2.610000000000000000e+02
-6.000000000000000000e+00 1.410000000000000000e+02
-5.000000000000000000e+00 5.100000000000000000e+01
-4.000000000000000000e+00 2.000000000000000000e+00
-3.000000000000000000e+00 1.000000000000000000e+00
-2.000000000000000000e+00 1.000000000000000000e+00
-1.000000000000000000e+00 1.370000000000000000e+02
0.000000000000000000e+00 8.810000000000000000e+02
1.000000000000000000e+00 2.870000000000000000e+02
2.000000000000000000e+00 2.060000000000000000e+02
3.000000000000000000e+00 5.180000000000000000e+02
4.000000000000000000e+00 4.000000000000000000e+00
5.000000000000000000e+00 4.100000000000000000e+01
6.000000000000000000e+00 1.920000000000000000e+02
7.000000000000000000e+00 1.195000000000000000e+03
8.000000000000000000e+00 3.630000000000000000e+02
9.000000000000000000e+00 1.290000000000000000e+02
1.000000000000000000e+01 4.000000000000000000e+01
1.100000000000000000e+01 1.110000000000000000e+02
1.200000000000000000e+01 1.300000000000000000e+01
1.300000000000000000e+01 4.000000000000000000e+00
1.400000000000000000e+01 1.130000000000000000e+02
1.500000000000000000e+01 4.430000000000000000e+02
