# # time shift (tau) UVW2 Cont1150_not_optical_calibrated LyAlpha_not_optical_calibrated HBeta_not_optical_calibrated OI8446_not_optical_calibrated Cont1460_not_optical_calibrated
-1.000000000000000000e+01 2.167341327203368140e-01 1.778835729344933059e-01 -3.636586196651102609e-01 -3.680267983899476736e-01 -3.531706776282285132e-01 8.960913004615415900e-02
-9.599999999999999645e+00 3.246305517851301170e-01 1.581265624959841687e-01 -3.229579268105519096e-01 -3.358544487812250567e-01 -3.136445681610927627e-01 6.969004543741748325e-02
-9.199999999999999289e+00 3.526025117966641309e-01 1.830807962728394633e-01 -3.768935354767098955e-01 -1.961264824232240023e-01 -3.056746627940556404e-01 7.711097928170956850e-02
-8.799999999999998934e+00 3.627617182296341003e-01 1.555342934646986308e-01 -3.192089864900282681e-01 -1.183958095856433440e-02 -2.278973520035044997e-01 6.163575262741672472e-02
-8.399999999999998579e+00 2.037297732455341237e-01 3.228787087162984792e-01 -1.952330757496134050e-01 -1.693110449912131887e-01 -2.963070759864074866e-01 2.339730982040513774e-01
-7.999999999999998224e+00 3.054488095856239815e-01 3.814093483055303047e-01 -7.802724052537189647e-02 -3.432862378833871908e-01 -3.508122959242466754e-01 2.879552205837712098e-01
-7.599999999999997868e+00 4.423758275554978692e-01 3.453558039052093687e-01 -9.426591963682523501e-02 -4.303197619299027332e-01 -4.464029034821497266e-01 2.680160201322110414e-01
-7.199999999999997513e+00 4.203468309588632712e-01 2.653642099076188310e-01 -9.608097148560887368e-02 -3.056720317405672849e-01 -3.862390735985121726e-01 1.756412105493897480e-01
-6.799999999999997158e+00 4.798331532450503256e-01 1.415139682323473536e-01 -4.402963794264298791e-02 -8.152525295884396894e-02 -2.807863181323186907e-01 6.215023425085926256e-02
-6.399999999999996803e+00 3.598827409547171174e-01 1.410640342136055825e-01 4.424157571515527354e-02 -3.198103238522129882e-02 -3.354102737727148176e-01 6.019589756655916585e-02
-5.999999999999996447e+00 3.760291384046488550e-01 1.284867237942355633e-01 8.686797809951973814e-02 -4.187426024585542972e-02 -2.645689525864838298e-01 6.326925544081470065e-02
-5.599999999999996092e+00 3.109498943025198470e-01 1.519142251359311968e-01 8.163632599171859183e-02 -8.300189060564160115e-02 -2.997263231258857630e-01 8.545831044654875197e-02
-5.199999999999995737e+00 2.206197683106448926e-01 1.371608965914952183e-01 7.492811464368290264e-02 -9.087623535124483842e-02 -2.564876835178605541e-01 6.035679347283660900e-02
-4.799999999999995381e+00 2.288382306191957261e-01 1.103544589683783661e-01 5.253462546648376974e-02 -1.081748549933584658e-01 -1.826019404900914023e-01 3.733085367207174265e-02
-4.399999999999995026e+00 1.328456094606063065e-01 1.243759444727260063e-02 7.842626583235123849e-02 -2.596868412572825302e-01 -2.778240746311830822e-01 -1.892653316981733960e-02
-3.999999999999994671e+00 9.401342922340236163e-02 -8.783757967051317173e-02 1.325096059617230648e-01 -3.375415007284775504e-01 -2.288225754713206495e-01 -7.295719678491946469e-02
-3.599999999999994316e+00 4.408726137851161006e-03 -7.552429546721424469e-02 1.662478250969095794e-01 -2.232544502235720985e-01 -2.251146880378175064e-01 -5.586263239958969007e-02
-3.199999999999993960e+00 1.907771065274998373e-02 -5.680685380969437842e-02 1.093052979350995768e-01 -1.310054592264692230e-01 -1.561506405878071990e-01 -6.708953230170539017e-02
-2.799999999999993605e+00 -3.944364951851096757e-03 7.458240523064776917e-03 1.429073276146898552e-01 3.474899300421704224e-02 -4.221098008315726097e-02 -7.233638458876853750e-03
-2.399999999999993250e+00 -3.690018356527498267e-03 -1.200931917937798910e-01 1.887804340197312691e-01 1.471582313376577564e-02 -2.927706828817719723e-02 -1.164192514774617104e-01
-1.999999999999992895e+00 -3.969090468441841685e-02 -1.856186699421704667e-01 2.258666999533670006e-01 2.850336173168209475e-02 1.972112782759642344e-02 -1.555565933826534852e-01
-1.599999999999992539e+00 -1.660536465613224044e-01 -2.472446853497167196e-01 2.317656945328834539e-01 2.499914114492061620e-02 1.006300798694259591e-01 -1.986048996468777472e-01
-1.199999999999992184e+00 -2.514689411095114568e-01 -3.514512934641824682e-01 1.285130795569541795e-01 -7.002946207581550730e-02 9.991850444460982639e-02 -3.048323706412446876e-01
-7.999999999999918288e-01 -3.003016751298701603e-01 -3.876695475163679516e-01 4.361362846504905633e-02 -5.755500525644990234e-02 8.033265385742166531e-02 -3.474729240431416732e-01
-3.999999999999914735e-01 -4.266136371963220042e-01 -5.014153754354445658e-01 -1.251766136594855694e-01 -4.581438734287177766e-02 -2.578783581369420083e-02 -4.787427318659739361e-01
8.881784197001252323e-15 -4.637772113978221311e-01 -4.466760489227470932e-01 -1.779186605873154803e-01 4.710944263801898624e-02 -6.690820776412345627e-02 -4.423346962153634210e-01
4.000000000000092371e-01 -5.003438005150362411e-01 -6.274353363811964179e-01 -3.184145108900154897e-01 -1.482552883892143125e-01 -5.569865096241086166e-02 -6.419426502446596849e-01
8.000000000000095923e-01 -5.564696173218746100e-01 -6.454761182256061325e-01 -4.080776869892981384e-01 -3.207041897456806012e-01 -2.488066646283813160e-02 -6.801421610989926148e-01
1.200000000000009948e+00 -6.112459374361192133e-01 -6.312069912077713507e-01 -5.030062609122765149e-01 -4.394371115395080962e-01 -4.934542124679368313e-02 -6.759800182034978455e-01
1.600000000000010303e+00 -6.378658535192925916e-01 -6.621984072284046174e-01 -6.101130883538679051e-01 -5.615715606243028013e-01 -1.502128736576713863e-01 -7.056579884503194622e-01
2.000000000000010658e+00 -6.096269740353670308e-01 -5.813189084233079118e-01 -5.887276393113667350e-01 -5.585864646285156887e-01 -1.956923328859336841e-01 -6.138647324257786586e-01
2.400000000000011013e+00 -6.215882520733368999e-01 -5.678806048845882470e-01 -6.724576529824981552e-01 -5.523863721048921649e-01 -2.199629516034445342e-01 -6.046248417567650080e-01
2.800000000000011369e+00 -5.844158458319890226e-01 -4.268284578362362414e-01 -6.196240803810291187e-01 -4.232932823256256305e-01 -1.736417969256945359e-01 -4.686816379824542134e-01
3.200000000000011724e+00 -5.042868544627406857e-01 -3.623737325759222028e-01 -6.519309972644593554e-01 -4.005087335184431829e-01 -1.396925045019312972e-01 -4.292165406582275633e-01
3.600000000000012079e+00 -3.885245053105602642e-01 -2.564385210021307704e-01 -6.201960849511856111e-01 -3.572105181765261595e-01 -1.307848534681805008e-01 -3.591870752987768034e-01
4.000000000000012434e+00 -3.563957105844914874e-01 -1.520105531572665813e-01 -5.277602090239886801e-01 -2.786756465578110742e-01 -7.129906171607092169e-02 -2.624726948128578430e-01
4.400000000000012790e+00 -3.136847807902606866e-01 -2.502906544159986257e-01 -5.049286448250234205e-01 -4.044037813698911910e-01 -9.149082222718038504e-02 -3.193715664301310930e-01
4.800000000000013145e+00 -3.917586317325735812e-01 -2.687133775561761917e-01 -3.598574023410894829e-01 -4.153770033024681840e-01 -6.921017171239934873e-02 -2.825399987013649805e-01
5.200000000000013500e+00 -4.677247341094828981e-01 -3.240522497279182401e-01 -4.633731773065060677e-01 -4.821693050135126279e-01 -8.339004044905043433e-02 -3.347151856503364220e-01
5.600000000000013856e+00 -5.094284498658425697e-01 -3.486507779908007976e-01 -5.353639638490276242e-01 -4.589370755759750731e-01 -1.350049961836789214e-01 -3.740881946216420006e-01
6.000000000000014211e+00 -5.156481167782163144e-01 -3.000553550981036044e-01 -5.082850072839981692e-01 -3.850790449308270635e-01 -1.667485595777976892e-01 -3.332233968315460038e-01
6.400000000000012790e+00 -4.009274101878321228e-01 -3.412627345752390906e-01 -5.330604280118478311e-01 -4.530994320765623917e-01 -3.584024236488423387e-01 -3.775023978783416667e-01
6.800000000000014921e+00 -3.539162784670367712e-01 -2.933493062030987919e-01 -4.474221397806093514e-01 -4.195627635521762544e-01 -4.252106419223317113e-01 -3.298616315564684154e-01
7.200000000000017053e+00 -2.433642325800773332e-01 -3.511898334095507335e-01 -4.072887215811727968e-01 -4.391757055183692637e-01 -3.953897316417438468e-01 -3.774840858270331334e-01
7.600000000000015632e+00 -2.805405010435235713e-01 -4.226026149450511360e-01 -3.526666360989614835e-01 -4.525579266173636039e-01 -2.035986600921675937e-01 -4.320641575542172874e-01
8.000000000000014211e+00 -3.145186592659695579e-01 -3.537228274280987406e-01 -2.513126219027241870e-01 -3.850194667279703831e-01 -6.371350814027218479e-02 -3.428187125665369539e-01
8.400000000000016342e+00 -3.335354216485961198e-01 -3.052102521121081158e-01 -2.889391726978691732e-01 -4.969249000853962484e-01 -3.987507621135126801e-01 -2.834594339097377680e-01
8.800000000000018474e+00 -2.479674312771248390e-01 -1.211843355035887582e-01 -1.936804062292131201e-01 -4.258840089323093769e-01 -5.267222142537609786e-01 -9.312696323668041842e-02
9.200000000000017053e+00 -1.207778366023146976e-01 -1.426974350347790244e-01 -2.454430752609375044e-01 -4.633818933906764803e-01 -6.043684493189613871e-01 -1.185947282027980387e-01
9.600000000000015632e+00 2.254927274964299219e-02 -1.418177390784069458e-01 -2.409576345622655158e-01 -3.841338770868695796e-01 -4.878535104200838468e-01 -1.284906654637847923e-01
1.000000000000001776e+01 7.494456562298827673e-02 -2.303246686594781489e-02 -7.175054263746862004e-02 -2.983598681237717987e-01 -4.164159014910706613e-01 -1.094518936647385920e-02
1.040000000000001990e+01 2.378785485064818794e-01 6.550951535711280194e-02 2.364485779060336579e-02 -3.881893904591984246e-01 -4.545250357057974422e-01 5.479482307383899686e-02
1.080000000000001847e+01 2.728254450508247886e-01 1.429876706946531795e-01 1.479370344515379132e-01 -3.248944413406427700e-01 -3.187316378529573280e-01 1.308114328938247972e-01
1.120000000000001705e+01 2.182378577818999688e-01 1.634869295859070759e-01 1.527937026877562721e-01 -2.523535452566507686e-01 -2.924273114007389096e-01 1.575003548674860365e-01
1.160000000000001918e+01 2.185619624058994237e-01 1.214874281798399291e-01 8.135611970783367120e-02 -1.237961761235183977e-01 -1.542077571682267945e-01 1.283092583962697764e-01
1.200000000000002132e+01 1.954812367477333779e-01 1.382738607907357253e-01 9.020616411070403462e-02 4.502235993735776570e-02 -1.814377382933043403e-01 1.153191677932736137e-01
1.240000000000001990e+01 2.456731426607628999e-01 3.260185844587024095e-02 1.335560576961148382e-01 2.463081055211209791e-01 -1.129926512121024185e-01 -2.794226450372259973e-02
1.280000000000001847e+01 2.492181157605153907e-01 5.599783289746045056e-02 2.890939390072534421e-01 4.390471470468539916e-01 2.378189106455925322e-02 -7.196860774080438006e-03
1.320000000000002061e+01 2.973496788796756163e-01 1.432969429879941137e-01 2.682252038662811811e-01 5.002209535152224440e-01 1.497011227599562844e-01 5.770432760487173574e-02
1.360000000000002274e+01 2.456602112386670200e-01 2.065132188734590257e-01 1.576074899847064170e-01 3.997608021525803634e-01 2.223207223883180705e-01 1.340152714945959112e-01
1.400000000000002132e+01 1.893587206377131404e-01 3.454040173518815315e-01 1.902591822281976541e-01 4.815452023504090961e-01 4.093352132389403986e-01 2.857876510510829471e-01
1.440000000000001990e+01 1.387628386565153277e-02 3.615595956099402208e-01 1.961725362134322248e-01 5.336054614136194196e-01 5.603967303883548023e-01 2.877462684652261071e-01
1.480000000000002203e+01 8.384380980083375873e-03 2.405403026676136979e-01 9.893371982279414167e-02 3.259388830262265890e-01 4.068494922980526174e-01 1.802273077828255854e-01
1.520000000000002416e+01 1.483255725736448150e-01 2.038501541111529258e-01 1.035472985681081259e-01 1.486854618895159519e-01 2.269517807689049871e-01 2.466594305777874141e-01
