# # time shift (tau) HDelta HGamma HeII4685 HBeta HeI5875 HAlpha HeI5015 OI8446 HeI4471 HeI7065 OIII5007 LyALpha
-1.000000000000000000e+01 8.484613113556838115e-02 1.361436409368201317e-01 4.106892583285920439e-02 2.307706389533523139e-01 -1.207809177740607198e-01 -1.792767995147752091e-01 -2.073737496982257233e-02 1.499116868517538226e-01 -8.939890318829794846e-02 1.296017167226175548e-01 -6.215409725849471018e-02 -2.206777835084488548e-01
-9.000000000000000000e+00 -6.407226061283331775e-02 4.354496118327367410e-02 -6.568965250238337217e-02 1.186783885376910680e-01 -1.528630804554027001e-01 -1.576100326954197328e-01 -1.414689577159640443e-01 2.074140122594736457e-01 -2.547217336140487065e-01 6.930826246508131616e-02 -1.940573977001028017e-01 -2.559289324618302386e-01
-8.000000000000000000e+00 -1.426554024670932674e-01 -5.512470846001987085e-02 8.864695443515747258e-03 2.987699544070340774e-02 -2.300507276271814838e-01 -2.259742593237518693e-01 -1.998015385468828731e-01 7.236402384776255414e-02 -4.128194854048162776e-01 -4.978294915332730913e-02 -3.004040630931243960e-01 -2.185965491412718009e-01
-7.000000000000000000e+00 -7.828215232453795969e-02 -6.092761990880458944e-02 2.021674501799500534e-01 -9.260790248481236275e-02 -3.224693665948477062e-01 -3.001138309884189281e-01 -3.087670594672614621e-01 -1.661532007203683770e-01 -5.053965922970262703e-01 -6.671864874100859322e-02 -4.164095739405115904e-01 -5.804764636229877567e-02
-6.000000000000000000e+00 2.817318261372908986e-02 8.278519834274999933e-02 3.315481909306292607e-01 3.714680537946360439e-02 -2.038035494082519328e-01 -2.339648223933484261e-01 -3.748595897996908621e-01 -1.320561149314727623e-01 -4.848520808860185549e-01 6.802122368761218119e-02 -4.628217792168288214e-01 9.486042817479968525e-02
-5.000000000000000000e+00 1.143703510489439412e-01 1.479179050987379784e-01 3.776429667243175192e-01 2.232599612500624775e-01 -7.728975880559338374e-02 -1.555005118533994146e-01 -3.307976784070708609e-01 -1.351077401824504753e-01 -2.878625475469057116e-01 1.360734468859039759e-01 -4.019526570439328483e-01 1.631445681526436098e-01
-4.000000000000000000e+00 4.621885554113652067e-02 9.770667326375331863e-02 2.920814239656258637e-01 2.514996957649516807e-01 -1.288734863691862187e-01 -1.616518735112383587e-01 -3.697787057052865367e-01 -1.767502082212747405e-01 -1.128139330719198363e-01 2.216274150974449908e-01 -4.313123202685818502e-01 1.207756791682971925e-01
-3.000000000000000000e+00 5.974506705791940431e-02 8.925204463417615863e-02 2.615701147070259025e-01 2.509896146780963289e-01 6.633736771538981114e-02 -5.326440863320720115e-02 -4.786387328532362151e-01 -1.051506766016205852e-01 -9.275135623552771547e-02 1.499716393329267317e-01 -5.513375903175582460e-01 2.265377701056524029e-01
-2.000000000000000000e+00 2.378461037456320315e-01 2.070687280490692839e-01 3.793041432208953401e-01 3.266518883038147525e-01 2.895084501097363594e-01 1.036377792819042493e-01 -4.636161132854664801e-01 -7.315516473475364156e-02 -1.388918507597334540e-01 4.799080113001449877e-02 -6.242735452077651237e-01 3.658262395720781601e-01
-1.000000000000000000e+00 5.023347174780128377e-01 4.335062821662445387e-01 6.234159894838171567e-01 4.531568502522306252e-01 4.248344818988347704e-01 2.389788873715474327e-01 -3.259320360565164387e-01 5.797422494445980679e-02 -9.475687446152646076e-02 9.971884139896018684e-03 -5.822519298312831548e-01 5.682027678159067285e-01
0.000000000000000000e+00 7.393276621965729767e-01 6.748773859478571779e-01 8.360111625856079254e-01 6.347391603698394613e-01 6.120700180167135684e-01 4.958433563621537088e-01 -7.333987051026381876e-02 2.705733696511691266e-01 1.555949845997494918e-01 1.109751107978355633e-01 -3.921510260951052151e-01 8.027661469050835219e-01
1.000000000000000000e+00 8.724707916516498685e-01 8.036168542014110461e-01 8.373987437794234712e-01 7.600534914395883357e-01 6.482120041800933929e-01 5.936664263634110483e-01 1.071049744423870076e-01 3.180421029437822122e-01 2.991629396964665677e-01 4.224124557616226738e-01 -2.186432141230425230e-01 8.444585180710553196e-01
2.000000000000000000e+00 8.414688883705752076e-01 8.674919668711664755e-01 7.088348233420294076e-01 8.662158217662869752e-01 7.367357367415380276e-01 6.705719080946004329e-01 1.754786612636637932e-01 4.557357110733725736e-01 5.690933938719004992e-01 6.238681495073015171e-01 -1.407049550038164398e-01 8.471249924521456753e-01
3.000000000000000000e+00 6.720830860639075421e-01 7.835159998838341355e-01 3.437552984904619358e-01 8.699259283552130961e-01 7.763880517248292756e-01 7.305586646938384554e-01 1.975204149874818238e-01 5.576494340255626625e-01 4.374467466180574360e-01 5.971510357121138091e-01 -1.028211289442685500e-01 6.820193320461882536e-01
4.000000000000000000e+00 5.528517401421423338e-01 5.835232004487620472e-01 2.162733970911035752e-01 7.343788798007222507e-01 6.984688739741167218e-01 6.490397422611325906e-01 2.358493194328659948e-01 5.205500799159563652e-01 2.867545837946505194e-01 4.234761905877642563e-01 -9.434097062140639478e-02 6.180227241434189667e-01
5.000000000000000000e+00 5.337209503000663879e-01 5.103373030132538624e-01 3.585683765989879923e-01 6.758975273223759572e-01 5.421408382762881173e-01 6.615022674860290275e-01 2.627535970496001072e-01 4.781653195122663735e-01 2.514110224889440914e-01 1.272795609727802868e-01 -4.533136906161573665e-02 5.815613631342881895e-01
6.000000000000000000e+00 6.228350744368295056e-01 5.079510572190775175e-01 5.202923214476450342e-01 5.756793316056298959e-01 3.830572920833361650e-01 5.479455824256466157e-01 1.647353361000044591e-01 3.611130543929697012e-01 2.565060872685410720e-01 4.008542026138273151e-02 -4.660579066179995622e-02 5.315065402244113502e-01
7.000000000000000000e+00 6.125561278015065891e-01 5.739982420530085339e-01 5.153207016697310960e-01 5.177832158551162189e-01 3.333628146586179453e-01 4.346331314700336290e-01 1.815803376386520562e-01 4.501894668551648104e-01 4.674537043760493837e-01 -8.238907651726880277e-02 1.554886187370960876e-02 3.741048411906887639e-01
8.000000000000000000e+00 4.992278633536980648e-01 5.287100514626630332e-01 4.427922201317663342e-01 4.815841414398392972e-01 1.989642102472232166e-01 2.327344068732730142e-01 2.291879733626370763e-01 4.128799319467653106e-01 7.681802137453037638e-01 -3.033771052233173726e-02 1.488181489171177818e-01 2.347628043931438424e-01
9.000000000000000000e+00 2.661480749755825159e-01 1.712401846406731709e-01 6.018105871851728295e-02 2.780116689778157069e-01 1.039344166521891377e-01 -2.863305159994183197e-02 -5.625510922668119917e-02 9.718687525262816040e-02 6.453552004260465491e-01 -8.414704695126795642e-02 -1.507689989678793197e-01 2.945418282206640342e-02
1.000000000000000000e+01 2.935802053834722647e-03 -5.154377837678351948e-02 -2.272867570849467223e-01 1.323116020819997130e-01 5.986428351234737710e-02 1.001198166841225506e-01 9.586719024572411263e-02 5.012453670729263844e-02 3.147134331778081440e-01 6.783683255125713685e-02 -2.001191814843024386e-02 -2.886327654664577747e-02
1.100000000000000000e+01 -1.395783654709892574e-01 -1.324264427311467596e-01 -3.266695350224724792e-01 -8.074745538466852196e-03 -2.337100688782534769e-02 2.305296725898516863e-01 1.494107173256267185e-01 1.486998860063871164e-01 -3.248980010206299340e-01 9.389281334804930323e-02 -1.961240505200622652e-01 -1.650496622017215420e-02
1.200000000000000000e+01 -1.350419934957427515e-01 -9.884401618152663382e-02 -5.786978523295879112e-02 -2.482751235432592019e-01 -2.137153113174728447e-01 1.275148802082068933e-01 -2.704677097601730293e-02 -4.108772821840114137e-02 -5.862717501895954308e-01 -6.776936675610306660e-02 -4.396440836164481336e-01 1.028678184903313725e-01
1.300000000000000000e+01 -1.528312909899879057e-01 1.537259453282428107e-02 1.667221038678390332e-01 -2.369879804554032021e-01 -1.672922244228132183e-01 -9.059209616686408895e-02 -2.327485147920539399e-01 -1.037854234305953111e-01 -5.392844464018424766e-01 2.246743639925418909e-02 -3.977572399401235193e-01 1.303203357111208383e-01
1.400000000000000000e+01 -1.052701070315747583e-01 -1.231856065421924051e-01 2.722211135489516209e-01 -1.751863410051282544e-01 -6.427459370496065028e-02 -4.320148203963022349e-01 -3.595904872129680463e-01 -3.534907014509354739e-01 -1.720526305684839108e-01 -2.783673476953901216e-01 -1.788321852285598701e-01 -1.520928838144848180e-02
1.500000000000000000e+01 2.358453239035330010e-02 -7.808596725165395380e-02 4.322643790561636612e-01 -1.169733074632201865e-02 9.582851272096137851e-02 -3.429108118966888163e-01 -4.533453164577994077e-01 -3.068922316215830226e-01 1.727675824052106179e-01 4.432453330482997306e-02 -1.207752202235826827e-01 4.816247080099168854e-02
