# # time shift (tau) Cont4010 Cont4200 Cont4440 Cont4765 Cont5100 Cont5600 Cont6045 Cont6110 Cont6880 Cont7390 Cont8015 Cont8900 Cont1150
-1.000000000000000000e+01 -3.063305564645272400e-02 1.406876894225227853e-02 9.536752882813281929e-02 -5.926471600833944225e-03 1.448699029979920727e-01 7.902220623156727686e-02 1.249355984384226126e-01 -2.185635479439312565e-02 -3.883070212823468148e-02 -4.215202846184099017e-02 -9.976714808897581277e-02 -9.070128714197353559e-02 -2.616446873207576851e-01
-9.000000000000000000e+00 8.827311329509282545e-02 1.265742753316813074e-01 1.716469726132004991e-01 9.326265387721527356e-02 1.960654309637870074e-01 1.247596284129931510e-01 1.227711852303447204e-01 -5.902072490734551480e-03 2.151659408756564223e-02 1.528940275960026518e-02 -7.152867677910446087e-02 -4.265351746690811824e-02 -1.249023530617535682e-01
-8.000000000000000000e+00 3.138393104744293116e-01 3.234302419245747573e-01 3.614323889243160615e-01 2.971863504100833442e-01 3.682068791114190831e-01 2.908953219165137383e-01 2.251457583086107772e-01 1.754083279370007298e-01 1.448426377177520763e-01 1.272372685063592468e-01 2.307116292475771407e-02 -1.963761137900338349e-03 9.081114692342504013e-02
-7.000000000000000000e+00 4.818886553626176572e-01 4.796800872967404428e-01 5.240263620101283104e-01 4.751088294805623224e-01 5.088931860934131635e-01 4.814651952096342113e-01 4.400920956647200732e-01 3.631031788355095768e-01 3.095202342060660028e-01 2.142012838639186789e-01 1.392551407297191457e-01 7.807678063055102646e-02 2.471909845612478285e-01
-6.000000000000000000e+00 6.322936951914638337e-01 6.384266262062844310e-01 6.620814542167212657e-01 6.230648729410227515e-01 6.575706564286210032e-01 6.407959041328415983e-01 5.839607831284751027e-01 5.379306357434536778e-01 5.097091186981814737e-01 4.270741054459280539e-01 3.661310621500021290e-01 3.029988782323876917e-01 3.787231289467866135e-01
-5.000000000000000000e+00 6.738026052761736384e-01 6.461804553256466077e-01 6.727026421183792682e-01 6.334893756137973675e-01 6.597275272624378850e-01 6.834043548636126175e-01 6.139331220069276229e-01 5.596725166536988816e-01 5.562896766013557537e-01 4.622598727644454675e-01 4.333953464796471700e-01 3.839672402288623054e-01 4.625575977858010779e-01
-4.000000000000000000e+00 6.564931009818368857e-01 6.150561748682712437e-01 6.353806741824258308e-01 6.055940220004139007e-01 6.173906655261713894e-01 6.531727675549788836e-01 5.866858485632986397e-01 5.376932470265312070e-01 5.247384791072127186e-01 4.408491383087791426e-01 4.137647685874510928e-01 3.851476360625776252e-01 4.677050167277849724e-01
-3.000000000000000000e+00 7.564411852043203544e-01 7.144807173392446753e-01 7.246831902751748045e-01 7.165112865688355592e-01 7.124636279259065619e-01 7.011989743756883442e-01 6.383413334610059664e-01 6.388309023002592957e-01 6.365215950630624953e-01 5.792324464949271112e-01 5.596579911666492713e-01 5.383514142004703906e-01 5.831981222752623539e-01
-2.000000000000000000e+00 8.658256187625310574e-01 8.572386568098726567e-01 8.555484735593668066e-01 8.564705284072703373e-01 8.583139315807667424e-01 8.173676725695127043e-01 7.702657165580886200e-01 7.915593231788504713e-01 7.738611995276177824e-01 7.182518050651023334e-01 6.845580545621312574e-01 6.495177886555975055e-01 7.736243134321265646e-01
-1.000000000000000000e+00 9.473776495942296538e-01 9.457995869779700637e-01 9.545463861041524334e-01 9.517159130467550687e-01 9.490712701892292102e-01 9.367840330023704531e-01 9.024545938701424852e-01 9.248568504551508695e-01 9.011434318376286834e-01 8.564688727457783202e-01 8.192893848821569680e-01 7.953598878213614665e-01 8.518324062417017561e-01
0.000000000000000000e+00 9.496750319560933740e-01 9.601290025328055311e-01 9.688753288700244770e-01 9.565010260361347383e-01 9.701691963408088926e-01 9.738836469808298535e-01 1.000000000000000000e+00 9.855944319487347505e-01 9.758894685196385366e-01 9.453889640037663744e-01 9.239854212724057936e-01 9.171997477228851503e-01 7.894272562230538748e-01
1.000000000000000000e+00 8.190548531410875022e-01 8.370504856808942407e-01 8.589728092682178406e-01 8.141266287206375685e-01 8.573569544624531913e-01 8.741407117501986956e-01 9.024545938701424852e-01 8.720185997343898876e-01 9.094476024842051975e-01 9.025147084416409449e-01 8.887951844475687757e-01 9.009408707235049274e-01 5.932959810308396920e-01
2.000000000000000000e+00 7.044642488928624102e-01 7.193243214766165128e-01 7.341381158510799088e-01 6.647248286407250184e-01 7.304195689336737685e-01 7.330691371215662944e-01 7.702657165580886200e-01 7.319153044420524390e-01 8.045097910517871043e-01 8.259592897519794086e-01 8.048680968658088464e-01 8.549236605497992914e-01 4.310550297601690728e-01
3.000000000000000000e+00 5.920369545883074069e-01 6.100023115127950479e-01 6.360542891333822446e-01 5.743141492754740840e-01 6.139218912728273692e-01 5.861834650425142845e-01 6.383413334610059664e-01 6.298926536925341102e-01 6.683564106410614380e-01 7.006718810590419899e-01 6.514254938262110661e-01 7.248201357438530668e-01 3.894403324191150206e-01
4.000000000000000000e+00 5.416576375105128793e-01 5.975040085674465651e-01 5.941196135249990906e-01 5.551223106655119865e-01 5.755350190703614199e-01 5.337578399141384988e-01 5.866858485632986397e-01 5.841333332138728407e-01 5.944420784218810150e-01 6.070691789514298664e-01 5.219496081320387226e-01 5.989627986763599310e-01 3.965128296535553876e-01
5.000000000000000000e+00 6.151181916777918035e-01 6.679161492103042885e-01 6.540032547438000554e-01 6.121930420929455607e-01 6.216201082844219350e-01 6.050921649774578803e-01 6.139331220069276229e-01 6.274126997239806158e-01 6.369939160616795437e-01 6.190942034113197101e-01 6.195054672980988553e-01 6.283075861727152045e-01 5.917622364032160132e-01
6.000000000000000000e+00 5.882190332736165761e-01 6.106351275525008226e-01 6.153504315575487604e-01 5.990849987462971704e-01 5.877559930574209890e-01 6.150602089642389636e-01 5.839607831284751027e-01 5.945025271779484921e-01 5.749260343899209591e-01 5.198797524923441937e-01 5.385389048864093198e-01 5.504746589341645846e-01 6.309742230478188052e-01
7.000000000000000000e+00 4.806750189670364604e-01 4.774359486780964668e-01 4.658485599225556939e-01 4.904089163699481002e-01 4.716394423446479411e-01 5.067906268611309661e-01 4.400920956647200732e-01 4.526631444608024690e-01 4.604252291390183993e-01 4.025532159766444518e-01 3.806299064188515269e-01 4.564242677868604603e-01 5.206068561510438508e-01
8.000000000000000000e+00 2.979289794254498247e-01 2.436995338364165153e-01 2.876120230638188335e-01 2.717410508623681609e-01 2.779124262432777770e-01 2.579794825305197215e-01 2.251457583086107772e-01 2.251746244077552916e-01 2.330335441242090688e-01 1.795975816660327906e-01 1.707524941952772712e-01 2.320985129870796748e-01 2.639530756967787273e-01
9.000000000000000000e+00 1.685205718543641429e-01 1.197450873287069228e-01 2.184308887836557689e-01 1.489034928784317147e-01 1.634580527466962252e-01 1.027490834218397486e-01 1.227711852303447204e-01 8.891493658736218664e-02 1.187969682796315984e-01 7.616334487138104459e-02 9.148953431898659838e-02 8.519676232006960503e-02 8.193777284960598872e-02
1.000000000000000000e+01 1.766194129239840038e-01 1.806486244962403342e-01 1.979815718387084589e-01 1.621007615686769765e-01 1.322989414823034782e-01 9.383616906228556265e-02 1.249355984384226126e-01 1.279330237016775285e-01 1.754168186453437250e-01 2.280765041686818040e-01 2.311900944185758533e-01 1.819541724424063867e-01 1.283560696176124782e-01
1.100000000000000000e+01 2.439534086205556729e-01 2.537118493199795877e-01 1.975816908274275752e-01 2.370612082998408421e-01 1.397649373632558478e-01 2.002321972235753256e-01 1.955206533734150653e-01 2.392118310694306693e-01 2.167192462164952982e-01 2.783652363204132119e-01 2.581289136498317593e-01 1.793074710118141291e-01 3.207894177987139495e-01
1.200000000000000000e+01 3.080673961346561684e-01 2.848865571257036544e-01 2.257996312158189745e-01 3.247160681869964427e-01 2.269415178329308724e-01 3.199663511286275352e-01 2.742650520228204214e-01 3.068811077345861005e-01 2.495868253920236479e-01 2.332608497632438493e-01 2.624795689676805988e-01 1.740174858504698330e-01 3.513737586640997557e-01
1.300000000000000000e+01 3.437933499120970904e-01 2.726395489143169648e-01 2.683739849947417988e-01 3.636770736519257530e-01 3.503900030777259422e-01 3.535465932040599557e-01 3.179437687600668028e-01 3.167840250182449857e-01 2.312903153589359606e-01 1.555029447861596692e-01 1.914812498146741537e-01 1.263993359317080456e-01 2.774258963350641483e-01
1.400000000000000000e+01 3.901854934772502892e-01 3.398833899641104939e-01 3.465875962616308259e-01 4.141989437745763336e-01 4.386524877268414002e-01 3.695953375270179531e-01 3.654787204259976052e-01 3.461264825750317020e-01 2.704924755893828858e-01 1.598785972189199489e-01 1.552986217732567065e-01 1.137705297528709136e-01 4.484884646718533818e-01
1.500000000000000000e+01 5.571548936471099056e-01 5.310925950450243738e-01 5.716313720904323548e-01 5.645989337499122129e-01 6.729981213207807400e-01 5.719845679613413392e-01 6.264882262807176527e-01 5.442143040555130762e-01 4.849296019224513810e-01 4.656944851737419566e-01 4.130301002005001276e-01 4.150247313824144690e-01 4.833579873092392898e-01
