# # time shift (tau) UVW2 Cont1150_not_optical_calibrated LyAlpha_not_optical_calibrated HBeta_not_optical_calibrated OI8446_not_optical_calibrated Cont1460_not_optical_calibrated
-1.000000000000000000e+01 2.337403101506593806e-01 3.869622936688012493e-01 -8.905029968483324510e-02 4.308954742888029266e-01 1.032634112776889268e-01 3.647336145830558651e-01
-9.500000000000000000e+00 2.727206441951879334e-01 4.437746508776378995e-01 -1.531230287219893273e-02 3.738128296655142124e-01 2.133587797514205908e-01 4.493592445397376345e-01
-9.000000000000000000e+00 2.420430350410285314e-01 4.318426218414603834e-01 4.760877978640096903e-02 6.604618584172614049e-02 1.969403432943320209e-01 4.600239399568694099e-01
-8.500000000000000000e+00 3.613859510356050020e-01 5.281405408486870012e-01 2.048133674577151953e-01 7.311653508002990964e-02 3.963102353211838125e-01 5.913584489884531337e-01
-8.000000000000000000e+00 3.802665363335299697e-01 4.768595092083738329e-01 3.106852501294160018e-01 2.699740910117145454e-01 4.475524507843941513e-01 5.463953599058937183e-01
-7.500000000000000000e+00 4.410129557795746114e-01 3.852177547225075771e-01 4.951097116806885690e-01 3.333942971171769964e-01 2.305523736705656357e-01 4.810638292440879704e-01
-7.000000000000000000e+00 3.544213135790816871e-01 1.078821860881736538e-01 5.328087363773033047e-01 2.218931576713312204e-01 -9.284379605083878384e-02 2.278059418624873711e-01
-6.500000000000000000e+00 2.783690346375456981e-01 4.612116510916894341e-02 5.369471170427897455e-01 2.230592690750735907e-01 -2.330180109769866281e-01 1.783363579589051506e-01
-6.000000000000000000e+00 1.985089278449199135e-01 5.779917228313571909e-04 3.464339271847015622e-01 1.373867636690295213e-01 -2.778804944928870424e-01 1.078213327486904211e-01
-5.500000000000000000e+00 1.393466197499138304e-01 1.426619582881383796e-01 2.961917562245964808e-01 1.898379268602404801e-01 -1.537192912270511358e-01 2.082727821136317881e-01
-5.000000000000000000e+00 2.041260931743457407e-01 1.835271629470427990e-01 1.697914432474058877e-01 1.160240856731076936e-01 4.944936504784991360e-02 2.118615279347385305e-01
-4.500000000000000000e+00 2.738954369094319108e-01 2.053015463545787844e-01 7.786323009043709387e-02 -2.289043821910611426e-02 -1.330888396602381840e-01 1.923568679400718962e-01
-4.000000000000000000e+00 4.282832008374535260e-01 2.004789179386515241e-01 2.996571256949735751e-02 -4.700448796775977267e-02 -2.810942434255450095e-01 1.523102103530057927e-01
-3.500000000000000000e+00 4.936923832230751819e-01 2.716136889355082462e-01 3.520784043928655294e-01 1.851662997796721666e-01 -4.146594077996482164e-02 2.950554036603215136e-01
-3.000000000000000000e+00 4.733971844443118915e-01 2.361629770781435989e-01 4.369410008366919618e-01 1.650154647320244972e-01 1.388896809816308198e-01 3.178959026608508265e-01
-2.500000000000000000e+00 4.076375557133739003e-01 4.026695511642403025e-01 4.478925063438431997e-01 4.414888089423041340e-01 2.092515892566059743e-01 4.541791336133940149e-01
-2.000000000000000000e+00 3.978518064568838941e-01 3.876230104350082417e-01 3.602804053287299579e-01 5.660654287510744620e-01 2.062869095349557647e-01 3.964598572167370438e-01
-1.500000000000000000e+00 4.110553504648722933e-01 4.518198576625414020e-01 4.365265159879659906e-01 6.069464939823038252e-01 2.731703593724661427e-01 4.694571068770873601e-01
-1.000000000000000000e+00 4.395550596730057880e-01 3.738291019993019715e-01 3.386858454951329200e-01 4.277200292559190098e-01 1.639088289025928680e-01 4.026113963791043693e-01
-5.000000000000000000e-01 4.181612995977813663e-01 3.924364576432209373e-01 4.626241940771622652e-01 6.476252191445766027e-01 7.499776301650518118e-01 4.267995660988993523e-01
0.000000000000000000e+00 2.546034671467504173e-01 3.342751472548808889e-01 4.698241724459270019e-01 6.601505218579861722e-01 1.000000000000000000e+00 3.717600675181402248e-01
5.000000000000000000e-01 8.458506053595446494e-02 2.544437017091020214e-01 4.669376992138874471e-01 5.993387803089651467e-01 7.499776301650518118e-01 3.240101860031778247e-01
1.000000000000000000e+00 4.626409988192209388e-02 7.996860991723452050e-02 2.917322625889295917e-01 3.001044041795346007e-01 1.639088289025928402e-01 1.616562627758736659e-01
1.500000000000000000e+00 -3.105566071099218409e-02 -4.569800419581170059e-02 2.689934970248671897e-01 3.922623181707522444e-01 2.731703593724661427e-01 5.845554234761984880e-02
2.000000000000000000e+00 -1.227506660055699139e-01 -1.844059602063317094e-01 6.646893165378883750e-02 2.135730666817499124e-01 2.062869095349557647e-01 -1.034519389618001606e-01
2.500000000000000000e+00 -1.342174633964486885e-01 -8.085231143924206942e-02 -3.264176624114835390e-02 1.292146266040767322e-01 2.092515892566059188e-01 -3.145352716826859546e-02
3.000000000000000000e+00 -8.228971619343043720e-02 5.338471639602353908e-02 -1.580569430085539406e-01 -1.583949690187538839e-02 1.388896809816307920e-01 4.703114273474977292e-02
3.500000000000000000e+00 -1.229975347924237711e-01 9.366992140647656395e-02 -2.445222645166617581e-01 -1.845673528403735109e-01 -4.146594077996483552e-02 8.122645767735235667e-02
4.000000000000000000e+00 2.604939502376979812e-02 7.389323844893727622e-02 -2.557477012234883329e-01 -3.518599899683318988e-01 -2.810942434255450095e-01 6.728133046911258242e-02
4.500000000000000000e+00 1.355134458440834244e-01 1.258695515213948402e-01 -9.828360672809277609e-02 -2.173448240534685272e-01 -1.330888396602381563e-01 1.397461681209794249e-01
5.000000000000000000e+00 1.860496655801997801e-01 1.367719070882065791e-01 3.581438743284431209e-02 -2.269444271367014945e-02 4.944936504784992748e-02 1.433263274806826360e-01
5.500000000000000000e+00 2.135099255966342868e-01 3.425541477926997702e-01 4.442804977853816867e-02 1.114779681223852514e-01 -1.537192912270511080e-01 3.137036324980700397e-01
6.000000000000000000e+00 3.289960524698810618e-01 3.584340845081485649e-01 5.871272254595735762e-02 1.569746757133072546e-01 -2.778804944928870979e-01 3.160524351212261607e-01
6.500000000000000000e+00 3.435917302855470146e-01 4.348972062987902509e-01 1.212873796944849702e-01 2.022544370378177858e-01 -2.330180109769866281e-01 3.743153551291776848e-01
7.000000000000000000e+00 3.255427872089524666e-01 2.766139483900029172e-01 7.673473376993203421e-02 1.276040522503314179e-01 -9.284379605083875608e-02 2.189147759124788761e-01
7.500000000000000000e+00 5.806865621442637293e-01 3.953220938397739026e-01 2.150567068542151850e-01 2.174532780322436243e-01 2.305523736705656912e-01 3.624350374078209591e-01
8.000000000000000000e+00 5.117253941883600499e-01 4.603730005564314332e-01 3.782894849782802993e-01 4.359375808933961260e-01 4.475524507843940958e-01 4.598546915858655049e-01
8.500000000000000000e+00 5.056220996942113466e-01 6.064714412125931098e-01 5.138036797152800705e-01 6.383818672589453014e-01 3.963102353211838125e-01 6.166547024709518876e-01
9.000000000000000000e+00 4.991278895673130767e-01 5.405631723929091859e-01 4.781561292375358097e-01 5.598170938360748083e-01 1.969403432943320209e-01 5.609775259088534138e-01
9.500000000000000000e+00 5.401566817820426802e-01 6.077876592246423959e-01 6.516051075153668215e-01 5.489697489798259777e-01 2.133587797514205908e-01 6.582415024311496499e-01
1.000000000000000000e+01 4.899529427778318569e-01 4.986622123704822496e-01 5.618070430083781375e-01 3.253898894818325616e-01 1.032634112776889546e-01 5.639663284233158436e-01
1.050000000000000000e+01 4.637969005424564251e-01 5.754221428291459439e-01 5.252283817883718342e-01 3.094519648056204275e-01 2.539288892358180783e-01 6.448408594977267372e-01
1.100000000000000000e+01 4.602613699454232155e-01 5.380769287807500856e-01 4.324729057442869840e-01 2.651502988422446139e-01 2.890992057234665902e-01 5.959493257067365324e-01
1.150000000000000000e+01 5.208631902969020899e-01 6.555084933381710721e-01 5.644901568940736691e-01 3.153533311260923733e-01 3.930532808150771773e-02 6.800037255703588190e-01
1.200000000000000000e+01 5.648785858356130118e-01 5.588992284994869220e-01 5.344605403890781981e-01 2.325472651870452712e-01 -1.295158327953358224e-01 5.747963836737053356e-01
1.250000000000000000e+01 5.874574836406416534e-01 4.945824857201489566e-01 6.120186895289676521e-01 3.328744601171641504e-01 1.280414732237253606e-01 5.613918647458028266e-01
1.300000000000000000e+01 5.329407461339040752e-01 4.595245948784962842e-01 5.602745255200510810e-01 3.679998035272769030e-01 2.246423443996080072e-01 5.026748200900665875e-01
1.350000000000000000e+01 5.467234879605200604e-01 6.293237956192722082e-01 6.009840493121285654e-01 4.513150015002566073e-01 9.885735405063801606e-02 5.771195057069646861e-01
1.400000000000000000e+01 5.789622629787560815e-01 6.190428497639197669e-01 4.962678304092196235e-01 4.033379040763522827e-01 -8.080709601353777694e-02 5.365137161051696246e-01
1.450000000000000000e+01 6.548387458111193382e-01 7.029703882111346669e-01 4.440267852435156870e-01 4.149510180311114516e-01 -7.654411204623383369e-02 6.684444265811937402e-01
1.500000000000000000e+01 7.953438843043136863e-01 6.147985157214368446e-01 5.819045340281010503e-01 5.257245154053210578e-01 7.873715505378156565e-02 6.463063401479980374e-01
