# extraction with python 
#  import numpy as np 
#  data = np.loadtxt(velodelaymap_Cont1150_HDelta_ICCF.txt) 
#  timeHist = data[1:,0] 
#  velocityBoundaries = data[0,1:] 
#  velocityDelayMap = data[1:,1:]
0.000000000000000000e+00 -9.600000000000000000e+03 -9.200000000000000000e+03 -8.800000000000000000e+03 -8.400000000000000000e+03 -8.000000000000000000e+03 -7.600000000000000000e+03 -7.200000000000000000e+03 -6.800000000000000000e+03 -6.400000000000000000e+03 -6.000000000000000000e+03 -5.600000000000000000e+03 -5.200000000000000000e+03 -4.800000000000000000e+03 -4.400000000000000000e+03 -4.000000000000000000e+03 -3.600000000000000000e+03 -3.200000000000000000e+03 -2.800000000000000000e+03 -2.400000000000000000e+03 -2.000000000000000000e+03 -1.600000000000000000e+03 -1.200000000000000000e+03 -8.000000000000000000e+02 -4.000000000000000000e+02 0.000000000000000000e+00 4.000000000000000000e+02 8.000000000000000000e+02 1.200000000000000000e+03 1.600000000000000000e+03 2.000000000000000000e+03 2.400000000000000000e+03 2.800000000000000000e+03 3.200000000000000000e+03 3.600000000000000000e+03 4.000000000000000000e+03 4.400000000000000000e+03 4.800000000000000000e+03 5.200000000000000000e+03 5.600000000000000000e+03 6.000000000000000000e+03 6.400000000000000000e+03 6.800000000000000000e+03 7.200000000000000000e+03 7.600000000000000000e+03 8.000000000000000000e+03 8.400000000000000000e+03 8.800000000000000000e+03 9.200000000000000000e+03 9.600000000000000000e+03
-1.000000000000000000e+01 -3.464616873024594645e-01 -3.662817504171154981e-02 9.846277216157936496e-02 -9.970351289227021019e-02 1.940375559556793417e-01 5.855193970536308745e-01 5.847332540547357516e-01 3.175554697862663089e-01 7.559013198567247072e-01 2.309991072911031229e-01 -3.441845345453250354e-02 9.157215772873226189e-01 7.328131749403418715e-02 1.730261767668154760e-01 3.332274500614025858e-01 -1.073496066254986392e-01 9.352468235859640044e-03 2.496295162512893462e-01 2.679352663968220805e-02 3.144518407370533453e-01 1.203870766967606865e-01 -1.780427556788097831e-01 -1.712329014712228314e-01 -5.465278316423037575e-02 -2.228020181679829792e-01 -2.931273548065187473e-01 -1.919814505999489079e-02 -1.432982802497346220e-01 -3.813792871123427436e-02 3.024150744849450345e-01 4.104694956922010363e-01 2.834508880397493269e-01 8.427725659054904894e-02 2.356396654169638782e-01 -1.457328086190090022e-01 3.520874500238350135e-01 -1.898449605227007370e-03 -3.308399717229169035e-01 2.614583737324712165e-01 4.413594206576777479e-01 8.722212369526587128e-02 -2.696478554672002703e-01 2.758915394910325114e-01 4.211720945159171947e-01 -1.765379136709029351e-01 -5.628926649470179511e-01 -1.249809124614256611e-01 -7.563213297097015619e-01 -7.947466391214018655e-01
-9.000000000000000000e+00 -3.846014952009380039e-01 -2.629671938222604144e-01 -1.703736629735347341e-01 -5.466168671260059897e-01 -1.307745839249526698e-01 3.085349079487292312e-01 3.049368187164048782e-01 -6.701461544232004131e-02 1.572402296272236710e-01 -1.457021857030049994e-01 -2.883433779254252483e-01 3.733774519465556940e-01 -2.893258220757811694e-01 -2.926740777712369956e-01 -1.106636531281265240e-02 -4.635791859041991647e-01 -1.338002155574807839e-01 -4.379841604152955731e-03 -2.093773324093823884e-01 1.943550461059040391e-01 -1.985778182139036063e-01 -4.173022808538703332e-01 -3.621004159559643165e-01 -3.862144631456118082e-01 -5.239498864384262156e-01 -5.944391430253488373e-01 -2.800087206645115456e-01 -1.956060178464854027e-01 8.382983955774293838e-02 2.541341584498612582e-01 2.523401153110818584e-01 2.192863399899400711e-01 2.205218072100514556e-02 2.246568529914013540e-02 -8.955253766270579452e-02 2.004346796534570846e-02 -3.995711353053884585e-01 -3.735888477789832685e-01 1.783803429648133515e-02 1.866225005053238906e-02 -9.944300905278666280e-02 -1.467173429873210311e-01 3.088050017352672039e-01 6.430073618646510447e-02 8.207760218359197446e-02 -3.835823266372527796e-01 -2.763293512045266742e-01 -5.626345969891827226e-01 -5.744661835100456360e-01
-8.000000000000000000e+00 -5.739488857601178218e-01 -4.199627544353897179e-01 -4.060902666975202413e-01 -7.168206524863970364e-01 -3.042798285926071045e-01 -2.902116700573546815e-03 3.352045817545271089e-02 -2.149340799436609828e-01 -9.940671760734298701e-02 1.410123806194031604e-01 -4.487281914372856506e-02 1.111358997561322087e-01 -2.233662653260045650e-01 -3.809415611831242221e-01 -9.485377138596363944e-02 -4.633424809629046459e-01 -2.730603670382707460e-01 -2.989065474003491651e-01 -1.195474952649789452e-01 1.079725491529984205e-01 -3.551281127518873815e-01 -5.771143384054087111e-01 -3.999351104695291204e-01 -1.628290556852247661e-01 -3.856594184779068568e-01 -6.596314423187311649e-01 -3.199279117516315996e-01 -2.396341951551103355e-01 -1.044558268970896819e-01 1.469161496867425476e-01 3.874647072765862732e-01 1.468826557438870917e-01 2.529743608868053051e-01 1.698271080562642754e-01 8.148599798263506111e-02 3.031410011636067603e-01 -1.070613434062891584e-01 -1.929515649263853772e-01 3.179194475834173916e-02 1.890800676999365992e-01 5.978814889151112810e-03 -9.593619949816818704e-02 9.947256303637330710e-02 -1.091721391141556030e-01 3.378413257082862331e-01 -2.333658884257849842e-03 -1.453275593504329000e-01 -3.921577928045530959e-01 -5.515670849890076388e-01
-7.000000000000000000e+00 -5.200603309057590939e-01 -4.612971696264756005e-01 -4.610776902381874542e-01 -5.374190484277597823e-01 -1.921922004372127457e-01 -1.764504044837175156e-01 -1.258109329012903344e-01 -1.875546473026200034e-01 -1.244723734631389411e-01 -1.436445957088957129e-02 -4.285387737004492381e-02 8.488510549442121467e-03 -1.592493403287415510e-01 -4.337315719784864965e-03 9.469742935917566107e-02 -2.051651097301979421e-01 -1.973169457171874974e-01 -1.285416160141789055e-01 8.513991403161662308e-02 2.821667722966443859e-01 -9.652578684075827087e-02 -4.146340739903257577e-01 -2.021428025696994923e-01 -9.580483553853752499e-02 -5.049565530256113627e-02 -4.637642744673564632e-01 -2.251330097029045907e-01 -1.975521973256282593e-01 -3.224375213921298333e-01 2.717704141451185440e-02 3.827092162913739437e-01 1.263921152567711037e-01 2.913412905617671633e-01 3.441043671087797295e-01 4.275864159739412723e-02 1.627761114020253863e-01 -1.347123170618201929e-02 -1.435038419168669088e-01 1.252774585495931570e-01 2.625557116297722038e-01 -1.128814063881554697e-01 -3.443954180692768846e-02 1.695070080938591572e-01 1.288428131006779387e-01 1.073131021274405794e-01 2.187015364563674874e-02 -2.637472988797898155e-02 -4.594589426296836199e-01 -5.360627452329187470e-01
-6.000000000000000000e+00 -6.192803841374209251e-01 -4.936165106796610025e-01 -3.256439642292374148e-01 -6.553122171438350296e-01 -4.161133477674333059e-01 -1.851438713898559962e-01 -3.839464331752258375e-02 -2.608726546806675040e-01 -2.221860253373539873e-01 -9.430683172627560285e-03 1.022523439927974787e-02 -1.598044268918322741e-01 -4.388330459254500826e-01 -2.377108099340197178e-01 1.129887406404428973e-01 -2.729852252453653372e-01 -1.893010388492852580e-01 -1.750673864416731063e-01 -7.222017297528966762e-02 4.017644212783847979e-01 1.652886508355820294e-01 -2.506545920074544909e-01 -2.913123291785977426e-02 -3.193043595104405608e-02 -1.303494275585654893e-01 -4.377271012297055397e-01 -3.884817472845408098e-02 -7.370740074641231321e-03 7.023454048828867147e-02 2.590030664129325810e-01 3.772991645376213010e-01 1.996882742471148275e-01 4.133526299824364370e-01 3.368674676534137435e-01 8.399265982771222938e-02 2.739642370853744846e-01 1.866395160962729116e-03 1.937418248169558155e-01 1.153742372636409469e-01 2.615940608295620473e-01 -1.954164239323120111e-01 -2.935696515765170433e-01 2.107707538783110679e-01 -9.818933600119442162e-02 2.466222288364599002e-01 2.055870437770685732e-01 2.133892419353323744e-01 -2.408534711745852763e-01 -3.831818658541837341e-01
-5.000000000000000000e+00 -5.678693963999753569e-01 -3.997109375305530898e-01 -3.931641713512669667e-01 -5.920055049078913889e-01 -3.488562853634512018e-01 1.881476520323940513e-02 2.310880618924215646e-01 -2.587746515919021606e-01 -2.361988610178965831e-01 5.869468656214744257e-02 3.492893370914809670e-02 -1.232211889095888718e-01 -3.710793339781388034e-01 -3.186047013236770753e-01 5.796851873765600238e-03 -3.357535994553317305e-01 -1.157424597628357310e-01 5.180696228369198464e-02 1.869794593841261343e-01 5.171118420897014012e-01 1.518635448381792652e-01 -1.587268479162577406e-01 8.363899865268517586e-02 2.063309099398000779e-01 -5.696837434476446915e-02 -4.329307104752802005e-01 -2.597658207734694358e-01 -1.518068358846522137e-02 2.876695882157554451e-01 4.590536627221561417e-01 6.131398730810844189e-01 1.638567270505330298e-01 1.345610278303749907e-01 2.465129482968644314e-01 3.599529487367641306e-02 2.063685463307112222e-01 -4.136780659894061241e-02 -6.320560644590145216e-02 -1.381517640304250616e-01 2.149207975569834284e-01 -2.940099882275499787e-01 -3.804719781824104641e-01 -1.934349117383091510e-01 3.968310485034560325e-02 4.013798467471057507e-01 9.501148078621657334e-02 3.425202466178537408e-01 -2.173691576561658234e-01 -4.682993043426371127e-01
-4.000000000000000000e+00 -5.765191017070936397e-01 -5.309220541059622711e-01 -5.170874566910119707e-01 -6.791228221698915046e-01 -5.238770185700881710e-01 -5.858529999404880201e-02 -6.678938150259816631e-02 -3.152264791687741097e-01 -2.038059165244137105e-01 3.084118826618506559e-03 -2.141609085184808386e-02 -2.583536029958524161e-01 -3.972868388341592172e-01 -4.488865825736209625e-01 -1.052796719257003688e-01 -4.134254651042097994e-01 -1.433808879568921613e-01 6.514448190666595473e-02 1.413950306010051394e-01 3.003407148324429565e-01 -8.901839077397954991e-02 -1.490593594190293136e-01 7.807291853533827874e-02 2.153102900807462028e-01 4.463799686697646207e-02 -2.850780413034454397e-01 -3.214207763864060929e-01 1.167469253346905822e-01 3.189276030935715989e-01 2.491621252963527045e-01 4.337899086406093452e-01 -1.069814852493608942e-01 -1.144905126215974844e-01 1.845573835562619169e-01 5.125984966355501271e-02 4.710523342707001460e-02 -2.810643959620746091e-01 -8.410848878675554474e-02 -1.291737416933428917e-01 -2.530691859436128288e-01 -1.018432940462449532e-01 -1.496553439820243747e-01 1.058719651974465159e-01 -1.899658968753992483e-01 2.556654444555262473e-01 1.259760077321107896e-01 4.633281831337768830e-01 8.521253072598039546e-02 -6.317911222247993286e-03
-3.000000000000000000e+00 -6.003325890879955828e-01 -5.958124623270110165e-01 -5.609867403208949055e-01 -5.994424955487490658e-01 -6.479998860582215636e-01 -1.277950608208145988e-01 -2.563189824492422830e-01 -5.475628499466298482e-01 -3.335165661222390665e-01 -1.567057071100406707e-01 -1.065656560947421672e-01 -3.804411966827777047e-01 -4.379070825789367349e-01 -4.732033908496110497e-01 -1.218130680692663809e-01 -3.890944903459695459e-01 -7.656232457278180914e-02 -7.733464488108404700e-02 -2.806472944155454299e-03 2.060378608150673085e-01 -1.528717389990407738e-01 6.076989862526751413e-02 -2.782522044870879008e-02 1.951659267907040474e-01 8.543502540800282374e-02 -1.924177548176451147e-01 -2.017046780906293635e-01 1.117753172875872170e-01 2.307125221712004737e-01 5.042990136814534674e-02 2.221574774105106453e-01 -3.279012020444037057e-01 -2.464343782414991080e-01 -2.141873617813524477e-01 -1.599749563111423079e-01 -1.114594487764465625e-02 -5.035828775758347531e-01 -3.412761026922372237e-02 -2.912225790489853527e-01 -2.537598695303769913e-01 -1.738384741632359454e-01 -1.647229674520178100e-01 -2.020910521419847228e-01 -3.969823481946906374e-01 3.106181593008618402e-01 2.385172562459349777e-01 3.683915739429728942e-01 2.768018638627949279e-01 2.432497270215233098e-01
-2.000000000000000000e+00 -3.950258511673440109e-01 -4.168472096884379141e-01 -3.674495856468852906e-01 -3.284390815167064770e-01 -5.180358747209405923e-01 2.914107422487260263e-02 -5.923549961793345142e-02 -4.159036946384896405e-01 -3.980386642568201072e-01 -1.312366066380075136e-01 -2.258965177537839430e-01 -2.415212334558435314e-01 -3.224036030484425663e-02 -1.452574399902834268e-01 2.083008185626981090e-01 -9.645746656918928463e-02 2.787573413225152286e-01 2.338942043872211662e-01 3.966531260883695564e-01 4.447637200162125604e-01 9.826964725598466566e-02 1.414528073230204852e-01 1.596986719688798795e-01 2.081250390007047535e-01 2.659878592883076487e-01 -4.056015898855445945e-02 -1.090090368235285406e-01 1.888324214394931366e-01 1.537998288166773642e-01 1.043236414971209503e-01 1.635242308939587330e-01 -3.126962480929160737e-01 -2.913748918937482113e-01 -2.146640392475694659e-01 -3.140426435567952868e-01 -1.068210344297086389e-01 -5.070719053674564991e-01 -1.734812693200824540e-01 -3.944223164148360494e-01 -3.085886397804514236e-01 -1.151794278483958822e-01 -2.977236445127334763e-01 -4.064294222197387674e-01 -3.436560112566134917e-01 4.115097554139786618e-01 1.837999584140855291e-01 2.717888760667674930e-01 1.625204010055293913e-01 6.856300945034531080e-02
-1.000000000000000000e+00 -3.146232176675070602e-01 -2.357728775480210925e-01 -2.705847741343239132e-01 -2.476727184151442107e-01 -2.626640450562457985e-01 -4.056830542348359436e-02 -1.351779053940533881e-01 -5.361781948258043107e-01 -5.102120970986702142e-01 -1.768828388452008959e-01 -1.429361999724862442e-01 -2.611100597410976332e-01 -8.044550062082256314e-02 -3.001336549340841153e-02 9.123209549057592627e-02 1.223652774319573533e-01 3.756655815911537633e-01 2.845701310939929285e-01 3.455165541324480838e-01 4.931358573442080062e-01 2.401870145319451311e-01 2.517113826557912382e-01 2.701109060619860114e-01 3.492037771192605944e-01 4.077247461714342269e-01 2.004106993475023302e-01 2.013440526181707046e-01 2.802530768677699569e-01 4.110651748202250322e-01 2.430028651482019075e-01 2.943346697427423053e-01 -9.321123106232137578e-02 1.282209980574757768e-01 9.841464495735316453e-02 -1.400265302107737142e-01 -3.663007079688476719e-01 -3.803766201440202943e-01 -5.879841880444638957e-02 -3.297240805514926043e-01 -2.041818315677269846e-01 -7.431114329572087451e-02 -2.480191712918198774e-02 -5.530366194173761407e-01 -2.631557086992382111e-01 5.119497451002127386e-01 2.993475830520921366e-01 1.830804425596817553e-01 2.004266278450520244e-01 1.494577549587844389e-01
0.000000000000000000e+00 -1.377150429689062427e-01 -6.284825487509554387e-02 -2.247236804512179886e-01 -1.047424421235141623e-01 -3.815022279916547437e-02 2.028138384936316319e-02 -8.029815444372577493e-02 -4.451146464562098504e-01 -4.171752878412559040e-01 8.555080070003966142e-02 1.062327379845339620e-02 -1.504236133207991766e-01 -1.610937600509489975e-01 1.109333181459692674e-01 1.998470717972918309e-01 2.339097997267000351e-01 3.193237335083695116e-01 2.780773812266235656e-01 3.404753426662590066e-01 4.458254411331624700e-01 3.593730983055705153e-01 4.209451485048771313e-01 3.002830236692553556e-01 5.248938788950098244e-01 5.660350758018521944e-01 3.642652102113982382e-01 4.004097922260495546e-01 4.879632811368150858e-01 5.554974035518531750e-01 5.869792265852223911e-01 5.771065008642037863e-01 2.694566839417464887e-01 3.360998098505935672e-01 2.589152627963843267e-01 2.150360064548798300e-01 -1.616893150346676022e-01 -2.030942550577765626e-01 6.460602545690086185e-02 -2.121441965914050709e-01 -7.042245673570135533e-02 -4.791675751774709946e-02 1.152495496288806764e-01 -3.654123433639768215e-01 -1.707747337013907074e-01 3.907873847353822150e-01 2.959084329281474468e-01 1.336565150201653729e-01 2.412617890821289746e-01 1.868744600511827170e-01
1.000000000000000000e+00 -1.180894557531175504e-01 -5.048924827873219057e-02 -1.364706020435662581e-01 2.650618463120355678e-02 -2.764743536710465716e-02 7.730084624728147946e-02 2.693715524872268563e-02 -2.863432542905606781e-01 -3.550507005917436509e-01 3.059216476188890144e-01 7.971581113588563361e-02 -1.518865604879299502e-01 -7.826230822912845497e-02 2.638245721168308577e-01 3.617823030616050817e-01 4.050824610186684605e-01 4.984378633235348466e-01 4.085133492004444089e-01 4.333912250701911217e-01 5.231564322540316336e-01 5.399940214389136184e-01 4.973150362362021015e-01 4.328592733487793831e-01 8.191473936664392941e-01 7.343879325013751291e-01 5.567260795681434615e-01 5.682099865101555292e-01 6.254142239480013910e-01 5.231568227823586437e-01 5.849283824918884989e-01 6.879998434958720654e-01 4.502681524827459869e-01 3.465576358126158940e-01 5.210958654597609430e-01 3.526057347938933439e-01 -5.993712106343330320e-02 1.553556947159045742e-01 3.268723127244703708e-01 1.487013186418867650e-01 1.767856890439182538e-01 3.426423246155783225e-02 5.405757994693920210e-02 -4.671228401470710057e-01 5.587441398737111320e-02 3.402042811630875963e-01 3.243620278038621962e-01 2.913222562046004493e-01 3.627919564595307178e-01 2.977707136803393606e-01
2.000000000000000000e+00 -5.857602933946907953e-02 -2.998596485732518691e-02 -2.005541621219888992e-02 -1.188359139551636023e-01 -1.340408421099650305e-01 1.043305889831141892e-01 6.383407342378524807e-02 -3.310766676669411601e-01 -3.323225890703345176e-01 -6.515738019346534182e-02 -2.657187667167535405e-01 -2.712459474673020732e-01 -2.849929611726085832e-01 -2.210541038400478525e-02 7.221584339240093298e-02 1.517868823793578903e-01 5.444613941663416501e-01 3.324682275859119351e-01 3.771310261186880952e-01 6.183854939434745290e-01 5.652746437930016299e-01 5.023210984536287116e-01 6.327625289753062710e-01 7.991232083563553079e-01 7.225735359539496860e-01 5.791634733867374596e-01 5.949800170913851494e-01 8.027824417952256209e-01 6.590870614426537211e-01 6.556699049711569582e-01 6.938304087720095215e-01 4.246121295666226980e-01 2.414504344307635830e-01 2.529908000794317546e-01 1.965299873998165581e-01 -1.798870325493174827e-01 4.695840238692969293e-02 1.770516339653917526e-01 2.877977742722285792e-01 1.193614273429568495e-01 -1.502134940120504747e-01 -8.642753679754682644e-03 -2.785531718309453009e-01 -3.445599969513142569e-02 1.431844076779197339e-01 1.182868847369514670e-01 2.820862259412377782e-01 3.612300074725093291e-01 4.485141827577137086e-01
3.000000000000000000e+00 1.908865177448793582e-01 1.924483741930050062e-01 2.375914788144186385e-01 1.703364410526819750e-02 3.150198015998822987e-02 2.263518255129233769e-01 3.643948458078410946e-01 -7.176062902516969211e-02 -2.092030799233503546e-01 -2.344102085705488531e-02 -1.122329189148825734e-01 -1.753120145538302754e-01 -1.257207713635661583e-01 -3.556021432345649047e-01 8.723127535454069936e-02 8.773350694874705591e-02 4.307641575917697807e-01 -5.837003041847878271e-02 1.533840600192202808e-01 3.969575710491394238e-01 1.571272009868207031e-01 2.504715582180995770e-01 4.704217139353105148e-01 6.599236012851015243e-01 5.050277585897480215e-01 4.595349899385081094e-01 3.919292616091686332e-01 6.972978886345144733e-01 6.976845957359403272e-01 6.384927796428205848e-01 6.473104892993322146e-01 3.272965035374163500e-01 3.726185366075199790e-01 -1.951174420772185461e-02 2.110638079611857898e-01 -1.354248522818004841e-01 -1.242578993228729001e-01 -6.805855166095040043e-02 -8.221350596576107450e-02 -1.542360631843021912e-02 -3.899404020311943442e-01 -2.734846741573226936e-01 -3.088957285814356579e-01 -1.489238098178620184e-01 3.675470372736593383e-01 -7.928823297134533765e-02 5.305164412501797710e-02 3.321761567942566051e-01 1.058510794141431510e-01
4.000000000000000000e+00 3.219175776000452460e-01 1.790655559214207049e-01 1.337858208744392430e-01 -5.590196772704471295e-02 8.583131320925661834e-02 1.705721181948312293e-01 1.492178285557210216e-01 -1.312111070995111983e-01 -4.471278005263795707e-01 -1.830613910342491768e-01 -4.823356936892864155e-01 -2.252720911308760121e-01 9.088613091016653489e-02 -2.209630147949685486e-01 8.532526720421398925e-02 1.228894065240397626e-01 4.135669911746724381e-01 1.689531334772693683e-01 2.303930904337160857e-01 2.362616445430027468e-01 -1.314480858889868486e-01 2.864968542371815197e-01 3.036749663656416187e-01 4.482005936064901164e-01 5.229278492045019711e-01 4.593620680155731106e-01 3.378788615665927475e-01 5.649490840593927032e-01 4.701990049233997215e-01 3.328921050854293240e-01 4.723293065758619180e-01 2.935275027901228240e-02 1.832115949547426514e-01 -1.608680867089892774e-01 -1.152782405078930095e-01 -1.945308347922460324e-01 3.835613703540905611e-02 -1.601463677231357852e-01 -3.561906745597649415e-01 1.987131962229259086e-02 1.800369849735155847e-01 1.538235323341320959e-01 -1.244194148755464746e-02 -3.753736124076198499e-01 2.188043309301535566e-01 1.097541623966620389e-01 -2.439532236809615062e-01 2.727194347962120721e-02 2.109728522837088227e-01
5.000000000000000000e+00 3.043912877369299164e-01 2.670736486436455226e-01 2.889445161696786446e-01 1.117222751534208275e-01 9.538379058913711017e-02 5.176092051653785608e-02 -1.843105980730554150e-01 -1.969869619519571402e-01 -2.832638630536257196e-01 -2.205584853820420910e-01 -4.334984163988622741e-01 -2.648322009432422797e-01 1.733962491579778969e-03 -1.334900116908074863e-02 6.154761084505234320e-02 3.496083674765159133e-01 2.603848791698840648e-01 -8.397376850180462982e-02 -8.888796443813404280e-02 -5.157428772140568163e-02 8.490018168952731537e-02 3.603248573873296667e-01 3.295495120367650799e-01 2.452037685730380778e-01 5.051641772089454641e-01 5.595304245842629420e-01 4.920865636349721628e-01 4.948557774946680254e-01 3.560340535965113018e-01 1.731745942620764589e-01 8.049771219964121927e-02 -3.375540579897756688e-02 5.975314561263241897e-01 -4.138493446114654972e-01 -2.745309187430992059e-01 -4.406725983798465696e-01 -3.413755650248476714e-01 3.433986511474275416e-02 -2.300739593504770031e-01 3.700794226745215965e-02 -2.949110585779406157e-02 1.225193420200643007e-01 -4.497080252379256904e-02 -4.612338179232576829e-01 6.029897705111555983e-02 2.756394119697103129e-01 -3.482099474768648451e-01 -3.252721109421909118e-02 3.024090297362670432e-01
6.000000000000000000e+00 3.288038510282712545e-01 4.160406186936204675e-01 4.398113050524920520e-01 3.607450511671456139e-01 1.127050708854901717e-01 2.800113956249493663e-01 1.307338285789711174e-01 3.712489514166714133e-02 -3.035372204098654159e-01 7.513242712416517977e-02 -2.281621226126765989e-01 -7.186712622337426692e-02 1.879959653069750436e-01 3.407793967273518576e-01 3.263568296775895550e-01 5.194486900011695552e-01 1.878026718834318598e-01 1.672705332927089117e-01 3.485795881118513434e-02 6.759508883670772850e-02 4.169554708101826934e-01 4.572386864421367769e-01 4.692453654311870004e-01 1.958958544816437886e-01 3.279446879877024323e-01 5.002379383668612567e-01 4.276668185722340976e-01 3.018042225926781952e-01 1.731392504847157343e-01 1.464626821640084287e-01 -4.509130384675152925e-03 -8.493779495605296992e-02 4.089843858675005772e-01 -1.590888810077214777e-01 -5.865233168014142295e-01 -2.976606669108607939e-01 -4.313347771519628060e-02 -3.019351109409286298e-03 -3.425611341404793952e-01 9.889614737223344221e-02 1.057643283314825371e-02 -1.883100080651485542e-01 -3.913453612127312797e-01 -5.514114951001120382e-03 1.056169455910618976e-01 3.338425562727445617e-01 -8.402723738223055738e-02 -2.671877713010056832e-01 -1.486899341168445854e-01
7.000000000000000000e+00 4.608627970817134600e-01 6.599619070192390691e-01 5.157497410430121887e-01 5.958345378669974712e-01 4.733497962798607350e-01 4.663453773793773127e-01 4.001876715573372545e-01 1.884888867156398751e-01 -3.520393635305031632e-02 2.742090350386268693e-01 1.049722382742185739e-01 3.599268843644242155e-01 2.875519875188879970e-01 5.900666347133023404e-01 3.358278279171835190e-01 5.371389577381177061e-01 1.518458488617762669e-01 3.735631512475395821e-01 9.142748361796820822e-02 5.130767669633848338e-02 5.843610545325392813e-01 4.661260807536145023e-01 5.155631422729245461e-01 1.311203748819862736e-01 2.954902301438038226e-01 5.177878185828467261e-01 4.019347351107739330e-01 2.334364917524932026e-01 3.200192729034955219e-01 3.490416495302818278e-01 9.966956566371883153e-02 2.189380442945856875e-02 2.603163681426435283e-01 2.211881970805332775e-01 -3.287611903786221701e-01 -2.570204623387726262e-01 -1.073653360470858131e-02 -2.170497033904766060e-01 -1.688466944564047667e-01 -7.157992482972659609e-02 1.481638762619858496e-01 1.871664226222356509e-01 -2.837519514496377737e-01 5.169775590958508582e-01 -1.460197322636856421e-01 -1.030492988208224631e-01 7.602592575540956243e-02 -1.216731742358812124e-01 -4.512582891336507085e-02
8.000000000000000000e+00 3.379281457734183425e-01 5.559727045505334919e-01 3.021194368506769923e-01 4.507288294610075075e-01 3.728374797009469388e-01 7.042502409637302341e-01 4.883808070547273061e-01 1.962474943892958679e-01 3.234881484180965328e-01 5.286485303128423130e-01 4.709423439076903528e-01 4.525209410733613824e-01 1.638305772721379561e-01 4.565767707501138806e-01 2.605627990874440636e-01 3.707394806458121916e-01 1.282339042906090465e-01 4.286941822180805883e-01 -6.336126166971425833e-02 -1.814542766849260857e-01 4.847348010265417617e-01 5.104318704659402961e-01 1.076168389606271258e-01 1.301416513375091843e-01 1.401291630037530267e-01 3.207575025584029071e-01 3.494710536469549655e-01 1.452624639372552540e-01 3.478262173961964576e-01 4.512087670263246197e-01 1.973265571438633514e-01 3.226341543914499899e-01 9.801473260776258356e-02 4.075055136009974599e-01 1.667784534333660307e-01 2.242266780651124003e-02 -3.527828666153530468e-02 -1.448034848946135045e-01 -1.149523490620815713e-01 -1.338022921644076435e-01 3.050850106048049737e-01 3.213859046293568444e-01 -1.096290147429992978e-01 3.712038201454946340e-01 -2.315479067572896732e-01 -2.474947335640050317e-01 2.470646978517245657e-02 1.165632875102188271e-01 2.859150678186710426e-01
9.000000000000000000e+00 8.443802010041415174e-02 2.074493100202715601e-01 6.188108329222979931e-02 3.884680688530185999e-01 2.731881829933858197e-01 6.350480166799497006e-01 3.964979457159849008e-01 2.167264464095433607e-01 5.514280652447363096e-01 4.185477807316387855e-01 1.604129809225222081e-01 4.937749069008646741e-01 4.027170944631213167e-01 4.892698327340569420e-01 2.312290494340713543e-01 1.239400122681415944e-01 2.050884931512665377e-01 4.677017322574857361e-01 2.348197841905651784e-01 6.783441922075854336e-03 2.521667369068872344e-01 2.787721169294131163e-01 -1.292278565685017755e-01 1.564115038582780115e-01 9.192368465524120014e-02 4.345357387855878356e-02 8.916485823652968434e-02 1.386380859797350235e-02 -1.184880886605256534e-02 2.214830303942072753e-01 1.247710592994965978e-01 2.792492302240513480e-01 -4.238617216620990669e-01 1.035409050388434449e-01 1.520009194069568137e-01 1.958506153610075629e-01 -1.172286839609143622e-01 -2.446816355322053160e-01 2.245073504748048288e-01 -1.181159129362929078e-02 2.705230203490657237e-01 1.783605505407440395e-01 3.024401610278980995e-02 3.678089925521082493e-01 -3.725266089147769577e-01 -4.694127571701529611e-01 -4.326924172846960404e-02 3.923314039494657512e-02 1.158133707564364678e-01
1.000000000000000000e+01 -6.441599512224377433e-02 -1.655750096177923403e-01 -7.670127486148939355e-02 1.178983839175058307e-01 1.050264529334501706e-01 2.021859294134255858e-01 8.170000165596150166e-02 5.759020701908640349e-02 2.906528135810048652e-01 -3.085067656407259884e-01 -3.049041306207603275e-01 2.336312490990197221e-01 1.488436050956706835e-01 1.970092275742851562e-01 7.906912897198646595e-02 -1.149113963843043928e-01 1.991227531700769382e-01 1.350766806632080486e-01 -1.506599140663394953e-02 2.037886177045783453e-02 -1.696512447627512854e-01 -2.021656416527550237e-01 -3.718982200227658463e-01 -2.095479207203234107e-01 -9.314456198513279550e-02 -1.072904430043697538e-01 -4.197174594937767844e-02 -1.046634362022883513e-01 -2.335723434503726437e-01 -1.686710106768688489e-01 -3.482524000733465686e-01 2.096162199679749982e-01 -4.831377248622557019e-01 -2.494798696529988424e-01 -1.449640765268839226e-01 -2.644996086613091713e-01 -5.045081080788661465e-01 -5.274229043290785679e-01 3.533759762758510448e-01 -2.549356792883462064e-01 8.322676725225786054e-02 6.535401001199662996e-02 1.944362706347263492e-01 3.881211998353744086e-01 -4.539014179175939745e-01 -6.710297054377987180e-01 -2.632527183773181179e-01 -1.982167117060628092e-01 -7.546000325490798133e-02
1.100000000000000000e+01 2.570428890847415229e-02 -2.273618724153805837e-01 2.725812784248066861e-02 1.424069609794462177e-02 1.518374115651414391e-01 -1.397626897259187095e-01 1.239592917298636965e-01 2.246802931300620754e-01 -1.894168126324603102e-02 -3.513936167701551261e-01 -3.569791022037444028e-01 2.332942386835880622e-01 1.697387396612488886e-02 -4.763460061204721069e-02 1.872208487834005064e-01 -1.225375674064013709e-01 -1.402174244856130986e-03 -1.921214476450464059e-02 3.461567570208528427e-03 -7.418944410819772184e-02 -5.989991188779341114e-01 -5.225002879391362764e-01 -5.730567430731421386e-01 -3.876477859071099652e-01 -3.266633723989374460e-01 -2.363770714732956746e-01 -1.339957324735273347e-01 -3.128460253394915180e-01 -2.405768748431346415e-01 -2.025162666777418352e-01 -3.864754393354731254e-01 2.858088877473419775e-01 -1.528985547255624633e-01 -4.828522629424463197e-01 -1.201728069055066628e-01 -1.182798651484790325e-01 -4.075763933250308724e-01 -1.764146511210934465e-01 2.659398647984547170e-01 1.833170922658230451e-01 1.914944945689655842e-01 -1.344185098251554356e-01 5.323107325920814481e-02 1.472745930957302940e-01 8.006037413094128918e-02 -3.986288546465564520e-01 -6.292834410088111730e-01 -5.883657028675455258e-01 -5.031191827367228475e-01
1.200000000000000000e+01 4.269040807276650029e-02 -2.313394896754645269e-01 -8.925652801105347922e-03 -4.143941748830262672e-02 1.730652383663523475e-01 -3.720065285319934523e-01 -8.417117641636906455e-02 3.375983884653627753e-01 -2.769500294609912872e-01 -1.679527424315961359e-01 -3.438351189398853869e-01 2.335183801285887484e-01 8.933919288681919924e-02 5.442626436565334291e-02 1.581284899468841931e-01 -6.520084692519917402e-02 -1.764100963165221025e-01 4.955928474059142705e-03 1.684625639058994484e-01 -4.717106966771204141e-02 -4.711965594246256828e-01 -4.917641667132683914e-01 -4.422272374203278789e-01 -4.075344311121971708e-01 -3.914943661995573532e-01 -2.998441737025773768e-01 -2.306718492644682927e-01 -3.739906133519683151e-01 -2.953303010254606509e-01 -2.453705171773688520e-01 -2.583221186522936530e-01 2.951485180591782442e-01 1.945025007965495503e-02 -6.612567174761874167e-01 9.728287188387275963e-02 4.559995759180151403e-02 -3.417149343410402773e-02 3.611004968584300978e-01 4.137934186035446826e-01 6.809957933018068177e-01 4.368928087207461508e-01 2.611241376055807861e-01 1.507233563496538364e-01 -2.840443332663088530e-02 2.394096614935081191e-01 1.613248965735475035e-02 -5.661216664735875259e-01 -6.332160767437551296e-01 -4.907122877285179374e-01
1.300000000000000000e+01 -4.230191754574978980e-01 -4.024410790176236041e-01 -2.392371594138933688e-01 -4.509487724256272534e-01 -4.649879284296263293e-01 -5.633645346530179454e-01 -4.962947572656749573e-01 4.613721987497670235e-02 -1.769152186182863795e-01 5.571112288001316137e-02 7.609493938207538555e-02 -2.340864487350393652e-01 -4.672770652950365422e-01 -4.369131023476528486e-01 -4.819090114758285970e-01 -3.466845752034939387e-01 -4.711060973695984644e-01 -4.079145610397480470e-01 -3.021141503058367705e-01 -4.066881913897740786e-01 -2.129441820957957143e-01 -4.447379772429652656e-01 -2.348481702029978913e-01 -3.595309204044366269e-01 -3.772606229151479473e-01 -3.648617729441738788e-01 -3.379022140806333674e-01 -3.695136613743636445e-01 -3.061399645925713675e-01 -4.087365018677042716e-01 -2.834217866160610444e-01 8.856013787292521533e-02 2.953720312777880497e-01 -2.641343145849885943e-01 3.734631085552717611e-01 1.272731658738126548e-01 1.615330781011087291e-01 7.482650719730944422e-01 6.479983531259917440e-01 5.952915140425447671e-01 1.235152121942531545e-01 -1.287644673985372662e-02 3.407763767077462425e-01 -5.370027235530744347e-01 2.053444635805731500e-01 4.655028694001402401e-01 -5.048975940430217024e-03 -1.548764917604781438e-03 1.238550361904624392e-02
1.400000000000000000e+01 -6.126048746730174965e-01 -4.181515063535711230e-01 -4.569701995769393510e-01 -5.581884114064757929e-01 -6.241954389136888937e-01 -6.088052055584393107e-01 -4.238505433915034648e-01 -8.000459074788038305e-02 2.740256331093179343e-01 2.566099189188849605e-01 6.231573308904826414e-01 -3.918659423927127183e-01 -5.576783443832463716e-01 -7.057133317650152726e-01 -7.483522561781088545e-01 -6.822694209884825334e-01 -7.776089400673009688e-01 -7.138429901419737211e-01 -3.690098573784209579e-01 -4.427993549303673171e-01 -2.039061669397557452e-01 -3.842716129860239693e-01 2.191823730630152595e-02 -2.671848098003926086e-01 -4.247366545841810281e-01 -5.460265557940331416e-01 -6.393756811554340835e-01 -4.879185662441742899e-01 -4.896652653058666815e-01 -5.218315102728346977e-01 -2.526196278057255551e-01 -5.246672444607982655e-01 3.930287650595232912e-02 4.138895521907905856e-03 3.274860077447051543e-01 5.196430660291228021e-01 3.068554711021267978e-01 4.356541170263139029e-01 1.942137089748016132e-01 1.561363265079937779e-01 -7.072554274255308249e-01 -7.930945233225821234e-01 1.305403450802517795e-01 -4.243766172259325620e-01 3.019211366128406460e-01 4.653088641484342536e-01 5.623113336948152297e-01 2.608394882836582718e-01 -2.418261003543637488e-01
1.500000000000000000e+01 -5.219595979398748975e-01 -4.114712054357171911e-01 -6.069089213220557610e-01 -6.287648307903717093e-01 -5.963383074768722203e-01 -4.312523119912829439e-01 -3.423347605848894859e-01 -2.605100895273878558e-01 1.555561601703897845e-01 -2.613891147000649284e-02 6.886754021783069168e-01 -4.473525576573846863e-01 -3.176659852390213423e-01 -6.316313759726543964e-01 -4.640805890073241846e-01 -6.241454817033962321e-01 -5.375259230174646019e-01 -5.412605857813023169e-01 -3.170897252190099658e-01 -1.136325184090330037e-01 -2.027707389548262518e-01 -2.341037366979994150e-01 8.031995321181349679e-02 -2.793227316703027485e-01 -3.899488725252887034e-01 -5.305735750302020826e-01 -6.052649293348000281e-01 -3.701226234214805566e-01 -4.601006774092339380e-01 -4.496507465437653006e-01 -1.784993887467897222e-01 -8.673869155304869683e-01 -4.420892740868493376e-01 7.495899651159934063e-01 3.157331851471376627e-01 7.976683032085063463e-01 8.374711563657546431e-01 1.372438709806710067e-02 -4.175438492202995788e-01 -5.088632093676117574e-01 -5.605010365929172789e-01 -5.063015059933488882e-01 2.686524600811700525e-01 -2.911816324998856564e-01 -8.879505613436368405e-02 3.737520099569653365e-01 7.959399251129932740e-01 6.550966581189644478e-01 1.627885191133118803e-02
