# extraction with python 
#  import numpy as np 
#  data = np.loadtxt(velodelaymap_Cont5100_HeI5875_ICCF.txt) 
#  timeHist = data[1:,0] 
#  velocityBoundaries = data[0,1:] 
#  velocityDelayMap = data[1:,1:]
0.000000000000000000e+00 -1.200000000000000000e+04 -1.160000000000000000e+04 -1.120000000000000000e+04 -1.080000000000000000e+04 -1.040000000000000000e+04 -1.000000000000000000e+04 -9.600000000000000000e+03 -9.200000000000000000e+03 -8.800000000000000000e+03 -8.400000000000000000e+03 -8.000000000000000000e+03 -7.600000000000000000e+03 -7.200000000000000000e+03 -6.800000000000000000e+03 -6.400000000000000000e+03 -6.000000000000000000e+03 -5.600000000000000000e+03 -5.200000000000000000e+03 -4.800000000000000000e+03 -4.400000000000000000e+03 -4.000000000000000000e+03 -3.600000000000000000e+03 -3.200000000000000000e+03 -2.800000000000000000e+03 -2.400000000000000000e+03 -2.000000000000000000e+03 -1.600000000000000000e+03 -1.200000000000000000e+03 -8.000000000000000000e+02 -4.000000000000000000e+02 0.000000000000000000e+00 4.000000000000000000e+02 8.000000000000000000e+02 1.200000000000000000e+03 1.600000000000000000e+03 2.000000000000000000e+03 2.400000000000000000e+03 2.800000000000000000e+03 3.200000000000000000e+03 3.600000000000000000e+03 4.000000000000000000e+03 4.400000000000000000e+03 4.800000000000000000e+03 5.200000000000000000e+03 5.600000000000000000e+03 6.000000000000000000e+03 6.400000000000000000e+03 6.800000000000000000e+03 7.200000000000000000e+03 7.600000000000000000e+03 8.000000000000000000e+03 8.400000000000000000e+03 8.800000000000000000e+03 9.200000000000000000e+03 9.600000000000000000e+03
-1.000000000000000000e+01 2.764265800064634182e-01 1.079822542469141833e-01 -6.900691535656242048e-02 1.885540108529598635e-01 3.732634734066617166e-01 1.767271918747723713e-01 2.417965354163202629e-02 8.168545096864927857e-02 7.326153293087929452e-02 -3.900018832746016129e-02 -1.902032135610843000e-01 8.980440105572078113e-02 2.697247423208023465e-01 -2.898186329268688244e-01 -3.013742310098188049e-01 1.068766347550785534e-01 -1.719510413213435340e-01 -2.431175632109204843e-01 -4.021781118826213142e-01 -3.197257343486589187e-01 -2.848918267291528084e-01 1.474718943216270506e-01 -1.436313204783783715e-01 2.758924832590581647e-02 8.580523690653468760e-02 -4.611474301877494519e-01 7.952792885529798295e-02 -5.361398057456415733e-01 -1.815084427639367948e-01 -3.033434258668234462e-01 -1.690945648911343913e-01 -4.724671093829702073e-01 -4.375446670315190079e-01 -1.907628875301242699e-01 1.161626095237607015e-02 1.474778856986158626e-01 2.529916330504703992e-01 6.638900648897147483e-03 7.951530443884238797e-02 8.462922047502881295e-02 -3.119067634722303556e-02 -1.533097609047921195e-01 -2.874641346990802204e-01 -9.242422797736946083e-03 -6.418488118694957167e-01 -6.062596898480150376e-01 -2.337615860858169858e-01 -2.394442923971236425e-02 1.078531190006096763e-01 -7.620392546487081420e-03 -3.800827172968382350e-01 -4.746286788245571153e-01 4.201459837654961116e-01 -2.621182909798688287e-01 1.887491602656990175e-01
-9.000000000000000000e+00 9.192346800472170343e-02 1.040583266411451435e-01 -2.104076223040902971e-02 1.651709657053003766e-01 5.730478453474091571e-01 1.406074736301583250e-01 8.429694305510687657e-03 8.868783891419440568e-02 -2.208886436909248546e-02 -7.873400913134112611e-02 -1.181986251785958897e-02 5.954295232048936737e-02 5.190166759492209625e-02 -3.294043237778879751e-01 -2.711482756188337007e-01 3.300014603870339847e-01 -1.584520508366261959e-01 -2.647870799346824233e-01 -3.117495568443169884e-01 -8.401289670058670334e-02 -1.701184574859505860e-01 4.240731421729222461e-01 7.792083602136734566e-02 2.186612564324862396e-01 1.382978949091787924e-01 -4.639514256460041675e-01 1.557421034589788755e-01 -4.675906228289444244e-01 -2.461867505055750360e-01 -4.575424899891238351e-01 -2.811193945389227067e-01 -4.572298710845981717e-01 -4.684672002664136969e-01 -2.542670482999013215e-01 1.564673537940276804e-02 2.323333503881387929e-01 3.496642469390021102e-01 9.723932639232454878e-02 8.575855860532644037e-02 2.931221530186355340e-01 -5.940149690069693872e-02 -2.574585165011961663e-01 -3.602221859776061352e-01 4.801961580157844411e-02 -5.642736672965001921e-01 -4.474247977875835391e-01 -6.062297862155383021e-02 1.788554671352246550e-01 1.653885140915851981e-01 -6.630018557853131766e-02 -3.801606481609420829e-01 -4.781055723261272150e-01 3.394749605882489973e-01 -3.271064157987279564e-01 2.628897956562449290e-01
-8.000000000000000000e+00 -1.540577944393651810e-01 -1.819232319461442371e-01 -1.445338210728469019e-01 -7.722257654918029957e-02 2.181542285402391645e-01 -4.048352286151618573e-02 -1.949224570547103963e-01 2.173001865277465749e-02 1.347785889740718557e-02 -1.595609632312968706e-01 -1.542275826690467921e-01 3.811018783031911578e-02 5.302817174196573086e-02 -3.545229310911413578e-01 -3.140978140661646045e-01 2.799010711817078723e-01 -2.100692543736953632e-01 -3.929866935050738141e-01 -3.578774989833855003e-01 -2.296343820300872640e-01 -2.571428120672004658e-01 1.521534245177413036e-01 -1.636154028605421029e-01 -4.200576917238296737e-03 1.267848049484311124e-01 -4.601893933415169835e-01 1.152709218608995306e-01 -4.572732900899478814e-01 -4.676604134079700437e-01 -5.034499369995548701e-01 -3.383189964496501334e-01 -5.116612990523955462e-01 -5.116060807966855695e-01 -2.380624849231690598e-01 3.910676386980033170e-03 4.059977494585753632e-03 3.948550867151027766e-01 1.197493906671565356e-01 3.747444669046391952e-01 3.241550450939119088e-01 -2.708140125791605457e-02 -2.420919276774768369e-01 -2.396125807367435745e-01 2.050940929308358862e-01 -4.000404138683600896e-01 -5.170874211521327979e-01 -2.126553057064625718e-02 2.594959557823576235e-01 4.641373028903614806e-01 -3.527760055197898259e-02 -3.611681496711735551e-01 -4.527301288276775471e-01 5.148946960419511498e-01 -1.124820915934471866e-01 3.059387031329836582e-01
-7.000000000000000000e+00 -7.722557035669289083e-02 -6.856365416144689917e-02 -8.146279006358785046e-02 1.103269022052562887e-01 2.457730094003193755e-01 1.595993719156663659e-01 -2.278854383249556970e-01 -3.536226188899022072e-02 8.306351673209333430e-02 -6.115171232678458246e-02 -8.065496027733640161e-02 -7.400635978867595166e-02 4.461296976907302980e-02 -3.635117728264030124e-01 -3.046684624969347999e-01 2.173750978858533800e-01 -2.437851854271898266e-01 -3.741227162623377289e-01 -4.005507479407295901e-01 -2.171491966933969675e-01 -1.611169615351817352e-01 6.240058205520751522e-02 -2.059868485677286698e-01 1.384608888399556925e-01 2.000354985670450836e-01 -3.635113141119785674e-01 4.168037792071381531e-02 -3.663615736833517045e-01 -4.255871634218583166e-01 -4.650378713727511548e-01 -4.614751311064144712e-01 -5.286008593516987597e-01 -5.089356390060775226e-01 -1.801474805910769361e-01 6.044631046192473073e-02 -5.774116967548702239e-02 2.676861202316303534e-01 -3.720774203892691923e-02 3.864452111951821034e-01 2.442589444861499315e-01 -2.024953423885589576e-01 -3.264300027364199219e-01 -3.297657114419775271e-01 -7.208103803864540637e-02 -4.261288642905931567e-01 -3.914763518069289128e-01 1.307938141265672094e-01 2.288157341849071380e-01 1.704252438027320515e-01 -1.169096063598476232e-01 -5.399531324222814899e-01 -4.582686593821809207e-01 3.684857372180488921e-01 -1.479160620801110715e-01 1.326789949355823006e-01
-6.000000000000000000e+00 -2.909430316878631184e-01 -3.933437962334859761e-02 -1.581658453836451983e-01 -3.429721804780197503e-03 1.672207148216558470e-01 8.351411852554459225e-02 -1.177533437728441185e-01 -1.223489154631777348e-01 2.060685959516213306e-02 -1.447809295586525158e-01 -1.691746597068080615e-01 -1.213821989173251292e-01 7.904162746040871435e-02 -3.750343601039107799e-01 -3.554865863509535928e-01 2.269063148579801847e-01 -3.632054068830101734e-01 -4.262972448931988678e-01 -2.945601850822696655e-01 -3.388079169361096765e-03 -9.216871893261052717e-02 2.360850664574814239e-01 -1.905025445323598743e-01 1.838600532791720421e-01 2.846309849828914662e-01 -2.812000844109379116e-01 1.952790808316673121e-01 -1.386617797456014545e-01 -2.636637369773368600e-01 -3.201965382566092089e-01 -3.439890317880800463e-01 -4.261147334540096310e-01 -3.689823265515273509e-01 -5.419969047530723283e-02 1.537150287738255072e-01 1.195813052972171664e-01 4.550799402993558340e-01 1.768623529869285393e-01 4.247632236742669987e-01 4.394295735389082136e-01 3.568514769514515017e-02 -2.104604723674564637e-01 -2.848020527566624827e-01 -1.770729806615027879e-01 -4.486103245084493985e-01 -3.325519052827436428e-01 2.407540187896080597e-01 3.432955415625785767e-01 1.639073142563463037e-01 -6.590778181248516110e-02 -4.736859605631046355e-01 -5.207339570307659704e-01 2.661637713719799403e-01 -1.431674947451198887e-01 2.319180944565777669e-01
-5.000000000000000000e+00 -2.091212554629829357e-01 1.471173642551788438e-02 -2.420477666150126772e-01 -1.291237181659347401e-02 2.269177734806805402e-01 8.541998572372237752e-02 -1.192992737767004513e-01 2.063752304332725981e-03 8.304053063801111745e-02 -2.483621862027548047e-02 -1.797451256439440148e-01 -1.149956629062196256e-01 8.175709700548523806e-02 -2.881426700207369573e-01 -3.524044220238115588e-01 2.443512818939024278e-01 -2.677338012725368754e-01 -3.853649869664410033e-01 -1.904537581251870837e-01 1.336079483927415067e-02 -4.174215241401373067e-02 2.102523334956360457e-01 -9.402533294864799662e-02 1.460504453256117885e-01 2.764613201294175426e-01 -2.782409687530893461e-01 3.139119757252217813e-01 2.815341789642292203e-02 -8.459309794691974305e-02 -2.331101890383814323e-01 -2.033146463784935021e-01 -2.818977575755740594e-01 -3.182960125343078928e-01 1.100040595462878773e-01 1.797662361985121748e-01 1.705241744703122897e-01 3.779504147256667057e-01 1.359752409229425807e-01 3.970486193239332051e-01 3.408409536819664853e-01 -2.288338526575789955e-01 -1.743408414079377911e-01 -4.869173094683298952e-01 -4.342237092749517413e-01 -4.989657292141137512e-01 -4.062748656202448405e-01 5.076685298572033989e-02 2.081168787773254314e-01 8.886447211328152296e-02 -3.327642417065483360e-01 -6.347112150357219207e-01 -6.171105760542250351e-01 1.789387472477840801e-01 -3.786881252088982186e-01 -4.363409080846188809e-02
-4.000000000000000000e+00 -1.599939756749355901e-01 -2.160738076792476925e-01 -4.792104424183972755e-01 -2.295327991712015625e-01 8.968236594176459686e-02 1.283122780666775542e-01 -2.379372867786892498e-01 -2.003013816428929617e-01 -6.443122413404391013e-02 -2.008625210832680474e-01 -5.007504109292401084e-01 -1.845398360593408504e-01 6.158762886229270095e-02 -4.070941821260603000e-01 -4.999198107148945525e-01 9.112995086771090436e-02 -3.275202836624703795e-01 -4.971548360702640612e-01 -3.134103546841641719e-01 -2.452566962854259014e-01 -9.066985028657240098e-02 2.973751163433024924e-02 -2.764470128130689375e-01 1.986712725389392503e-02 2.935836198416467147e-01 -2.626435538384626067e-01 1.978325427307185691e-01 6.803960021754601462e-02 -2.263243056255284102e-01 -1.344274814928389516e-01 -1.086683067461738095e-01 -1.768738280142277408e-01 -3.922073049838142866e-01 1.327164237719197226e-01 2.169244549989685633e-01 1.515609263539583751e-01 2.241450651839995423e-01 2.540377708713173477e-02 3.245976487532138410e-01 2.240209153966953859e-01 -2.631934273480446285e-01 -1.098797131882418149e-01 -4.096921215624009793e-01 -4.284497484982530691e-01 -4.592921648083887476e-01 -5.279416003445313033e-01 -1.571946462798765043e-02 8.216549611306996070e-02 4.495546248229852909e-02 -4.290366640599009851e-01 -6.009808465005588296e-01 -6.446405104518757589e-01 1.275617149265020622e-01 -3.454041839966148220e-01 -4.727502076148804716e-02
-3.000000000000000000e+00 -1.339150632449193079e-01 -1.252570464118085702e-03 -3.418333617710320183e-01 -8.390960490328745747e-02 2.070748145790184680e-01 1.842878254141564476e-01 -1.153972686357752075e-01 -6.898789451453829491e-02 2.572519126081472540e-02 -1.979741994300582841e-01 -2.491787449711917735e-01 4.307045259289023209e-03 1.369958401768369693e-01 -2.715804697708839588e-01 -1.819121805987547469e-01 2.766607253401345834e-01 -2.125609664336524929e-01 -3.211495151177962137e-01 4.185395344338976864e-02 1.491757327503877018e-01 3.579361622217623329e-01 4.045932502031271416e-01 9.180272155800736633e-02 2.699335265387577398e-01 3.668574582570418574e-01 -2.430062351625730810e-02 3.466048837581412467e-01 3.761399074781006657e-01 1.667739802535957439e-01 1.310137137971026378e-01 1.128067012966188498e-01 1.333753837724873936e-01 2.122622857163458665e-02 3.720001994521889843e-01 3.900178982436039998e-01 4.672182082253628632e-01 3.924343384927618805e-01 3.159942820865001556e-01 3.453562686638393942e-01 4.718886282086907080e-01 -3.969602422416916576e-02 -5.840927721926542082e-03 -3.163368841387634300e-02 -8.697795194336954694e-02 -1.648039074180964736e-01 -2.542351205390291913e-01 2.105281578277243826e-01 2.406716589447577270e-01 1.881612267946097261e-01 -2.442358394693169843e-01 -2.638710407004284386e-01 -4.578331872152390791e-01 -4.324871426404427316e-02 -2.298578346936090977e-01 1.460663675295235595e-02
-2.000000000000000000e+00 -3.689222595982014630e-01 -1.597545044084906496e-01 -3.399971808192285283e-01 -1.445429880369853426e-01 5.009383159649528905e-02 -1.073280180172995757e-01 -2.165711598834715035e-01 7.652099524379110673e-02 7.846510697732260453e-02 -2.789077942162091484e-01 -2.002678006453998127e-01 4.058996900883946740e-02 5.568038912457506928e-02 -1.732811041016413534e-01 -1.164015110466624509e-01 3.428762235990938101e-01 -4.001162799863410002e-02 -3.759066262897709509e-01 4.764791929235903667e-02 -3.153510374747303668e-02 4.326222215181992348e-01 1.857485639408617550e-01 -7.443673813212974000e-03 2.232972976870801207e-01 4.501958676719158836e-01 -3.405009054001777169e-02 3.809939838373959109e-01 5.053408038197408914e-01 1.251497069862343992e-01 2.209881719563785984e-01 2.909256338876702874e-01 2.495564896026352952e-01 1.425179772639127984e-01 4.857307323124127052e-01 5.426031635779281492e-01 4.364801255032567662e-01 4.494616649760155291e-01 2.966252273017813135e-01 3.411421892643249909e-01 2.358569838533229879e-01 -1.326633093192410018e-01 -9.126340388564993522e-02 2.254929615449528801e-02 6.992374254354152829e-02 -1.109014285035018338e-01 -2.269528008675066877e-01 1.945000269040666752e-01 2.669416554665856034e-01 3.140875401933256872e-01 -1.740541604410482113e-01 -1.857678581521445271e-01 -3.322699516373962547e-01 4.726059009428412727e-02 -1.001004162819298243e-01 -4.658856563854932298e-02
-1.000000000000000000e+00 -3.828383338702342487e-01 -2.267359295109076522e-01 -2.263224641841515006e-01 -1.727579373243460711e-02 -1.712811932955222716e-01 -1.231957362171080816e-01 -1.891667205845386779e-01 7.883649093532925367e-02 1.582618435971926141e-01 -5.475168687455186922e-02 -1.441691525125551043e-01 -1.194134211403680701e-01 -2.742107239253282688e-02 -1.543055853810177680e-01 -3.192265411137094194e-02 3.192722334927263206e-01 1.186746370082009533e-01 -1.916154929136649476e-01 -8.939602233723509261e-02 -1.002869450932508955e-01 5.225157352921252496e-01 1.620468323359339768e-01 -3.703475152148109906e-02 3.708695377596208931e-01 4.935137124161113054e-01 1.880843665795700892e-01 4.928848273750657816e-01 6.276620335192073519e-01 2.870630675052049940e-01 3.544390415562064800e-01 2.822666669392591698e-01 3.352821742221679391e-01 3.401873373019315694e-01 5.795210621570789922e-01 5.726764018233206910e-01 4.705576349486595977e-01 5.000323645165083430e-01 2.842190551125954312e-01 2.993971796380273664e-01 1.634861828186793542e-01 -2.242924983252966853e-01 1.326582019733874296e-01 6.704131459032527940e-02 1.479587038943521726e-01 -3.174540043874773954e-02 -3.660412809287811459e-02 9.979637970034274663e-02 1.932406251313791012e-01 1.011028080928180473e-01 -9.940625895346738572e-02 -2.945030767310096165e-01 -1.789430568320856951e-01 4.540334272436370028e-02 7.467585191728934313e-02 -6.165506168731372388e-02
0.000000000000000000e+00 -3.644394044261130006e-01 -2.331289688900647084e-01 -2.238473707347229669e-01 -2.706651416033851315e-02 -1.783551288868963358e-01 -1.770857347311041718e-01 -1.363263185891215312e-01 2.867785570021041952e-02 2.421707925731046984e-01 -4.547789699637058008e-02 -1.169216668016340166e-01 -1.003025782200400173e-01 -9.776001929098967341e-03 -1.892159556118419017e-01 -6.713433441803168256e-02 2.444959695591026883e-01 3.421884869602304091e-02 -1.145723743419067714e-01 -1.401968090073366369e-01 1.158556839811766825e-03 5.458703869986782919e-01 2.203716427004569212e-01 -7.322143217946960880e-02 3.514378899796180566e-01 6.014693719434509589e-01 3.406381365562062280e-01 5.956507341775733044e-01 7.186920073549264432e-01 4.998287139676457214e-01 5.013960216884568721e-01 3.934278322631383218e-01 4.230075586883236261e-01 5.613716310316472224e-01 7.231449781792200771e-01 6.603840827418990811e-01 5.448308015915962477e-01 5.587269760131740037e-01 2.558240755313271331e-01 1.534946029496395692e-01 2.384826632339223651e-02 -1.897635135734847267e-01 1.712169333960273931e-01 2.500870918736866622e-02 1.343097832763890387e-01 -7.646388465766570941e-02 -4.261980508444417060e-02 3.558321218343471481e-03 2.136767157121055583e-02 -8.950858850141740763e-02 -1.337209186186155696e-01 -3.931074137241168387e-01 -2.963085419546611643e-01 3.998507238234097483e-02 -8.803544546529870618e-02 -2.441376979646743828e-01
1.000000000000000000e+00 -2.511808720278960738e-01 -4.346919204472894649e-02 -2.214658566160684072e-01 4.376945471279025668e-02 2.578863547343190898e-02 -8.004566816493120796e-02 -9.511161438751118691e-02 -1.869263766671076799e-03 1.894586120939449891e-01 3.391072307597824131e-02 -2.829231089886896089e-01 -1.871105677115945942e-01 9.465111469456749527e-02 -1.105072161031514510e-01 -1.878136739754199536e-01 1.560947471126806763e-01 2.437814070374586667e-02 -2.749194638381393524e-02 -3.906342460579525361e-02 1.300997670971953402e-01 4.883126764387136776e-01 1.761429115762724040e-01 1.235608786127636721e-01 2.353233453746630122e-01 5.814531004501806155e-01 2.603469863578724564e-01 6.490175430474796059e-01 6.544563423562854698e-01 6.200921651903543719e-01 4.891596010071441736e-01 4.562863724994516423e-01 4.578942694623385767e-01 6.096993363796483489e-01 7.726448637686803567e-01 7.142078902376651772e-01 6.783207421866020992e-01 6.508187040568469417e-01 3.242073765050548784e-01 1.148249569196451020e-01 8.286979179619477498e-02 -1.927784067983938365e-01 2.449145848036000106e-01 2.537188449646357244e-02 -7.817286704498296879e-02 -2.742985534830176819e-01 -1.112188993291211847e-01 -1.889222762359535346e-02 2.100044523442780586e-01 -3.632207611450877921e-02 -2.417654906527901826e-01 -4.737740544624271521e-01 -3.545298921028725014e-01 -6.168601419687374382e-02 -1.176567538453966999e-01 -3.082887938357649071e-01
2.000000000000000000e+00 -1.376463088825414516e-01 -3.543480456482468455e-01 -5.526723632791783469e-01 -3.190872745681228029e-01 -4.731892085769821843e-02 -1.742589664253120230e-01 -1.364759619956621983e-01 -1.724078428574453703e-01 -1.285073034328432506e-01 -4.176056393837433711e-02 -5.016446966390266660e-01 -2.109864902894829086e-01 -6.528006977017043744e-02 -3.120186880892839021e-01 -5.483036361909260359e-01 1.104693482601821208e-01 -4.143353932815799223e-03 -2.424053809891249522e-01 -2.602835692697686998e-01 -1.972730481463597363e-01 4.233854068628682965e-01 -1.589872855964953313e-01 -1.292357387013531589e-01 -6.561924095109203381e-02 5.351699710016349920e-01 1.335059397711720885e-01 6.200045883083807885e-01 4.786090658970205691e-01 4.572391921056326858e-01 4.728089722317144750e-01 5.250700260864328284e-01 4.796632229386313950e-01 4.706899989007790053e-01 7.861855589670785349e-01 7.618664005905860792e-01 6.820465400132231792e-01 5.337992837978611238e-01 3.445033627095432649e-02 -1.490793084017602022e-01 -1.950075977463279209e-01 -4.339854911637512913e-01 1.614151925807176258e-01 -3.641548608742309900e-01 -3.318847635577661381e-01 -4.781841474431212657e-01 -3.939083413489545826e-01 -3.628576353150849698e-01 -5.814039869851667097e-02 -2.417078373792946877e-01 -5.476649649447506985e-01 -7.078575205181136809e-01 -4.842383057957150849e-01 -2.007146095679876174e-01 -3.330301950457923432e-01 -3.449933654702986296e-01
3.000000000000000000e+00 1.130699585485866604e-01 -8.812137131532413181e-02 -2.508993120188560688e-01 -1.071183666434443182e-01 1.260379866207975708e-01 1.308140633524602359e-01 1.823438569851094093e-01 1.280188670296680264e-01 2.226830884271055744e-01 8.112756660880207638e-02 -2.770170719912651291e-01 2.189646605365746790e-01 1.920185258982741727e-01 -1.340987111213323146e-01 -9.222824203904450568e-02 4.725891716408462395e-01 2.156539981831026576e-01 -7.595893015162440143e-03 2.358708017868524076e-01 2.169055517933412836e-01 6.679991297888155932e-01 2.477616926675573483e-01 3.494103575452209842e-01 1.842624732654171427e-01 5.296742168137448248e-01 2.708143463238121829e-01 5.680330058977707264e-01 5.504630577033975403e-01 5.680743498173845829e-01 6.649744953104729239e-01 6.793264216790815269e-01 6.399679229238367517e-01 5.234330330162800804e-01 7.516186967535678498e-01 7.851604521556485583e-01 7.853605392517924999e-01 5.596680770094780710e-01 2.218964385116516669e-01 5.948888692276557699e-02 2.108167588747298371e-01 -2.745793550485825518e-02 3.704483397084867846e-01 6.657564803018312105e-02 5.689686807290890436e-02 -5.659314901531556363e-02 -2.269273746846043327e-01 -2.326628672917231966e-01 6.027266573187853999e-02 1.063824356501683055e-02 -4.056535252853848417e-01 -2.090009950212163292e-01 -3.525904400882471368e-01 -2.008208839222050124e-01 -9.934750298330230489e-02 -3.662576135519547693e-02
4.000000000000000000e+00 1.490944998150514900e-01 -1.889186821588096921e-01 -1.199323559927707866e-01 -5.505331829647839431e-02 2.506299039902233905e-01 2.479637476191076939e-01 4.391472861104889214e-03 2.316235546413951962e-01 3.813897718633108003e-03 -2.446896095992348585e-01 -2.045535570112532453e-01 4.613886965262652406e-01 7.852887068480240984e-02 -1.998845136811405465e-01 -1.214901638498821074e-01 5.117793557684177097e-01 2.656645416816735272e-01 -7.181457134702023959e-02 3.292066568828860840e-01 -2.038376091421342795e-02 6.644717545801253067e-01 1.087689535442090960e-01 2.529105011530683456e-01 5.445368835781702610e-02 3.001062725595210479e-01 1.121754802207173413e-01 4.292403342033936364e-01 4.887365689006786251e-01 2.412923069005232790e-01 4.807895827589115934e-01 7.020519836166938532e-01 6.479125015857210013e-01 3.391287715759530030e-01 6.701502859618171382e-01 7.312306153345411452e-01 5.963750836339083428e-01 2.703418439937548823e-01 3.621807792555690325e-02 8.005665281133203526e-02 1.993279842428114512e-01 -1.838262369923610029e-02 -9.542582547856312547e-02 9.470301488438984117e-02 2.772583704504627544e-01 5.523234403328178277e-02 -2.583035809226898460e-01 -1.144837638400798829e-01 -3.687370692788159016e-02 1.359653773230240503e-01 -2.694235408440777690e-01 -3.918079242451388833e-02 -1.067747263472920288e-01 -3.830255959183185288e-01 -1.448270033815523827e-01 -1.481530280907182862e-01
5.000000000000000000e+00 -7.079294868227281601e-02 -3.979030519360137186e-01 -1.419599807957275528e-01 -1.830868796930854026e-01 -2.856218901272948862e-01 -1.006386509491650760e-01 -2.641557424655111355e-02 -7.601978995618235979e-03 -1.079313986187411117e-01 -3.081242203121213330e-01 -2.088987321807815878e-01 4.448184572988261865e-02 -1.967871163306948445e-01 -4.971191402701791162e-01 -4.959963073471760492e-02 5.245109076000784576e-01 3.054187854679134562e-01 -5.178439771843594552e-02 1.303082819975309725e-01 -2.145446505565229978e-01 5.650115903994472610e-01 1.281079601168154114e-01 9.329710195474864853e-02 1.074526750071826270e-01 -6.994059428058339856e-02 8.047954998714766661e-02 2.978711325495986273e-01 5.912707697406081042e-01 3.031586517752193899e-01 3.926387608720728339e-01 4.905254728693326238e-01 4.989411396870955251e-01 3.975406655168559622e-01 5.512489243440426012e-01 4.943014090800192384e-01 4.646867882731546828e-01 2.507388947122392020e-01 -3.216430704858806028e-02 -2.069055982487479628e-01 2.373537831234221740e-01 -1.794299410461801525e-01 2.009249486745651181e-02 2.220450707183098393e-02 3.783713622713673619e-01 3.841779771652979458e-01 1.983291322003230550e-01 -2.862618343877569305e-01 -1.143474645890348862e-01 -2.031515821438654723e-01 5.828795219384072003e-03 -2.614015555408531061e-02 2.881033477031195722e-01 -4.591969522618864485e-01 2.334191904047348276e-01 -5.765339286702070298e-02
6.000000000000000000e+00 -1.642853437789283388e-01 -4.227080860248013661e-01 -2.114568257860716394e-01 -2.527513391439769053e-01 -5.229680145821172799e-01 -3.577707059344310547e-01 -1.506253315625523670e-01 -2.061106232584476727e-01 -1.119800561835517239e-01 -3.205843170124575980e-01 -3.738954643614242901e-01 -3.029387578646405843e-01 -2.358271453143412910e-01 -5.678251341856437318e-01 -5.711206986980999628e-02 1.441643041303799222e-01 2.242231200745825603e-02 -8.316282262393648317e-02 -1.019835630614923661e-01 -3.660732445202878327e-01 2.818472383714436535e-01 4.159542554969088146e-02 -1.424955281047375066e-01 2.504705560128766065e-02 -1.734317087986358974e-01 -2.206148044675584896e-01 1.904779186753740305e-01 5.216704823121121049e-01 3.320660058844426832e-01 2.396543545550063603e-01 2.609046209401354455e-01 2.099083196382049432e-01 3.185371837190189570e-01 4.216272145798453108e-01 2.438699991406782508e-01 2.405618394889296741e-01 1.020262024905932430e-01 -8.768356943950952886e-02 -4.377065960184964855e-01 2.146844687620312331e-01 -2.999265683229322410e-01 2.483296662516160103e-02 -8.102779709020865861e-02 2.739976745235828681e-01 2.591265587763074141e-01 2.238394045483756700e-01 -2.232132843430335856e-01 -1.022205995934502842e-01 -3.318558940125225787e-01 1.368676652547856920e-01 -1.910196076031119850e-01 1.720107410248313262e-01 -3.078369133160959170e-01 2.064141819344786077e-01 -1.657909614320696723e-01
7.000000000000000000e+00 -2.080452385707440288e-01 -2.210695033652982644e-01 -2.572097908008070255e-01 -1.625683287540483080e-01 -5.186686451738825587e-01 -5.365649486086790931e-01 -2.198311600906797114e-01 -3.719781479776803623e-01 -2.003313954638937799e-01 -3.112876542889323472e-01 -5.710275030848922517e-01 -5.995856076054961736e-01 -2.764884929643955380e-01 -3.231736947797032578e-01 -6.488819389157966799e-02 -1.826699823655188737e-01 -2.376535329431592736e-01 -1.318904366347046220e-01 -3.695598401510213349e-01 -4.300360639587497147e-01 3.986955290513288092e-02 8.853624491295788990e-02 -2.235810776705641212e-01 2.994900124306693612e-01 3.121458593640996301e-04 -2.168030127187015599e-01 3.323273172327476654e-01 3.892308089836228335e-01 4.421363013634316275e-01 8.044745865814573182e-02 9.494034492974537387e-02 -1.244284240640189387e-02 2.922777243377179257e-01 3.115511765226365859e-01 1.478354622648312966e-01 2.881586360141170089e-01 1.709215412383336685e-01 2.028966570109223544e-01 -3.408289121723312443e-01 1.713178126648730037e-01 -3.097652422972255182e-01 2.782599980333901879e-01 -9.581863678734996170e-02 3.256155198611435098e-02 -1.959227610236894956e-01 1.909942784741689992e-01 6.956303821659487463e-02 2.449964085297053062e-01 -2.321973615480445452e-01 1.920620778538616735e-01 -3.425666364736371650e-01 2.998932453407831752e-02 -2.518339372794299313e-01 2.402043087524744491e-01 -1.084241014015184523e-01
8.000000000000000000e+00 -1.750667039830250959e-01 -9.136568324718263856e-02 -4.557054675412494649e-01 -1.833657083929423337e-01 -2.630098981263909730e-01 -5.972987883476004178e-01 -1.424187889444496480e-01 -1.843491627871780558e-01 -9.369279561693090452e-02 -7.610301033416257133e-02 -4.086951022144553747e-01 -5.022762378497357405e-01 -3.828924594678419224e-02 -1.614985489597254298e-01 -2.148107649445051837e-01 -3.230537472032216084e-01 -1.910270813492760955e-01 -1.053841016346770548e-01 -3.839485627774354426e-01 -3.136034296114124653e-01 -7.690682552231872804e-02 1.477027033140169698e-01 -2.369174922861510824e-01 1.914592788358520647e-01 1.883813847565312949e-01 7.324699406212192843e-04 2.920851180042445816e-01 1.659996443861454507e-01 3.956953746375930225e-01 3.353085477333846154e-02 -2.240540415643403616e-02 -1.366569307550537515e-01 1.605774499603862537e-01 1.838848966955713149e-01 6.382245719001559958e-02 2.898933219807364736e-01 4.017968224235577979e-01 4.443562364888719030e-01 -1.309234767457437276e-01 -1.669860863180382682e-01 -1.998575662218208537e-01 3.930195700711169859e-01 -2.062344341859469188e-01 -5.756598903654016469e-02 -5.277129678151997183e-01 -3.432567833734329055e-01 -7.897335020251722293e-04 2.367403122059912324e-01 4.541864513592051844e-02 3.159972729035898098e-02 -2.879298020448546880e-01 -1.240143537394409745e-01 -9.571955445618790526e-02 1.083347266016407295e-02 -3.322966769333925430e-01
9.000000000000000000e+00 -7.233433553149495876e-02 7.787634727881836971e-02 -3.556412277770625852e-01 2.000157403624524266e-01 3.380598352183757926e-01 -1.887857316728064339e-01 -1.683758927302005381e-01 1.201980699986937989e-01 4.187435204584989690e-02 2.112432012186257757e-02 -7.367878770737951166e-02 -2.486116975286562503e-01 3.474754860222026287e-02 8.046950717535018838e-02 -2.640102597264300938e-02 -9.140978811344988020e-02 1.481315713355654540e-01 -5.373207387060262991e-02 -1.799978683916741984e-01 4.749347484878323200e-02 -3.219262501151134992e-02 2.366543328727312989e-01 4.811877533035232440e-02 2.490031312469648261e-01 3.747721606023037277e-01 2.941309361777554865e-01 2.570810261520909412e-01 1.387616306697556645e-01 2.915672611680750204e-01 1.073381321160357671e-01 2.366711657168046878e-02 -2.682259132306062666e-02 1.064025825780770540e-01 1.321706484096464296e-01 1.631519986650993848e-01 2.923675852817184673e-01 4.524599188019040596e-01 6.003399434282240543e-01 6.247874556331407814e-02 -4.354143606459072169e-01 -1.110251873513810883e-01 2.835072510384656352e-01 1.422927250567307123e-01 8.122915152541101969e-02 -4.923882072912336705e-01 -4.977541482882541501e-01 -6.376109013880448817e-02 2.816837194147573387e-01 3.240972408117501757e-01 -1.433215336826772768e-01 -6.719985614603987689e-02 -3.544660825451096953e-01 2.578792257155729239e-01 1.997555997150876894e-01 -1.422035980579883785e-01
1.000000000000000000e+01 -2.962477265300059726e-01 -3.434009974232281048e-01 -3.897943662678767796e-01 -1.585105125250015345e-01 5.029495889550567034e-01 8.573018232953252826e-02 -4.273370031933442226e-01 -1.001510726549561525e-01 -3.515105255297145126e-01 -3.332535993329459045e-01 1.028199524551460797e-01 -2.442663781128038836e-01 -2.761136836967698627e-01 -2.838666639811560644e-01 -4.653675008493257659e-01 8.001975624272006371e-02 3.863402586802797134e-02 -3.485505395532837447e-01 -1.570821831632260024e-01 1.334988262512219470e-01 5.707011694431795429e-02 7.047632324925053038e-02 8.751137360622299188e-02 -5.118117522814200071e-02 3.557071839143512992e-01 3.785644655198751596e-01 3.032848110737203229e-02 -2.436872944219746484e-02 -1.884585439957357500e-01 -4.477590459952050794e-02 8.563274848324226030e-03 1.061521894005862388e-01 5.483393223967937546e-02 6.155766997433921583e-02 2.398767081707096349e-01 1.826135090862260335e-01 3.972772755960962687e-01 2.467411387587146177e-01 6.921079359216877891e-02 -4.172322238973497632e-01 -9.701019619296027963e-02 -1.135500482543764511e-01 2.834430347728638111e-01 3.537070449365073976e-01 -6.094822589547532060e-02 -3.293804516857793407e-01 1.634140250010323592e-01 4.424094041961458834e-01 5.469198153081343827e-01 -2.207094886648792720e-01 9.209515614123958693e-02 -3.213618271468691168e-01 4.265684529825961024e-01 4.324245725185665856e-02 6.460282494081689975e-02
1.100000000000000000e+01 -5.842873738406744177e-01 -5.864490696715674023e-01 -1.803937124809316672e-01 -5.455666358168789198e-01 -2.670360077840908813e-02 -7.871541380967306267e-02 -5.628162534708200937e-01 -2.623819990582576533e-01 -3.142411436175677197e-01 -3.828409947990153994e-01 2.160567983738447551e-01 -8.508121825408870853e-02 -4.503523260495775893e-01 -5.347149304710127060e-01 -3.978717083517826492e-01 2.213058593449997447e-01 2.841793629697742657e-02 -3.606089367158072934e-01 4.374522154026368181e-02 2.736265933272663542e-01 2.588080692674279426e-01 -1.324273012131356175e-01 8.974736576522962528e-02 -3.682428445165730202e-01 6.955920942955576280e-02 2.126197349674346926e-01 -6.769043250563060166e-02 4.877257882034779363e-02 -2.233997492341693591e-01 2.857306226615938943e-02 6.995663257002224245e-03 2.335489769588593445e-01 2.281399634144592459e-01 1.254941039955764226e-01 2.063618666521450651e-01 4.500646085129103580e-02 3.251009907427003798e-01 7.020265571025423486e-03 3.328501882550696095e-02 2.542497240775550005e-03 -3.768317995784181001e-03 -3.656838443352034562e-01 2.808591411842776830e-01 5.447565612767355514e-01 5.736824613015468755e-01 1.057994566065494635e-01 3.370027840765608962e-02 2.552398883454901624e-01 3.414961882850037211e-01 -1.190188810576121164e-01 4.969070900518057776e-02 -1.498203624537182768e-02 2.317745825320692565e-01 2.576253808187945471e-01 2.264726911928525988e-01
1.200000000000000000e+01 -4.937399429317708699e-01 -4.375862048417810124e-01 1.766592570449305455e-01 -4.050970401996385473e-01 -4.131596516260044316e-01 -9.830149179612504562e-02 -3.197445856039387024e-01 -4.315879782453757585e-01 -1.313723176324399500e-01 -2.755492618219173573e-01 9.849500318086415462e-02 -2.540359978818498843e-01 -4.831053210578467039e-01 -3.289729742522727873e-01 -1.835764126590359036e-01 3.063660268839581979e-01 -2.318926650442494908e-01 -4.890231062083729152e-01 -1.576782023954467760e-02 5.967407929946094702e-02 1.659391301465223956e-01 -6.049633049542053609e-01 -2.296370915807305069e-01 -3.066428057788188610e-01 -1.671104711968187106e-01 -7.245764992066652810e-02 -1.713142119530895180e-01 -1.353064744398303071e-02 -2.212819508035843985e-01 2.531165784871357294e-03 -2.250243395846597896e-02 1.265607474543997413e-01 1.644528326915156713e-01 4.272617056869264240e-02 1.436295148455913051e-01 -1.715293960215208968e-01 -7.853971016700356245e-02 -4.549046832570423637e-01 1.268476668881437230e-01 1.235675309299363728e-01 -1.179718163450284851e-01 -4.533760424183481130e-01 -3.543545344041805489e-02 7.666711349851425272e-02 5.401981112164736532e-01 4.939241223107103673e-01 2.450547997335918438e-01 2.920580911639699129e-01 -7.365507053816078287e-02 -1.095372723724385988e-01 -2.516518010541387018e-01 3.891943811988161223e-02 -6.516527599485230637e-02 2.919672097071825956e-01 1.914860539268085082e-01
1.300000000000000000e+01 -1.923028998642459797e-01 -3.669530252517885088e-02 3.920609038059747475e-01 -7.732114562028576110e-02 -6.292277046410825747e-01 -8.025046593923557126e-05 4.424324711622983908e-01 -1.184472333059120586e-01 1.835286564295174061e-01 3.468934506272185470e-01 1.109461462929810099e-01 -1.468259294722247255e-01 -1.153668992652006065e-01 -5.174486654470840385e-02 1.146295450772185365e-01 3.140382430690080162e-01 -1.789558337734452054e-01 -2.534866911236795944e-02 2.396403131475869919e-01 8.423933792644579255e-02 1.739262337587693386e-01 -1.701781067680119830e-01 -1.436149731414444186e-01 1.768759088272223168e-02 -1.388048512468858520e-01 -3.894189603912572017e-02 -5.616784499552228416e-02 3.464228245890710323e-02 7.901721414905710228e-02 1.796782319974011277e-01 -3.546256513846279129e-02 2.960848420614881765e-02 1.164810334355402544e-01 7.977017247790995497e-03 1.892857506061722608e-02 -1.038058591991032342e-01 -7.244510388745792340e-02 -3.011150881628218423e-01 2.484728815117731582e-01 4.764309749284967310e-01 1.217525635712930487e-01 -4.627056907481819081e-02 -4.561479176000753366e-01 -4.039280794156261956e-01 1.980712962309079672e-01 5.760686493498274885e-01 2.081631891730380546e-01 -1.397064995651065011e-03 -5.599526263242429192e-01 -1.690033202037431043e-02 -3.371999997611107025e-01 8.976485109554907527e-02 -5.139802925010683587e-01 9.120493775844489004e-02 1.062198279679347525e-02
1.400000000000000000e+01 4.424990812537595020e-02 5.479064997198553888e-01 2.496722577851303304e-01 4.407131570318042479e-01 -1.550241771242578115e-01 2.434127010408374814e-01 7.215155772502094278e-01 5.784241993273637750e-01 5.857101099413428713e-01 8.220201069210174571e-01 1.065522043936397156e-01 3.725207693445036217e-01 4.528138982496622278e-01 6.048321250316693876e-01 4.338120816656955703e-01 3.704947575806175064e-01 2.209402830837774445e-01 2.843714585851993548e-01 4.666324827062806602e-01 1.173955324479496187e-01 4.011782356372400188e-02 2.424279163059132325e-01 6.307373368346066989e-02 3.054732993846777100e-01 8.997790445534616099e-02 6.897852988280557540e-02 1.382214407834470027e-01 2.085110476102058352e-01 2.615906457931395090e-01 2.427493010815869878e-01 1.128080526637795789e-01 4.006192565812113221e-02 -4.970844716357977061e-02 4.910533283539166016e-02 1.471411459089914768e-02 5.038080224560578801e-02 -4.030734015520405500e-02 4.554044927217991423e-02 3.747650114454596504e-01 2.898505203082676895e-01 1.375861147822064756e-02 3.106640457564571745e-01 -4.962815434165435136e-01 -8.312477901751990084e-01 -3.667669446755719709e-01 1.548288914009173511e-01 -1.256239349355104395e-01 -3.976023655294175785e-01 -5.992668737981821092e-01 -1.941190725323702904e-01 -4.066644494130037257e-01 -3.798253247301183189e-01 -4.103390588747203860e-01 -2.821795764262648998e-01 -3.081208575413100226e-01
1.500000000000000000e+01 2.652317949186362989e-01 5.973962506825555296e-01 -2.236417143564069232e-01 4.851431084710781660e-01 2.943805442117336524e-01 5.666633755859391552e-01 5.338696068379111814e-01 5.084249660436676033e-01 6.583517501693254559e-01 4.737629687691143343e-01 -3.340610860133387816e-01 4.940988276380687827e-01 8.488405249762382976e-01 6.788536929211429483e-01 3.055929849025802447e-01 1.143323859688241684e-01 2.447868343639137134e-01 3.852159132828671950e-01 4.082604782317704184e-01 8.276822379726456180e-02 7.930219668897069141e-02 4.459685187060654643e-01 1.614785128451866336e-01 5.517424971218962693e-01 6.049879449372881357e-01 4.189233566273692921e-01 2.820753422758741080e-01 3.874343770229251027e-01 2.487545113191306778e-01 3.859122684198699749e-01 2.784207982793459046e-01 2.049799106658617698e-01 -8.093906926675104030e-02 2.271326792637392289e-01 2.414033229475683051e-01 2.597710546302158252e-01 2.429661401180237268e-02 1.788240026251649850e-01 3.088522423954261353e-01 7.725217618617527537e-02 2.772626126254266327e-02 6.116502404706940510e-01 -2.051831739946773786e-02 -5.527435268777808330e-01 -4.118741769256272778e-01 -4.180351281055835755e-01 -1.011603005147276579e-01 -4.483476048704753136e-01 -2.130449986701940523e-01 -2.736190300874057346e-01 -1.133462203289320319e-01 -6.379233138812769877e-01 2.868700634408052202e-02 -5.192055235500802057e-01 -3.711579199369418047e-01
