# extraction with python 
#  import numpy as np 
#  data = np.loadtxt(velodelaymap_Cont1150_HeI5875_ICCF.txt) 
#  timeHist = data[1:,0] 
#  velocityBoundaries = data[0,1:] 
#  velocityDelayMap = data[1:,1:]
0.000000000000000000e+00 -1.200000000000000000e+04 -1.160000000000000000e+04 -1.120000000000000000e+04 -1.080000000000000000e+04 -1.040000000000000000e+04 -1.000000000000000000e+04 -9.600000000000000000e+03 -9.200000000000000000e+03 -8.800000000000000000e+03 -8.400000000000000000e+03 -8.000000000000000000e+03 -7.600000000000000000e+03 -7.200000000000000000e+03 -6.800000000000000000e+03 -6.400000000000000000e+03 -6.000000000000000000e+03 -5.600000000000000000e+03 -5.200000000000000000e+03 -4.800000000000000000e+03 -4.400000000000000000e+03 -4.000000000000000000e+03 -3.600000000000000000e+03 -3.200000000000000000e+03 -2.800000000000000000e+03 -2.400000000000000000e+03 -2.000000000000000000e+03 -1.600000000000000000e+03 -1.200000000000000000e+03 -8.000000000000000000e+02 -4.000000000000000000e+02 0.000000000000000000e+00 4.000000000000000000e+02 8.000000000000000000e+02 1.200000000000000000e+03 1.600000000000000000e+03 2.000000000000000000e+03 2.400000000000000000e+03 2.800000000000000000e+03 3.200000000000000000e+03 3.600000000000000000e+03 4.000000000000000000e+03 4.400000000000000000e+03 4.800000000000000000e+03 5.200000000000000000e+03 5.600000000000000000e+03 6.000000000000000000e+03 6.400000000000000000e+03 6.800000000000000000e+03 7.200000000000000000e+03 7.600000000000000000e+03 8.000000000000000000e+03 8.400000000000000000e+03 8.800000000000000000e+03 9.200000000000000000e+03 9.600000000000000000e+03
-1.000000000000000000e+01 3.178669523854713574e-01 1.932926122647737888e-02 -9.660796001563459745e-02 1.999708088293140340e-01 4.418606491102479161e-01 2.284186662815569924e-01 -4.905722733013804376e-02 -9.684230279265328145e-03 -1.447801013539532222e-01 -4.582353478276797454e-02 -3.202668830981439951e-01 -1.019914735148404750e-01 -2.937287115266143389e-02 -2.722728188840534691e-01 -4.372792437640464214e-01 -1.340435341149234620e-02 -2.101952265327312608e-01 -2.627213406651618399e-01 -5.088700877525691446e-01 -3.327936456726131031e-01 -4.257476503988703587e-01 1.117490008994429934e-01 -1.456353813547150711e-01 2.179864391106302660e-02 8.936238912043306670e-02 -4.013756907241605720e-01 2.363850231948770308e-01 -5.305508867739336942e-01 -9.954618377994359224e-02 -3.621813915112916948e-01 -9.837584475312791121e-02 -4.097356543090197034e-01 -3.818686881030820546e-01 -2.038342729820591115e-01 1.095136912436363644e-02 1.935372083701098755e-01 1.582807421051990737e-01 -3.372178761325026614e-02 -7.906287106800570508e-02 -1.915459872714461026e-02 -2.553231543170220719e-01 -1.349743207382149424e-01 -3.599957098598975391e-01 -2.951714884516055126e-01 -8.511103929776890897e-01 -6.553239709773550636e-01 -2.968001181463369997e-01 -2.895319110198203705e-02 -4.406703159571735695e-02 -2.188804020883173829e-01 -6.218119766239187385e-01 -6.213105794686757388e-01 3.448220421140055780e-01 -4.055148826165468900e-01 1.510964694967619759e-01
-9.000000000000000000e+00 1.043925285015383231e-01 -2.703759172681809500e-02 -1.650285202283888752e-01 -8.318950688484409717e-02 5.124242657022799463e-01 8.189317429268463955e-02 2.610131516639750682e-02 5.380539361024171824e-02 -1.290360974383256837e-02 -4.779391599041792754e-02 -9.834224703642963084e-02 1.023606146512176240e-01 1.403184930592783486e-01 -2.934992795040821667e-01 -3.861901867071960703e-01 2.912934243259523992e-01 -2.534457733963079717e-01 -2.685958947788391060e-01 -3.061998738505075646e-01 -1.053851884346871937e-01 -1.293709597294372404e-01 3.633285873402631871e-01 1.574815036606837249e-01 8.085483784476547170e-03 1.016067915513580444e-01 -4.683572817886155204e-01 1.092826185284586776e-01 -6.216446054103114127e-01 -2.267306204997136532e-01 -3.823088782073405523e-01 -1.356586753341127438e-01 -3.036365053760230470e-01 -2.982010464613198963e-01 -1.356835805326973843e-01 9.903133154217561018e-02 3.972739906383118136e-01 4.513524238322395021e-01 1.311228349253852898e-01 9.848398193340794637e-02 3.218667257067816534e-01 3.696741947005210971e-02 -5.708156027157725021e-02 -3.502615040519234668e-01 1.459724482155747571e-01 -4.743171765137981222e-01 -5.530600025041693124e-01 -6.805165410447025498e-02 2.412682380143977845e-01 2.977433012252062028e-01 -4.772611273003049548e-02 -3.240432417438085522e-01 -5.300637435796298202e-01 4.160721323425831675e-01 -4.250933418184651424e-01 2.064995513191223153e-01
-8.000000000000000000e+00 -1.273208652771170568e-01 4.188891978053219112e-02 -9.962865814916038731e-04 1.356482856221766786e-01 3.148940858044648738e-01 4.319982384504946621e-02 -1.293633242230949887e-01 1.805538492068609613e-01 2.023339679298351013e-01 2.165411609412457028e-03 7.340178999566962514e-02 3.144187589429668916e-01 2.992130442287130321e-01 -6.427029799629460638e-02 -7.840003829403421887e-02 4.215300743579977194e-01 -1.094285238041731168e-02 -2.997028691147463064e-01 -1.777516915526519137e-01 -1.042624929988335003e-01 1.763016956306902305e-02 1.293346208773009653e-01 -4.680308074445604927e-02 1.088124564646426318e-01 2.861713773390834881e-01 -3.230910779036507141e-01 1.168752245787468003e-01 -2.392172573467082342e-01 -3.766083525673391552e-01 -2.777708401247732661e-01 -1.607237031877551958e-01 -3.271284624608894465e-01 -3.679623541256170638e-01 -1.374799518514968621e-02 2.480034867455663261e-01 1.525236884055894415e-01 4.367440498247973091e-01 1.574100237812890435e-01 4.456358410309957940e-01 2.512001381114549181e-01 1.265262025404042812e-01 -1.960686367347972692e-01 -6.751824732175518151e-02 3.412989796964546185e-01 -3.074611293843719229e-01 -3.547154101462809961e-01 6.172174839079139219e-02 2.658774101838341508e-01 5.061164638438544472e-01 -6.856252626105951986e-04 -2.465937557301978444e-01 -3.885403292390396945e-01 5.789373701803953720e-01 3.404485174527065172e-02 3.665550100839083392e-01
-7.000000000000000000e+00 -1.139088849467752157e-01 3.968340479971364798e-02 1.235534843552186235e-01 2.532549004639904622e-01 2.574229678696351442e-01 2.320532241548235175e-01 -7.238495317455809208e-02 7.900645008482712339e-02 1.993561016969576383e-01 -2.601407875443854933e-02 2.861022938872736718e-02 3.521228914670904153e-02 8.916997501268973669e-02 -2.853882219886161864e-01 -1.821418909987184975e-01 3.794672065858741283e-01 -5.805687387131484856e-02 -2.657293368981266668e-01 -2.735488086503949368e-01 -9.561890122477807730e-02 -4.761698953845996951e-02 1.383006987089078210e-01 -1.548274031550251062e-01 3.199317710244368174e-01 3.284085566891060681e-01 -1.539716385238346918e-01 1.744793017899248788e-01 -2.035040369702430241e-01 -4.034351047964309100e-01 -3.491107430144612667e-01 -3.972255075057332108e-01 -4.177569694836562597e-01 -4.703798076173303921e-01 -1.233604968920400113e-01 1.709601714777578829e-01 -3.262752184926735050e-02 3.141846966868764857e-01 -8.342002786203885079e-02 4.706073381997730176e-01 2.040176137138829393e-01 -1.128089057424895014e-01 -3.089598978927353135e-01 -2.469624755545340999e-01 -5.497079966283714703e-02 -3.107854019913195986e-01 -1.810519601234814313e-01 9.569914279166688575e-02 1.636745474252052357e-01 7.064237515808458046e-02 -1.203638460811018024e-01 -3.945336998436911324e-01 -2.649782364654499345e-01 2.527641993511652307e-01 -4.797508607620586119e-02 1.782140366800014086e-01
-6.000000000000000000e+00 -1.742954952963359783e-01 -4.405041764160368134e-02 -2.803229322245791647e-02 3.338115003450705526e-02 8.141796710741476539e-02 1.529462617578915551e-01 2.210865130524493349e-03 -7.532882986185047980e-03 4.061462572922470982e-02 2.614511748933510266e-02 -9.714483143096222517e-02 -1.908729014358583886e-01 5.318693276438543616e-02 -3.938384655675626900e-01 -3.009982560036482679e-01 1.882148913916353306e-01 -2.289857244714253171e-01 -2.039692285025931362e-01 -2.390722890655126998e-01 4.273666319305883393e-02 -8.175970952844872908e-02 2.319889868517642784e-01 -1.423595032512555980e-01 1.597229471513334498e-01 1.812393221605056726e-01 -2.215347918698878649e-01 3.149456168473250273e-01 -7.933127557481699232e-02 -1.049849613970591095e-01 -2.181015011104354973e-01 -2.814299128339459166e-01 -3.507512067834139824e-01 -2.389743119638670921e-01 4.549286798964240208e-02 7.370862331531438660e-02 5.621752849849458167e-02 4.117202105815049862e-01 7.256234130780375713e-02 3.221027594534605631e-01 4.426607826388174183e-01 -4.275152160526995287e-02 -1.749812230055618756e-01 -2.813519834069208025e-01 -1.869671549991755999e-01 -4.138513523170248010e-01 -3.804025586882922028e-01 9.368313540393455319e-04 8.350942445163853090e-02 4.912464484685007127e-02 -1.787586210907777043e-02 -5.567031224358151009e-01 -4.764309531741265369e-01 2.361946192059993233e-01 -2.571613248135395935e-01 6.724020768888189226e-02
-5.000000000000000000e+00 -9.193936487729773011e-02 -2.435679478943154549e-02 -2.543727435283914540e-01 -5.378184596817689282e-03 2.778101561354902604e-01 1.114442682103946453e-01 -1.671913517144268113e-01 -7.671157475674551807e-02 8.607553303598158845e-02 5.104364958669855429e-03 -3.050989057831918205e-01 -1.438651792142256192e-01 9.567686091120554404e-02 -2.126210881495264882e-01 -4.458184143535978139e-01 1.469934879261027005e-01 -3.912220322781255200e-01 -4.147642011448385846e-01 -3.238795848291514123e-01 -1.427677678204280765e-01 -1.481574170247289268e-01 9.034220261360967341e-02 -1.116936276600814515e-01 -4.092839809887421909e-03 2.522403134705147876e-01 -4.147482649791141562e-01 2.352589342689864194e-01 -9.584175135562801595e-02 -7.437905028782103301e-02 -2.446668506201846449e-01 -7.408329546381489661e-02 -2.500317791386711397e-01 -2.602610538273411600e-01 1.295195959515868245e-01 2.362050890380918422e-01 2.250395533012321536e-01 2.652710214851045079e-01 -8.018858227603953281e-03 2.296435194617721665e-01 2.185797491159850447e-01 -3.212395466817846157e-01 -9.471750488259034206e-02 -5.455635573850374787e-01 -5.334117337064202546e-01 -6.184446585728382573e-01 -4.690500676514240963e-01 3.637484567868370933e-02 2.087915343266349699e-01 -3.588950217557394795e-02 -3.900097906899891442e-01 -7.658648104832336267e-01 -7.667880562251052634e-01 3.134672494202730975e-01 -4.772517012001911141e-01 -6.532979962473908775e-02
-4.000000000000000000e+00 -1.197503960665396161e-01 -1.167180628320794306e-01 -4.869462823578339927e-01 -2.881844889186238601e-01 1.075604413494903738e-01 8.065041004794291923e-02 -1.419171050329847972e-01 -2.494340776897475964e-01 -9.528934365374273907e-02 -2.638395533001917648e-01 -5.444010252937133698e-01 -8.878984468565384591e-02 1.317288389622759126e-01 -4.041121376116326713e-01 -5.394988011678226725e-01 5.608497663731935867e-02 -3.788889757746474185e-01 -4.386302287057304294e-01 -3.165490876955197042e-01 -1.788096834009844927e-01 -4.819024781657585410e-02 1.032605341770469476e-01 -1.775551959972387905e-01 5.565100219613000609e-02 2.672179010949738975e-01 -2.755021984834713500e-01 1.817336846918029269e-01 -3.280320806253689270e-02 -1.745818375805351652e-01 -1.336266654182730607e-01 -1.045048247368312588e-01 -1.735758211101968151e-01 -3.327970626697978607e-01 9.874250284294491808e-02 2.156172472994632994e-01 2.888408532844616294e-01 3.338786280983653820e-01 1.368137245039330874e-01 2.876005794463555310e-01 3.276200952707539193e-01 -8.806758772965575521e-02 -1.888556012670467542e-03 -3.996451592853451640e-01 -3.481038374726196372e-01 -4.696000498218901309e-01 -4.953974446742926419e-01 -3.132772140605730865e-02 9.241491775194971003e-02 1.796609959750848640e-02 -3.281437771146243909e-01 -5.102441998719869920e-01 -5.457020568882993139e-01 -6.417097890620862728e-03 -3.335255725820133743e-01 3.805042914642918495e-02
-3.000000000000000000e+00 -1.205513394057396159e-03 3.095602241853658010e-03 -3.984903418352078175e-01 -1.404864172205482764e-01 2.098508734666471309e-01 9.433220213376841690e-02 -6.917125938897872306e-02 -5.188829162656411614e-03 -6.622216815596573825e-02 -2.654521198342439936e-01 -2.002495419837926061e-01 6.487566014306360429e-02 6.950399829103236227e-02 -3.369042084161386619e-01 -1.940318905532734672e-01 2.545122398719417700e-01 -1.528646696838338870e-01 -3.832196614318699734e-01 5.533631218272830332e-02 8.236333153300540166e-02 2.307845220531590247e-01 2.459095009986202451e-01 7.136141783800856175e-03 1.350313314259327102e-01 1.576389164026047174e-01 -1.581900118059276772e-01 2.281696601633460553e-01 2.325172283117564742e-01 9.159049677897017350e-02 2.681700668908403029e-02 3.922729429951798963e-02 6.060432205733101707e-04 -1.763640872579792795e-01 1.748765473006889115e-01 1.715307622314650449e-01 2.850804214727016839e-01 2.461808642753063880e-01 2.441230680791963148e-01 2.267312709550462491e-01 3.259649067149237855e-01 -1.320983291941690285e-01 -2.176862723136486488e-01 -1.376815263708190407e-01 -1.415328246177927629e-01 -2.235699565262775357e-01 -4.110420610372571559e-01 -1.818701519096220520e-02 7.213803564774190491e-02 1.886359374475896078e-01 -3.179699049029513502e-01 -1.808431372171667717e-01 -3.908441534761898373e-01 -1.433929549288889826e-01 -2.709306480947931695e-01 -8.101565793021138148e-03
-2.000000000000000000e+00 -6.524260431357464807e-02 -2.215628422110354490e-01 -2.389017747804108582e-01 -1.126247133992672178e-01 1.592019221886119829e-01 9.665566029486820365e-02 -1.909115909015416945e-01 -6.259011521562315994e-03 -7.753997998317542495e-02 -3.434578435563370169e-01 -2.765136144565552567e-01 -1.639198005166379868e-02 -9.708550906534596514e-02 -3.575407386118328312e-01 -8.015447173586634499e-02 2.644366663487913716e-01 -6.337380674559821292e-02 -3.176111135254117146e-01 9.962333408627058184e-02 -9.398353848504543973e-02 1.979291912273088150e-01 2.139029842189343333e-01 3.658848372779271302e-02 1.232495192481731228e-01 1.838839017126718267e-01 -1.589829569024614753e-01 1.543638184257538903e-01 3.028390308161426070e-01 -1.664777319377206549e-02 5.794717002928088945e-02 1.540920336109204980e-01 1.029002979811032281e-01 -1.137385324298242351e-01 2.490771174806847010e-01 2.742814457872277401e-01 1.742864523585702374e-01 5.251122306177402610e-02 5.979598600073837700e-02 1.682623060814972815e-01 2.862516263422282270e-01 -1.358336439250558969e-01 -2.184766897612099856e-01 7.074948578892042983e-03 9.135277974880133545e-02 -4.036254112346556594e-02 -2.299065139234605371e-01 2.049953309065711549e-01 2.189244724011851218e-01 2.556339624401620658e-01 -2.252861007608739918e-01 -7.686810478379881018e-02 -2.886341655115355898e-01 -5.975531525948284128e-02 -8.841532009285280047e-02 -1.771505466521559879e-02
-1.000000000000000000e+00 -4.342640930599056537e-01 -4.534531175007628923e-01 -3.494328927241754923e-01 -2.646391708476443783e-01 -3.270790966143645173e-01 -2.453337823366273929e-01 -3.721849317980099880e-01 -1.617723340313631519e-01 -1.842063876615572526e-01 -3.325575594852015482e-01 -2.281703617059223921e-01 -2.696310408680254178e-01 -2.941918681279095948e-01 -3.382423683053981667e-01 -1.482738711457056435e-01 1.059115669743850852e-01 -1.059550982856863055e-01 -3.061369969047497142e-01 -1.760158042308726800e-01 -2.587007531788223513e-01 3.608406371275753588e-01 1.639325236256611584e-01 -1.223214373572536623e-01 1.700873662203070125e-01 1.760230458807190423e-01 -1.142797520652848176e-03 2.389897069672302921e-01 4.445779523774617270e-01 5.905200113694131225e-02 9.598415586874638195e-02 1.197590439440276017e-01 2.275462968464986580e-01 2.240460689501687919e-01 3.435839175074127394e-01 3.151071422268310607e-01 2.911256470873426205e-01 3.107883810568676797e-01 3.220929498821392678e-01 1.473386176195267960e-01 2.592174838757532740e-01 -1.852801817929813077e-01 4.824292546212388677e-03 6.471752502229108361e-02 2.810570567578812851e-01 1.437667085056113514e-01 -1.059799300707990957e-02 1.940982191005629631e-01 2.192914286600737839e-01 1.143969710459831340e-01 9.039125292522519339e-02 -9.943100026656631618e-02 1.994343251454163204e-02 -8.079031069135657328e-02 1.551584451610399096e-01 3.846864677878861216e-02
0.000000000000000000e+00 -5.540067208230158302e-01 -1.245043010188023880e-01 -1.967625296352266129e-01 -6.065654952852578968e-02 -2.513532915889739594e-01 -3.396218571116237928e-01 -2.127096329554853948e-01 -7.976851647264519840e-03 2.782995780736973734e-01 -1.079943785550582791e-01 -1.298307208334756324e-02 -9.766898646758544189e-02 7.747018540006495035e-02 -6.488096550505297044e-02 9.018709902893665142e-02 2.411162151802581644e-01 1.014635952374378508e-02 -1.370325081039170390e-01 -5.467574502181191121e-02 9.010127208874695037e-03 4.205016317675069337e-01 1.686213947185249973e-01 -7.438009258169121785e-02 3.073026101031697266e-01 4.289960883546382608e-01 2.323665856033678423e-01 3.900487504160606300e-01 6.476426648968427457e-01 3.104676883994273995e-01 3.201021467634819206e-01 1.872842973965201940e-01 2.660634233644534330e-01 4.393983421118758947e-01 5.602213925082872858e-01 4.850724408786464825e-01 3.797273635754676024e-01 5.079232084159516214e-01 3.269262313345769888e-01 2.145675030581074560e-01 6.593729985133811589e-02 -8.708766480153361245e-02 1.732613539459743612e-01 1.097488541042074967e-01 2.482722279873509907e-01 1.817339522608363012e-01 1.869510259209118674e-01 1.710089000062341991e-01 2.014029018167606266e-01 8.085236599189647710e-02 7.844914816919523748e-02 -1.421890310400596436e-01 -7.004811612403019638e-02 9.866443413578966648e-02 1.719408749198486908e-01 -1.619833456381999659e-01
1.000000000000000000e+00 -4.318322557060018663e-01 -1.014321744785346008e-01 -2.681699468582897095e-01 4.800431777089465141e-02 -2.201887547906278830e-01 -2.618690476773880560e-01 -2.758293794659216203e-01 -1.811018191973106095e-01 9.436954636983264921e-02 -4.979034765615681507e-02 -2.512808524500978469e-01 -3.640293938435799070e-01 -2.787848374996233780e-02 -1.238807003277702656e-01 -1.402941786375523081e-01 -7.850028088263656667e-02 -3.227103778518865956e-02 -1.141567061544306178e-01 -1.621274746506339015e-01 3.616758920955457507e-02 3.058440193810592067e-01 2.237487478704845711e-02 -1.825470392389236529e-01 2.462783956544435104e-01 5.415178057481518925e-01 3.051150066668697480e-01 4.436683640734679912e-01 6.163270431516404413e-01 4.355655569159304075e-01 3.317999696273690735e-01 1.239655836375952308e-01 1.759396776488605652e-01 3.978509667983021192e-01 5.210497829786538970e-01 4.509660431480169152e-01 3.247263412359434609e-01 4.244530931081935687e-01 2.818173129212089290e-01 1.376090829786807135e-01 -7.915767938456848285e-02 -2.273359240933115477e-01 9.819424763963004177e-02 2.879345385293864343e-02 -1.223336913325565739e-01 -2.049971740601975734e-01 7.328703749557077818e-02 1.360856232021532275e-01 2.326720178596644595e-01 -5.370072302562539646e-02 -1.859950608534917671e-01 -3.926583029284133053e-01 -1.603380917953259877e-01 -7.178941916080197605e-02 7.292565816900958842e-02 -2.548863242631052017e-01
2.000000000000000000e+00 -2.380794968596775807e-01 -1.824424459813202004e-01 -3.509975454420070085e-01 -1.258173283827582201e-01 -1.123495848186991664e-01 -1.556198187509692521e-01 -2.814652114928265295e-02 -7.419463485283001036e-02 -4.602170445496549245e-02 2.429472842941787503e-01 -2.407188942361432327e-01 -4.188714666788450613e-01 -1.529524254514543213e-01 -4.518002278189021947e-02 -2.887342753142846941e-01 2.994905878200078420e-02 8.113982140395603615e-02 -3.868302610308610445e-02 -1.442793359997934233e-01 6.997339601697763478e-02 3.231913915555173489e-01 -3.028256943937693985e-02 -7.723400121591436629e-02 1.765281474039042398e-01 6.359615408100701694e-01 4.364981920683753680e-01 7.529953229695182104e-01 5.404478548191302689e-01 5.796235169973672496e-01 4.688810766107160966e-01 3.240910943247097276e-01 3.851023198053982188e-01 5.184064576335554175e-01 6.648638249664337030e-01 5.602871250918073365e-01 5.086748229260341647e-01 5.149575004921884691e-01 1.641153741998195581e-01 -2.131018571043716281e-02 -2.181320612258411673e-01 -3.938811482730382729e-01 3.068024918440614979e-01 -2.063420763546590375e-01 -4.343902485890789866e-01 -3.819070082026971291e-01 -1.525658965099734865e-01 -1.651754346571809029e-01 4.413705390443307258e-02 -1.807299026185696100e-01 -4.398396570868089439e-01 -5.880714364202073163e-01 -3.539164347373786601e-01 -1.503818545765877035e-01 -2.445642957643694992e-01 -3.716072247305186593e-01
3.000000000000000000e+00 5.596351056629410986e-02 -5.165028922334544137e-03 -1.447726947450053425e-01 -4.540146888142828491e-02 2.009915433751240099e-01 1.996391547863562987e-01 1.334908685202384204e-01 2.110068714286476022e-01 3.926735786595650923e-01 3.301137754546018543e-01 -1.832816698183423743e-01 1.602383303878572307e-01 3.115677570649128536e-01 2.650296500228470631e-01 -6.532270326225148027e-02 1.571975398508920763e-01 1.728777950169601008e-01 1.650402430877437321e-01 3.071310322763965983e-01 3.672152401535594413e-01 5.459930491499873639e-01 1.838039297843673814e-01 4.143160521519884121e-01 7.493379849774880336e-03 6.588198275588986741e-01 4.231325740798262958e-01 5.279932189174706414e-01 4.403177052848391559e-01 5.847450123047092108e-01 7.066918134195131485e-01 7.266323628850221983e-01 7.154913665038342696e-01 6.667828253585784681e-01 7.750577678098078405e-01 8.055989535667521517e-01 7.240784900299856996e-01 5.486170851780072244e-01 3.131957251519935648e-01 1.887826504895314672e-01 5.654219185433941031e-05 6.441708635589976639e-02 5.338137140013217152e-01 1.916810770492763383e-01 -3.675478360530511773e-02 -8.683530927111511588e-02 -2.862156601314621018e-01 -8.982081278922730838e-02 1.202223191813140135e-01 1.266996517975506609e-01 -3.640917951614221493e-01 -1.803504636507071435e-01 -4.065690470514399801e-01 5.807659800416052620e-02 -1.456349146264080407e-01 -2.832640117219334952e-01
4.000000000000000000e+00 7.822497249228747840e-02 -9.006241276215000424e-02 -1.676470899543296422e-01 -4.317565723765651176e-02 2.948804061985636493e-01 3.132034745985871060e-01 -5.862474362051506294e-03 1.299940513022190269e-01 2.045613448674299395e-02 -4.135945830073738116e-02 -9.012448559583732810e-02 4.826998453825325219e-01 2.012806710146766154e-01 1.163719156368134139e-01 -2.089323796383616982e-01 3.579910003146528630e-01 3.170978414781458476e-01 -4.781921319794366076e-03 2.425945490548958028e-01 8.507373151612807050e-02 6.327925369793694355e-01 -1.453960099284961616e-01 2.395724786994485322e-01 -2.076754876631684010e-02 4.072120981223052993e-01 3.854451639465306112e-01 2.913391932799070383e-01 4.131082353621686187e-01 1.854067518353584854e-01 5.668976008256447763e-01 7.356184260342363279e-01 7.617422056909781691e-01 4.708710735762471344e-01 6.278031060419300147e-01 8.033671563645411462e-01 6.283304004820966515e-01 2.891554306022046106e-01 -4.178459871069616083e-02 -2.670980495024094514e-03 -1.415204423329764760e-01 -3.836197929583871902e-02 7.182159151601961999e-02 1.070833766366879325e-01 7.486378486790618014e-02 2.585160245880760432e-02 -9.054641380183536814e-02 -1.871662033296319083e-01 -1.139357692714116493e-01 -2.539905835235541781e-02 -3.712575548868733977e-01 -1.686252552941100991e-01 -1.626965315405242696e-01 -2.375925962492033694e-01 -1.765299694785023576e-01 -1.798382687896034893e-01
5.000000000000000000e+00 1.909447457454917230e-02 -1.798280721927681403e-01 3.342255056699318383e-02 -1.286604284691176825e-01 -2.009156045814635139e-01 3.919595141814177786e-02 2.761468648149936200e-01 1.786197534599856807e-01 1.661210070711907627e-01 -7.042816989897732194e-02 8.815328085204961195e-02 4.085275192795082555e-01 6.060431629968766887e-02 -1.958308217966526765e-01 1.672612934337005530e-01 6.758455711084633277e-01 5.125388163441420009e-01 1.110514874776597771e-01 4.694337561192201136e-01 2.015636965604346575e-01 7.540845785744102470e-01 6.689522051600883812e-02 2.752173477347771291e-01 1.048135501767997885e-01 9.798552530812293382e-02 4.039998320934976017e-01 3.097854362038072740e-01 5.869835397518212705e-01 3.765861759044467072e-01 6.450960180566838176e-01 6.123359236442625919e-01 6.609283305133236697e-01 5.022402056978988449e-01 5.466144443441212086e-01 5.435212398857462990e-01 4.853767309283880671e-01 2.708582969950874553e-01 -1.135224170889456985e-01 -1.505932867921048190e-01 1.640717096293071442e-01 5.978302068579761930e-02 4.568832371763342781e-02 1.735686181528804661e-01 3.551514776738888268e-01 6.452584984506681831e-01 4.121562269602170869e-01 -3.763188655807437333e-01 -2.694607807797934074e-01 -1.849322843724810483e-01 -1.610491402976101938e-01 2.568416309092473870e-01 3.641766250409442796e-01 -4.385680646646578085e-01 1.658950194741993789e-01 7.600322323698341376e-02
6.000000000000000000e+00 2.672406460026145458e-01 -1.464916795815809913e-01 3.063281454869838383e-01 1.128799974942329420e-01 -2.296031124913812116e-01 5.817480957781421408e-02 1.780195077234620338e-01 2.453258768203923634e-01 1.204801341983271074e-01 6.757303152742008545e-02 -4.784086069611356851e-02 1.681043119173884492e-01 -1.636795171689273964e-01 -1.499140367299538756e-01 3.406234496760000008e-01 3.608162309864595407e-01 4.313482484439442044e-01 3.045942829726289158e-01 3.105995890548770011e-01 -1.249654882486653240e-01 3.892142942717952692e-01 -7.007117979107492511e-02 1.718122377713895976e-01 5.000632394103486644e-02 -2.058959399539904145e-01 -6.387895336365286003e-02 2.644619787493910357e-01 4.353375797965063354e-01 3.411315686018399074e-01 3.603935347727384997e-01 4.800950085800221867e-01 4.130783242906145847e-01 2.897464630955428055e-01 4.102643944019422895e-01 2.257060651253456063e-01 9.436087050180948232e-02 -2.959328604342684188e-01 -4.266920948696674154e-01 -3.788686448295925935e-01 1.997164933214455873e-01 -2.044674262735674264e-01 -1.240449719496720116e-01 -5.593151481647896245e-03 1.811802768153648324e-01 3.652115775070207682e-01 2.729748866242691085e-01 -3.979015307842334037e-01 -4.643250620167632681e-01 -4.285385511697590855e-01 -6.753395360135104608e-02 -6.030119794016612633e-02 3.839147016881270247e-01 -5.266991333615987925e-01 -1.222645529729321501e-02 -2.399331394874002210e-01
7.000000000000000000e+00 1.814654962876230404e-01 -2.190794958421861116e-01 7.911092537699904170e-02 -7.433603618937818791e-02 -5.178536586829198818e-01 -1.813423137758369275e-01 1.052590853979194496e-01 -1.822852004454122710e-01 -1.136519191848291421e-01 -5.669562175764307488e-02 -4.745703054698083290e-01 -2.829350712009680024e-01 -1.801463268604625856e-01 -1.624484510696291850e-01 4.833615175279165621e-02 -8.388132147370293279e-02 -5.987632933992657891e-02 2.213315385404918401e-01 -2.119877409510267374e-01 -5.628688568382119728e-01 3.011123845576760966e-02 -1.099639013122696157e-02 -7.717260367773359775e-02 5.445019192806051928e-02 -2.985209219406830261e-01 -1.890948070245389578e-01 1.583895594924209227e-01 1.828209254521178939e-01 3.103497301965252309e-01 1.617653155866658476e-01 3.060629544707329508e-01 1.845074130816340141e-01 3.101362057116617277e-01 2.517653073914104533e-01 1.083922858070332645e-01 2.048559515664996056e-01 -1.353283986309629927e-01 -1.661530787668627773e-01 -4.063883309964692048e-01 2.222985057390444719e-01 -1.072746100579843320e-01 4.176974731543561248e-01 -1.088769333730276317e-01 7.471722292784896413e-02 7.505895618674054970e-02 2.912471739578696983e-01 -9.926163152269112944e-02 -9.708823468625202291e-02 -5.067823484847621129e-01 3.510364420336921087e-01 -1.292063315894184383e-01 4.117700676039089958e-01 -4.091371605163321989e-01 2.126540774513133170e-01 -1.087265431780298774e-01
8.000000000000000000e+00 8.993866504456504707e-02 1.992812006511126832e-01 -1.621815537627217807e-01 -2.598039286330233039e-02 -2.464819966498636439e-01 -4.470975761647370539e-01 1.535751875902214847e-01 -4.784379846113747531e-02 8.428458665441360131e-02 1.820932868830822671e-02 -1.813715103392527506e-01 -1.217994114828499924e-01 2.516147453538219447e-01 -2.188964237123953299e-02 6.383197786555297459e-02 -3.055392515374845130e-01 -7.661537755611828870e-02 2.453856955496399594e-01 -1.734060982036824405e-01 -2.489826771700424934e-01 -5.441988870397821559e-02 2.329020666332241862e-01 -2.336012172910089182e-03 5.001723661644855851e-02 -2.085194915202989441e-01 -2.137702936657712161e-01 3.816928440399824929e-02 7.271279896472386539e-02 4.373321583461736717e-01 7.694020213777921779e-02 6.535902654265965395e-02 -9.103056731955007363e-02 1.937115726719925435e-01 9.011228656250465374e-02 -7.897498310012583678e-02 2.606204277329397523e-01 2.104414963408460237e-01 2.951949695825417663e-01 -4.122315051755491844e-01 -4.340769130809244564e-02 5.373548061537204712e-02 4.410696090845329653e-01 -1.957713384218105757e-01 1.977039026821571926e-02 -2.644685029615773120e-01 -5.025326379232183949e-02 -2.546049362557760154e-01 -1.415605295437548372e-01 -3.041139900103861371e-01 3.851618531455629491e-01 2.252003583208979365e-02 2.800759336378905173e-01 -2.430092449782990383e-01 3.796284964672458351e-02 -2.987602213989352107e-01
9.000000000000000000e+00 1.387644587264787455e-01 2.670526214179981261e-01 -2.757106564681065519e-01 2.448379272531106265e-01 2.340402110482319165e-01 -3.784011855908572253e-01 -6.141350434724651003e-02 4.148945038561237253e-02 -8.762943193116298768e-02 -1.530823380246010834e-01 -1.579843780580335866e-01 -1.282285420904520357e-01 1.051208265189388924e-01 1.938304345385805372e-01 1.082031673655380610e-01 -1.988591890733653611e-01 8.460914145880861492e-02 -9.889210724146130227e-02 -3.402180580490453687e-01 -2.204726283001114118e-01 -3.461962876287816848e-01 2.395002849354645885e-02 -1.643178683650632077e-01 1.797568747863656780e-01 1.233929762644221835e-02 -1.431853711647339544e-01 1.529456591374563079e-02 -6.028387704584819984e-02 1.269082936010635931e-01 -1.502864799721894129e-01 -9.997657311378302381e-02 -3.085682014294527931e-01 -2.003853841165184058e-01 -1.715158224362993422e-01 -1.740657166014684676e-01 1.214390534786585762e-02 3.253691584438554718e-02 2.591546474005995693e-01 -3.191762665354047623e-01 -5.619576635167500278e-01 -1.916252985517615248e-01 1.428597174225658406e-01 1.790567687042064413e-02 -4.554498949820705994e-02 -5.820171490380894319e-01 -3.525901871157676171e-01 -2.563688601638324238e-01 3.587071931050005852e-02 1.265478081412525491e-01 -6.114210434246189485e-03 5.540521054622216113e-02 -1.740097566100826110e-01 2.775892903163679204e-01 1.059861085605695863e-01 6.562079436648014796e-02
1.000000000000000000e+01 2.294028494988195610e-01 -1.826440514338119325e-01 -2.012280945092500828e-01 -1.592447613504727189e-02 3.858560285948044455e-01 -8.036646239399394820e-02 -1.891727983438327432e-01 -1.840115005971457163e-02 -3.780498344649979026e-01 -1.370684900666515604e-01 2.001503412729582765e-02 -3.133202294534443433e-01 -2.928262816150977166e-01 -2.660754124920269303e-01 -2.191707564012835285e-01 -2.179747606760557843e-01 9.189099142324352876e-03 -4.543652204036729980e-02 -3.534948016773989399e-01 -9.706638676446865954e-02 -2.672328940996246405e-01 1.904946870841291995e-01 -1.166649428373538189e-02 5.773526638613556139e-02 1.012324020215642773e-01 5.420440889083327773e-02 -8.480872217509989597e-03 -2.797400083171969754e-01 -1.842140190200508010e-01 -3.209315687685126983e-01 -2.874056905261718753e-01 -2.628804696011226572e-01 -2.704275581811091400e-01 -2.428218398032158942e-01 -2.402333289932176985e-01 -1.206070026799205552e-01 -9.546311478090575842e-03 1.292805912483411257e-01 -1.518493429442533404e-01 -2.957818357766858197e-01 -4.855575441781240231e-02 -4.666825399993290713e-02 1.496385218883355406e-01 3.733542419930004908e-01 -2.239273608218431133e-01 -4.687162051829139586e-01 6.315442525847307642e-03 1.863199482664992801e-01 4.606487500753535524e-01 -6.487825534428710850e-02 2.427957053314043212e-01 3.257875298974813316e-02 3.485380565656160945e-01 -4.764789984099750131e-02 1.904509442548319997e-01
1.100000000000000000e+01 -7.627428521381671156e-02 -2.983941036930364832e-01 5.825826267864733093e-02 -1.662469135901635253e-01 3.071959010390759581e-01 -2.712092403277022168e-03 -5.495528235224812486e-01 -7.985123374953387310e-02 -4.295418777468720806e-01 -3.804244939540055714e-01 2.364809363952361243e-01 -1.586318787164546218e-01 -3.969320549238647411e-01 -3.136658545084456962e-01 -2.488720151170046024e-01 -2.645539278822358065e-01 -1.306558116699757244e-01 -1.169649331167518652e-01 -1.934003072259473377e-01 8.019222087821989420e-02 -1.689578882354592637e-01 -1.492544740023452575e-02 1.136040472424925257e-01 -4.096275526480724349e-01 -2.140235625203876779e-01 -1.197131688135238264e-01 -2.109693060295491640e-01 -3.515796532876064862e-01 -3.611309241518482760e-01 -3.465922452635347706e-01 -2.444937782161678841e-01 -1.289940897802180353e-01 -6.623716356417326534e-02 -1.814284401788692769e-01 -1.528083218049137715e-01 -1.790913799175244958e-01 1.029265048690829465e-01 2.491902062473507762e-01 5.990217359367763089e-02 -1.118285709633289604e-01 1.689920901291707134e-01 -3.199879922469865967e-01 4.140054524838792660e-01 6.759786272163288423e-01 1.879841451421078169e-01 -3.006804887160192674e-01 1.116393651017992261e-01 3.685270881851243630e-01 6.625691077004750573e-01 2.866495760496537981e-01 3.805279517909543885e-01 2.543341734700139134e-01 4.589251575262204286e-01 3.534863656759004158e-01 2.639928789209594062e-01
1.200000000000000000e+01 -3.761790241010273816e-01 -3.648937131338635953e-01 2.045813583091255217e-01 -2.875504910662888824e-01 3.030998516760408795e-02 -1.394422295804298162e-01 -4.847612740727119118e-01 -5.347435699521282393e-01 -4.975086844447059731e-01 -5.664582453487210234e-01 3.829007751542476967e-01 -4.795540645458555296e-01 -6.045985025136191293e-01 -4.191640291156844556e-01 -3.823724303942274139e-01 -9.557444835219355839e-02 -5.303136782636623803e-01 -6.269804343518763368e-01 -3.546643459697371714e-01 -6.326773857229196774e-02 -2.209728804564572713e-01 -5.634035910834960248e-01 -2.270491788157790736e-01 -5.621900566458711834e-01 -5.727382494085977438e-01 -4.438599542560745514e-01 -5.629435233916659787e-01 -4.654629302264151058e-01 -5.076218049286731482e-01 -4.098105584465702167e-01 -3.274766191780582592e-01 -2.260888903787743043e-01 -7.296162114765858409e-02 -3.234137059069531195e-01 -1.478566982136583496e-01 -3.414871433906796483e-01 -6.421713192796756065e-02 -2.480823318095717878e-01 -5.202105832246796055e-03 -1.876477879100375001e-01 1.600234391609447332e-02 -5.921889947283004441e-01 2.664419423992459360e-02 2.973718651449199224e-01 2.635793769639207529e-01 2.462690835346366958e-01 3.748421761246726880e-01 6.267989716830228986e-01 2.146487625344630501e-01 3.151155191329989003e-01 9.581138884876802542e-02 1.882360214250506369e-01 2.649464461358256862e-01 4.638528309971661212e-01 3.831057939621188568e-01
1.300000000000000000e+01 -5.154367845269419712e-01 -3.376408194796208795e-01 1.590556279947853147e-01 -4.536047490407770222e-01 -5.145400058075215721e-01 -3.069428761007155781e-01 2.461565127033283479e-02 -4.650572824376623116e-01 -3.029875332965342172e-01 4.001152987835782798e-02 4.168532855782542956e-01 -4.471403209423231440e-01 -4.459219624535719628e-01 -4.575835947401727943e-01 -2.711964789319459279e-01 1.279008774902271328e-01 -4.094229877456460609e-01 -4.866945101230150117e-01 -2.271056295802328373e-01 -7.603653571566081071e-03 -2.505426307750505677e-01 -3.936703626171628168e-01 -5.121410663651871920e-01 -4.931007801177906824e-01 -5.766340884088190233e-01 -5.063735612174151690e-01 -5.546140204166862819e-01 -4.164109668247528151e-01 -4.102082911745322247e-01 -3.279049209850647961e-01 -5.336466409586898552e-01 -4.589735094324321474e-01 -2.852110942468515375e-01 -5.046607710748015618e-01 -4.520343090037161060e-01 -5.370296693487965900e-01 -1.927480497070476750e-01 -4.585195681304059523e-01 1.120388481174075523e-02 1.472120841759322341e-01 6.654085425245676033e-02 -4.572916389450424335e-01 -5.875211694772046744e-01 -2.268923311149411981e-01 1.747745343151017039e-01 4.506776630981019771e-01 1.021331932630389489e-01 6.868068293074525155e-02 -3.652753067610502447e-01 7.909355625563640677e-03 -2.588523257486453621e-01 5.743335913731148490e-03 -6.415634471213355061e-02 1.927071066018448964e-01 4.239887066181073916e-01
1.400000000000000000e+01 -1.582363194906052928e-01 4.402661343332158195e-01 5.326913731065493485e-01 3.073427559526358821e-01 -1.426186835574234368e-01 2.749972517019457219e-01 4.363783409755497278e-01 2.645164174525161949e-01 4.493196587674642140e-01 6.355712863742464247e-01 3.952422829309187313e-01 1.095184482232190309e-01 1.335937766028683082e-01 4.623585251232887328e-01 4.493314195824522628e-01 3.245330742449876738e-01 -1.790688105277015996e-01 -9.915449084679317515e-02 2.407874345773004798e-01 2.495703967121997990e-01 -3.965915850680944432e-01 -1.065432480749917143e-02 -1.611875082159163752e-01 1.184021872951385862e-01 -2.049127339520065982e-01 -3.349017245381769037e-01 -2.410259248081602634e-01 -2.755754909233270600e-01 -2.337560255002126275e-01 -2.524855813678876792e-01 -4.524524282936737696e-01 -4.845371654052327282e-01 -4.708612900431637383e-01 -4.612309460550135243e-01 -5.197752690430416100e-01 -4.982723458491538082e-01 -3.966240509776636780e-01 -1.971983298560872622e-01 6.613314181147345039e-01 4.115042807159875471e-01 1.090110830647664231e-01 -6.495510720539106331e-02 -4.270199055970413382e-01 -7.348887616886472518e-01 -6.440613115240738373e-02 3.146514611949089435e-01 1.769034349122758643e-01 -3.034940276741785251e-02 -2.594916486565880809e-01 -1.332989275807215657e-01 -2.446223064407049841e-01 -3.912580371141196056e-01 1.298259916754188059e-02 -3.071317291318069118e-03 2.854954520525126438e-01
1.500000000000000000e+01 2.317832620441873936e-01 6.141443598650934144e-01 1.603115122577865592e-01 4.777967971750570753e-01 2.844749695678261969e-01 8.281707896101138111e-01 4.323962557936846807e-01 2.674779199484774717e-01 4.038489595003462718e-01 5.279733607944433471e-01 -1.982526376062327886e-02 1.533454867374944852e-01 6.537837988088619490e-01 6.069366497199525368e-01 1.108609362593303282e-01 -3.227533602721829320e-01 -3.729667969746432443e-01 9.429556212488723888e-02 2.645757156391571052e-01 9.804806604701080119e-02 -3.813234804138557199e-01 1.795884816011451002e-01 -1.302728661182243342e-01 1.976995048912451314e-01 1.929721617750668750e-01 -1.469919187292096363e-01 -1.644117209307564553e-01 -2.120195621985902501e-01 -2.667278281607167179e-01 -1.965899576647855418e-01 -2.568943017594761402e-01 -3.281717443873051754e-01 -5.354533716257583453e-01 -2.804442908892900155e-01 -2.814867048135285543e-01 -2.721594210268264979e-01 -3.820058194234363658e-01 -5.869413571963447845e-02 7.413730492478788348e-01 4.583735527226330264e-01 2.681488232425782714e-01 1.708370056157258177e-01 -2.369985072221531819e-01 -7.499159447958139157e-01 -4.529823504957738445e-01 -4.046928070908865638e-01 4.370608657373258321e-01 -8.654023348484768396e-02 -6.585598128110520255e-02 -4.910501778308712373e-02 -1.503235866913666674e-01 -5.825966814941512251e-01 8.644328942603744792e-02 -5.490776029259498703e-01 -1.449735398591412427e-01
