# extraction with python 
#  import numpy as np 
#  data = np.loadtxt(velodelaymap_Cont1150_HGamma_ICCF.txt) 
#  timeHist = data[1:,0] 
#  velocityBoundaries = data[0,1:] 
#  velocityDelayMap = data[1:,1:]
0.000000000000000000e+00 -1.000000000000000000e+04 -9.600000000000000000e+03 -9.200000000000000000e+03 -8.800000000000000000e+03 -8.400000000000000000e+03 -8.000000000000000000e+03 -7.600000000000000000e+03 -7.200000000000000000e+03 -6.800000000000000000e+03 -6.400000000000000000e+03 -6.000000000000000000e+03 -5.600000000000000000e+03 -5.200000000000000000e+03 -4.800000000000000000e+03 -4.400000000000000000e+03 -4.000000000000000000e+03 -3.600000000000000000e+03 -3.200000000000000000e+03 -2.800000000000000000e+03 -2.400000000000000000e+03 -2.000000000000000000e+03 -1.600000000000000000e+03 -1.200000000000000000e+03 -8.000000000000000000e+02 -4.000000000000000000e+02 0.000000000000000000e+00 4.000000000000000000e+02 8.000000000000000000e+02 1.200000000000000000e+03 1.600000000000000000e+03 2.000000000000000000e+03 2.400000000000000000e+03 2.800000000000000000e+03 3.200000000000000000e+03 3.600000000000000000e+03 4.000000000000000000e+03 4.400000000000000000e+03 4.800000000000000000e+03 5.200000000000000000e+03 5.600000000000000000e+03 6.000000000000000000e+03 6.400000000000000000e+03 6.800000000000000000e+03 7.200000000000000000e+03 7.600000000000000000e+03 8.000000000000000000e+03 8.400000000000000000e+03 8.800000000000000000e+03 9.200000000000000000e+03 9.600000000000000000e+03
-1.000000000000000000e+01 -1.235337957174096613e-01 4.574775520148052221e-01 5.112172397899126253e-01 -6.432086691515995769e-01 -3.014104630609634183e-01 -3.002598564308993634e-01 -8.177584513897002694e-01 -5.160276256668827610e-01 -5.747591354521552898e-01 -4.308670615924018454e-01 1.953486910575665259e-01 -3.563697099831859560e-01 -4.326931225724796048e-01 -3.481736440871335825e-01 -1.506345342849713664e-01 1.748929798869972851e-01 -6.329408409193432172e-01 -3.136867600182527416e-01 -5.330404915253440096e-02 -1.896847003061239156e-01 -1.794041540311939742e-01 -2.375670758895820633e-01 -4.481416886476242700e-01 -2.811653594743943052e-01 -2.795440778973679041e-02 7.837258821185077995e-02 2.649093204423808023e-01 -3.850654720445718937e-03 -1.954492643066864932e-01 1.529223297844178597e-01 1.054586703046790919e-01 9.239510185682633936e-02 1.692655873234970576e-01 1.745821583661692766e-01 3.878385001372942065e-01 2.913558522510259485e-02 9.084707008638098769e-02 1.578731004778833047e-01 1.524491517245831207e-01 -3.384674765438205335e-01 -3.189991781297097928e-01 -1.374382169827407796e-01 -1.934831940439056819e-01 3.712563761464852119e-01 1.393760039067430123e-01 1.046706727995533326e-03 -1.345056106341461777e-01 -2.469562209537300990e-01 -4.711375858433525798e-01 -2.371553135201741047e-01
-9.000000000000000000e+00 -5.077325179532839183e-02 1.063238977164132348e-01 3.829584331357098748e-01 -4.035130932119945779e-01 -1.825088670769118571e-01 -4.282127560377697040e-01 -6.471237005736498737e-01 -4.376959344357141402e-01 -5.142421887236755529e-01 -2.975322447641919332e-01 1.111558344091786305e-01 -3.168825704510248586e-01 -9.435672539110603885e-02 -2.469430819686821432e-01 2.174490325688172021e-02 3.553205715656126418e-01 -7.142276547880607174e-01 -3.531760268314197981e-01 -1.143375133276040151e-01 -1.883039160195840167e-01 -1.128844147224473543e-01 -2.434299655467074552e-01 -4.443487368578600272e-01 -1.227029482006849331e-01 -1.377514681176414124e-01 -1.117746262661181017e-02 2.559286239785974471e-01 -2.585776296739718261e-02 -2.990383396931458604e-01 1.271682829835731054e-01 2.531861147601114359e-01 2.939337093585318583e-01 1.833164282204092499e-01 2.471010138323585237e-01 4.457669004120025091e-01 9.888201056496870311e-02 1.026926243357324103e-01 4.197799388317620117e-01 4.938459570893871109e-01 -1.015660850045412567e-01 -3.582533375562816924e-01 -1.860777087603950608e-01 -1.909164025230636330e-02 3.928322531475983426e-01 2.376899278700880247e-01 1.177694571915795102e-01 2.262959264776719104e-01 -1.915496359693558137e-01 -4.391188280455724513e-01 -2.073889948848426368e-01
-8.000000000000000000e+00 -6.984147080921263018e-02 3.070922324407365095e-02 2.448740200264052091e-01 -9.382355978918624495e-02 1.191584113670882961e-01 -3.111512475689997559e-01 -7.047673779563763397e-01 -3.901224100037143927e-01 -4.781888684193689176e-01 -4.008394369178300831e-01 5.045397411479767003e-02 -4.061994828076364028e-01 -1.267081854779231742e-01 -1.655126757607990329e-01 1.821036069853502470e-01 4.324021121407979340e-01 -2.839103515128547084e-01 -2.041274418965990378e-01 9.418241966753908290e-02 -2.911009491346298605e-01 -3.861259536760376365e-01 -1.270690768590346520e-01 -2.176806181728414002e-01 -1.610101092826558833e-01 -2.630276551896237880e-01 -1.675012232739310769e-01 7.704175485018059655e-02 -1.285326059747478045e-01 -3.836832697160963423e-01 2.997674984920896402e-02 4.766365391062255680e-02 2.612145356119685569e-02 1.456226614579507472e-02 2.823280772995762078e-01 2.352974508677528331e-01 8.795738299087499379e-02 6.219447242652390018e-02 8.905499749389456099e-02 1.181129402334720468e-01 -3.398318233421057100e-01 -4.862779891051455805e-01 -9.402657377614251355e-02 3.377116415651557624e-01 -1.076512392932722773e-02 -5.725308290570733233e-02 -2.620859104696301456e-01 -7.009930705529703043e-02 -4.939528853471131242e-01 -6.507783677673482092e-01 -5.308097887784665181e-01
-7.000000000000000000e+00 1.331498836253223184e-01 1.714831745500149940e-01 2.869642413243372325e-01 -1.718553213996545925e-01 7.195826129304158658e-02 -2.975447966425154300e-01 -7.417369550248804622e-01 -3.997599637631267799e-01 -4.255961291578548855e-01 -2.606228503378681949e-01 1.551717180775605831e-01 -2.265043510409629202e-01 -1.610624743645683032e-01 -1.015602632583120224e-01 1.941537229571915213e-01 5.065024725139751771e-01 -1.232538098624343242e-01 -1.192821368071063370e-02 2.891294742446303134e-01 -1.554881160566660148e-01 -1.216986900500819924e-01 1.273594795210152009e-02 -2.216041904469482071e-01 -1.218962289277211175e-01 -1.627210932260079457e-01 -2.448509774492663715e-01 -7.310247130649286107e-02 -1.087493800785811759e-02 -1.193432070021568231e-01 1.287732114647569814e-01 2.700888195764325136e-02 1.305251105561649472e-01 1.990257706117080083e-01 3.181726783609260534e-01 2.273095689568360167e-01 3.124035278639146207e-01 3.381109648482008012e-01 1.497454348868750007e-01 1.014630431918104730e-01 -2.472007886099577556e-01 -2.082795173976388081e-01 -1.012343557552434492e-01 4.742394805150415005e-01 -3.498388861629220942e-02 -2.611202798603888819e-01 -2.268550333698437782e-01 1.343147166399345088e-02 -2.902839221541165249e-01 -4.852978802528765678e-01 -4.613977447257153752e-01
-6.000000000000000000e+00 -1.320342304861522043e-01 1.093481951339519975e-01 1.839465493901149273e-01 5.286222548042115305e-02 2.993221179355518013e-01 -1.083759047074523418e-01 -5.228918522106147382e-01 -3.667470454536231328e-01 -3.589821176294413774e-01 -1.778059008838452359e-01 -1.695855591788953537e-02 -2.106386889130808515e-01 4.601503102915106141e-02 2.717982782719253199e-01 3.169396421208036108e-01 5.204325230280800740e-01 -3.564316763909906871e-02 -1.139135578770775203e-01 1.564449093044416594e-01 8.250145134056513507e-02 1.874312180317697640e-01 1.359410926570276679e-01 -8.811372737033422442e-02 5.756893838634963984e-02 -4.304422283246905206e-02 -1.075369036316575627e-01 1.766314448804423565e-01 2.070321269129720421e-01 2.543776174165363058e-01 2.289807116208927296e-01 1.933317925192110931e-01 2.852607979505772384e-01 2.176101408751830169e-01 4.444257416604903144e-01 4.028045154925076199e-01 3.136201964303770295e-01 5.041885328246963338e-01 1.305503235059073119e-01 1.258345698891432662e-01 -1.367162485983946241e-01 3.368026430871079446e-02 2.570557798353018814e-02 7.629614646112817256e-02 3.805362362591517278e-01 4.367659396103808905e-02 1.132076760736309279e-02 2.669862001542618879e-01 -2.156387597992905913e-01 -3.710872674869180043e-01 -2.387768774528419569e-01
-5.000000000000000000e+00 -3.135889046903997390e-01 -5.895345583473581702e-02 4.175693191438702434e-01 -7.308760616489395900e-02 3.460210039670461035e-01 2.101700446757415880e-02 -5.704707088726834741e-01 -4.522785613570985408e-01 -5.449986053572904998e-01 -2.078290113615534618e-01 -2.206827405541688519e-03 -2.861850535958105346e-01 -8.125146158026999577e-02 9.983462915340100829e-03 2.675376669286044229e-01 5.320763886212165339e-01 6.749437954504552972e-02 -5.303046791066284849e-02 3.764645405319157478e-01 1.931356561962788709e-01 1.827387086480115053e-01 3.186778332969093519e-01 2.736039542449182349e-01 8.491495284932683296e-02 -2.234659000308520521e-03 -2.055696341793071258e-01 1.801674405899970632e-01 2.325178132342061998e-01 2.227351829360711966e-01 2.853714983148742390e-01 1.823604638624788388e-01 2.647610386199915622e-01 2.596589336126628456e-01 1.847467470550466229e-01 3.964446631785459862e-01 3.072723437839413041e-01 2.187684390179805149e-01 5.534208523850204370e-02 2.758852602969499163e-02 -1.710552905467930818e-01 -2.336495346301278864e-02 1.814684883260660464e-01 -9.794990460517110503e-03 5.185688297081186837e-01 4.330253764497672686e-02 3.455628664350612889e-02 2.204791203908574304e-01 -6.750469791522588359e-02 -1.968296842801384172e-01 -2.677383803112811517e-02
-4.000000000000000000e+00 5.731600180669518818e-02 -1.330590377985755024e-01 6.124917487153166973e-02 -7.278174352197452901e-02 3.367317326422645807e-01 2.443044614070076226e-01 -2.069949249437052496e-01 -5.547732060168571178e-02 -3.582733277429727137e-01 7.125268293125329444e-02 1.312197587013992084e-01 -1.315595645942708308e-03 1.403442025284066252e-01 9.070551911522516803e-03 4.488106886723401412e-01 6.433749644137569668e-01 2.225156156593150469e-01 1.002557277747576359e-01 4.647106516143758026e-01 3.068441637607077221e-01 3.008696994767782740e-01 3.543258326695074567e-01 4.683854320432007667e-01 1.870786021747157801e-01 2.565166101560917289e-02 -2.622167331063322004e-01 3.850101339058469713e-02 2.818427215627398175e-01 2.840589035739541912e-01 4.393223331963495015e-01 2.822002067022301164e-01 2.759256766461353760e-01 4.231069796894604274e-01 2.468640532614125305e-01 3.831018902003303639e-01 2.170820440920041561e-01 5.943635621066771513e-02 -5.493999947197940326e-02 4.849374755414182642e-02 -3.269257194702570035e-01 -1.538844432750601232e-01 -1.091032196576898206e-01 1.766444709315343614e-02 5.586772494346297080e-01 -1.034192083991063160e-01 8.071557405326459933e-04 2.182233633363759862e-01 -7.894401698051991753e-03 -8.363106727632806103e-02 -4.037980054828976817e-02
-3.000000000000000000e+00 8.574809889470348667e-02 -5.467567963954221844e-01 -7.577187137808258366e-02 1.169251647126057919e-01 3.647675393390669707e-01 1.343420218312789960e-01 5.459703549963058899e-02 1.886699827893151271e-01 -1.409675980612737356e-01 -8.367811278298738220e-02 1.691607186026863607e-01 8.114686548735469684e-02 1.532849372936163079e-01 -6.195038902394555541e-02 5.434953407572626904e-01 5.668591447506080572e-01 3.719945418830968853e-01 1.694465911288147719e-01 3.015082345999672286e-01 1.830937207342963613e-01 2.722609214516346077e-01 2.887191380965959953e-01 4.384126206637991019e-01 2.195620468129551583e-01 -1.131645963626166373e-01 -4.427379745112590692e-01 2.568695994810077377e-03 2.493085050806187752e-01 1.879733892469588052e-01 2.875394000785932436e-01 1.611977237261578155e-01 7.020294912235523765e-02 1.995158046985592848e-03 -1.047717110861444423e-01 3.869741261497947754e-02 1.089544963428382141e-01 -1.300081011221185523e-01 -1.241827138305662409e-01 -1.888116296991756149e-01 -3.895260246336323395e-01 -3.954877089462357498e-01 -3.072875761082946022e-01 -1.231579767610341825e-01 1.651011054251821097e-01 -2.272001745256324312e-01 -1.712249153326668438e-01 1.007568067951754576e-01 6.442227686745082699e-03 -8.550132528636540663e-02 -1.853188494317795643e-01
-2.000000000000000000e+00 -1.283769167596330307e-01 -5.906889743683864102e-01 -8.340589553644163490e-02 2.921388729128424622e-01 1.157462898291032050e-01 2.132882352163352480e-01 -4.443116070567758313e-02 -8.392052464037255688e-02 -4.790490388854432013e-02 -3.896682913675689197e-03 8.287929692855655617e-02 1.650887413473511867e-01 8.285517120326286317e-03 9.364093312708805794e-02 5.755044825977400080e-01 6.010879151288305300e-01 6.189581868353858374e-01 5.318091201491466080e-01 3.995952841298699987e-01 2.041667838557829073e-01 2.976102486382973256e-01 2.817268228086838855e-01 4.525652913065374428e-01 2.084655198564854817e-01 -8.021456066881228752e-02 -3.922338506409738246e-01 -5.444308572353884212e-02 1.139868921879232250e-01 1.458508817232744281e-01 1.462254105288324224e-01 2.911573943002247755e-02 9.412501375656039115e-02 1.316193629028841738e-02 -8.895495982745638130e-02 -9.131105904809189155e-02 7.073517359199793519e-02 -1.780603569743476888e-01 -1.966447396602216680e-01 -4.502979885794268222e-01 -4.497513227001594394e-01 -4.385500210722290682e-01 -3.039099672809552621e-01 6.614785733013744951e-02 8.637341067800549665e-02 -3.486647562556004498e-01 -1.407602314218269202e-01 5.630909065908130950e-02 1.364652548726560943e-01 -1.515215870686995037e-03 -1.672197275204998224e-01
-1.000000000000000000e+00 -7.567563517274863982e-02 -4.667843281831782765e-01 -1.044744507987296483e-01 4.843328306843757147e-01 1.467778941736370690e-01 8.269776216160926174e-02 -2.428063480293439838e-02 -2.973960338600811076e-02 2.717641081245537604e-01 1.107466886520432070e-01 1.675184412521989741e-01 2.968082908652277530e-01 3.291002314038115606e-01 3.366552725511595678e-01 6.564263112735941874e-01 7.015973580600634030e-01 6.538554209650753180e-01 5.298974168006811425e-01 3.923536698999545713e-01 4.059415390047170225e-01 4.765299936526297131e-01 4.649922074309765785e-01 5.652139512291081136e-01 2.980489475379749509e-01 1.371992845629647073e-01 -1.258600539997435652e-01 1.316043115977931222e-01 3.332647952561053617e-01 4.096519907286600981e-01 3.879093239483284439e-01 2.406037316637497370e-01 2.960417568387548881e-01 2.550647914647599657e-01 1.094161068436609041e-01 1.426419018727455301e-01 3.776474755666936467e-01 -1.200487126237958363e-01 -1.900815983782374041e-01 -2.014682374628423700e-01 -2.207793894635659282e-01 -2.208106035785108445e-01 -2.823220420419180754e-01 7.781062359836882214e-02 -6.683580277107539769e-02 -4.203582411224825455e-01 -1.141147818934990787e-01 9.526216398797365814e-02 8.722139341518524158e-02 -3.935718683700358683e-02 -2.247909307116846278e-01
0.000000000000000000e+00 -4.771639283286772948e-02 -1.623549546905647678e-01 -1.196505921298313263e-01 3.836807988214359644e-01 1.468452275109572158e-01 4.684907659472839492e-02 -6.136193398817586797e-02 9.228208320065185710e-02 3.889272939403306539e-01 3.889090863649086183e-01 4.551894735216607119e-02 2.481325066297240256e-01 3.188836707827575334e-01 4.181026322865948330e-01 6.244818358455120899e-01 7.309802994281044963e-01 6.713715529709270990e-01 6.561294928187945130e-01 5.680021572469290403e-01 5.374994137643227532e-01 6.180748070841198816e-01 6.693429467129109467e-01 7.199254483300950858e-01 5.287502910537098533e-01 3.218730312624337175e-01 1.019216612462318511e-01 3.429952266449322607e-01 5.236626909273753849e-01 6.574985936505169937e-01 5.596990879100826044e-01 4.425962702476465838e-01 4.407329219086017491e-01 3.191318689543178322e-01 3.029024851027004028e-01 3.354186723557603389e-01 4.605372878379057067e-01 1.745518936591634318e-01 -8.794548679790714640e-02 -6.823946350153480001e-02 -5.895764333382733091e-02 -1.097284114138047384e-02 7.353814666636140918e-02 -7.118535664941713637e-02 7.225277541500990663e-02 -1.375534442717011585e-01 1.322209404732143101e-01 1.187742580940217285e-01 2.636177633275491594e-01 2.661890755560956112e-01 -1.104800806132205312e-02
1.000000000000000000e+00 -1.203177138011417568e-01 -1.125102492155678757e-02 -1.097576203810349260e-02 3.911960783540104902e-01 2.055214608188083436e-01 2.541339744505151099e-01 -5.843062749971311698e-02 3.647961736290996071e-01 4.038487983304707152e-01 4.664589475265674690e-01 2.065417526902766643e-01 1.775004374753278158e-01 1.762083885052293797e-01 4.621815248502474383e-01 6.183209601857604376e-01 6.303488467992249822e-01 5.925738517741806488e-01 6.483184961476193831e-01 8.068557532137579091e-01 7.967661193981305789e-01 6.745215635259449449e-01 7.988669971377815315e-01 7.703044663994478292e-01 4.877947656466194992e-01 4.931422257448468960e-01 3.021487513591288310e-01 4.154839302284280556e-01 6.593772635589784104e-01 7.260845512045883687e-01 7.001137515157551672e-01 4.933853071133453838e-01 5.184221695022589449e-01 5.400064706619510657e-01 3.122833985531539014e-01 4.599751486615418772e-01 4.808828024001770562e-01 2.958781125995658123e-01 -1.223369694919426431e-01 -1.209095484753794358e-02 -6.637528169206446949e-02 2.540527796203399524e-01 2.628369964406768178e-01 -1.859137545057725771e-01 1.544154421474125960e-01 4.141177853083537197e-02 2.944056360920913606e-01 1.373566700473974889e-01 2.895881486676676886e-01 3.240653597166477939e-01 1.257406712161883433e-01
2.000000000000000000e+00 -5.384429333917681304e-02 -5.977718201334841774e-02 -4.324105230889305207e-02 1.224356476804328575e-01 1.167309811479314147e-01 1.809767331619520081e-01 1.453178375625824859e-01 4.639908054808519755e-01 3.708600342584366660e-01 4.362468065835886644e-01 -7.329304406592490606e-03 9.545249206350003846e-02 1.597726550081996211e-01 1.942416537411407185e-01 4.221249065028870873e-01 4.597043111283274919e-01 3.187750048162177885e-01 3.075184220912693389e-01 6.704456789739109412e-01 8.037793263789392295e-01 6.299850011857567322e-01 6.453147366793299256e-01 6.764648537662969474e-01 6.721841069823807358e-01 6.118066022936095028e-01 4.554045702321308786e-01 5.856052968194952468e-01 8.303124143425436587e-01 7.963993906985116222e-01 7.744136172404741947e-01 7.183653224601445064e-01 8.073400533659461642e-01 5.955944009489781976e-01 9.881879328131612517e-02 3.262821925530497991e-01 4.163509331893066601e-01 1.384485806173237910e-01 -2.150211552721155717e-01 1.147452216429398486e-01 -8.829849896452275637e-02 1.015171539202397305e-01 1.112818107840689297e-02 -3.769378016406204623e-01 4.052288559181921324e-01 2.430992365886945061e-01 2.550214902236256354e-01 8.337438727330093169e-02 2.607388647821780037e-01 2.243095308750423511e-01 2.044207438638088181e-01
3.000000000000000000e+00 -3.374612954839201207e-01 -2.641507752237145512e-01 1.221131285458330468e-01 7.979224469574157375e-03 -1.827957244531953906e-02 2.653288937315339407e-02 1.966613383286105465e-01 9.295878260167680929e-02 1.364997818518847716e-01 1.049639228880124009e-01 -1.784266567207812015e-01 -4.375150819682694370e-01 -2.934292622600348510e-01 -1.819485101798628546e-01 1.720459811080421453e-01 2.062988832797946204e-01 1.631700293242604460e-01 -6.194025264837338396e-03 3.512824674926882107e-01 4.516557495056075511e-01 2.624585336895272625e-01 2.410960055159097060e-01 5.072532186304752333e-01 7.492218175079830011e-01 6.492562723779529144e-01 3.923036995287650375e-01 6.459796933192161195e-01 8.029937850071088290e-01 5.697296248897469884e-01 6.364608776394206080e-01 6.626568128765014665e-01 6.514090614799514789e-01 4.989710405154351158e-01 -3.432064555332188516e-02 7.366074118422820394e-02 -4.406918322703930885e-02 -2.090777725808195819e-01 -4.129956714021069120e-01 -1.146933499208797891e-02 -3.478957644532717497e-01 -2.890224778131296191e-01 -2.534225575870502345e-02 -4.030187897870113334e-01 3.058655238967671330e-01 2.900275380359627064e-01 1.230751885087881525e-02 -5.854047575437022061e-02 -1.521696494826612900e-01 -3.296382783845484138e-02 -4.948770563134341494e-02
4.000000000000000000e+00 7.216388959975975070e-02 -3.537195267163751877e-01 -4.719775736105486647e-02 6.724222731140325204e-02 -7.260055669614937091e-02 -2.377729177907059177e-01 1.192636906852805601e-01 9.880029191508710174e-02 -6.049383422684813383e-02 2.017016865525652070e-01 8.252564457836200629e-02 -3.898577575716046795e-01 -3.267553923480410738e-01 -3.870025807960325026e-01 5.655134292695576659e-02 3.515824864006422690e-03 1.891076028851212398e-01 -8.920447981234559676e-02 1.862377042733108223e-01 1.490139750211589842e-01 -9.413105443423580576e-02 3.964045666903309728e-02 4.450666095992302784e-01 7.168343338005511711e-01 5.250793185034623445e-01 2.497924685837606962e-01 3.681602326300165151e-01 5.427877846954461960e-01 2.877959895182810590e-01 5.528781364635735329e-01 5.994984351186721794e-01 4.534476482797655250e-01 3.612763418219240297e-01 -1.036422547140517098e-01 -3.996296039628763341e-02 3.516817316811277072e-03 -4.614669607287982256e-01 -5.078495195687463548e-01 -2.037954590885319162e-01 -2.372353891538845905e-01 -3.629903674314075013e-01 -3.253021508409975615e-01 2.490401429233171093e-01 -1.363720019226596913e-01 -1.836213274823073616e-01 -8.403240841046899501e-02 -2.779813731732193594e-01 9.762200601876093453e-02 1.401090004940572231e-01 -1.831431519638009597e-01
5.000000000000000000e+00 2.872325691393299296e-01 -6.180321369984720370e-01 -3.555733702165633225e-01 2.998138434726595469e-01 -1.108181309299990785e-01 -3.433344430399034586e-01 2.012312382716939796e-01 1.492943039365195734e-01 1.858515104403178075e-01 2.089370650880580105e-01 -1.821211909556887387e-01 8.844968061920877034e-02 -8.326634576922271880e-02 -1.574976304217797218e-01 -2.019858900465540397e-02 -2.125562561332539069e-02 2.432511957588534002e-01 1.162209955059345379e-01 -5.582032585658319723e-02 -7.411738328199136971e-02 -1.253562536067648336e-03 -8.182144229708768202e-03 3.041771417971577129e-01 6.592350675376860147e-01 5.155779954657895292e-01 3.286146048080953452e-01 4.540833203593733769e-01 4.606214054824714355e-01 3.814418088190592027e-01 4.268707868135208638e-01 5.000143456121091123e-01 2.428245569806755655e-01 -2.458359799521620676e-02 1.063387559512170982e-01 -2.190999594516693239e-02 3.776412674365112881e-02 -1.556453151031825799e-01 -4.219028576704108024e-01 -7.687134129134842730e-02 -1.100580336177441887e-01 -3.318572564530447022e-01 -3.660878306517606484e-01 1.177671609904174799e-01 -3.455516574049877221e-01 -4.438578914563320321e-01 -3.697272163262901867e-01 -2.481886572454485018e-01 -1.043880309385988858e-02 1.292118177417412861e-01 -2.915629178281712863e-01
6.000000000000000000e+00 -1.752912730870109237e-01 -2.659174405125994678e-01 -1.403350605726349509e-01 4.270881049655234074e-01 2.376459199627047741e-02 -5.100140142213654276e-02 -2.060079513177959232e-01 -2.697926012278955010e-01 2.611300464534857535e-01 9.490292547019144043e-02 -2.614643360468561495e-01 1.952147583880690096e-01 -1.449659131355446329e-01 1.644458784903228554e-01 2.719890212558539674e-02 -5.609389380032511058e-02 4.056906567423602672e-01 1.967694863625602253e-01 -9.036927585850039468e-02 -7.501346396337121858e-02 1.360524011227999888e-02 1.041912239022836917e-01 2.360596154575477501e-01 3.487725240554322426e-01 4.485606107894654082e-01 3.035108194984970642e-01 3.921939504530263521e-01 1.786153565508529217e-01 2.931700002870067379e-01 1.555806789370393906e-01 9.985067080132882522e-02 -7.109678137436661882e-02 -9.090116968410338893e-02 3.078308013831701495e-01 1.056381402372789935e-01 2.569550985836120960e-01 8.014558003043477374e-02 -5.145681746862481587e-01 -3.875935548057773405e-01 1.443191697898803250e-01 -4.178524360613966593e-02 -2.283919816067887243e-01 2.083608234198805476e-01 -1.953084987537098693e-01 -5.503803897461684302e-01 -2.923919625480256856e-01 -2.901970675107992115e-01 1.158135806913124372e-01 3.012239276300825996e-01 -7.913991748109475144e-02
7.000000000000000000e+00 4.937450281462699153e-02 1.895557899693856574e-01 9.900777523372893130e-02 -2.718260272333505173e-02 -1.394730715075480909e-01 2.241754103357396499e-01 -4.584569268544627652e-02 -8.329169894023080722e-02 4.027853939269586681e-01 3.583804475897709452e-01 -1.085795991715408915e-01 4.717495029775411464e-01 7.697857820468076429e-02 3.149608545645080637e-01 7.806627780737941669e-02 1.400619496111235318e-01 2.568756092647924150e-01 3.755016980005296268e-01 4.366989945769962633e-02 8.963730827477317531e-02 3.677150052077982623e-01 2.622504996247693176e-01 2.989343266287715073e-01 2.228906460577180781e-01 4.940590413993038443e-01 4.439207931865879475e-01 3.823848011061909968e-01 1.871208526049651377e-01 4.669546197407592469e-01 2.710905884944141420e-01 2.145825605548607462e-01 1.430197705209043935e-01 2.254725897888416597e-01 5.399335804185327881e-01 5.663377923202762565e-01 5.279396413476339367e-01 3.504468131354970262e-01 3.903403776153997751e-02 5.266290364808591529e-02 3.865763621252917837e-01 3.901889624005209223e-01 7.433099486493807695e-02 -8.682442378584999398e-02 3.445188294799733653e-01 -4.617428329067418957e-01 7.503408261566466009e-02 -5.090247783334395787e-02 3.651571859689416999e-01 4.847612943529974738e-01 4.157176230668478412e-01
8.000000000000000000e+00 4.683689339376564259e-02 3.656201894372000938e-01 -1.247500775009160318e-01 -1.579352695292025599e-01 -1.185522759718372343e-01 1.707636894445763720e-01 2.888800268071529675e-01 3.677312332253553362e-01 4.068327661651333083e-01 3.754145459576115340e-01 1.626312770903414751e-01 4.382957996252909716e-01 2.521583565171811037e-01 3.124110936866789645e-01 2.503909824540904716e-01 3.171795442191445158e-01 5.205263464793060540e-02 3.171517878046051786e-01 7.314588256300544322e-02 2.502096102196380567e-01 4.280844464662170168e-01 3.890312007900785241e-01 2.967417659442574407e-01 1.079462237525703472e-01 3.121843143714579938e-01 4.977702237177694666e-01 4.120847021250946263e-01 2.004246501684662785e-01 3.617531499580106669e-01 2.787795647727780435e-01 2.487351690746849586e-01 3.380698774415526187e-02 1.256491376900875923e-01 4.223580866098582964e-01 7.706073999958334975e-01 4.425124452514862528e-01 3.195446821772285340e-01 2.714286464592471360e-01 4.665261806541552980e-01 4.546289059925597842e-01 3.544010805578237666e-01 1.162853825861804302e-01 -5.599824006988792791e-01 5.090825465226658242e-01 1.961604004809531787e-01 5.857942334650076965e-01 6.309532855706738441e-02 5.103521784406764850e-01 5.843092627912538362e-01 5.069151403215053087e-01
9.000000000000000000e+00 1.861314712162459584e-01 2.934270914220628024e-01 -5.212113934259076514e-02 -4.290942770580700727e-01 -3.090377097500920933e-01 1.347449080985788639e-01 -1.239447143991222744e-01 4.963334246107826697e-01 1.721503053593587962e-01 4.040517078383856764e-02 2.576351442574412731e-01 2.795387659127613333e-01 -8.528565548890745807e-02 -2.709860733687713408e-01 1.476801355811082489e-02 1.699761197717493677e-01 -8.179853409084632265e-02 3.247840619413932539e-01 1.518719960322400808e-01 1.033015601376654352e-01 4.218039801840608310e-02 1.152037518805862221e-01 1.289073109651565352e-01 -1.843626592679191156e-01 -1.179264689544745337e-01 1.416936984048781101e-01 6.961450249311985916e-02 -6.068256746932450263e-02 -8.971928704459207482e-02 5.064238475785061422e-02 -1.294437364618557240e-02 -1.744272181811614142e-01 -1.645476222986135828e-01 -1.365280670003183872e-01 1.967374929883230483e-01 -1.450613739351398201e-01 -1.608020301806621921e-01 2.296158191159420880e-01 1.954726837106897652e-01 -1.191973368245907716e-01 -2.475078990343454188e-01 -8.504808307993247385e-02 -5.537174358733959467e-01 1.692641820475249415e-01 4.154356454872615290e-01 2.792664749726658791e-01 -2.536561492662683936e-01 2.786987661678447248e-01 9.657885721908632259e-02 1.668885491503785123e-01
1.000000000000000000e+01 1.497762250717685484e-01 3.472059798718657997e-01 1.603873140912633888e-01 -5.951915484578330640e-01 -5.754409727936156127e-01 -1.821747687376233382e-01 -3.328228797553607343e-01 2.730432871875598244e-01 1.791614232481879287e-01 -1.498585833682841983e-01 3.420567115111025069e-01 -3.691511320605785768e-02 -2.081984481338285953e-01 -3.479878003448799162e-01 -1.222336892305894984e-01 -6.757729259107905784e-02 -4.747603650935738329e-01 -2.004965200738000400e-02 -1.180525928628899379e-01 -1.003320184181811514e-01 -1.134304743601867310e-01 -3.602232212117423837e-01 -2.609316629397604448e-01 -2.924711762595510467e-01 -2.706734489805011634e-01 -2.676315257353642507e-02 -5.768483781314656667e-02 -1.776730359505480916e-01 -3.666679993466941401e-01 -1.184549823131657575e-01 -8.007163364394920269e-02 6.942345731472787662e-02 -3.263882056439267043e-02 -3.342438175715717330e-01 -2.162233815605428267e-01 -3.437320976438676956e-01 -2.701545472018762606e-01 2.138774005045154247e-01 2.231779641865980768e-01 -3.381554090881986330e-01 -5.280915795390755951e-01 -4.900151038758673305e-01 -3.330430863960394117e-01 -1.067074942419409533e-01 4.405983823462991666e-01 9.949956557786888978e-02 -9.880169902439094043e-02 -1.387480599856109609e-01 -4.516054352171810504e-01 -2.992250261866412631e-01
1.100000000000000000e+01 -3.517412485848223636e-01 8.918190243597798328e-02 4.837704339005740595e-01 -2.072820331599330157e-01 -5.381629309797681948e-01 -6.741562923004136287e-01 -4.590697188103842197e-01 -2.947822295085933408e-01 -2.346582638453615366e-01 -2.638092243829826544e-01 4.479431181434533893e-01 -3.459723780002715299e-01 -1.502819319662520026e-01 -1.585220980862327433e-01 -1.627748551382843245e-01 -3.376863135167736396e-01 -5.885237959181386369e-01 -3.423212811321166837e-01 -4.520891666892246086e-01 -4.491916279855439065e-01 -4.849374611479082553e-01 -7.868542940697517141e-01 -4.487890323945492033e-01 -2.993894719429645579e-01 -2.988287349341007815e-01 -2.182540060564629181e-01 -1.507751857542589391e-01 -2.340627995015187590e-01 -4.837833097236329816e-01 -2.246019679957013127e-01 -1.500924847235700077e-01 -9.147685750805702176e-02 -7.251023429453616609e-02 -3.191482003517872590e-01 -2.525174143804205795e-01 -5.073090261238786258e-01 -2.241475643391477868e-01 1.531801070496615347e-01 1.070667343875037342e-01 -3.158491609002010980e-01 -5.559166916502317202e-01 -1.997945623075509658e-01 -4.733336669106525535e-02 -5.274147584641156739e-01 4.131727490331332242e-01 -1.846374933825858933e-01 -1.765189954162463826e-01 -5.919770775250178252e-01 -6.585429021458490961e-01 -5.101986488826055766e-01
1.200000000000000000e+01 -2.038438913033446820e-02 -1.415053617230646321e-01 5.121870926081106834e-01 8.484590992096459339e-02 -2.358420264691995505e-01 -6.486032123595506516e-01 -3.538103778128635080e-01 -5.496412334717859505e-01 -4.711191308982465298e-01 5.324118545335881914e-02 3.266919932508058899e-01 2.759570211536083173e-02 3.473339818673124579e-01 7.977386414495153677e-02 -3.323105012008620851e-01 -5.718837986861635692e-01 -5.091519527695497205e-01 -2.140048562167893575e-01 -1.163400156255031126e-01 -4.831178810935473078e-01 -4.301901238014417816e-01 -5.387752127639670041e-01 -4.146099966493310141e-01 -2.332219896258721226e-01 -2.219659549441260205e-01 -2.282316783955147255e-01 -2.969843835815978994e-01 -3.029218355627492087e-01 -4.180273976344641151e-01 -1.969270491774955667e-01 -1.451095827589091447e-01 -1.248048966086259537e-01 1.531953824350593650e-02 -5.136009900257312855e-02 -5.790887151073346312e-02 -2.777526231882598839e-01 1.236881101648922149e-01 4.118945252484472186e-01 3.090387942456909731e-01 1.574701058563815204e-01 1.813482430406321635e-02 2.442881387153883199e-01 5.191877398793354192e-01 -5.227681202934293392e-01 4.711932041277719363e-02 -1.325765188460285571e-01 1.635562599398850958e-01 -3.485734399017048624e-01 -3.109243374362536394e-01 -5.631779887661508832e-02
1.300000000000000000e+01 1.762790629518722063e-01 -1.766475601302008036e-01 -7.914100459291288636e-02 4.027801694950106648e-01 3.203264253428397823e-01 -1.274018799751623632e-01 1.810601135511968884e-01 -2.441611134947859196e-01 -3.968395356487525172e-01 7.976400484216332465e-02 -7.752956400508682899e-02 4.354019442253086458e-01 8.932244995939007115e-01 4.815512695769643692e-01 -1.535924149644292136e-01 -3.440975556707440153e-01 -3.630984371234797781e-01 -2.358860130432527402e-01 7.270763174459063394e-02 -2.275511416870867609e-01 -2.744801245788857647e-01 -8.592528789353437446e-02 -2.974702814709434540e-01 -2.390488819041546309e-01 -1.909186549088058849e-01 -1.679693693433308987e-01 -3.314325905268837302e-01 -2.636630899012583074e-01 -2.533831831406230251e-01 -2.389824974037905170e-01 -2.363721643750114620e-01 -2.259109080042808193e-01 -2.109232128633389824e-01 3.041269141506613982e-01 5.360302331871071024e-02 -4.839546371491033894e-02 4.513748470160766635e-01 3.691129715180869186e-01 4.738046029542419824e-01 4.334197608302705618e-01 5.866541631556938530e-01 2.050038073512874537e-01 4.643821058810250202e-01 -1.469019049272624056e-02 -2.041357387291191650e-01 -2.791918730598262899e-01 4.415088593376190196e-01 -2.877508022460287807e-01 -2.053878595843030008e-01 1.380810596448314720e-01
1.400000000000000000e+01 -1.419351561266591899e-01 -2.036881204323351124e-01 -2.390550519542661290e-02 2.044395988126206098e-01 6.880357276430243418e-01 3.816009230774849437e-01 1.636355210252540826e-01 -4.831032119467292829e-01 -4.846112951336686292e-01 -5.316133581171355038e-01 -5.862085076187297794e-01 4.500885023796094564e-02 2.338841075073595788e-01 1.004410038244415992e-01 -1.921890617840858184e-01 -1.888593158065215161e-01 3.023785724199359523e-02 -4.095061751176507503e-01 2.779449321811459928e-02 -2.712981603456085522e-01 -3.020813102876008238e-01 4.870203235450230178e-02 -3.229102851216745784e-01 -4.223870842952100468e-01 -3.912273608860409313e-01 -5.203079645496312411e-01 -5.318253725202877202e-01 -3.768047426542625034e-01 -2.314456326397891228e-01 -5.262535183947028017e-01 -5.958584527709870349e-01 -6.356814468574757404e-01 -5.144900846269464534e-01 2.050918443646433317e-02 -3.058712216923307192e-01 1.303087612107102673e-02 4.184465910374239872e-01 1.620580708692476168e-01 -2.825654438573071969e-02 2.373901373257611136e-01 5.947196020543245032e-01 4.482984964549740492e-01 3.450921898102382590e-01 1.861658084565615823e-01 -1.560234918026905671e-01 -5.141550511940491397e-01 3.047484842663726323e-01 -2.765076397189652480e-01 -2.257318295167765609e-01 2.798949431059475357e-01
1.500000000000000000e+01 5.075959871194143935e-02 3.434618338662447923e-01 -2.459384840409549744e-01 -3.124670230107283730e-01 7.450897300589360839e-01 7.851792466995017872e-01 4.043351728240749399e-01 -3.413779777216594535e-01 -3.292710283499837298e-01 -4.777262441727345710e-01 -4.900897828260600275e-01 -6.366479994573350787e-01 -3.448599548356169331e-01 -3.871314756714130945e-02 2.270341674122025935e-03 8.713582550668799720e-02 3.623523906427840724e-01 -5.807874402578790951e-01 -1.005729021148000779e-01 -1.405215445575458688e-01 -1.121119057595071355e-03 2.126693737305211385e-01 -2.516538948556019117e-01 -3.442591843310578437e-01 -4.581900463324889428e-01 -6.290519879916431911e-01 -5.896157766845102621e-01 -4.214236023191450520e-01 -1.325556848144177069e-01 -5.628887994266310590e-01 -6.026211925862403618e-01 -4.227923321565429937e-01 -1.882257188007184223e-01 -1.925604650705680931e-01 -4.431663283622644389e-01 9.914250267397811678e-02 1.552079766759011936e-01 -3.831649047920980544e-02 -5.202155022682340979e-01 -7.710343771695030157e-02 5.423788378273851629e-01 3.954218032538715510e-01 3.197997376818187965e-01 4.945921892623508787e-01 -1.651112048962205536e-01 7.839660311458948594e-02 4.326571622123891459e-01 3.403525948376474874e-02 4.258955748999294910e-02 1.587668568270066971e-01
