# extraction with python 
#  import numpy as np 
#  data = np.loadtxt(velodelaymap_Cont4010_HeI5875_ICCF.txt) 
#  timeHist = data[1:,0] 
#  velocityBoundaries = data[0,1:] 
#  velocityDelayMap = data[1:,1:]
0.000000000000000000e+00 -1.200000000000000000e+04 -1.160000000000000000e+04 -1.120000000000000000e+04 -1.080000000000000000e+04 -1.040000000000000000e+04 -1.000000000000000000e+04 -9.600000000000000000e+03 -9.200000000000000000e+03 -8.800000000000000000e+03 -8.400000000000000000e+03 -8.000000000000000000e+03 -7.600000000000000000e+03 -7.200000000000000000e+03 -6.800000000000000000e+03 -6.400000000000000000e+03 -6.000000000000000000e+03 -5.600000000000000000e+03 -5.200000000000000000e+03 -4.800000000000000000e+03 -4.400000000000000000e+03 -4.000000000000000000e+03 -3.600000000000000000e+03 -3.200000000000000000e+03 -2.800000000000000000e+03 -2.400000000000000000e+03 -2.000000000000000000e+03 -1.600000000000000000e+03 -1.200000000000000000e+03 -8.000000000000000000e+02 -4.000000000000000000e+02 0.000000000000000000e+00 4.000000000000000000e+02 8.000000000000000000e+02 1.200000000000000000e+03 1.600000000000000000e+03 2.000000000000000000e+03 2.400000000000000000e+03 2.800000000000000000e+03 3.200000000000000000e+03 3.600000000000000000e+03 4.000000000000000000e+03 4.400000000000000000e+03 4.800000000000000000e+03 5.200000000000000000e+03 5.600000000000000000e+03 6.000000000000000000e+03 6.400000000000000000e+03 6.800000000000000000e+03 7.200000000000000000e+03 7.600000000000000000e+03 8.000000000000000000e+03 8.400000000000000000e+03 8.800000000000000000e+03 9.200000000000000000e+03 9.600000000000000000e+03
-1.000000000000000000e+01 2.518038451586532278e-01 1.495073480126881682e-01 -6.471131643539085321e-02 1.906631466629059579e-01 3.908475015801619601e-01 1.794179219546832849e-01 2.994227162130418118e-02 8.523026102037811746e-02 1.189275676632074868e-01 4.426263205699702830e-02 -2.149149534532490691e-01 8.596278300764903513e-02 3.215378094074862192e-01 -1.928207488690876492e-01 -3.221709959418267433e-01 7.917587625667055207e-02 -1.568860553711016737e-01 -1.776651048289778767e-01 -4.206414969177274532e-01 -2.598440358093077607e-01 -2.488802131623177316e-01 1.174528198564037951e-01 -8.334263190542068322e-02 5.127516602586047051e-02 1.873307510648840046e-01 -3.944048867173877149e-01 1.691261675597956760e-01 -4.996881553091002126e-01 -9.510592200086209758e-02 -2.356679582459982325e-01 -8.795978304720139529e-02 -3.905915849274251839e-01 -3.128191681885688080e-01 -5.836958317455968187e-02 1.247516972885390901e-01 2.666449190204575048e-01 3.325701068794066906e-01 2.150083816318337782e-02 8.183495841039470364e-02 4.444038824098517360e-02 -3.352364817745909220e-02 -2.133960466390963373e-02 -2.566131771915617366e-01 -5.795716601825959269e-02 -6.900984416394595478e-01 -5.970345313864395820e-01 -2.512284435538985061e-01 -1.569692758851722048e-02 9.051492401603784821e-02 -4.889857467494967969e-02 -4.890490049689141805e-01 -5.450997773448276185e-01 4.708078274975755484e-01 -3.196048610240967425e-01 1.449976355322306620e-01
-9.000000000000000000e+00 1.255363353351305611e-01 1.257745166764129285e-01 -5.539603566943854251e-02 1.452267701075797279e-01 5.792503577820131699e-01 1.477363747149837980e-01 3.988957434743052588e-02 9.242845480882572184e-02 -7.609541050390827843e-04 -5.727791027941728230e-02 -3.578585214203122700e-02 1.251544663436951477e-01 1.165072212812906238e-01 -2.790494411153953136e-01 -3.233514837931163455e-01 3.322903937036634781e-01 -1.595262097701254378e-01 -2.786613380333780032e-01 -3.167734454351862627e-01 -5.989300879252125454e-02 -1.136857460779088225e-01 3.361063656634903363e-01 6.473361302748362189e-02 1.728499396130978027e-01 1.891297963266695970e-01 -4.097362525144874756e-01 2.126308290716582006e-01 -4.818983596442695250e-01 -1.976917209056407165e-01 -3.826904220246317712e-01 -1.933587865227896496e-01 -3.821992187877000235e-01 -3.984717294381766584e-01 -1.842418003191178544e-01 9.537038527640750996e-02 3.303090150096679167e-01 4.006747745580109821e-01 1.059624205904905053e-01 1.118113118842857662e-01 2.422892005615311928e-01 -3.919239628175888446e-02 -2.178355001635129962e-01 -3.639140025467471062e-01 -1.066831627571221408e-03 -5.978715035882817830e-01 -4.971714982829410490e-01 -1.197392063808941642e-01 1.562397288357932068e-01 1.669938135209995123e-01 -1.493023057079053695e-01 -4.010221629462885073e-01 -5.024077888512701318e-01 3.233279285655574764e-01 -3.575581081490138424e-01 2.675607782601177043e-01
-8.000000000000000000e+00 -4.981673494929162588e-02 -5.412137456456181384e-02 -1.504960968658992926e-02 3.920265156066346512e-02 3.235172956383651766e-01 7.434389719005858599e-02 -5.176267164183871727e-02 1.660120452516495870e-01 1.143740548853263983e-01 -2.497508751949134576e-02 -2.690501912153633879e-02 1.706163715559608218e-01 1.520250203710726833e-01 -2.575628534035023787e-01 -2.020177884354778519e-01 4.024031849740305478e-01 -7.595551955336832251e-02 -2.937559103962756879e-01 -2.216011720714678168e-01 -1.213428730891176061e-01 -1.280626323805895417e-01 1.871390534314871235e-01 -2.957306389220420995e-02 7.507956128061346601e-02 1.839718662678645755e-01 -3.943522359207107808e-01 1.594011243884368434e-01 -4.159945089778507854e-01 -3.686920515326448378e-01 -3.699724256366559993e-01 -2.212643673421473556e-01 -4.142012060047471356e-01 -4.551687118566175583e-01 -1.374990018866764085e-01 1.087499887042820135e-01 8.644501935905862799e-02 4.112708651445167174e-01 7.455834015536748349e-02 3.863788027539438730e-01 3.141357334972534332e-01 3.247659838972398461e-02 -2.275509214865364949e-01 -2.291857659464138497e-01 2.121279481973015746e-01 -4.011156353676882946e-01 -4.937382507559863187e-01 -5.545600566725161079e-02 2.050244030015865304e-01 4.419686123720586446e-01 -6.436854845978283446e-02 -3.265165727895794068e-01 -4.564214470969915616e-01 5.011309644874241132e-01 -1.532449396974800426e-01 2.856702919905346194e-01
-7.000000000000000000e+00 -3.174177477929224223e-02 -9.133622742830599384e-02 -2.174807036127539978e-02 1.346051191311606887e-01 2.757440343487480572e-01 2.310788343649939902e-01 -1.883360815443622382e-01 -2.648790030144832636e-03 7.745716597067645037e-02 -7.097612426693725163e-02 -1.007102137796766911e-01 -1.617154239924805531e-02 3.326736469090382092e-02 -3.884697621832227665e-01 -3.172911807594124278e-01 2.576347477142105769e-01 -1.928890638389990086e-01 -3.411459784957341368e-01 -3.687878616121186837e-01 -2.377046434276273712e-01 -1.546399639688632310e-01 9.926737535439403293e-02 -1.813648366775785226e-01 1.028445094682312599e-01 1.755422128549964933e-01 -3.717101080192073970e-01 5.476230447461805789e-02 -3.786315739088898513e-01 -4.569030920140746410e-01 -4.505208715191148516e-01 -3.957007608724951164e-01 -4.699415508440808464e-01 -5.319539058786385555e-01 -1.835967851334907031e-01 7.605402423643654874e-02 -4.746212118110724326e-02 2.290686102214996300e-01 -8.492926862045317715e-02 3.721772471084019429e-01 2.622204758895265719e-01 -1.785517525066996347e-01 -3.390035138601218967e-01 -3.398584722417421489e-01 -6.149003326071111886e-02 -4.154542734294748296e-01 -4.157928973478198786e-01 4.214107094069323434e-02 1.429825462138441250e-01 9.968559546054890641e-02 -1.427157981234469797e-01 -5.164636944298647281e-01 -4.255367744073816905e-01 3.141147774868430775e-01 -1.415508094001137473e-01 1.595718444169728356e-01
-6.000000000000000000e+00 -2.355081761718411659e-01 -4.985737923929484117e-02 -1.560905057272598262e-01 -4.093635463472190816e-02 1.464081312185140649e-01 1.072962391553340805e-01 -9.839718015820124453e-02 -1.313953663589881304e-01 -6.480102997884484850e-03 -1.669810583775994672e-01 -1.825374289365296609e-01 -1.457195365424997502e-01 6.198066965916911031e-02 -4.320986675010738409e-01 -3.707281984332255753e-01 2.246612993521043822e-01 -3.663813608390901755e-01 -3.935119997417670934e-01 -3.157680401399577397e-01 -4.675799265853898545e-02 -1.244692421524239700e-01 2.182419883325105170e-01 -1.711894130548839710e-01 1.614253826853002116e-01 1.682488035049066744e-01 -3.322435997090180670e-01 1.508866100389704423e-01 -1.835213305933552363e-01 -2.752420339085684953e-01 -3.584968692587817141e-01 -3.373943132615443430e-01 -4.207073644045489225e-01 -3.711222550304352774e-01 -7.442035282221466652e-02 1.033464430055164862e-01 9.829778366437885717e-02 4.118362702133503417e-01 1.069039643114105403e-01 3.538774923658014604e-01 4.655753757018755157e-01 -1.050351795409514011e-02 -2.158961162583301063e-01 -3.002226509675861021e-01 -1.594169298583083538e-01 -4.061204937241981172e-01 -3.372724313702756271e-01 1.555011355941463003e-01 2.604646805766244744e-01 1.098354619207158600e-01 -9.511444631638502761e-03 -4.839715297678677808e-01 -4.953496409902395925e-01 2.447621196068788252e-01 -1.922867565986674521e-01 1.940679503826200081e-01
-5.000000000000000000e+00 -2.012128709884897781e-01 -1.543891785192357674e-02 -2.753170862219204151e-01 -3.713852077209346680e-02 1.923182348045249235e-01 2.045574165040229403e-02 -1.543815237696374021e-01 -5.318724696984718225e-02 6.582727589298184578e-02 -6.534753837990611713e-02 -2.200634739030363773e-01 -1.032389981345424451e-01 9.923822040406181377e-02 -3.101093579980491732e-01 -3.608456011755702408e-01 2.192584350209014210e-01 -3.424243223067476860e-01 -4.426799469537540110e-01 -2.358814312938601609e-01 -6.182199572691125800e-02 -6.949003392149540048e-02 1.873131032950681729e-01 -1.459038845344796387e-01 9.570035476768332106e-02 2.399772383218411742e-01 -3.854276641256484393e-01 2.555602876463410333e-01 -3.582142019951356504e-03 -1.092024335227304993e-01 -2.634245938616114335e-01 -2.124783540139277838e-01 -3.415456298289496484e-01 -3.507228103118103513e-01 7.451419529398257968e-02 1.494080059159892671e-01 1.550077674925525728e-01 3.391362311455805578e-01 1.075212356250123541e-01 3.275711231354920816e-01 3.639239661002475201e-01 -2.095566739231274345e-01 -1.983477033154518454e-01 -5.014488481518590834e-01 -3.932303169933830667e-01 -5.059736080647233569e-01 -4.081023566609152109e-01 8.547336360927436372e-02 2.371811852089472650e-01 9.402969454678881955e-02 -2.966984844378692809e-01 -6.246100734301989199e-01 -6.445708842687691842e-01 2.318166395232366395e-01 -3.674195886137190947e-01 2.338748984807362957e-02
-4.000000000000000000e+00 -1.566731932789394710e-01 -1.620506873691404115e-01 -4.495651042792819796e-01 -1.961619024604163430e-01 1.071226813462125005e-01 8.997545200471968041e-02 -2.193293164795265260e-01 -1.925317411724440098e-01 -5.729364540151338225e-02 -2.182971684038755300e-01 -5.077318890981572519e-01 -1.798091144294080013e-01 5.328815397457428715e-02 -4.093695096845970105e-01 -4.741512863439556469e-01 9.480028913101465338e-02 -3.244315458164637178e-01 -4.812733034933033838e-01 -3.317113463554409170e-01 -2.543619288076508500e-01 -1.257710350410961020e-01 8.383743698140068423e-02 -2.615932904562295325e-01 9.632820655068784210e-02 2.982833625679403022e-01 -2.889805006230852791e-01 2.080450172224427297e-01 3.523321827385934857e-02 -2.263138359488991724e-01 -2.045544730673993783e-01 -1.877152550733098280e-01 -2.604018098819430582e-01 -4.656534958106681166e-01 7.172823910066573883e-02 1.661129025802945969e-01 1.369280084487299876e-01 2.246078630009790411e-01 5.981473490408353855e-02 3.405564422591763063e-01 2.587662311527054726e-01 -2.458650739152620224e-01 -1.142351172379692387e-01 -4.439715053235043229e-01 -4.230344977464959855e-01 -5.009943334149823402e-01 -5.046719789722953209e-01 1.737273597695002114e-03 1.058689647130932332e-01 3.570498055289342276e-02 -4.040803904585197337e-01 -5.866100329380923295e-01 -5.929260664737862063e-01 7.203671990712701145e-02 -3.257225212127651259e-01 -2.362140506838070197e-02
-3.000000000000000000e+00 -1.282557457016857694e-01 -1.731742335537645588e-02 -3.715584187556146833e-01 -1.015872832921143332e-01 1.737329027666581205e-01 1.486549703827430291e-01 -1.288848513506819504e-01 -6.739147524041924631e-02 -2.087683490234980288e-02 -2.158575273187226251e-01 -2.609494098801146134e-01 -5.033933728983423783e-02 1.048555109203170715e-01 -3.038536758026881834e-01 -2.015912126366634083e-01 2.284662306232578544e-01 -2.264331141079188314e-01 -3.354026951685591396e-01 -1.277130567503624581e-02 9.633272326827073406e-02 2.643191467764051117e-01 3.847010348345428210e-01 2.323460464266426106e-02 2.478106070985972020e-01 3.118832375009386038e-01 -4.687383663173158577e-02 3.445743103913662120e-01 3.216524619420987885e-01 1.282402256638410509e-01 6.346931677679026884e-02 4.209128891982147347e-02 4.897408728974775305e-02 -4.657531096575159846e-02 3.047896652759551905e-01 2.990820172431561952e-01 3.967614229213899391e-01 3.912927104255287114e-01 3.593289258479451798e-01 3.649287425600507007e-01 4.499061728759880530e-01 -5.662085299710468977e-02 -1.632573942594053862e-02 -3.847293442440458122e-02 -9.084023296548238147e-02 -2.090497474279197077e-01 -3.360608233501400921e-01 1.703050138059932495e-01 2.266838461059031973e-01 2.368620260006181477e-01 -2.093852196690162981e-01 -2.534450978209261685e-01 -4.356720299607488300e-01 -2.965373890432219245e-02 -2.054834235772902418e-01 8.707312830618228749e-03
-2.000000000000000000e+00 -3.109952771754632139e-01 -1.482298782444219087e-01 -3.373024723834104344e-01 -9.186990498149698314e-02 1.668604223009373388e-01 -4.150090552818051781e-02 -2.514097268127178930e-01 5.269393446006037651e-02 6.990003779525601202e-02 -2.575786485138499837e-01 -1.909877864210567100e-01 2.090955715699557155e-02 6.856448741268322822e-02 -2.107515359551466183e-01 -1.357517594843100639e-01 3.213526728799908638e-01 -6.873108232147566443e-02 -3.760849059894140756e-01 4.606761152608982585e-02 -2.311178078137031411e-02 3.681996509562551201e-01 2.274099359022713762e-01 1.494320033422661537e-02 1.884288537279308617e-01 4.269964504747256751e-01 -6.403631823872805995e-02 3.231335717569229216e-01 4.590916636368044257e-01 1.025992735624674107e-01 1.603781284083239389e-01 2.414271335277485830e-01 1.944541182926431966e-01 7.719770305194428861e-02 4.482697406427773035e-01 5.062356838407746640e-01 4.039090099570298853e-01 3.860641720755558781e-01 2.492376448732732119e-01 2.959705402576854882e-01 2.172746116269598793e-01 -1.564505749037773397e-01 -1.224773063345203777e-01 -7.743867229449960532e-03 4.936714510199936845e-02 -1.596319034552094451e-01 -2.546535435155007354e-01 2.283284113405345817e-01 2.975490844610044761e-01 3.205017779248226506e-01 -2.171596932468585761e-01 -2.202820289286584465e-01 -4.065284943865860035e-01 9.658679922245726190e-02 -1.454453575893818185e-01 -8.134410141212092271e-02
-1.000000000000000000e+00 -4.529047839423155919e-01 -3.334078016074994988e-01 -3.303525995958410122e-01 -1.485342030589141271e-01 -2.143723235553293138e-01 -1.680925355513102071e-01 -2.922125053367105041e-01 -6.091280808473077679e-02 1.923290374641720840e-02 -2.125982704974495319e-01 -2.525860036339050430e-01 -2.052748620164642768e-01 -1.328394193490834985e-01 -2.658942025975721823e-01 -1.506960828810278707e-01 2.258430487478952364e-01 1.155818719047153192e-02 -2.849894552131006509e-01 -1.669174435458817551e-01 -1.336773754395859937e-01 4.452150042047881007e-01 1.318649637321687162e-01 -9.437965811501176916e-02 2.938241382243443334e-01 4.315626373811638494e-01 1.375943576570139437e-01 4.160934421481192191e-01 5.591272580873973830e-01 1.765123134167368990e-01 2.652439766411869848e-01 2.129864922434282493e-01 2.944256114694859816e-01 2.905205917475203181e-01 4.988635375416793361e-01 5.133718690287374375e-01 4.227284683262558795e-01 4.766262757036333064e-01 3.105193546086884582e-01 2.693716086117498021e-01 1.627421006806541448e-01 -2.257992831577432247e-01 7.239929800654636149e-02 7.498161961448063240e-02 1.581426668479558872e-01 -9.552252552176029518e-03 -6.706311603704365187e-02 1.034277559923494905e-01 2.106706156937461216e-01 1.064971718761895253e-01 -1.011663657489357410e-01 -2.701824322594419403e-01 -1.656313626768932679e-01 6.971667387977422727e-03 9.764829741974276334e-02 -1.494117339283868376e-02
0.000000000000000000e+00 -3.921251968707349378e-01 -2.180633130457572399e-01 -2.319675775263284889e-01 -5.770554214893162948e-02 -1.820284316576682437e-01 -2.017899461785801207e-01 -1.486129051701940984e-01 2.783079741788432870e-02 2.433167506733844576e-01 -3.543275034762399800e-02 -5.910465168639930655e-02 -8.512410873305319148e-02 -6.126057045517573074e-03 -1.661269998750064258e-01 -2.720156372078705309e-02 2.959675128254951049e-01 4.010761917808520344e-02 -1.336519611435824928e-01 -9.297855721253592276e-02 3.324845995833168588e-02 5.417242542329540056e-01 1.798565574186126170e-01 -7.330651583455938258e-02 3.401626612643001701e-01 5.552119483743169770e-01 3.360426985588382820e-01 5.817217428319009231e-01 7.143233413601101089e-01 4.430273034722587155e-01 4.534080217253081413e-01 3.370341963993604417e-01 4.046219207789309991e-01 5.270583688012497880e-01 6.939272181944420304e-01 6.061655273566054491e-01 4.944930272070713340e-01 5.334438238276617561e-01 2.329245400231442498e-01 1.607400109856549908e-01 6.200229613778579507e-02 -1.942334835337598820e-01 1.300923512607426724e-01 1.296797834298984292e-02 1.493927465751360706e-01 1.101563762781768846e-02 1.590609402210167288e-03 3.108737104804479290e-02 5.373379431453170763e-02 -3.349103815058390721e-02 -1.502237617471389730e-01 -3.691978041663160348e-01 -2.700597016426769525e-01 2.281940850809276167e-02 -6.806237850489549324e-02 -2.423070958020172583e-01
1.000000000000000000e+00 -2.763044327017556978e-01 -1.009316971646996158e-01 -2.144371507257354925e-01 2.680531125593204472e-02 -4.272713339802198390e-02 -9.663648773834834782e-02 -1.435180568686044711e-01 -4.875232470156376507e-02 1.856685372820951196e-01 -6.592145702279157346e-03 -3.150568240356747540e-01 -1.980074537694599957e-01 5.490749501531641541e-02 -1.391783683912875547e-01 -1.708313348451109825e-01 9.562317898765126944e-02 -1.138841106540455783e-02 -6.941416936989430742e-02 -1.420730854962158618e-02 1.071194644604091945e-01 4.823342243401075868e-01 1.467182179224066352e-01 6.947265281829236028e-02 1.984884715968808777e-01 5.858353558897805291e-01 2.368501931103841052e-01 5.628739008575001090e-01 6.461969036284705981e-01 5.717053314034852285e-01 4.927137287848091241e-01 4.046368458753414887e-01 4.200288235701788442e-01 5.580741748135686908e-01 7.280641671992348352e-01 6.790847078615868115e-01 5.862031643807038561e-01 5.561914204551965391e-01 3.032516325557832459e-01 1.635193817081517786e-01 8.077202640513939103e-02 -1.606764500896999959e-01 1.851232133715245420e-01 2.915987346432697205e-02 -7.351497255392472341e-02 -2.187853798738611244e-01 -7.328726085639580834e-02 6.985976138710757455e-02 2.418787330239099420e-01 -3.895482349627661656e-02 -2.588420661795923228e-01 -4.207381950147855987e-01 -3.106018450511750517e-01 -9.740571618208178351e-02 -4.534752305057732080e-02 -2.850128643216328639e-01
2.000000000000000000e+00 -2.072088408398508885e-01 -2.735062181475550469e-01 -4.595525339369669338e-01 -2.354378698597871522e-01 -8.977473871811056383e-02 -1.366911833739252735e-01 -8.296558478952770210e-02 -1.278563351896809253e-01 -1.352788045963581598e-01 2.026462285719800652e-02 -3.966460945130845239e-01 -2.526603655725837561e-01 -9.898602246127455317e-02 -2.084223160179403123e-01 -4.265454541729596372e-01 1.666205418686455553e-01 6.140866216627295648e-02 -1.630330090444685465e-01 -1.802010495021732772e-01 -1.184541116283114870e-01 4.648553238491502926e-01 -8.778942418802009040e-02 -8.662088561005108767e-02 8.527055458259416576e-02 5.365601577949811185e-01 2.766857335689540398e-01 6.977912482286580120e-01 5.791892993930483069e-01 5.021532325285429366e-01 5.010383269553460028e-01 5.141464226444145691e-01 5.254104818134089916e-01 5.363512908573895288e-01 8.098079325912342918e-01 7.638149777182541289e-01 6.822066580725371088e-01 5.615673940050622814e-01 1.122253094840713339e-01 -6.407520591895472795e-02 -1.187388111940102520e-01 -3.989104580119312016e-01 2.330815527467230697e-01 -2.974412016166509409e-01 -3.551472048717995156e-01 -3.991549997499453939e-01 -2.345027307964510643e-01 -2.606290951367950526e-01 -4.708456868488697378e-03 -2.413485433216216725e-01 -4.510258514347945669e-01 -6.579330365684626925e-01 -3.828380673012948265e-01 -2.872226829179216900e-01 -2.538313597608469752e-01 -3.440241078048567602e-01
3.000000000000000000e+00 1.812224996252126408e-02 -1.147325788669689151e-01 -3.033615156307312710e-01 -1.517752340854836568e-01 3.596942733939331727e-02 5.873242290660155018e-02 1.566574661325067230e-01 1.357761860913171970e-01 3.250909954985556904e-01 1.518203625819025682e-01 -2.523040883075414742e-01 1.781428401029184760e-01 2.772448386019239486e-01 -6.951240423972916693e-02 -9.537122427950908699e-02 3.857414773525349450e-01 2.085866384515947802e-01 1.423201505276257273e-02 2.756793649442985661e-01 2.251600856493107816e-01 6.733968999727302229e-01 2.315011008604015152e-01 3.019864404376391698e-01 8.623738233549974042e-02 5.532244376102315453e-01 3.136233017518779698e-01 5.384992001402962858e-01 6.139253997087474879e-01 6.189336997375377569e-01 7.366937492287743972e-01 7.127007805326867063e-01 6.813709340317044560e-01 5.872998174295754881e-01 7.996529598423838259e-01 7.945011901616825245e-01 7.678098584060926157e-01 5.720309221441826075e-01 2.377507719505930761e-01 6.686541848611732286e-02 1.197536674496421510e-01 -4.524831708805480968e-02 4.368749112520812772e-01 4.892078899660688707e-02 -5.903453874292370618e-03 -9.433639539701062227e-03 -2.200580044296698845e-01 -2.439611908863139333e-01 1.652441345741337969e-02 -1.714899884444670564e-02 -4.077414556584791905e-01 -1.924052171201351136e-01 -3.590745155745067030e-01 -1.345945031142112280e-01 -1.232183371809569550e-01 -1.761541409063416275e-01
4.000000000000000000e+00 1.283050989850152701e-01 -8.988040319216074325e-02 -1.301687413363062928e-01 3.235657248932218011e-02 2.691369127692264662e-01 3.133916968516964330e-01 -1.272189118196301316e-02 2.058686753801630132e-01 6.590167879651753768e-02 -1.454639803127300568e-01 -2.338439834114788285e-01 4.136727158239028590e-01 1.563552112657055349e-01 -3.167125531175998820e-02 -6.038704934869626451e-02 4.356771826755069799e-01 3.487963269243256614e-01 2.323741657441542874e-02 3.179782749721031809e-01 5.091178554727060490e-02 6.902539442282339399e-01 5.992684269198124414e-02 2.835697523510529172e-01 1.710804399180999025e-01 4.597458111321789387e-01 2.761459244792636714e-01 5.013866296694257096e-01 6.231115355989887972e-01 3.330636692681180899e-01 5.989741132335110185e-01 7.652259808744439340e-01 7.332908340307459083e-01 4.318919435851433231e-01 7.603916201020733956e-01 8.240598468469687576e-01 6.519514700060098367e-01 2.501893178880826851e-01 1.554085616070053147e-02 2.843438858817606829e-02 8.563242782547772491e-02 -7.427788603057666750e-02 3.004944708294683686e-02 1.804297847479143513e-01 1.738266434074304256e-01 2.862839975253655966e-02 -1.442007850382118761e-01 -1.343510161135109404e-01 -9.368891883491221872e-02 4.413155411605308026e-02 -3.419396293127417996e-01 -1.517770197730097526e-01 -1.724797776792552917e-01 -3.300563211451384982e-01 -1.633249203957038986e-01 -2.065687579507052007e-01
5.000000000000000000e+00 -7.530251894993782169e-02 -3.918661857240056667e-01 -1.823108529616672135e-01 -2.424427022996478998e-01 -3.217302776121631069e-01 -1.338666271216059078e-01 2.523471212369283317e-02 -4.231477619920369360e-03 -6.384542740444332232e-02 -2.722076007338651848e-01 -2.107304227463601132e-01 1.179650004092596821e-01 -1.351706430536691594e-01 -3.780713549741583912e-01 -6.102231770317751575e-02 5.148439203450346779e-01 3.216803903395526465e-01 -1.137549883221814634e-02 2.000713336406074738e-01 -1.091537313797824593e-01 7.028883221865792619e-01 1.149285638768062501e-01 1.241053355654579138e-01 1.322806840439194886e-01 1.028729122826384373e-01 2.976322765152158434e-01 4.580911921515399832e-01 6.869051909284508151e-01 4.229602561022703378e-01 5.407008164678104301e-01 6.306781877336142816e-01 6.503900809483124101e-01 5.522802291602041391e-01 6.758150816814078032e-01 6.084830685913111825e-01 5.939724769860250664e-01 3.306212586196960457e-01 7.501991700843028965e-03 -2.107474590588268304e-01 2.097285018093027475e-01 -1.206266695542514700e-01 1.151617596488193895e-01 1.248690207405777908e-01 4.066651272358444147e-01 4.591604099595138488e-01 2.459000561189052525e-01 -2.587983993838308683e-01 -9.792560709602227131e-02 -1.472868390621953905e-01 -7.356315651651793019e-02 6.434359679682125077e-02 3.329955746389398619e-01 -4.960052675211912288e-01 1.604719732250744768e-01 -5.883661092884140409e-02
6.000000000000000000e+00 2.934826931139734862e-02 -2.774490431836286186e-01 -2.861322086881536164e-02 -8.852349817377594410e-02 -3.731606232592463157e-01 -2.458232270596410751e-01 -3.054853749317590350e-03 4.554270452423581084e-02 6.378733447243868648e-02 -1.092317547521891585e-01 -2.330343412144534887e-01 -8.696567075466853092e-02 -1.484765842761187060e-01 -3.653222460831271889e-01 1.354146787342039859e-01 2.106181430353437911e-01 2.835258446377412755e-01 1.756303218757926943e-01 1.150109621983776975e-01 -2.069729862131917120e-01 4.415425758305240866e-01 3.508958849160966759e-02 9.873567031256844095e-02 5.415989906812042343e-02 -1.066340847140397896e-01 -5.203644645598198837e-02 3.201827909010451778e-01 5.824972524624747461e-01 5.265628087704644633e-01 4.227957038196530348e-01 4.677277607652659541e-01 4.060322849178944482e-01 4.787351636725203918e-01 5.762516671273446578e-01 3.684086022100906965e-01 3.433250574564091773e-01 9.588912843922459128e-02 -9.361400893630521247e-02 -4.505348052704012396e-01 1.255968395659693981e-01 -2.508365871005356906e-01 5.603628250348255402e-02 2.114299022341546014e-02 3.359794772638124982e-01 2.703681578818730724e-01 1.790568226602554658e-01 -3.742997940441028515e-01 -2.431020070885328843e-01 -3.221258793196249970e-01 6.215476528473069806e-02 -1.327383578383614648e-01 2.884719057152373978e-01 -4.268406619654022682e-01 1.486781344643345326e-01 -3.421168424084719550e-01
7.000000000000000000e+00 -3.707446885067905429e-02 -3.232224222170040351e-01 -1.475481164398983469e-01 -1.179369004884646965e-01 -5.051999577226317095e-01 -4.141796223902654006e-01 -1.210168749654998849e-01 -3.234505592721749201e-01 -2.806835302218765871e-01 -2.726180276044638529e-01 -5.708877512704639834e-01 -4.725987930813526638e-01 -3.402760537130242735e-01 -2.658792190383098553e-01 -8.201957855156899457e-02 -9.325363296913977140e-02 -9.353212578825298440e-02 -5.153604136589932938e-02 -3.605401029946844194e-01 -5.650607829727257725e-01 6.885458069654140645e-02 -6.845665872919867723e-02 -1.979260029760053219e-01 1.529909136660285718e-01 -9.908115741760847861e-02 -1.132951305094775651e-01 2.852103583043998358e-01 3.402628067342730045e-01 4.059129495217036476e-01 1.898715491109621567e-01 3.088540885093089550e-01 1.670418198218240335e-01 3.951784925792686254e-01 3.464921937728113188e-01 2.575171661131810952e-01 3.431634357918497136e-01 8.185233204550732000e-02 3.031553382295489041e-02 -4.756838307176796676e-01 2.501214019721975657e-03 -2.947152176419783887e-01 3.457653859881597569e-01 -4.370463240104090208e-02 1.068190631992228801e-01 -1.309253397098470439e-01 2.353529028306736992e-01 -4.981367413259542298e-02 1.494018566628091960e-01 -3.481937007639497317e-01 1.996483038825716816e-01 -2.690312163422014513e-01 1.793071685366343648e-01 -3.042719326909033573e-01 3.549284898653926046e-01 -5.279734139325682751e-02
8.000000000000000000e+00 -3.618969008374257890e-02 -4.710823939779748559e-02 -2.726983517013119585e-01 -1.671690549119195235e-01 -2.779485069761339355e-01 -5.654690472395904610e-01 8.770927594247002190e-02 -8.015545563860496103e-02 2.212786809685610145e-02 3.588174455583475336e-02 -1.984842733264969294e-01 -2.833067245180596605e-01 1.580830129299350129e-02 -2.292488574903047416e-01 -7.740162895761792949e-02 -1.798196131179890800e-01 -3.633232011989555310e-02 1.538303383660084844e-01 -2.232980060789794552e-01 -2.236322649085482894e-01 4.371756040272686827e-02 2.831493090233170307e-01 -6.626285762416819769e-03 1.158894628772512841e-01 -1.842038158685909560e-02 -4.565721284020024529e-03 1.850136193341444524e-01 1.351301982693672576e-01 4.912592048226225860e-01 1.288710232512881582e-01 5.735079298002114523e-02 -2.641329795403571379e-02 2.915182225633739521e-01 1.842972608529896417e-01 3.145548746937194828e-02 3.491075316178017252e-01 3.996852095163827556e-01 3.486092587930388342e-01 -3.679232333604324223e-01 -9.664633251293523741e-02 -5.030015371009834840e-02 4.497566051101670181e-01 -2.432383802482473434e-01 1.156250786365217026e-01 -2.756061568726952959e-01 -1.100109091253356486e-01 -2.138054656313739810e-01 6.901414260565591485e-03 -2.020256685358278737e-01 1.972939150286089349e-01 -8.816611249709045695e-02 1.965885122114866546e-01 -2.545815179370064518e-01 3.148498472291411110e-02 -3.411609642848325019e-01
9.000000000000000000e+00 1.249011204482053383e-02 1.263245892488497057e-01 -2.774070756683935102e-01 2.156411969709069454e-01 2.400795398064228259e-01 -3.254109009369075545e-01 -2.064185418567734409e-01 8.973443814834058951e-02 -5.813598466425330680e-02 -1.218787239140472489e-01 -1.361809996628779995e-01 -1.489258563205506924e-01 2.380880608469893717e-02 1.522381547962801673e-01 8.141454128861479178e-02 -1.728686816380859137e-01 1.672921312132599203e-01 -8.626913021979873419e-02 -2.927970819930758584e-01 -1.354833667320544388e-01 -2.553022960898764793e-01 3.282490411154235371e-02 -9.755660318085909721e-02 8.366925803622859981e-02 8.672726903052538350e-02 -6.574549820598254990e-03 8.746542477637236912e-02 4.299130262497022348e-03 1.605652074826015019e-01 -4.857912556132412685e-02 -2.870264837272151759e-02 -1.778297483940536328e-01 -4.380698683993819453e-02 -4.380582003362645804e-02 -3.710564444229966230e-02 8.698144427558929248e-02 2.107904790066407741e-01 4.392168542866220493e-01 -1.450141130833429159e-01 -5.564089988673260878e-01 -1.516332165136501930e-01 1.694461010387890987e-01 1.487877306065388261e-01 9.552540550057098123e-02 -5.062041999489789168e-01 -4.732317438347324323e-01 -2.643274628809255122e-01 1.203575568457668776e-01 2.733015913718689349e-01 -1.826140789103147463e-02 3.514943130056291665e-05 -2.395122156157459548e-01 3.508256777583645958e-01 3.343687399262349480e-01 2.203931272808035829e-02
1.000000000000000000e+01 2.785423604325090730e-02 -2.844440072532766206e-01 -2.244573282778850598e-01 -7.731379206340271981e-02 4.506454020673689165e-01 2.707241468729458533e-02 -2.841661881616994734e-01 -1.862314550158509219e-01 -4.236131294340229059e-01 -2.735659044289561193e-01 1.080372923967109211e-01 -4.398194770914777840e-01 -3.821570297119843973e-01 -3.425431593149082521e-01 -4.068406367133171608e-01 -8.126342947888884338e-02 -1.409770016782432300e-01 -2.799341375297810797e-01 -3.808017615308870174e-01 -5.827239021475685843e-02 -1.776401018062788162e-01 5.577419272195906913e-02 -1.274247227892097434e-02 -1.839211556494788069e-03 1.464146109368007209e-01 1.519041786060179589e-01 -1.220547964643498434e-01 -2.816387350313731552e-01 -2.827049480664197145e-01 -2.846346546131804378e-01 -2.323712617980219219e-01 -1.578503110575137924e-01 -1.637665317727036163e-01 -1.941790831261938910e-01 -5.757472377188532775e-02 -3.819364316972780060e-02 9.998126844199677066e-02 4.392125763322012044e-02 -8.364885831032808916e-02 -3.934379943691075354e-01 -9.469534916777469502e-02 -1.268078174119880164e-01 1.362480928961973259e-01 3.330046634381816362e-01 -1.377189593202719498e-01 -2.707512653658316615e-01 2.121958997419285398e-01 4.159888614524154815e-01 4.151662638590261079e-01 -9.229056747765095048e-02 1.750005659863443919e-01 -8.523310221695787336e-02 3.861612338122087928e-01 -3.170132291938299041e-03 1.805235837125331866e-01
1.100000000000000000e+01 -4.106094546188779892e-01 -4.318305550078097577e-01 -5.879409117295086168e-02 -4.349659997273070400e-01 6.145186906341174732e-02 -1.302714110497066868e-01 -4.914058251356016593e-01 -1.821609451834450000e-01 -4.257427160783238684e-01 -3.354004623953013575e-01 2.994429001053831585e-01 -7.923691039301478112e-02 -3.977178405940997030e-01 -4.958571246790585141e-01 -3.279878846418568528e-01 -7.593897222394055402e-02 -7.869085005892492712e-02 -2.140979720610465264e-01 -4.335210118051030515e-02 2.274061922299712990e-01 -3.174008681743023877e-03 -6.660756372989712348e-03 6.136853603583952710e-02 -4.709040469208950475e-01 -1.704957435204875471e-01 -5.053971597638456242e-02 -2.135448268791116100e-01 -2.165527855698888005e-01 -3.271322630683301536e-01 -2.054100133274411877e-01 -2.326148365475197988e-01 -5.279517708576374896e-02 8.667511571228397188e-03 -1.264073848168294489e-01 -9.825894043726483840e-02 -1.532159463871202443e-01 2.367744153791071504e-01 1.846470953322428554e-01 4.029490610424478481e-02 4.917399649903894665e-02 2.052919251279091695e-01 -3.891529466021194095e-01 2.622448790653358341e-01 6.013614280433643433e-01 3.716034703352765756e-01 -1.142919850264589865e-01 1.123178823712276883e-02 2.201330563047208810e-01 4.791430741846979813e-01 1.482253159809535092e-01 2.441950351322590418e-01 1.589460500558573519e-01 3.229941944394035813e-01 3.216549180008793640e-01 3.362603373500828718e-01
1.200000000000000000e+01 -3.696104330957349360e-01 -2.455497157427357913e-01 3.140361612643637335e-01 -1.521935400720444698e-01 -5.802603006524050672e-02 -3.614693109047878439e-02 -3.969817397751818633e-01 -3.520436090238303062e-01 -2.094847537604286880e-01 -3.451477878598661619e-01 3.282719000894489536e-01 -3.359399570382857192e-01 -5.281946849563572410e-01 -1.509270453113812915e-01 -1.459723622836347212e-01 1.603320895483802966e-01 -3.739160369570659337e-01 -5.987575887802759622e-01 -1.875638505291030156e-01 3.417330174784931861e-03 -1.561715943341581148e-01 -6.230843741851287421e-01 -2.239688419600565361e-01 -3.727002050557358670e-01 -4.131285166588901103e-01 -3.518758819561794704e-01 -3.939820878191848119e-01 -3.038532562315962582e-01 -4.200243544414243857e-01 -3.121635914341436280e-01 -2.406228585673896858e-01 -1.427743088186917420e-01 -7.317617701862833002e-02 -2.343608478724008570e-01 -8.802898635836783892e-02 -3.569131772716905848e-01 -2.121871271202666331e-01 -3.736109904200268228e-01 1.765581594064559723e-01 -8.096186002748356758e-02 -1.413481843832606610e-01 -5.410484942273732223e-01 -2.291300584060772944e-02 3.813838615122956688e-02 3.048546820687830228e-01 3.486060302524807697e-01 3.397810720238273463e-01 5.152989540380020772e-01 1.100155239276745522e-01 5.860892487351438557e-02 -9.758933237771072466e-02 5.458092574131602828e-03 1.830439449576852784e-01 3.676829064784306600e-01 3.121199256488214613e-01
1.300000000000000000e+01 -3.130710644659114861e-01 -2.374293208096812102e-01 1.889293603141128652e-01 -3.630617295111434606e-01 -5.777912440892786217e-01 -3.391014016101973061e-02 2.284969308792717535e-01 -4.008294000538681900e-01 -1.324504299445161126e-01 1.924206195371453154e-01 1.635339013868754299e-01 -4.056391684797300834e-01 -1.941221060764430351e-01 -3.423982124740366229e-01 -2.328378685315338759e-01 1.536852196002477453e-02 -4.515104943410722105e-01 -2.740571256939455802e-01 -9.663089033615768209e-02 -3.682548563453420798e-02 -1.194593332651590761e-01 -2.818444941950767890e-01 -4.479835115511577870e-01 -3.082762509353378366e-01 -3.380382750809231007e-01 -3.083912126026503442e-01 -4.031741073060617353e-01 -2.956885351277878660e-01 -2.877429704223293250e-01 -1.370869347684741113e-01 -3.796647351597678965e-01 -3.063852030876106913e-01 -1.980324820760154259e-01 -3.290731884937515561e-01 -2.924605933182058970e-01 -4.014298307217561979e-01 -2.011946617715535124e-01 -4.403247208911604815e-01 1.949675935768826474e-01 3.497843698881888952e-01 1.916882459026090779e-01 -2.385338253276726994e-01 -5.449872354394036389e-01 -3.269329754182318526e-01 1.557839080759864381e-01 4.090952639941418112e-01 2.589326429655867678e-01 2.854692222092341733e-02 -4.305318089800739267e-01 3.659264258932349440e-02 -2.826745543783307224e-01 6.422682685568633851e-03 -2.242264787605391385e-01 4.792465309709514898e-02 2.260074108890514633e-01
1.400000000000000000e+01 -1.003194812380438089e-01 6.300521396428847565e-01 4.052666473187362950e-01 4.877729621499655721e-01 -1.506476325547368919e-02 2.669225567563039969e-01 5.629975783689435964e-01 5.172341188238874787e-01 5.554730783038377417e-01 7.089535332780355636e-01 4.079284648706705263e-01 4.072434257285182380e-01 3.367513766467825631e-01 6.187282567643064279e-01 5.382374699336425206e-01 4.019986021496056439e-01 7.807132714035772136e-02 1.119382731414792220e-01 4.651877746960455529e-01 3.437838393382377511e-01 -1.368286488448761939e-01 2.396810306387755218e-01 6.706355603920020891e-02 2.775440112415363814e-01 -3.877289300839940195e-02 -1.190592785223240357e-01 -1.555469208503645201e-02 1.711845127292933866e-02 5.457006766354058347e-02 -1.481152404440132589e-02 -1.780274778412222758e-01 -2.198483749694909728e-01 -2.589335042524318342e-01 -2.060134635024241379e-01 -2.636661396268385471e-01 -1.882746616463779055e-01 -1.573242775559476059e-01 6.360664993273419665e-02 5.167920014105862325e-01 3.826753347481456902e-01 7.361845667200225818e-02 9.076245248697832613e-02 -4.088375864765789736e-01 -7.794554674908064085e-01 -2.120385719974738903e-01 2.544745016311239505e-01 -7.407278565099845169e-03 -2.325900268039060581e-01 -3.853189594932913686e-01 -1.619062277988564669e-01 -2.536985497163549153e-01 -4.099302698292681124e-01 -1.806873555148306720e-01 -1.563382944903351501e-01 2.994680442073126628e-02
1.500000000000000000e+01 2.219993532348433773e-01 5.547170782473410666e-01 -4.018705038254427597e-02 3.940684308185942175e-01 3.034087604581778841e-01 6.991096968615548857e-01 3.956655631074348367e-01 3.491914458618747830e-01 5.000121956470102713e-01 4.011855760099464763e-01 -2.790858520870904691e-01 2.693710475472201327e-01 7.288383929867151556e-01 6.464413013956394893e-01 1.607842964941151032e-01 -1.325957351625599023e-01 -1.230401403353940382e-01 1.431851676903955206e-01 2.771323456967991761e-01 3.311761564169935640e-02 -2.231171508934014502e-01 1.916529781458066184e-01 -4.112335770747038016e-02 3.455280246403021893e-01 4.211336395523351261e-01 8.450057168569932720e-02 3.696367136530213926e-02 3.447911120317082023e-02 -9.742343754643606468e-02 3.628622895680683191e-02 7.399440456531833354e-03 -8.441449141433265968e-02 -3.501327032991072841e-01 -4.313221017125103141e-02 -1.040114133992509071e-02 -5.481583654002886163e-02 -2.326992214477826282e-01 -2.093459193008698899e-02 5.694000693410857794e-01 2.201972371240896176e-01 1.318687596121988215e-01 3.428850456393734980e-01 -6.553188669820197987e-02 -6.177105395784476816e-01 -3.987242111237840336e-01 -4.598597033578860627e-01 2.516115187411861465e-01 -1.438574548957557431e-01 -3.039823292428300849e-03 -1.674241319429143060e-01 -9.463333671788805301e-02 -6.407731928999947923e-01 1.617705156655375176e-01 -5.438046409358778810e-01 -2.372961718770623674e-01
