# extraction with python 
#  import numpy as np 
#  data = np.loadtxt(velodelaymap_Cont4010_HGamma_ICCF.txt) 
#  timeHist = data[1:,0] 
#  velocityBoundaries = data[0,1:] 
#  velocityDelayMap = data[1:,1:]
0.000000000000000000e+00 -1.000000000000000000e+04 -9.600000000000000000e+03 -9.200000000000000000e+03 -8.800000000000000000e+03 -8.400000000000000000e+03 -8.000000000000000000e+03 -7.600000000000000000e+03 -7.200000000000000000e+03 -6.800000000000000000e+03 -6.400000000000000000e+03 -6.000000000000000000e+03 -5.600000000000000000e+03 -5.200000000000000000e+03 -4.800000000000000000e+03 -4.400000000000000000e+03 -4.000000000000000000e+03 -3.600000000000000000e+03 -3.200000000000000000e+03 -2.800000000000000000e+03 -2.400000000000000000e+03 -2.000000000000000000e+03 -1.600000000000000000e+03 -1.200000000000000000e+03 -8.000000000000000000e+02 -4.000000000000000000e+02 0.000000000000000000e+00 4.000000000000000000e+02 8.000000000000000000e+02 1.200000000000000000e+03 1.600000000000000000e+03 2.000000000000000000e+03 2.400000000000000000e+03 2.800000000000000000e+03 3.200000000000000000e+03 3.600000000000000000e+03 4.000000000000000000e+03 4.400000000000000000e+03 4.800000000000000000e+03 5.200000000000000000e+03 5.600000000000000000e+03 6.000000000000000000e+03 6.400000000000000000e+03 6.800000000000000000e+03 7.200000000000000000e+03 7.600000000000000000e+03 8.000000000000000000e+03 8.400000000000000000e+03 8.800000000000000000e+03 9.200000000000000000e+03 9.600000000000000000e+03
-1.000000000000000000e+01 -3.392872563097425881e-02 5.643514892490179014e-01 3.429720803523698125e-01 -5.478674096096733948e-01 -1.336507100602552234e-01 -2.976219448245238097e-01 -8.335508552612682642e-01 -5.465176579143138369e-01 -4.501718123641625935e-01 -2.529065348893161369e-01 1.410535709787333891e-01 -4.200632285135991184e-01 -3.385330721221652683e-01 -2.585956163299191757e-01 -1.020930237727699919e-01 2.649776172237234273e-01 -6.049028455107611224e-01 -3.348766901872960444e-01 -5.280781119941697216e-03 -2.226477803175235803e-01 -1.658679204726088985e-01 -1.216707277799758263e-01 -3.448809741563558240e-01 -1.215701509943934028e-01 3.206887111890065201e-02 1.485301094482012196e-01 3.408919449420433345e-01 1.930800745745205049e-03 -1.332636823270878235e-01 2.311733326843879999e-01 1.775677305991008037e-01 1.160928419536134959e-01 2.580567963265381626e-01 4.142879469124370329e-01 4.902861609159794853e-01 9.601175327518045310e-02 2.014403982484601618e-01 1.423048280712414515e-01 2.617410905878098104e-01 -2.687184457415558447e-01 -3.051369208533024624e-01 -8.845147465203441473e-02 -1.711929860393233277e-02 3.825784905164890670e-01 1.212631954733511264e-01 7.610192338628848918e-02 -7.022546206916049916e-02 -2.657452533877091017e-01 -3.811542126111611140e-01 -3.070758787714842342e-01
-9.000000000000000000e+00 9.003443860176908731e-03 1.742285288238508978e-01 4.564257726233088563e-01 -4.022810610002942600e-01 -1.070956908283356712e-01 -4.176971913436841599e-01 -7.637104914272108136e-01 -3.496298424504381552e-01 -5.537732809314104276e-01 -4.029417334798622297e-01 1.953013458215629716e-01 -3.171257087505418015e-01 -1.941212641211080281e-01 -3.118200817063959129e-01 1.623341686577192688e-02 3.207994491858573438e-01 -6.623350841623663054e-01 -2.846394305642188094e-01 -2.514370078665259522e-02 -1.993238932237231531e-01 -1.986468176986275480e-01 -2.001143810296608927e-01 -4.716587861640157420e-01 -2.066531447821366163e-01 -1.205075680469558652e-01 5.849547718428937948e-04 2.326218130549323471e-01 -1.512628667264153369e-02 -3.101588793687242718e-01 1.705866158557395595e-01 1.901954086522021359e-01 1.699479701325198322e-01 1.315958721758293259e-01 2.511751759943148254e-01 4.451592829603371881e-01 1.339824785198833190e-01 1.122023624312285389e-01 3.690444465698946575e-01 3.995709025453463847e-01 -1.621796969446877568e-01 -3.493080681866684856e-01 -2.063172391726545152e-01 5.496104019152849712e-02 2.158287395696878719e-01 1.054353477043250276e-01 2.595808683995010080e-02 9.868805632237845349e-02 -1.756470753013868180e-01 -4.736640414158117540e-01 -3.212199805026535460e-01
-8.000000000000000000e+00 -1.079781456710712378e-01 2.806558129660784162e-02 2.601795580493915239e-01 -1.794046075150874664e-01 -2.551785653777668972e-02 -3.428976175208681143e-01 -7.401366023716254849e-01 -4.886840550645086267e-01 -5.284015603324534460e-01 -4.231997934136338957e-01 -4.317544725057417820e-02 -3.319797543112993354e-01 -1.442418232364649500e-01 -1.250912984484751078e-01 1.662621025592033730e-01 4.620053451429303459e-01 -3.393200767369833892e-01 -2.505884140735693544e-01 6.437208045186687544e-02 -2.764978440871310172e-01 -2.814359124523840849e-01 -2.051709799969373971e-01 -3.348957891296069356e-01 -1.657761957847469492e-01 -2.651457877036173527e-01 -1.553324299008322917e-01 1.123238318870547620e-01 -1.003373703419084551e-01 -3.433304662985621203e-01 -1.020359991527503701e-02 7.493899530635961259e-02 9.267746608156587906e-02 3.486840110873390408e-02 3.148461384692873288e-01 2.925321675314768166e-01 1.235653212879475882e-01 2.318444529617076921e-01 1.661438251634484164e-01 1.731731068981245958e-01 -3.225115831223565599e-01 -4.831272135707533888e-01 -1.390295607982809933e-01 2.741963760619093859e-01 1.673672360840549045e-01 4.980471078337937729e-02 -1.982909427985954931e-01 3.125722296348920626e-02 -4.529528613286385452e-01 -6.521412463622189293e-01 -4.177418022975876166e-01
-7.000000000000000000e+00 -3.195557137918294405e-02 1.310756499130623087e-01 3.458271728644414234e-01 -1.980380572057386379e-01 9.907317867630044406e-02 -2.704706983757705907e-01 -7.463572223466058420e-01 -4.787349895250819776e-01 -5.242775510607251555e-01 -2.992656067183058211e-01 2.432874572821217551e-01 -2.822473507792214176e-01 -1.219924005653665183e-01 -9.326906882107427466e-02 2.413448918505123608e-01 5.470637669409799120e-01 -2.064783318367257869e-01 -1.096641327426453316e-01 1.997886742478339195e-01 -2.083561449440659019e-01 -1.512017109696844330e-01 -3.846137414160510914e-02 -2.071233043718541667e-01 -2.234798763386089959e-01 -2.423381061895234778e-01 -3.511267197403464824e-01 -8.309076322726857700e-02 -9.537349854376123148e-02 -2.135937046387609561e-01 5.394230671892521339e-02 -5.638819399685924411e-02 6.793689023206334054e-02 1.710686383056942150e-01 2.638623690834294711e-01 2.549797266909226701e-01 2.192239597458938150e-01 2.185415770325007667e-01 9.178319669509527046e-02 4.380011724408804097e-02 -3.317431386963968221e-01 -3.195311179960301784e-01 -1.615924597249790151e-01 3.339523074359974641e-01 1.263544131394006564e-01 -2.541636975313117386e-01 -2.859350491784883874e-01 -2.694400236302103152e-02 -4.728538197455962599e-01 -5.980458801879418029e-01 -4.948218442393359506e-01
-6.000000000000000000e+00 -1.663681593239351580e-02 -2.078278603820125914e-02 2.391551710252236840e-01 1.690100139524534917e-02 2.946111079566395841e-01 -1.011410688692934157e-01 -5.191740782404162813e-01 -3.720207500615238527e-01 -4.927564866208307137e-01 -1.495174223232868527e-01 9.961745658140941373e-02 -1.179059227182664565e-01 1.089139278050113707e-01 1.742832679717014055e-01 3.451762735325114018e-01 6.054194901196983114e-01 -2.813561069947817517e-03 1.074933537571871531e-02 2.388522443812193807e-01 4.265554712102909846e-02 1.724346410378552186e-01 1.381709255359087896e-01 -2.531683128106620995e-02 -3.625912314002162351e-02 -1.878788024569100490e-01 -2.878052847086609578e-01 -2.357507507363991103e-03 7.853611815850107536e-02 1.187834150485292117e-01 2.047433492643409292e-01 1.484432759746330266e-01 2.224267897442136488e-01 2.085263462890385722e-01 3.837884923725551900e-01 4.109138277512872084e-01 2.770646707706431733e-01 3.908790043428170824e-01 2.851493702801453090e-01 1.718640451249519863e-01 -1.632505907894297725e-01 -1.581509786794763062e-02 3.311805760235032176e-02 1.730398542694653874e-01 3.537116028593339512e-01 -4.450048457124299722e-02 6.997438454787327511e-03 3.462384642143119251e-01 -1.324974857762353242e-01 -3.302091596493503811e-01 -1.919029311818453154e-01
-5.000000000000000000e+00 -2.029095834240346174e-01 -1.720639683241415308e-01 2.384414417877232240e-01 9.322597000336557693e-02 4.480106998763897508e-01 5.214737318326989612e-02 -4.579354175931717452e-01 -3.034542628972329292e-01 -4.656102135657713692e-01 -1.927161171030921938e-01 2.002504215084891653e-02 -1.344653315631079149e-01 8.313817555863886599e-02 1.448453464227560938e-01 4.608804502705296513e-01 6.565668344121298183e-01 1.774672098665309172e-01 6.161570345805335303e-02 4.017571499425302006e-01 2.136984021000235545e-01 2.436760481985042193e-01 3.832480831051713333e-01 2.983426330441767416e-01 4.885312868284810706e-02 -1.303594402463961743e-01 -2.979744028710526460e-01 9.117415314341423271e-02 2.001807533774127013e-01 2.053815314682694293e-01 2.592810897028652306e-01 1.461255917911763458e-01 2.040054788318298173e-01 1.611123274840213504e-01 2.318585673167545824e-01 3.956576186009434504e-01 3.666514523585240326e-01 2.990178329420652981e-01 1.033070263715901715e-01 3.282167173727579962e-02 -1.792773207191935281e-01 -2.969785254058763396e-02 1.055041908674230894e-01 5.571926987721940311e-02 4.263002333937744859e-01 -1.130243642518995867e-02 2.612201016004185583e-03 2.818208628591297171e-01 -2.832783692152274907e-02 -2.004058268994404757e-01 -8.126921330702152613e-02
-4.000000000000000000e+00 -1.915865283850932965e-02 -1.705711303503445464e-01 4.949633510317169582e-02 -1.402219872291885286e-02 3.491688424316011785e-01 2.985994603672236236e-01 -2.961529312640522327e-01 -9.402846661061509126e-02 -3.166777780343587034e-01 -3.834495918280805826e-03 1.160851306677966599e-01 1.213638469455185359e-02 8.660596684879148799e-02 5.089631259467099211e-02 5.385173239931475564e-01 7.335000237350579599e-01 3.780098251986431235e-01 2.292372017572649467e-01 5.777940702738726397e-01 3.269503127177684210e-01 3.228381201655046162e-01 4.266057772369749035e-01 5.128649996920232601e-01 1.305363652707942079e-01 -1.019983913454211577e-01 -4.030298274306742812e-01 -6.168668176783094481e-02 2.358873188547891964e-01 2.693955972789757736e-01 3.388874127656780755e-01 1.433517753492364322e-01 2.261819040904639588e-01 3.168815689533711066e-01 1.597837180601247020e-01 2.403035174101463556e-01 2.531804686132790305e-01 7.500111817111997092e-02 -1.220859137567046060e-01 -1.378103373997073555e-01 -4.267306945455401346e-01 -2.081439513535800756e-01 -1.223935891401738418e-01 4.928764554336936832e-02 5.005942267816090308e-01 -1.707681257748527581e-01 -9.365165999340552272e-02 1.393356464417779272e-01 -3.508498817158521577e-02 -1.687717822607942841e-01 -1.137716794947767340e-01
-3.000000000000000000e+00 1.128192578302743970e-02 -4.166961928031909235e-01 2.135261992475708664e-02 1.278636866000959771e-01 3.981814219216208706e-01 1.882333502942588332e-01 -2.347015301792262226e-02 1.226504516112575521e-01 -9.476598666954939854e-02 -3.627040174944025364e-02 2.145154304243344634e-01 -4.162856822565938475e-04 1.439089458652064724e-01 5.861870692948527306e-02 6.549884044519320714e-01 7.190487802332444778e-01 4.251117695442714894e-01 2.727365030142814284e-01 3.992664433135635349e-01 3.316884074093865986e-01 4.333206317543703556e-01 3.821367372796021233e-01 4.963956354931171044e-01 2.685972676137838300e-01 -3.409938775109117026e-02 -4.180519703675038001e-01 6.453489826388941752e-02 3.563332212083935024e-01 3.508731038791917944e-01 4.057409839525878970e-01 2.585129137478134886e-01 2.843096136692776499e-01 2.091348767302176059e-01 -2.005911059262883989e-02 1.456441781298668248e-01 2.417577152150497677e-01 -7.372267661095205371e-02 -5.252547991341505879e-02 -1.267058643937799267e-01 -3.934638238533680332e-01 -2.828825017489238758e-01 -2.018132680625888131e-01 -2.030408148288689318e-01 2.959999614388832412e-01 -1.706803596842414450e-01 -7.905429497144460249e-02 1.903827115179727580e-01 1.938555609112959516e-03 -1.243653010980712015e-01 -2.039188292284601911e-01
-2.000000000000000000e+00 -1.826221481195798302e-01 -5.353543849629568419e-01 -3.454370469136817945e-02 3.641129131140065645e-01 2.636367622250934684e-01 1.372763504879594421e-01 -1.774167868797207892e-01 -6.667036834707751325e-02 -2.959404905980700384e-02 3.603935889173776053e-02 4.600753560753274851e-02 -8.704430415205750837e-03 5.094652716898964012e-02 1.549536479686456081e-01 6.885052872944159574e-01 7.774950700276788140e-01 6.523295020618501416e-01 4.792031745396093667e-01 5.622078465536297642e-01 4.099183727970584501e-01 4.136688841100447656e-01 5.012237845006878301e-01 6.229120694465323238e-01 4.131790812782001332e-01 8.119950299111108882e-02 -2.088687226238037653e-01 1.731826835699091793e-01 3.763607057580232729e-01 3.682337948049352883e-01 4.033049382422710938e-01 3.005576984681342378e-01 3.353465224816568613e-01 2.056666773478213750e-01 4.923897052401999402e-02 1.187977030969050163e-01 2.895625481103406562e-01 -9.418399383499451161e-02 -2.118572334379887623e-01 -3.397143549255392525e-01 -3.654497128716238663e-01 -3.469001167091056992e-01 -1.369804720466999415e-01 1.007541852715718861e-01 1.010629056304921669e-01 -2.062876246234955080e-01 4.888538924382412887e-02 1.576887094924897814e-01 2.337573665881450824e-01 6.228791684504988990e-02 -1.794394538543155337e-01
-1.000000000000000000e+00 -4.414158778521985044e-02 -3.743209091810220657e-01 -7.596562971059828140e-02 4.410529264464885246e-01 1.970242766874124030e-01 6.406327150811785831e-02 -2.137203181233514604e-01 -2.982764914739699513e-03 2.637390603031528613e-01 1.691341687340519317e-01 1.173542225797307853e-01 1.715034768786541652e-01 2.065229776158686581e-01 2.431078008002348079e-01 6.582940708961005916e-01 7.983021668807019910e-01 6.902244466099635156e-01 5.563527383033276541e-01 6.269516666111990544e-01 5.446290533575210979e-01 5.008600306630758281e-01 5.897547067825567035e-01 7.044390688197488259e-01 4.957135470063346316e-01 3.195369592386422264e-01 2.353610986974784269e-02 3.013650673005001668e-01 5.414125146400189381e-01 5.752934228585360188e-01 5.985452642513788835e-01 4.276193063797281702e-01 4.497586835062269417e-01 4.396360499389208032e-01 2.297229012713513097e-01 2.280169601825612624e-01 4.218955723863558882e-01 -4.980292046966316999e-02 -2.917303196929772469e-01 -1.442001580526107163e-01 -3.343327001637644846e-01 -2.842192494672662884e-01 -2.342047676013717106e-01 8.619846641180312075e-02 1.488877469588546776e-02 -3.392323925014605890e-01 -1.038861723685769040e-01 4.735689644268858967e-02 6.834960949929060059e-02 -4.438394891434349621e-02 -2.935854949128036684e-01
0.000000000000000000e+00 -4.997573500062437585e-02 -1.215742728551068852e-01 -1.208138821240171135e-01 3.114126612799039129e-01 1.477513817957874787e-01 1.282998536828077601e-02 -1.465352220100138436e-01 5.674142552322726518e-02 4.064875007582538502e-01 3.801342981780881924e-01 4.593923046110871822e-03 1.529511802372033602e-01 2.556252171943689255e-01 3.143283456567224632e-01 5.925499433223488932e-01 6.772231578695914189e-01 6.094061598322759732e-01 5.361321158387014618e-01 5.629035596263659569e-01 5.890757431293308644e-01 6.568967219422285897e-01 6.758226075059190485e-01 7.651603736029443104e-01 6.901841292499713010e-01 4.930483070085403541e-01 2.498058657023405349e-01 5.422655972927333812e-01 7.113668688264935813e-01 7.629079913047377426e-01 7.243605157130295069e-01 6.080736372332756767e-01 6.366307850319772310e-01 4.703770745433885625e-01 3.904547330563311047e-01 3.511784776629648386e-01 4.720278755041239505e-01 1.664301511555612567e-01 -2.480722204987839685e-01 -1.286524025161728535e-01 -1.961495711247690510e-01 -1.285345926586597687e-01 -8.366215590140949065e-02 -1.031319242903091238e-01 1.770163902072624529e-01 -1.691717079154459458e-01 9.298404033347718034e-02 8.863781757890767943e-02 2.190216493396190955e-01 1.935673985401490105e-01 -6.465332717067608093e-02
1.000000000000000000e+00 -2.852624768771610531e-01 -1.726972606438709756e-01 1.647807812790203774e-01 3.277083332006947014e-01 1.430925271167529933e-01 1.130128885855890136e-01 -1.552174348257918113e-01 1.236824688100057745e-01 2.393890850920766256e-01 3.721012387720062931e-01 8.285684294625249302e-02 -1.143075986255923104e-02 1.495188868598863047e-02 3.359234420606291849e-01 6.015504453495010839e-01 6.697977512767774311e-01 5.553988408958507872e-01 5.272779031527671245e-01 7.483219311517190775e-01 7.357029628659773612e-01 6.429451076855682290e-01 7.063395989296301636e-01 8.083045255935946694e-01 6.780362101528033536e-01 6.538383365575646256e-01 3.676557754398563915e-01 6.002481924762330667e-01 8.020096187265626231e-01 8.100173801096975934e-01 7.991389384309037780e-01 6.383690766769692937e-01 6.253858483805200263e-01 6.000304517802893534e-01 3.517354581266463609e-01 5.300971782171979285e-01 4.757054841640496190e-01 2.573642682419050587e-01 -2.265644507216321157e-01 -1.430391285419257974e-02 -1.310496975304823730e-01 6.668587625765201587e-02 1.748580098020435514e-01 -2.184233393358716024e-01 2.639286568257043775e-01 3.351148923878234653e-02 2.222284878844509315e-01 1.280687450773968228e-01 2.164132932695172484e-01 2.676851207945824540e-01 6.885300649186727739e-02
2.000000000000000000e+00 -7.850481311257293676e-03 -2.248406213383121188e-01 -3.949807353847308022e-02 1.578457155506647891e-01 1.041358682717402756e-01 9.191566483696912704e-02 6.891732224034259613e-02 3.749584604346828942e-01 2.221275365778072608e-01 5.096762256428444271e-01 7.727870454584982729e-02 1.048300568021862111e-01 1.439688203082782891e-01 1.368800863204183427e-01 5.237080591035725430e-01 5.872872374039607157e-01 4.166197060714631473e-01 3.375783563703420032e-01 6.977533661966205392e-01 7.319737931601875136e-01 5.798960116487523742e-01 6.597660726441012535e-01 8.311342531305010439e-01 8.183567443346081438e-01 7.152035054897938338e-01 4.349158393458053551e-01 6.395817036676745282e-01 8.815070450611968145e-01 8.368597200718044249e-01 8.932742690171421307e-01 8.291373098343868264e-01 8.103828460199052897e-01 6.442660531734090146e-01 2.149046006601164072e-01 4.800330351120701833e-01 5.006310708044738877e-01 8.171071743391664088e-02 -3.139605370323636513e-01 4.762414052017101274e-02 -1.206202315294462452e-01 -3.366499396669120348e-02 -1.356522557387879191e-01 -1.924761885850518883e-01 4.102446954557366077e-01 -1.115393410174001648e-03 1.633653936991984745e-01 -7.190767014173399252e-03 3.035445116266046184e-01 2.934919154649353601e-01 1.567069039128995145e-01
3.000000000000000000e+00 -8.726374816126319933e-02 -4.986933222721486314e-01 -7.459682605022058266e-02 1.202365196662230351e-01 5.553769901453570190e-02 1.849261691718633027e-02 1.936112684396736894e-01 2.598850528304652574e-01 2.193991639774880431e-01 2.593340001660575100e-01 -1.055451299838196105e-01 -1.425262255212011997e-01 -1.077010515962967818e-01 -1.507741989064846355e-01 3.224851561972660874e-01 4.156434259838492351e-01 3.376178889266029937e-01 2.119544657151529732e-01 4.148819762747080198e-01 4.224979070026733674e-01 3.798235968402330909e-01 4.096782713666988207e-01 7.115155226556517665e-01 8.729768751773250290e-01 6.896971427700071544e-01 3.433614674393754562e-01 6.819268076360947006e-01 8.618295885552259561e-01 6.963234507456093070e-01 7.773277372093543303e-01 7.554237234975325066e-01 6.084648188627070908e-01 3.660798502384305930e-01 6.005998676975956435e-02 1.924608956273405613e-01 1.153350056158448378e-01 -1.916454164363995682e-01 -4.306191043412320174e-01 -3.198017811495923457e-03 -3.884708330134656329e-01 -3.911736517175988248e-01 -2.254651521188648922e-01 -3.857299912267747044e-01 2.830870697531439606e-01 -3.528355929831129834e-02 -1.455700409941776408e-01 -1.038464576289833130e-01 -6.228073372705713456e-02 4.721401789072943861e-02 -1.563437460713784366e-01
4.000000000000000000e+00 -4.493626521726323125e-02 -4.699946719832079345e-01 -6.306814243349004312e-02 2.428351094633793839e-01 1.517601523021094856e-02 -5.055837677975435346e-02 -3.106377717209274705e-02 2.353771714721253350e-02 7.168400416237989681e-02 1.499560851882313084e-01 5.683980985853880064e-02 -2.032671893207230185e-01 -3.413790818472368649e-01 -2.130677687940786269e-01 2.935436817041884305e-01 2.723688583365204696e-01 5.071718807856561151e-01 2.463374977966670265e-01 2.824937353637996251e-01 2.313901558497815925e-01 1.026735361210023151e-01 2.178560906784798579e-01 6.105288326728607329e-01 7.238608555700287717e-01 5.380456827628912198e-01 1.782799200081121305e-01 4.393945718653610721e-01 5.661828211603280314e-01 4.362887808847692450e-01 5.943895199771739302e-01 5.355244139253764191e-01 3.894720568358764901e-01 3.184347402587250908e-01 5.959917997001559775e-03 3.683041619586252535e-02 1.454668061305311177e-01 -3.975915009009848844e-01 -5.801862007813278765e-01 -3.913215097585455160e-01 -3.268376555425802632e-01 -4.343188515416685491e-01 -3.961690301371560974e-01 1.683719570478759697e-01 -8.522551749224546724e-02 -3.167636478798560584e-01 -1.168002530080917978e-01 -2.588050020174509913e-01 1.985262401746499261e-01 2.129043650217266603e-01 -2.303315038486609123e-01
5.000000000000000000e+00 2.067518257248027735e-01 -5.874127441260309501e-01 -2.304852166352467646e-01 2.804317949725061987e-01 -2.077807058117641659e-01 -2.195432658054528585e-01 1.110069692148723253e-01 2.198741569934453965e-01 3.779290565823476555e-01 3.829613215776486168e-01 -2.313286109325787820e-02 2.879884057035709821e-01 1.688707656485745334e-02 5.449375098130990192e-02 2.874955527158917779e-01 2.943505683585846411e-01 4.573164529027581859e-01 3.976442059359291403e-01 1.453061533931608307e-01 1.500714254628512101e-01 3.235983082293549806e-01 2.337303477501425364e-01 5.615748739846251336e-01 7.199399384432867421e-01 6.085279949424702295e-01 3.384590220351593182e-01 5.733234506822930676e-01 6.060157110388489921e-01 6.074386694140927467e-01 6.180847952983534732e-01 6.303538917052269319e-01 4.435667100891341752e-01 1.678331417423958027e-01 1.901387553266881136e-01 2.478914145387836609e-01 3.639874756616376383e-01 -5.654939024191877467e-02 -3.603927385986493426e-01 -1.397290001970855622e-01 -9.517460983727635271e-02 -2.967758495391598084e-01 -3.436636262868664193e-01 1.754171326119119412e-02 -1.727862815412363195e-01 -5.022155873350493405e-01 -2.233177031288363090e-01 -2.074271200181722064e-01 1.978441570053487419e-01 2.560165493660185310e-01 -1.559096324010634249e-01
6.000000000000000000e+00 -1.708708551275645582e-01 -3.031139851337609770e-01 -2.430907675739886198e-01 4.921290409217195516e-01 -8.883187090995182944e-02 -4.573311096026949629e-02 -6.430774376339983001e-02 6.793291739154076747e-02 4.949919015376188502e-01 4.315568701398235785e-01 4.361062722830064131e-02 4.356219971994387263e-01 1.193906028437506650e-01 3.637590907102836724e-01 3.721838595260074101e-01 3.442781014215813284e-01 5.245326078523870894e-01 5.448973673704982090e-01 2.218826634217784255e-01 2.420436499502947592e-01 3.581680155784746078e-01 3.951888123258293639e-01 5.667081417837646073e-01 5.400536163263554013e-01 5.975927600271664364e-01 4.136535581689751995e-01 6.112863247924504861e-01 4.555913522378135516e-01 5.708927059055084463e-01 4.978626587666395986e-01 3.987465076313566614e-01 1.885135136084329921e-01 1.471459002946282901e-01 4.087620587007325668e-01 4.496321248262854509e-01 4.099254533478315921e-01 1.341162016800122592e-01 -3.588131087826262888e-01 -1.449520976807576467e-01 1.162263735277091758e-01 -7.100433147386099597e-02 -2.081640920407161477e-01 -1.719747572562380367e-01 5.585934601789965814e-02 -3.717411320621090698e-01 -4.608817629283287753e-02 -2.078614502946642961e-01 2.273681310463470107e-01 4.209074997967182652e-01 7.191567712094759299e-03
7.000000000000000000e+00 6.039078222081321196e-02 6.832328749314775518e-03 1.204560755471631439e-01 9.225827105876248380e-02 -1.794916427945191240e-01 2.270365100349406584e-01 -5.844873737240932621e-02 1.995317903900392653e-01 4.950093000140510791e-01 5.040889534974272168e-01 1.184324353996960288e-01 6.690304844242306315e-01 2.230715175398760297e-01 3.476472083773522459e-01 2.954259012584387056e-01 3.605575964565905234e-01 3.606242272025177442e-01 6.710093425719613203e-01 3.393647828513035036e-01 3.524777722791015977e-01 5.155698255106838657e-01 4.371490484307086755e-01 5.282114855544522980e-01 3.195604555093996546e-01 5.646641847499107580e-01 5.011773864316866334e-01 5.099090343105042722e-01 3.768971491100795435e-01 5.790155227192699261e-01 5.222012836774425626e-01 4.145465130172195645e-01 3.076814011789368863e-01 3.497586992342179846e-01 4.593409975585326932e-01 6.857520774462457780e-01 5.300520275381380708e-01 2.526949442839868110e-01 9.713336845382132545e-02 1.254597325115199558e-01 2.313336030204111715e-01 2.538377579016268260e-01 7.738725055154098420e-02 -3.013001432345694397e-01 3.341927848111719834e-01 -3.161199932204719620e-01 1.538855066985661546e-01 -6.002647675231175678e-02 4.583171899299837149e-01 4.926616942709884928e-01 4.267464622222351678e-01
8.000000000000000000e+00 5.233489441206140569e-02 2.389321357580466709e-01 -1.519473002528397010e-01 -1.203514892652763346e-01 -2.465514482808048580e-01 1.152506436554056046e-01 3.385043665336709973e-01 5.274801462694375109e-01 5.791425445441730213e-01 5.113064157745930149e-01 1.996078400433243527e-01 5.918358392942308921e-01 3.982764266855450264e-01 3.944500266099686958e-01 4.469396361021090724e-01 5.082597956151095886e-01 5.888408371606018016e-02 4.950749870914530337e-01 3.087823502165233380e-01 4.730698647074826901e-01 5.945006027232292434e-01 4.937801968369170957e-01 4.348265074584354295e-01 2.629877547763030954e-01 4.291853420458669466e-01 6.024711338409467487e-01 5.600896664326584506e-01 4.207450725932138091e-01 4.745165313455427247e-01 4.845471367238004534e-01 4.831234881257654434e-01 3.564297562906583172e-01 3.378304492117988889e-01 4.382133748539368545e-01 7.990729197627021163e-01 5.179291774866556786e-01 3.649466760468149107e-01 2.742125192139212020e-01 5.877672541800404993e-01 3.308108358396877891e-01 2.215154755975418666e-01 -3.246045600948710419e-02 -6.262544731586259239e-01 5.627380575320753975e-01 2.901832535144004410e-01 5.858440203306684024e-01 1.353693128357904008e-01 5.121458134343387369e-01 4.776063162820443631e-01 4.961740669046136865e-01
9.000000000000000000e+00 -8.147871860369379493e-02 1.630450893853760408e-01 1.583426458929189373e-02 -3.381300728349317941e-01 -3.853986672856863360e-01 1.707709267701515432e-03 -5.761523841462054540e-02 4.719741444996145008e-01 1.421522601378736039e-01 2.094529835664735162e-02 3.465302774193263491e-01 1.527170308726441550e-01 -9.154430399646173999e-02 -2.389542916949652096e-01 1.899511563766709266e-01 3.012235274849001665e-01 -6.392549523245977250e-02 3.343308267536053702e-01 2.514835205412756514e-01 1.687622228936460911e-01 1.472913881875999309e-02 7.010535518906724217e-02 2.049310713303422737e-01 -8.680789176238112859e-02 -6.012697202725186818e-02 8.743925309201884544e-02 1.216286125486798486e-01 9.048491627078414368e-02 -4.192852466236490772e-02 1.502225630031694403e-01 7.373172251052825810e-02 -7.346241609852698085e-02 -5.687963548193433055e-02 -1.841034025167828103e-01 1.529194045575346661e-01 -2.159880441548027996e-01 -2.006810640480449770e-01 8.188424391783266643e-02 9.882721618200444869e-02 -3.272821298412668112e-01 -4.628346370081030114e-01 -1.971823474729039183e-01 -6.304892810672453329e-01 1.168467070821901099e-01 4.814330785418708958e-01 8.706374859627841190e-02 -4.165287151743242711e-01 4.428644576315015485e-03 -1.365671062883834219e-01 -3.379775456773190245e-03
1.000000000000000000e+01 2.464104616455969066e-01 1.626671026489618366e-01 2.573066507539030212e-01 -5.171089156838470924e-01 -5.952508077417770771e-01 -3.384882017675379107e-01 -2.775727769922238242e-01 1.818994730339306698e-01 1.916038827089854013e-02 -5.524152015897232371e-03 4.568792569003693460e-01 -8.532025277259100426e-02 -1.499020900222568231e-01 -4.020732020320465505e-01 -1.259792506156578451e-01 -4.617066818991957811e-02 -4.569523634424649816e-01 2.230105373169596894e-02 3.181292601776077034e-02 -6.871071886770754866e-02 -9.614219091496518932e-02 -3.826965322696951888e-01 -2.329551725159511866e-01 -1.602231811370960213e-01 -2.336832236113705052e-01 -1.076528325601533997e-01 -1.292278635550506705e-01 -1.122442866707291931e-01 -3.351569666655165314e-01 -3.498030185724413516e-02 3.030823533546125881e-02 2.473241445670744942e-01 1.379083951175006928e-01 -4.171009345238883004e-01 -2.706367922465513498e-01 -3.586396161093717838e-01 -3.022130202508718777e-01 2.835573178254485183e-01 2.509605871087351447e-01 -3.468288109538520958e-01 -4.997440917029312146e-01 -4.525315996421899190e-01 -1.398226086953770486e-01 -1.806552129428209419e-01 3.419002186869590232e-01 1.219895380581993982e-01 -1.027435202394214042e-02 -1.350362498262168143e-01 -4.339577523811591897e-01 -2.917437128609352004e-01
1.100000000000000000e+01 -3.517624686665993816e-01 -1.440339812472339331e-01 2.200487053473207943e-01 1.378180514258799116e-01 -3.120228630170470696e-01 -6.728124508611693644e-01 -2.365653996611508658e-01 -2.064704107232642194e-01 -2.899112896428244768e-01 -1.798447123003623915e-01 3.242404033851397083e-01 -2.485518031009536777e-01 1.429508237067737553e-01 5.487503904166965429e-02 -4.709929554087322751e-02 -2.326082381413241695e-01 -4.933800494565930284e-01 -3.267223586639444455e-01 -3.609512136283950512e-01 -2.942333158741367583e-01 -4.493500450179341854e-01 -6.312825233848208262e-01 -3.437901659714593938e-01 -1.608544152866451526e-01 -2.102224745792296845e-01 -1.578709237949549593e-01 -9.173638138603193437e-02 -1.075015638099263982e-01 -3.633520436189002778e-01 -1.325047816104722442e-01 -3.910007264058347476e-02 -3.274455038246144867e-03 -9.940031735292520487e-02 -2.056365211705265539e-01 -2.201868032749930149e-01 -4.716733600731362608e-01 -1.801210864678097767e-01 3.171846165738780726e-02 1.556126078255970491e-01 -2.679160936916623603e-01 -4.171468801201818066e-01 -2.088037047621382203e-01 -9.264067087323807001e-03 -4.930120228460803666e-01 3.120253056514791790e-01 -2.760277596440876557e-01 -5.861624151856711928e-02 -6.113165927716643910e-01 -6.202024098471656810e-01 -5.639036960896488537e-01
1.200000000000000000e+01 -4.998976089715922999e-02 -3.391654539752753661e-01 4.424136553492579171e-01 2.323818305002568751e-01 3.799836458305874687e-02 -4.498168594694224032e-01 -3.856673131931014908e-01 -6.661836737324723368e-01 -4.709190378657171494e-01 -5.005201661186037265e-02 6.377695864363872036e-02 5.375685649304678265e-02 2.943036106043399602e-01 4.745342837104827433e-02 -3.251086347160932477e-01 -5.284579544048444433e-01 -2.526385296030611016e-01 -1.723803056021018798e-01 3.985608304283065617e-02 -4.081409298809331454e-01 -4.134535287246843827e-01 -3.621566154142650817e-01 -2.924504697348180859e-01 -1.750523885876693053e-01 -1.842915719609796166e-01 -3.077958905789426325e-01 -3.107622132025811834e-01 -2.466173405791058371e-01 -3.129308763944258498e-01 -1.933069493264456540e-01 -1.858981663837624421e-01 -1.990145710230112053e-01 -5.083624368739612931e-02 -4.654760883147845280e-02 -1.722701025577953460e-01 -1.632936387608306117e-01 1.458192722299968547e-01 2.175044714087532305e-01 8.244038242306073183e-02 1.549721581176191354e-01 1.037270625681039338e-01 3.977686224230596590e-01 6.403805352161903164e-01 -5.105584818556619942e-01 -1.593570063128954828e-01 -3.811079903868408447e-01 1.312969132869288291e-01 -3.360723311649537748e-01 -2.492471735851976844e-01 1.674467334508334543e-02
1.300000000000000000e+01 2.407721562760486156e-01 -2.607161757757264428e-02 -2.136967710740815818e-01 3.747036478583085639e-01 4.865566842527979108e-01 2.280271473545316674e-01 4.190039093613520671e-01 -2.376962461875500865e-01 -2.043475299088577668e-01 1.981711286809566541e-01 -2.245956181834306009e-01 3.373603088131201244e-01 7.922842662144046200e-01 6.203732377143683641e-01 3.670230315829325213e-02 -1.380379183469384874e-01 -1.091136054551718609e-01 -1.664358825008097620e-01 1.882223298120549726e-01 -4.052371465865249600e-02 3.472218355879507640e-02 1.349168605430285106e-01 -1.644272727265947143e-01 -8.158233348180995992e-02 -6.032183441615478203e-02 -1.124814758326753289e-01 -2.696813522983956823e-01 -1.538855706533518997e-01 -3.457029826734297345e-02 -1.498094079463289374e-01 -1.795772037589189740e-01 -3.929123723141197261e-02 5.695298034774109314e-02 4.867344160711150058e-01 1.057331813876401932e-01 1.429996236921306507e-01 5.578538510983885867e-01 2.331933303726153317e-01 2.603635380543304900e-01 4.049175666138385976e-01 7.563886136529247572e-01 2.514181595710909822e-01 5.216123220846020647e-01 2.446869903006418656e-01 -3.880174008767461324e-01 -1.131105776507320276e-01 5.598684841726777606e-01 -1.125820803140979293e-01 1.813972879394678758e-02 2.561732585285340091e-01
1.400000000000000000e+01 -2.977972734782363129e-01 -3.178033856284049330e-01 -8.775406707091779057e-02 2.340938889383181454e-01 6.787809794085496451e-01 3.944929899367563553e-01 3.629570122127885878e-01 -2.020622739630900944e-01 -3.720352014957946651e-01 -4.933744414785035670e-01 -5.166280068891556665e-01 -3.616002739878147743e-02 6.367141138654335009e-02 3.286596211315713501e-02 5.749867156622986281e-02 7.784924984703456285e-02 2.367367040417343582e-01 -2.926057228298959423e-01 7.187968757042909052e-02 -7.870991693528697070e-04 -1.257316742989429137e-01 2.653231347316427624e-01 -8.691564373259236254e-02 -1.971224954469466273e-01 -2.064806639300900415e-01 -3.438472289172702645e-01 -3.112621011732107923e-01 -1.236389028036849191e-01 -5.646772072609183846e-03 -3.201991033973881629e-01 -3.817581561836989046e-01 -4.912103212031175836e-01 -4.835410076178476291e-01 -5.864162359704410549e-02 -1.469083244982800074e-01 1.808187464956453328e-01 2.800967513102494144e-01 3.684575541122371459e-04 -1.077170225184838903e-01 2.967319604789179777e-01 5.666201172863527535e-01 3.426293834703820762e-01 8.774522934727310708e-02 2.401446378153620220e-01 -9.159812506493958395e-02 -2.980559250771800395e-01 1.770105836854930503e-01 8.990228963660180581e-04 1.336791815103949982e-02 3.117645231563075381e-01
1.500000000000000000e+01 1.668198150102662702e-01 2.504945292038939786e-01 -4.243796440729400987e-01 -3.987816897957526807e-01 5.204646555408795061e-01 7.483804433411311852e-01 2.910571733724013899e-01 -1.776910872356540771e-01 -1.452859452805815577e-01 -3.063284126207589386e-01 -5.249108837822722418e-01 -5.600209121020842673e-01 -5.628362487197160480e-01 -2.530499537572413749e-01 -5.783071328760305309e-03 2.848059537360809745e-01 5.690928569424625882e-01 -2.862779754118407460e-01 4.673241922237403312e-02 4.612970442085122247e-02 1.314224750456509105e-01 3.163526364456418216e-01 1.048328255302558021e-02 -8.247294425584841826e-02 -2.815226347571687104e-01 -4.347914608474678921e-01 -3.733401955957700302e-01 -2.194995439780619839e-01 5.814420890389854213e-02 -3.398759795260142824e-01 -3.525516311631505806e-01 -2.042177209411800698e-01 -9.970798226031930833e-02 -2.284333456296970266e-01 -4.018666647837337291e-01 6.765843963583760556e-02 -3.278038231355942522e-02 -2.343338527123529635e-01 -5.966963112613261622e-01 -2.651759469734104036e-01 2.500209868414774439e-01 2.645307681405725808e-01 1.549673381551464335e-01 5.316893790820986787e-01 -8.069076122499066472e-02 1.484379780008771577e-01 1.867202724062892449e-01 2.195515784187316577e-01 2.278752279593822816e-01 1.434214610346511987e-01
