# extraction with python 
#  import numpy as np 
#  data = np.loadtxt(velodelaymap_Cont5100_HGamma_ICCF.txt) 
#  timeHist = data[1:,0] 
#  velocityBoundaries = data[0,1:] 
#  velocityDelayMap = data[1:,1:]
0.000000000000000000e+00 -1.000000000000000000e+04 -9.600000000000000000e+03 -9.200000000000000000e+03 -8.800000000000000000e+03 -8.400000000000000000e+03 -8.000000000000000000e+03 -7.600000000000000000e+03 -7.200000000000000000e+03 -6.800000000000000000e+03 -6.400000000000000000e+03 -6.000000000000000000e+03 -5.600000000000000000e+03 -5.200000000000000000e+03 -4.800000000000000000e+03 -4.400000000000000000e+03 -4.000000000000000000e+03 -3.600000000000000000e+03 -3.200000000000000000e+03 -2.800000000000000000e+03 -2.400000000000000000e+03 -2.000000000000000000e+03 -1.600000000000000000e+03 -1.200000000000000000e+03 -8.000000000000000000e+02 -4.000000000000000000e+02 0.000000000000000000e+00 4.000000000000000000e+02 8.000000000000000000e+02 1.200000000000000000e+03 1.600000000000000000e+03 2.000000000000000000e+03 2.400000000000000000e+03 2.800000000000000000e+03 3.200000000000000000e+03 3.600000000000000000e+03 4.000000000000000000e+03 4.400000000000000000e+03 4.800000000000000000e+03 5.200000000000000000e+03 5.600000000000000000e+03 6.000000000000000000e+03 6.400000000000000000e+03 6.800000000000000000e+03 7.200000000000000000e+03 7.600000000000000000e+03 8.000000000000000000e+03 8.400000000000000000e+03 8.800000000000000000e+03 9.200000000000000000e+03 9.600000000000000000e+03
-1.000000000000000000e+01 2.073644347639998220e-02 4.678239251398074727e-01 3.038612872455068170e-01 -5.628889301153772173e-01 -1.825078301250451229e-01 -2.779319372430492652e-01 -7.810550770688485800e-01 -4.994785327215032211e-01 -4.479589783613965315e-01 -2.890500574835060954e-01 1.614617766277683941e-01 -3.524339581422435419e-01 -3.181804469416245618e-01 -2.452469281544409907e-01 -4.899032439331836575e-02 2.912318629451373098e-01 -5.381945760822030023e-01 -2.794098629451571281e-01 -6.968245376280272907e-02 -3.343382561404751874e-01 -1.724788209492835456e-01 -1.754376663926065505e-01 -4.293626891106021581e-01 -2.088023238535626491e-01 -1.006258514878427823e-01 2.759111796665515703e-02 2.176200215102922220e-01 -1.143077357267402727e-01 -2.305588507007653720e-01 9.360943917617374488e-02 5.165744460015692097e-02 -9.152582906972295262e-03 1.077252736050405280e-01 3.616573217661135931e-01 4.123263713792359453e-01 5.635572643159150741e-02 2.136038719979958533e-01 1.587291086977146992e-01 1.554333021281405491e-01 -3.471520445003435928e-01 -3.800531573713714084e-01 -1.683881798182884637e-01 2.130524804373887249e-02 2.914699285121100103e-01 -7.312754945358948544e-04 -1.055562800296733217e-02 -1.061018664088779068e-01 -2.844116423086570644e-01 -4.218735458640663349e-01 -3.664214322118704015e-01
-9.000000000000000000e+00 -4.952556964111858723e-02 1.530775689630203829e-01 4.375265742808389091e-01 -3.175466768848498877e-01 -1.062520990354116485e-01 -4.096365044439123082e-01 -7.764652965244071003e-01 -3.972180024549178401e-01 -5.552241307541387894e-01 -4.331199688859986852e-01 2.576274463512482349e-01 -2.530786306556283005e-01 -1.633317741984237625e-01 -2.314210064246001175e-01 9.897286911145020127e-02 4.057916653563348186e-01 -5.727645564278253110e-01 -1.826439569983260847e-01 -2.227242170551269052e-02 -1.807195305910171967e-01 -1.710807999183107664e-01 -1.773458067289948592e-01 -5.011038178295967871e-01 -3.105764023499809068e-01 -2.205624980849333894e-01 -8.624285776389588321e-02 1.461542713504578872e-01 -1.274862511085092520e-01 -3.656899976851326617e-01 5.956530756394241150e-02 7.681596807181539921e-02 1.100631895207939553e-01 7.155742810988871550e-02 2.043201163216576133e-01 4.168674109019855356e-01 1.501282912533746239e-01 8.978584558501986890e-02 4.195076955158023591e-01 3.766900271656866694e-01 -1.458916273320030321e-01 -3.325359609652950854e-01 -2.512229793165776104e-01 2.006260007415118160e-02 2.240071944689467354e-01 8.912727552433707956e-02 4.407239185074554588e-02 1.166737918885258074e-01 -1.457721335855465816e-01 -4.825380070076878969e-01 -3.503993998576995783e-01
-8.000000000000000000e+00 -1.353612897438005169e-01 2.952351091755767848e-02 2.977530248898657139e-01 -1.832938428173542522e-01 -6.141624861563724225e-02 -2.984240395799132584e-01 -7.442808537630940524e-01 -4.735555955625395663e-01 -5.395291277840879030e-01 -3.884135778660221527e-01 -3.719566937949392305e-03 -2.497092697454170729e-01 -7.465324776571508059e-02 -3.870095834761816400e-02 2.289997597495756487e-01 5.445724625701828803e-01 -2.925521663825144669e-01 -1.677515524218178844e-01 9.241898027703546181e-02 -2.320852864549159122e-01 -1.960570284562912768e-01 -1.787881569210590382e-01 -2.642625972921265332e-01 -2.663395697711764543e-01 -3.437674451417988553e-01 -2.335332297154422421e-01 4.158289915385576796e-02 -1.242671731761927356e-01 -3.217397828369339408e-01 -2.656406980312275151e-02 4.793932658870260488e-02 7.964522017036453072e-02 3.242756855002777716e-02 2.981554105005841948e-01 3.349877261970576336e-01 1.401077165260701807e-01 2.589184003509634735e-01 2.209993794549631740e-01 1.443478804359238643e-01 -3.389113155930411070e-01 -4.398190243648656961e-01 -4.952568146186997478e-02 2.260923549799914167e-01 1.915304048168496032e-01 6.287482105420294509e-02 -1.900489202825426105e-01 6.732808640783671805e-02 -4.656145451960121973e-01 -6.632082463624532354e-01 -3.699717804698751666e-01
-7.000000000000000000e+00 9.235791856257266619e-03 1.326625349365229412e-01 2.852380532281155179e-01 -1.274700123438357868e-01 2.009535399654936993e-01 -2.101340556914991220e-01 -6.963882251447811589e-01 -4.038507680987990511e-01 -4.355552480697764128e-01 -1.897908821278044278e-01 2.992068610307948573e-01 -2.191472289144453245e-01 5.293687654030168610e-03 -1.653729031581357978e-02 3.212112445265984384e-01 6.159675214780651054e-01 -1.730752256459418548e-01 -4.130442456495778819e-02 2.815711970140480913e-01 -1.014250261174130807e-01 -4.190969088965912359e-02 7.560939186231624420e-02 -1.121727258279001521e-01 -2.165058658624630650e-01 -2.632755474394338213e-01 -3.656505345895302295e-01 -8.439447930697163702e-02 -8.641302531962717637e-02 -1.726269380391292629e-01 1.176006452207586372e-01 -2.805389899231326700e-02 1.157668551135521001e-01 2.375652598413454941e-01 2.762346728505636340e-01 2.960206884042709818e-01 2.565881869440500562e-01 2.408229969032003592e-01 1.837383030490957470e-01 1.240245251707321889e-01 -2.788134037509836238e-01 -2.518827842957067076e-01 -1.092617051666463918e-01 2.990123002009104636e-01 1.939013126306558532e-01 -1.893487805592487527e-01 -1.920417933504440233e-01 6.756396769287947857e-02 -4.176084281306415846e-01 -5.323985128152933788e-01 -4.181825220727710679e-01
-6.000000000000000000e+00 -5.312407844362754261e-02 -3.127306650084610284e-02 2.748444612507630613e-01 2.913205353277367390e-02 3.206000516485673635e-01 -2.808402444961088928e-02 -4.937197980609907555e-01 -3.103827884934798886e-01 -4.735577223931611845e-01 -1.725847266493350796e-01 6.967194461671516459e-02 -1.408059665007434236e-01 1.020303582257020281e-01 1.913878221449103745e-01 3.962212123863442792e-01 6.369178406243581891e-01 3.027705623367960008e-02 6.389565275817249423e-02 3.432780582058918561e-01 1.120173333447038455e-01 1.960879803960432211e-01 1.999959138159679295e-01 2.912772750760925233e-02 -3.026266703445874839e-02 -1.828002214357520860e-01 -2.732951055505760674e-01 -8.614893745641227785e-04 1.310397602955063467e-01 1.377688260914205765e-01 2.445344737997532103e-01 1.598304798655529324e-01 2.544788547449656213e-01 2.220082385286885063e-01 3.796654669714673580e-01 3.910779745915654582e-01 2.694486254283280924e-01 3.991154718096782128e-01 2.791512447051632262e-01 1.390274703865228001e-01 -2.259873730375963063e-01 -5.393275948902598316e-03 8.438160412960321599e-02 1.764177915684616571e-01 3.150261966145095349e-01 -2.870828301735540294e-02 1.318208264511751271e-02 3.683966924996882608e-01 -1.130447471738976750e-01 -3.542196836418424755e-01 -1.940901812238447210e-01
-5.000000000000000000e+00 -1.987685232928938506e-01 -1.912411825427211831e-01 2.124798454781925416e-01 9.145738674149847536e-02 4.145116297131393734e-01 -3.053751050891041763e-03 -4.188137594093451210e-01 -2.840428358316032798e-01 -4.708473434816835557e-01 -2.231453008777030123e-01 3.141812190522335485e-02 -1.412966840560242465e-01 5.017362486267933075e-02 1.125815767622851404e-01 4.935395835233839512e-01 6.729267315831435337e-01 1.981601265419569713e-01 3.815480181280005850e-02 4.454178683245855752e-01 2.687150237852914403e-01 2.389482934781432255e-01 3.734218155745619994e-01 3.100546721032862441e-01 9.823176844893560800e-02 -1.079915717118038743e-01 -3.118113758283327375e-01 7.250673794636389169e-02 2.749929978774746098e-01 2.316264492611071479e-01 2.888133084149037133e-01 1.809260888342704710e-01 2.560429203095371253e-01 2.122968352518973534e-01 1.814812589320872749e-01 3.493977135882479490e-01 3.951658674541831395e-01 3.002282550773364700e-01 6.732502265315321033e-02 4.323132574965807273e-02 -1.888347331061598355e-01 -4.871565661959791765e-02 5.077275312465770463e-02 7.220533516259644569e-02 4.111211064637577683e-01 3.023963827986680952e-02 -6.770848397814811792e-03 2.568180428533195503e-01 -3.978843642321611140e-02 -2.288468498119640426e-01 -8.528790257078699977e-02
-4.000000000000000000e+00 -4.006999954508482648e-02 -2.075875280984829929e-01 1.980917544323060331e-02 -2.214149643514920496e-03 3.539992954493134669e-01 2.856380074418811144e-01 -2.617902805968074786e-01 -1.060226484007471826e-01 -3.214761128081036756e-01 2.105849018439708009e-02 8.311433376182114641e-02 -6.561937984083757169e-02 6.616457041645602832e-02 3.171703650722232370e-02 4.947884618535594581e-01 6.895820645995034415e-01 3.855768368949848424e-01 1.620305691741626974e-01 5.305343866726146551e-01 2.969281025374289618e-01 3.029307309176524909e-01 3.882780728312193452e-01 5.201109503685339419e-01 2.098051930400109955e-01 -9.073692854184971235e-02 -4.140503577195110974e-01 -4.779604820389370123e-02 2.673839257860180507e-01 2.954749934550163770e-01 3.385289921266134705e-01 1.679567369559504808e-01 2.568688846970681450e-01 2.978277257562754743e-01 1.080451472924719714e-01 1.480962355977957223e-01 1.729423330059070285e-01 2.781526008704696129e-02 -1.968656283722794720e-01 -2.173509966339061128e-01 -4.954939379689919376e-01 -2.601867348824770110e-01 -1.281545056222025136e-01 2.392613960774186282e-02 5.029162496108467995e-01 -1.754210557902020073e-01 -1.361134047835719785e-01 9.779194246645618593e-02 -1.144199116666377858e-01 -2.073657939390632643e-01 -1.680772577881108343e-01
-3.000000000000000000e+00 -1.417992649997266985e-02 -4.546115323557373133e-01 4.889179698814414415e-02 1.958396233702046074e-01 4.433279662272251453e-01 1.696513843050647119e-01 -5.094719163600995582e-02 6.209633425464303191e-02 -1.253859549293406261e-01 -2.913620968118902504e-02 2.149071161476343306e-01 -3.776045006022616529e-02 1.188196318217690783e-01 3.007403795319324794e-02 6.148628747241821069e-01 6.908969346806256295e-01 4.414631690074684034e-01 2.903654912131031218e-01 4.119856562281828394e-01 3.531415704554483059e-01 4.193066560079871108e-01 4.030636078037466152e-01 5.177436044510010937e-01 3.248954592576250300e-01 3.848697710476990663e-02 -3.773733174853767802e-01 1.045489565933706705e-01 3.792449852492157936e-01 3.698875521009452605e-01 4.456516886296841284e-01 2.944237831018541307e-01 3.232764761490292127e-01 2.500130442245672158e-01 -1.330429988052324319e-02 1.409840435711190720e-01 2.382797493518330478e-01 -1.429521317792231960e-01 -6.686329759218620494e-02 -1.059615238129758691e-01 -3.617438708931958735e-01 -2.475064794978927840e-01 -1.818381499941737478e-01 -1.659580332209188713e-01 2.866633283412909350e-01 -2.006772681230218902e-01 -6.205712241445560801e-02 2.278581432313775967e-01 3.483242958007415346e-02 -7.480590358134012186e-02 -2.131114839126503901e-01
-2.000000000000000000e+00 -1.438885715612119309e-01 -5.602133145565707517e-01 -8.372459885866204155e-02 4.343335021882176461e-01 3.251867393805358830e-01 1.678115442601113561e-01 -1.662702827269184613e-01 -9.898849953993164863e-02 2.228076891755177702e-02 3.102798132033379730e-02 -6.775316823953869694e-02 5.075583960570105579e-02 1.172253997517617857e-01 1.942859738802464042e-01 6.831272119063547255e-01 7.793904940869831321e-01 7.109815045934618771e-01 4.586824158456693779e-01 5.743604986860305628e-01 4.331806593428332297e-01 4.263203201965701794e-01 5.494047839350852946e-01 6.745573609093382661e-01 4.749990040942692060e-01 1.527841810847781479e-01 -1.260555605901547416e-01 2.284791990382936677e-01 4.359359572182038844e-01 4.420893642906980059e-01 4.635227609815674166e-01 3.576923269641281711e-01 3.496884501570871606e-01 2.457132846295213557e-01 1.661503817544274508e-01 1.587491000081764914e-01 3.559598492604961195e-01 -4.252154840730293373e-02 -2.742052154425952404e-01 -3.448091049955053222e-01 -3.262035725909214756e-01 -3.152846735576430026e-01 -1.324651026428591283e-01 2.058340234004048253e-01 4.054081166978515394e-02 -2.580094841180226028e-01 2.869023136702214538e-02 1.820761821926355495e-01 2.630532858953323339e-01 1.102292382669306375e-01 -1.554702481682485871e-01
-1.000000000000000000e+00 -2.928105917686795248e-02 -3.154227333475363992e-01 -9.210247426568013429e-02 4.327181817603899527e-01 2.583123766608316219e-01 6.819236777989423626e-02 -2.659167378512746205e-01 3.131468598521480740e-03 3.568468862615065129e-01 1.780319163270365490e-01 6.574271194381356431e-02 1.024061319111269630e-01 1.575035506838560195e-01 2.324464741615466790e-01 6.585758379420156849e-01 8.008164949938784138e-01 6.990736954569346517e-01 5.401000198762777593e-01 6.385811208464717836e-01 5.399474753212997191e-01 5.169466424900220902e-01 6.570588749587311650e-01 7.209344187423114558e-01 5.626514672072575607e-01 3.892730967571222944e-01 1.055671608646382570e-01 3.897387541232093522e-01 5.834957246030751943e-01 6.340595986340145096e-01 6.353085690003061892e-01 4.629626558806212433e-01 4.839706282078398702e-01 4.492632905801099419e-01 2.886775300622201890e-01 2.585589004918225076e-01 5.073318856424833267e-01 8.998393533663563357e-03 -3.044492640005104223e-01 -1.277051374426506070e-01 -2.835126426806493516e-01 -2.597491879456517161e-01 -2.259015194842139418e-01 1.051234775217404216e-01 2.631599805676743120e-02 -3.534549044285515973e-01 -9.538030968777461149e-02 1.577331198902991172e-02 1.019060431811705109e-01 -1.048964033874288243e-02 -3.071078868156122410e-01
0.000000000000000000e+00 -1.029021551719658811e-01 -5.787556663233248133e-02 -1.185988707320781987e-01 2.826020738184233938e-01 6.838191506532705077e-02 1.302574141259359164e-02 -2.273142183431880181e-01 -2.967843532378608429e-02 3.872322752163451787e-01 3.363480113671618033e-01 -8.117526256080954961e-03 1.081426890568816801e-01 1.521414514747670976e-01 2.731110565347201202e-01 5.570262773901752951e-01 6.697874049323396806e-01 6.154516426556262410e-01 5.395539490653895598e-01 5.741801522729258478e-01 5.997366981122643770e-01 6.616033273271789694e-01 6.785690038764975451e-01 7.611653829392877046e-01 7.015031153439136302e-01 5.506751504453843982e-01 3.418699722888151049e-01 6.068672791453695314e-01 7.446363979197424543e-01 7.842485524883642256e-01 7.568936531510582766e-01 6.328763545868338891e-01 6.658065307117853049e-01 5.315582349758245506e-01 4.603355166793492437e-01 3.992308878739264100e-01 4.695319006413301577e-01 1.768028332143292691e-01 -2.714857079057761968e-01 -1.418337535124408744e-01 -2.340105632932343305e-01 -1.303287957039400147e-01 -9.923244835484421045e-02 -1.172498882541998522e-01 2.058398615579985769e-01 -1.414417729534504231e-01 1.477690524068834554e-01 7.671211616763445873e-02 2.358886754143194042e-01 1.984830797342450326e-01 -5.813036773855975725e-02
1.000000000000000000e+00 -2.502710358803913460e-01 -1.219251609290706861e-01 2.160618456115012964e-01 2.363238198750830243e-01 1.041661809933752958e-01 -1.586960773113705453e-02 -2.317377783431392169e-01 1.434855146637413759e-01 2.061921999077511725e-01 3.678379365411075241e-01 1.018332939520089908e-01 -7.299444713162507592e-02 -1.563258205464004152e-02 2.629658966453159996e-01 5.586910091841987835e-01 6.717583179940650462e-01 4.499766852110775872e-01 4.372067668955003095e-01 6.738810041601427381e-01 7.296366594317813536e-01 6.283901945399756883e-01 6.614199685802700790e-01 7.928205665684757708e-01 7.242189616296392796e-01 6.997612151907061095e-01 4.375162375224068700e-01 6.916604966997806914e-01 8.581921383331612141e-01 8.479402768907784438e-01 8.574366542321465445e-01 7.402677235148720225e-01 6.995651968924551101e-01 6.280874577183090945e-01 3.373371651887493439e-01 6.091328149719378304e-01 5.233950809565103279e-01 2.497574062252803651e-01 -1.770767859708259895e-01 9.910907709084107453e-02 -6.067826434871238100e-02 4.270331136116656268e-02 1.575405947224960967e-01 -2.867447398209715947e-01 3.267829067976383284e-01 1.285759398239866846e-01 2.679286310058904275e-01 1.065454458567268309e-01 2.350674007871593196e-01 2.607883846387957227e-01 6.417814638422783546e-02
2.000000000000000000e+00 -6.143261734078087760e-02 -1.885192442663619627e-01 1.033275188357505800e-02 7.038201292816892440e-02 3.173543890566010717e-02 6.951293225870458503e-02 -8.137369925980753038e-02 3.144280906005710863e-01 1.713013926082895544e-01 5.116199424348385483e-01 6.554365520315866278e-02 1.696944327852267786e-02 8.023629042261913591e-02 8.119381837256633982e-02 4.509134828619422164e-01 5.630973072728747697e-01 3.282355683701373983e-01 2.802337791935655686e-01 6.854881846406448709e-01 6.670868981748870885e-01 5.214637881448939138e-01 6.133530887552525179e-01 8.281671660500240506e-01 8.207511487864629363e-01 7.301430130801501717e-01 4.777621223467771738e-01 7.116483372090824933e-01 8.702660464545457497e-01 7.842901115503972953e-01 9.046846984363462463e-01 8.401995116580807110e-01 7.843759346446006475e-01 6.408745523896742791e-01 2.666812896204000527e-01 5.055507946256718732e-01 3.958457954669131196e-01 5.105298247369625952e-02 -3.855189967886767932e-01 1.937992856099621242e-02 -2.230077127507896217e-01 -1.690925651880494374e-01 -1.408826575533878300e-01 -2.207433089863479470e-01 4.384766453553536336e-01 -3.953792853818256792e-03 1.461193283998792058e-01 -3.927964057813800730e-02 2.181420319953913389e-01 2.382589887458819167e-01 8.120895376695252965e-02
3.000000000000000000e+00 -2.166319746959362302e-03 -5.083488404168305941e-01 7.734435460769337189e-03 8.080086244175606336e-02 5.861041127492894187e-02 -5.004083859369405640e-02 6.901289915563259270e-02 2.316214604058773885e-01 1.452568507154679278e-01 2.079824371469974065e-01 2.168103895216738630e-03 -7.759980344346356640e-02 -8.136901283513034433e-02 -2.393462684190592327e-01 3.146749757442522943e-01 4.100971991360312097e-01 2.448717696378750197e-01 2.154123055200353187e-01 3.958436918286686312e-01 3.663210012120079462e-01 3.026800296833401793e-01 3.301541436314165967e-01 6.538802393901428367e-01 7.951346530527981793e-01 6.780707969087074183e-01 3.131872884756820574e-01 6.622265327390588485e-01 8.004226393355352576e-01 6.060226320269996858e-01 7.984312402693342081e-01 7.501479325276492194e-01 5.826543643769243053e-01 4.149844034060833908e-01 9.200362924243586649e-02 2.469460872053681477e-01 1.151872475732032414e-01 -2.451929332543900109e-01 -3.495249113635083837e-01 9.495073987778376856e-02 -3.921891338536138139e-01 -4.597415775983639263e-01 -3.457913905718549286e-01 -3.261079526983935439e-01 2.700458673978611279e-01 -1.031531782627428118e-01 -2.256964737518746267e-01 -1.124570831984126329e-01 -9.507869748699743218e-02 -4.393105694370923880e-02 -2.047679178325263749e-01
4.000000000000000000e+00 -5.581479542944182276e-02 -5.902910907639424831e-01 -2.090604754161054166e-02 1.843048430792272874e-01 -9.210079144923974392e-02 -1.284488356047702728e-01 -4.130955681081726477e-02 -6.324374316026043497e-02 1.108567736918052160e-02 8.963921737345953433e-02 -3.232892920022005512e-02 -1.578380130729941655e-01 -2.959001439848121251e-01 -1.413251741961140950e-01 3.537590984322352972e-01 3.148838674175342689e-01 4.538255778346664271e-01 1.945429543110686055e-01 2.123593495090874417e-01 8.925709571062813430e-02 1.020892438075449438e-01 1.248824250079694498e-01 5.141882545461702314e-01 6.767972441351628454e-01 4.502804387731896840e-01 1.096686776815287145e-01 4.038459064168561374e-01 5.087099618368122744e-01 3.570043297188744136e-01 5.043520724106413944e-01 4.913963401852249890e-01 3.255682030353242440e-01 2.025577462477372581e-01 8.025895690399378890e-02 8.265760878342720552e-02 1.895909852444142840e-01 -2.130586904259969550e-01 -5.027790992981806539e-01 -4.264263004013714164e-01 -3.248358864722911132e-01 -4.982518881950701028e-01 -4.223678646688826532e-01 2.895381911215729742e-01 -1.520188167130657186e-01 -3.878533605837466425e-01 -1.752397324665695977e-01 -2.036706828136752023e-01 1.710904739931171648e-01 1.392269787053060925e-01 -2.256069597801448334e-01
5.000000000000000000e+00 1.336303261770931949e-01 -6.122912759489536061e-01 -2.243293574237905652e-01 3.391848584865198579e-01 -2.003272473297669221e-01 -2.716639554001800683e-01 3.274105129601356801e-03 1.092464235762970332e-01 2.334880075028282764e-01 3.299742996660345318e-01 1.357663970822688138e-01 3.615904743593375548e-01 5.141253869481365868e-02 9.536100579119211051e-02 3.874552133510970053e-01 4.113950657506684760e-01 4.815548329615720324e-01 4.571304389952327574e-01 1.859905619324274950e-01 1.004202223311367465e-01 2.598318253003814027e-01 2.279948459880287714e-01 5.392045859391561002e-01 5.939632534582267587e-01 4.792629508293254625e-01 1.584347176280554159e-01 4.135460704363859707e-01 4.738745970664580143e-01 5.014891358902368035e-01 5.134456413791641527e-01 4.724837049707511505e-01 2.899217303836956194e-01 8.952648227822619653e-02 1.667521446926408246e-01 2.746972899783801658e-01 3.765995980930605946e-01 -4.968761385642124495e-02 -3.129742008962890787e-01 -1.498972111227819815e-01 -1.113559352373643674e-01 -3.387838450547729918e-01 -4.656220765708418696e-01 3.412651910531250277e-02 -1.206187647059698692e-01 -5.769553296255424124e-01 -3.014778164645587344e-01 -2.890156571261602858e-01 1.128392354437980361e-01 1.522550747853483322e-01 -2.273105171185376139e-01
6.000000000000000000e+00 -4.059841552256146513e-02 -3.229562560396953552e-01 -2.516188776467180310e-01 4.797818028627879317e-01 -3.300280009140452164e-02 4.790956696905722401e-02 -1.054826816069527468e-01 8.234978818821822588e-02 4.129614391352527947e-01 4.795862330203948254e-01 1.130002975238267177e-01 5.870267127012480657e-01 2.872620796751026995e-01 4.549991972800153661e-01 4.264896302840606723e-01 4.844940186378204894e-01 5.706230249535421128e-01 6.586845363514454155e-01 2.585968262428018360e-01 2.391851106972076590e-01 4.533356139629435844e-01 4.485239535799875332e-01 5.709137474223898723e-01 4.284111845736939816e-01 4.278883182132320884e-01 2.226583099753692285e-01 4.319094384708014323e-01 3.564311051456363622e-01 5.601472038511736695e-01 4.457555646493605028e-01 3.346361420611244641e-01 1.771964165783258272e-01 9.399250766867928153e-02 4.034904685242351463e-01 4.685345703942924156e-01 4.245709834021772489e-01 1.743049050887825746e-01 -1.895713551740915437e-01 -1.240590726171909852e-01 6.745894302247032459e-02 2.935006165041047221e-03 -1.300051632210657560e-01 -1.850210364748674230e-01 1.506740175525832504e-01 -4.543289743355258259e-01 -3.959998361723820332e-02 -8.183075493611090268e-02 2.409856458110929689e-01 3.801266975996179243e-01 1.307141464641906059e-02
7.000000000000000000e+00 -5.569637964257347085e-02 -3.676992301732304180e-02 7.138277099685123861e-02 2.822851736999322236e-01 7.155321584743146168e-02 3.500643444548079963e-01 -6.602813506004123756e-02 2.541689811929187526e-01 5.095535985063635032e-01 4.708242647385439961e-01 1.935612060379861277e-01 7.742497654031700316e-01 4.236039064368647411e-01 5.465973279490035086e-01 4.971977947553838373e-01 5.652419366788521415e-01 4.758222822677322661e-01 7.752006985274551010e-01 4.377562127486753774e-01 5.247231594427924639e-01 6.687606266692898149e-01 6.128692584629974460e-01 5.771906360389957857e-01 2.223254736629091399e-01 4.381306934957227006e-01 3.447312349860208180e-01 4.607101149382291094e-01 3.655196863863516832e-01 6.084632995277532430e-01 5.158931833927509203e-01 3.533481123163819126e-01 2.758038605410546018e-01 3.523749017634137948e-01 4.797068479515632089e-01 7.606662196606761572e-01 6.375650354633292105e-01 3.282094140565863238e-01 1.958550197423813422e-01 2.070638233092650105e-01 2.866696439289002085e-01 3.900308428604924438e-01 2.259443095816263680e-01 -4.331192579146511124e-01 4.573150783764854954e-01 -1.611031524939943171e-01 2.982418161162954107e-01 1.761324083803308405e-01 5.120884004040562321e-01 5.314153980172586778e-01 4.655262578222335579e-01
8.000000000000000000e+00 3.490896848623978310e-02 2.019323686860112765e-01 -1.362589093422481301e-01 -8.724294778433472342e-02 -8.172637568127268104e-02 3.943611481595552526e-01 2.905531683724142944e-01 6.074474243975943599e-01 6.119264020289721939e-01 5.222227003913521015e-01 2.106847644363177563e-01 6.141808576424554467e-01 4.371159657552184385e-01 4.638977178387786449e-01 6.558047772594134406e-01 7.212076965287648189e-01 2.878530091959342063e-01 6.487774237755115081e-01 5.662667116392512412e-01 6.621608058839224542e-01 7.290299743786344822e-01 6.725213227796272841e-01 5.741462656835054634e-01 2.234356388282351946e-01 3.213897749192411446e-01 4.083617520143486557e-01 4.475305496256069548e-01 4.392055265671843678e-01 5.141160481813945582e-01 5.237950930403955097e-01 4.558633123407631604e-01 4.222996624482390771e-01 4.605380957637917883e-01 3.733205296491434177e-01 7.388598239183036265e-01 5.664561667357606023e-01 3.772970300084343420e-01 2.387967471381428897e-01 3.556352660770022989e-01 1.251195483589161439e-01 2.032351221279669884e-01 1.311831045021034092e-01 -5.607726598506461713e-01 6.386113151554788647e-01 3.436462764649979573e-01 6.103930565575100831e-01 1.996241990449374726e-01 5.673576435875706814e-01 4.569133317633599090e-01 5.675343167439683700e-01
9.000000000000000000e+00 -9.891035595088486232e-02 5.171983674278354121e-02 1.306920824120094693e-03 -3.020724329604982938e-01 -3.367006155232798448e-01 2.317886039194912151e-02 1.913105861365264060e-01 6.162225468310612575e-01 2.684932794301383985e-01 1.006744527211400897e-01 4.263215257433533023e-01 7.837676787945990764e-02 -3.658093269266862735e-02 -1.748601921575108631e-01 4.422412310894496823e-01 5.497446377385000194e-01 3.666020855018154584e-02 4.254233054262491764e-01 4.500523259278864652e-01 4.288505985699465062e-01 2.671306091637170033e-01 2.271919357094027148e-01 3.282850264768394366e-01 1.047769935920094819e-01 5.453752305161747860e-02 8.540607911677977615e-02 2.091010593115775751e-01 3.221444731777057813e-01 1.453662086985072766e-01 3.413104980834745228e-01 2.682350783256781668e-01 2.559800014964326298e-01 2.211845074087021579e-01 -2.287144806399724617e-01 1.344308975503979986e-01 -7.455964810001720899e-02 -1.948029616800192043e-01 7.494266353266021419e-02 1.544308836576071819e-01 -4.331253127106759471e-01 -4.832375027097011166e-01 -3.195239129330449401e-01 -7.034906351420211479e-01 2.320869613124221797e-01 5.154704601732177371e-01 1.846992690973385809e-01 -2.470441717492777300e-01 2.686049607080386037e-02 -1.669081401330484160e-01 -4.946270906149737023e-02
1.000000000000000000e+01 -1.978551762055671959e-02 -1.665457948748002015e-01 1.538293972335785520e-01 -2.400358144670724503e-01 -5.431782606136814628e-01 -4.270564149251093733e-01 -1.270819376358614805e-01 2.078603970808476920e-01 -8.362858898831426746e-02 -3.264163910531414636e-03 4.473571332370569476e-01 -2.874626477144880399e-01 -2.471196773859700435e-01 -4.116725005708078977e-01 1.191406627805875335e-01 2.224149900895561749e-01 -2.027044819474685955e-01 6.522455037402646871e-02 1.876707270251426474e-01 1.284679091263396522e-01 -8.817036662391837532e-02 -3.036764999230834317e-01 -1.389956349527561585e-02 8.692077945238183001e-02 -1.260309428465837822e-01 -1.303515348402936591e-01 -2.766458864300760934e-02 1.299011424967793094e-01 -1.697918415581921581e-01 1.312331187014889322e-01 2.260461200822569960e-01 4.153522905157987499e-01 2.113470292497263425e-01 -5.520384511422447016e-01 -3.472261873584811531e-01 -4.040820974131445475e-01 -4.587127727873774874e-01 2.795789662891099564e-02 2.137349274709205577e-02 -5.451676911770948486e-01 -6.738625962238427025e-01 -4.926840880843419423e-01 -1.787143382633391286e-01 -2.607632108450224084e-01 4.125282473357067548e-01 4.480822512800139434e-02 -1.354331385968122192e-01 -1.920558606350328823e-01 -4.622023909508005124e-01 -4.428872089156005165e-01
1.100000000000000000e+01 -2.192400108150512339e-01 -4.328740803310837659e-01 1.260875005009639560e-01 3.446414831432817460e-01 -2.277525643833311353e-01 -7.272409285133354384e-01 -2.289784175728432347e-01 -1.898037740626735137e-01 -2.267764763553529184e-01 8.697395323961867875e-03 2.929405173607882440e-01 -2.141048996544210326e-01 1.588285881372427655e-01 -1.908828781555690218e-02 -4.197646280839116908e-03 -1.065525389214478230e-01 -2.386276782854964695e-01 -1.157671220469111140e-01 -8.093245729296978663e-02 -8.838677972836983532e-02 -3.084303732364602202e-01 -4.444425038893323743e-01 -8.617090538776354947e-02 1.313703209684291551e-01 -4.312080342935564747e-04 -9.873270326699784549e-02 3.858353761299614104e-02 1.305351071025740162e-01 -1.360023410692894064e-01 1.153007269574789218e-01 2.063680235959032550e-01 2.627253318473988797e-01 1.099068374584159791e-01 -2.346059334992276757e-01 -2.869078534900519895e-01 -3.811418348127377231e-01 -3.127796135810864131e-01 -1.622675891670131154e-01 4.444946359559635157e-02 -3.475975773408718772e-01 -4.548414635951504303e-01 -2.389611314471012382e-01 1.134818485956805567e-01 -5.563042893061823646e-01 6.587171135389162380e-02 -3.982601111276225514e-01 -7.157746137859125057e-02 -5.490558659578055334e-01 -4.999548839857820282e-01 -6.048869775662929493e-01
1.200000000000000000e+01 -1.337640047106995918e-02 -4.915546963400471703e-01 1.280618314188976814e-01 5.257513570093985678e-01 2.354831819837046314e-01 -2.688712361459545952e-01 -1.613086065137235292e-01 -5.089826019676125801e-01 -2.181217671888042997e-01 2.112022175745836283e-01 -9.018980936343004573e-02 1.633131848192541646e-01 4.913515875165171409e-01 3.155019509684758305e-01 -7.512173961605958517e-02 -2.953568665644821789e-01 1.966248770875807933e-02 2.562380129475499285e-02 2.379690168357484481e-01 -9.445026599963809999e-02 -1.347580603433740087e-01 -7.297437929072252139e-02 -6.365086127072448752e-03 1.377063075714402007e-01 1.026683805543688321e-01 -8.299034265550941925e-02 -6.023541771636688191e-02 4.452513216424868608e-02 4.692845115462213751e-03 8.681737198098524178e-02 8.132530835589291129e-02 1.150854303634772924e-01 1.970098790939409650e-01 2.252645794230569709e-01 -4.979778980142880729e-02 1.456749930572985574e-02 1.968683762155873929e-01 -6.679661453288537887e-02 -3.818433266983533442e-02 1.365331313561413684e-01 1.918684769742139140e-01 3.310396390036249858e-01 6.498362085756562712e-01 -3.946575455794423815e-01 -4.560886027335663284e-01 -4.204272235012457837e-01 1.923875715703777245e-01 -2.580735716626044729e-01 -6.323163458477185084e-02 -6.801941665858914597e-03
1.300000000000000000e+01 5.249340729918423182e-02 -3.066285626568773237e-01 -1.263521705689679420e-01 5.611925631185369356e-01 6.012203786785157433e-01 3.297378091090646945e-01 5.323209205230117202e-01 -2.259235974791576340e-01 -3.428727038109662811e-02 2.392467228815933766e-01 -4.171005862978862666e-01 4.485683715650937153e-01 6.818372384646427253e-01 6.678738757378627211e-01 2.673909082899719736e-01 7.241684868309626599e-02 2.104452253671508510e-01 9.180384115048464966e-02 4.173547225266039939e-01 2.311042951408813217e-01 2.817092914693440364e-01 4.030468043208940698e-01 1.091195995694132781e-01 1.872055609221614514e-01 2.297758842631165144e-01 8.138796171712002481e-02 -6.915606125398300608e-03 1.555578808185279216e-01 2.811729099152784905e-01 1.050899226709908207e-01 3.802356764558789681e-02 9.578122994473110829e-02 1.906811708796141425e-01 6.118599356156959601e-01 2.898668168092550235e-01 4.265429262731664783e-01 6.417519937350458781e-01 5.024896252225773130e-02 1.145563492639826708e-01 5.805524710795817445e-01 8.758371318063800093e-01 3.873721919866084940e-01 4.586913792828862801e-01 2.486470768888903726e-01 -5.289791124655295329e-01 -1.598850254710428576e-01 4.865657507089752309e-01 1.209973760940301624e-01 2.989323761547439950e-01 4.850323153638657070e-01
1.400000000000000000e+01 -1.993365156753245937e-01 -2.266346010479022843e-01 -3.214985625313552253e-01 2.012700091160858074e-01 6.142565460482014572e-01 6.071893233506043819e-01 6.131304586066225193e-01 2.556990578550919629e-02 -9.849589788732893147e-02 -1.466740715649728077e-01 -5.701536168987366704e-01 5.588554496474886640e-02 2.262344144105513100e-02 1.722640662315991222e-01 3.720220939415569972e-01 4.384243860659587932e-01 5.140987210810807895e-01 -4.670008565415463553e-02 4.000575980388306752e-01 3.381516436906680800e-01 2.194872163442397328e-01 6.006005562663071506e-01 2.491977916522876979e-01 1.462480617905421165e-01 8.673993386746239875e-02 -6.743674062017648851e-02 -6.911089859200661434e-02 1.607203149791470997e-01 3.183447610507196268e-01 -4.093839906046577853e-02 -9.994864663930572157e-02 -1.447744148330285807e-01 -1.785385098048887786e-01 1.610638535803836369e-01 1.152949976421468736e-01 4.705775866868014967e-01 3.800564726263761517e-01 -1.969378077438457275e-01 -2.280624366444830853e-01 3.408814310503954226e-01 6.356277070883780134e-01 2.070680582292344640e-01 2.916448228639630103e-02 5.314835625220607485e-01 -2.816932123976420566e-01 -3.564133481669262693e-02 1.013572143773192324e-01 3.463860654504741232e-01 3.683116480600590603e-01 5.317422839885844743e-01
1.500000000000000000e+01 1.796091154242352161e-01 1.369882071725643802e-01 -5.975821652494690550e-01 -4.545498007171831500e-01 3.568138937813936096e-01 6.580789245835421131e-01 4.368579567787533313e-01 2.153861209489773276e-01 5.831934922024080425e-02 -1.838354414534428827e-01 -3.710061470877710765e-01 -4.708957561941112258e-01 -6.951456161631284214e-01 -4.739813922446946548e-01 1.266811558073277222e-01 5.785694180562701572e-01 7.052247241376971010e-01 -1.362607800984243223e-02 1.268764951811856279e-01 3.352642035007793453e-01 2.988298580490790779e-01 5.288974287257844908e-01 3.193858358306371215e-01 2.093004329541091335e-01 -2.587717154814224430e-02 -1.785219713248980267e-01 -7.905556360334486943e-02 1.100986086912933704e-01 3.436901036350046845e-01 -3.625327339080543221e-02 -6.123689542129583108e-02 -3.463437926681731116e-03 -8.588813975427238290e-02 -3.019282016955768810e-01 -2.529370422058806467e-01 1.022988169982708140e-01 -2.656616709838162671e-01 -4.430948162027619763e-01 -5.249143864142111759e-01 -3.715854066490404395e-01 8.562007427695042527e-03 -7.380791198363541306e-02 -2.551448566867245971e-01 6.209541812481010892e-01 -5.897076151991826470e-02 1.531592702597187883e-01 -1.912138184119841766e-01 3.412829062923825041e-01 3.523756027437890959e-01 4.192666921967120458e-02
