# # time shift (tau) HDelta HGamma HeII4685 HBeta HeI5875 HAlpha HeI5015 OI8446 HeI4471 HeI7065 OIII5007
-1.000000000000000000e+01 3.380125682323004144e-02 -1.049014213398237472e-01 -2.809558767351996722e-02 1.029172167939068350e-01 -2.735512850055982215e-01 -1.272663609879743640e-01 1.037579993096466452e-02 1.716602133570457878e-01 2.023362953689956667e-01 5.510832865848142720e-02 -8.639879126538359266e-02
-9.000000000000000000e+00 -2.927773505108661328e-02 -1.050533298612174038e-01 -6.022224922026537391e-02 -1.674890309055721005e-02 -2.530029372999205162e-01 -1.484534758053036030e-01 -1.181911115743551760e-01 1.549388384785624628e-01 1.255539049224457804e-01 -1.625713906134529374e-03 -2.147666602582180562e-01
-8.000000000000000000e+00 -1.286389322528661838e-01 -1.208712788893865075e-01 2.831844877269034180e-02 -1.429357746849189113e-02 -2.784440253292446155e-01 -1.587341578099079054e-01 -1.885772377688189061e-01 6.331197533999734228e-02 -2.023131225258860411e-02 -6.697862999684009444e-02 -3.269874400337845488e-01
-7.000000000000000000e+00 -7.676213146473785665e-02 -5.551510291899490468e-02 1.651310626212957600e-01 -1.076646225616629537e-01 -3.208625364555499626e-01 -2.196804363386724024e-01 -2.647809174667769549e-01 -1.504481457249951248e-01 -1.579928088304905498e-01 -8.189854848003784438e-02 -4.385438682207054573e-01
-6.000000000000000000e+00 -4.760532082346429633e-03 1.093071076493395549e-01 2.794555598646339400e-01 1.659141734046010522e-02 -2.523717497578967794e-01 -1.157588708272332123e-01 -2.983930145673781009e-01 -1.289588791043876359e-01 -1.704478381277491628e-01 6.539877089247886355e-02 -4.709759687128660111e-01
-5.000000000000000000e+00 2.816225990984492361e-02 1.832129856404852153e-01 3.581816774689260408e-01 2.169726927825066654e-01 -1.811328963868337749e-01 -1.956124557939921405e-02 -2.774896374699910018e-01 -1.322473787970680770e-01 -7.934300438843852610e-02 1.443251174591433372e-01 -4.138299204794287922e-01
-4.000000000000000000e+00 -9.019292744619704372e-03 1.437861430814647012e-01 2.794254079194961049e-01 2.388588792476218359e-01 -2.622232078835847191e-01 -4.022817020991380221e-02 -3.603956421690378553e-01 -2.055972470469069613e-01 -4.368589814707653229e-02 2.198896033964618801e-01 -4.821682277650624071e-01
-3.000000000000000000e+00 -1.249304318874884523e-03 2.468853563058829304e-01 3.048150382210162990e-01 2.645100212851912991e-01 4.358904485330010459e-02 7.337072645543091243e-02 -4.424013604221753715e-01 -7.183909159950788159e-02 -1.063304047940098612e-01 1.406968747090562022e-01 -5.508558953114863765e-01
-2.000000000000000000e+00 2.569065421168081897e-01 3.597620054361682085e-01 4.712191188591523527e-01 3.490973806531510459e-01 2.612439436771925028e-01 1.873389612599750953e-01 -4.191666173171193499e-01 -6.929440786071253133e-02 -1.384206214640431865e-01 6.003682773224476577e-02 -6.030710755263186673e-01
-1.000000000000000000e+00 5.310177246628715597e-01 5.514456176410580390e-01 6.755003962893690872e-01 4.623200873471717265e-01 3.459448214070111050e-01 3.174068249929642427e-01 -2.984002237859312290e-01 2.470761880380989428e-02 -6.463460923103556133e-02 5.601037568305396175e-02 -5.772084298323840734e-01
0.000000000000000000e+00 7.322216800586557328e-01 7.462249330589837415e-01 8.448911702989219119e-01 6.815811724047036169e-01 4.505177706517115577e-01 5.832787925939451057e-01 -9.090525791692033453e-03 2.831442336079549871e-01 2.582865688215990607e-01 1.989680238215626729e-01 -3.414200537082925369e-01
1.000000000000000000e+00 8.325294394533264697e-01 8.104651244581921876e-01 7.795331625739776449e-01 7.940202352226525262e-01 4.453442240816800068e-01 6.905558605551225249e-01 1.742961496902585283e-01 3.526488450323351787e-01 3.767012390887430895e-01 4.440004085566209291e-01 -1.884911740350014298e-01
2.000000000000000000e+00 7.638144710011013361e-01 8.005134172558124872e-01 6.317072019631884139e-01 8.652393746065304425e-01 3.554694058839038551e-01 7.404123061493077529e-01 2.164052776590191796e-01 4.914070020326102850e-01 5.519033397016031017e-01 6.345544179508835203e-01 -1.581946359095099119e-01
3.000000000000000000e+00 5.722468193072951514e-01 6.443935131596725263e-01 2.993874607005514443e-01 8.435496679244585128e-01 5.461564577939442833e-01 7.552002470731105088e-01 2.042673173935024566e-01 5.864951379764538064e-01 4.281712125526005996e-01 5.596339212076063552e-01 -1.279887591668099622e-01
4.000000000000000000e+00 4.771805928003453046e-01 4.225147849161067226e-01 2.445028652741677022e-01 6.986149750073828990e-01 5.190315564461711606e-01 6.243297786248968029e-01 2.036294329257519742e-01 4.857563185820342189e-01 2.030295545974146187e-01 3.474274117263468908e-01 -1.328284575387259636e-01
5.000000000000000000e+00 4.861864060165629886e-01 4.415108357601078559e-01 4.125200769549740576e-01 6.477299389406973029e-01 3.757742698528938607e-01 6.410501790120218812e-01 2.024847708139836666e-01 4.959208866626668710e-01 1.686342905271075443e-01 5.706278588116234923e-02 -1.051921433014308127e-01
6.000000000000000000e+00 6.326076945034087018e-01 5.244988260592726714e-01 6.121393084490247549e-01 5.584864556800845925e-01 2.259140007498442737e-01 5.270185154209303668e-01 1.040029378292968709e-01 3.646354021915392263e-01 1.614448947531945122e-01 -2.562263323109672739e-02 -1.094678722254622122e-01
7.000000000000000000e+00 6.205958589817937021e-01 6.328593370626165449e-01 6.440896294228242169e-01 4.955742477755886721e-01 1.560173162147741044e-01 3.654542752320455445e-01 1.099397920561705211e-01 3.420791797031091375e-01 3.891015972006341972e-01 -1.218838768114553772e-01 -6.167488414433834609e-02
8.000000000000000000e+00 5.308430190732724707e-01 6.623878714476370000e-01 5.554298466627833886e-01 5.171643403103565184e-01 8.278978590025989903e-02 2.043015488541301550e-01 9.607282849662700241e-02 3.376093160343228705e-01 7.728343302830265049e-01 6.098378232771563962e-02 1.646832312744032911e-02
9.000000000000000000e+00 3.555518445476807399e-01 2.434826297483661250e-01 2.920695381488470910e-02 3.502680016524241657e-01 1.626882396461235558e-01 5.601630630132462679e-02 -9.569289833573391135e-02 1.531307074045736294e-01 7.018842845562052180e-01 -2.155703519464309548e-02 -2.225743489226073013e-01
1.000000000000000000e+01 1.309389604148922248e-01 -3.927380496313560843e-02 -1.701895883396568054e-01 2.090599821623447263e-01 1.204820898150585073e-01 2.031182592115480245e-01 7.659836213234175184e-02 1.110473631802271488e-01 4.457723711350636275e-01 1.879339124935616445e-01 -1.299148525657722597e-01
1.100000000000000000e+01 -4.504789122818760733e-02 -1.028359301355449978e-01 -2.288203161054767065e-01 9.354321014378036425e-02 8.565636492573687477e-02 3.391213278675394571e-01 1.797010856174063032e-01 1.738816217030961231e-01 -2.855662200463582878e-01 2.154632464845607775e-01 -3.124292621321876906e-01
1.200000000000000000e+01 -5.115456909096928462e-02 1.221710998282918639e-02 1.142704113732435078e-01 -1.552640200992592978e-01 -7.401496220731182407e-02 2.032845444386667810e-01 1.583245305961622496e-01 -2.029001287181280214e-02 -6.818864835966385041e-01 2.096071518800887018e-02 -3.949381922065229311e-01
1.300000000000000000e+01 -6.432382539261799481e-02 2.532584737936646180e-01 3.355251335317125383e-01 -1.179158788074728681e-01 9.931264439092467658e-03 2.727852031769407645e-02 -8.640480139693462736e-02 2.143522696782886733e-03 -5.503303965025090339e-01 1.217965750538508585e-01 -3.557008606585264632e-01
1.400000000000000000e+01 -1.147756789407396866e-02 9.541223597092568509e-02 4.244880620549188466e-01 1.333782911671874821e-02 3.865049132630323653e-02 -2.797876045794305266e-01 -3.301452508290203536e-01 -2.097235171714459112e-01 -1.040847918138649852e-01 -1.631747345702259377e-01 -1.013380275963927102e-01
1.500000000000000000e+01 1.307663412342700560e-01 4.147687240642446149e-02 4.583990420007642008e-01 1.744996197093587331e-01 2.607468051222775474e-01 -1.711430428947699200e-01 -3.971296219706685893e-01 -2.235021117912509847e-01 3.303482433177402644e-01 1.325400163655972297e-01 6.003789513436107866e-02
