# time shift (tau) 	 correlation coefficient 	 number of simulations: 10000	 FR: True	 RSS: True
-1.000000000000000000e+01 9.300000000000000000e+01
-9.000000000000000000e+00 1.000000000000000000e+01
-8.000000000000000000e+00 3.000000000000000000e+00
-7.000000000000000000e+00 2.000000000000000000e+00
-6.000000000000000000e+00 2.000000000000000000e+00
-5.000000000000000000e+00 5.000000000000000000e+00
-4.000000000000000000e+00 8.000000000000000000e+00
-3.000000000000000000e+00 2.000000000000000000e+00
-2.000000000000000000e+00 0.000000000000000000e+00
-1.000000000000000000e+00 1.000000000000000000e+00
0.000000000000000000e+00 1.400000000000000000e+01
1.000000000000000000e+00 9.800000000000000000e+01
2.000000000000000000e+00 4.478000000000000000e+03
3.000000000000000000e+00 2.745000000000000000e+03
4.000000000000000000e+00 3.170000000000000000e+02
5.000000000000000000e+00 1.050000000000000000e+02
6.000000000000000000e+00 8.400000000000000000e+01
7.000000000000000000e+00 3.800000000000000000e+01
8.000000000000000000e+00 4.600000000000000000e+01
9.000000000000000000e+00 6.300000000000000000e+01
1.000000000000000000e+01 3.810000000000000000e+02
1.100000000000000000e+01 1.860000000000000000e+02
1.200000000000000000e+01 1.670000000000000000e+02
1.300000000000000000e+01 1.900000000000000000e+02
1.400000000000000000e+01 2.600000000000000000e+01
1.500000000000000000e+01 9.360000000000000000e+02
