# time shift (tau) 	 correlation coefficient 	 number of simulations: 40000	 FR: True	 RSS: True
-1.000000000000000000e+01 7.010000000000000000e+02
-9.000000000000000000e+00 1.509000000000000000e+03
-8.000000000000000000e+00 4.020000000000000000e+02
-7.000000000000000000e+00 1.220000000000000000e+02
-6.000000000000000000e+00 2.600000000000000000e+02
-5.000000000000000000e+00 5.610000000000000000e+02
-4.000000000000000000e+00 7.780000000000000000e+02
-3.000000000000000000e+00 1.129000000000000000e+03
-2.000000000000000000e+00 1.121000000000000000e+03
-1.000000000000000000e+00 1.292000000000000000e+03
0.000000000000000000e+00 1.670000000000000000e+03
1.000000000000000000e+00 1.491000000000000000e+03
2.000000000000000000e+00 1.535000000000000000e+03
3.000000000000000000e+00 2.726000000000000000e+03
4.000000000000000000e+00 4.678000000000000000e+03
5.000000000000000000e+00 6.823000000000000000e+03
6.000000000000000000e+00 4.865000000000000000e+03
7.000000000000000000e+00 3.242000000000000000e+03
8.000000000000000000e+00 2.625000000000000000e+03
9.000000000000000000e+00 8.220000000000000000e+02
1.000000000000000000e+01 6.000000000000000000e+02
1.100000000000000000e+01 5.510000000000000000e+02
1.200000000000000000e+01 2.340000000000000000e+02
1.300000000000000000e+01 2.030000000000000000e+02
1.400000000000000000e+01 4.000000000000000000e+00
1.500000000000000000e+01 5.600000000000000000e+01
