# # time shift (tau) Cont4010 Cont4200 Cont4440 Cont4765 Cont5100 Cont5600 Cont6045 Cont6110 Cont6880 Cont7390 Cont8015 Cont8900 Cont1150 Cont1460
-1.000000000000000000e+01 -4.399476510096356902e-02 1.697211359751353912e-02 1.147850368688662498e-01 3.495870592187115197e-03 1.730716311966801202e-01 1.363850821950731151e-01 2.355214153804435773e-01 3.784744071458057135e-02 7.587514868895782472e-02 6.949267324455207784e-02 -9.564874971606046605e-03 2.433409726306684853e-02 -2.861344848004493957e-01 -2.413404568343657242e-01
-9.500000000000000000e+00 5.366568294351140023e-02 1.292600065830286082e-01 1.837953026504604015e-01 7.463589534480280507e-02 2.416928538324095710e-01 1.824069361844292692e-01 2.406506140653099368e-01 7.980954269585835426e-02 1.505980694867245506e-01 1.839851196185486870e-01 9.480029829154604237e-02 1.316110635351191160e-01 -2.071020612199578614e-01 -1.389688764073360727e-01
-9.000000000000000000e+00 8.037702837545966650e-02 1.333214271974076659e-01 1.746337758606210655e-01 6.843899572828138211e-02 2.064974433729968029e-01 1.044816525071926572e-01 1.610566868229472703e-01 3.617466182013205633e-02 1.088904488880398647e-01 1.622852730930270937e-01 8.502063586434810416e-02 1.169614432487725009e-01 -1.554161101031453773e-01 -7.381735205338271766e-02
-8.500000000000000000e+00 2.377139041662953423e-01 2.900287783463227909e-01 3.146160349887389684e-01 2.316277254779810224e-01 3.432848424266656817e-01 2.361721029038043318e-01 2.471098137609743783e-01 1.781166172831365746e-01 2.167189655759744760e-01 2.639573690613135626e-01 1.507619814041939454e-01 1.601764740666696829e-01 8.081899927065186798e-03 9.835881931088095997e-02
-8.000000000000000000e+00 3.025702080688356110e-01 3.354670218228748557e-01 3.824457992820691210e-01 3.183026783029200280e-01 3.957357727859128760e-01 2.791584085995995057e-01 2.817830043821214492e-01 2.477303813661290710e-01 2.240012514628990370e-01 2.397092308439021657e-01 1.104834671062535911e-01 8.215874438468566410e-02 1.007926001743693623e-01 1.764614812736201854e-01
-7.500000000000000000e+00 4.265954637969027186e-01 4.749200829870752205e-01 5.029737867494047387e-01 4.568671806484311260e-01 5.270765483505881477e-01 4.293794856608026400e-01 4.284626008209180270e-01 3.968144039455293592e-01 3.550815587619623459e-01 3.418800632256311367e-01 2.075205047629382626e-01 1.632690498893982212e-01 2.292218520802545012e-01 3.060927782662239971e-01
-7.000000000000000000e+00 4.372778169163554773e-01 4.896494783942326734e-01 5.175216516645246845e-01 4.811135704248530320e-01 5.407245390951902486e-01 4.745295063367216404e-01 5.108246065388590829e-01 4.360136698777784536e-01 3.889381214791109986e-01 3.370298140079855953e-01 2.060026044621958152e-01 1.784940686047890857e-01 2.475529892688518863e-01 3.219651745306494339e-01
-6.500000000000000000e+00 5.244860288145146709e-01 5.885797424743787198e-01 5.970088307242804593e-01 5.585421659544265172e-01 6.313344988275493286e-01 5.986926307166455796e-01 6.149908512261320626e-01 5.490190545559918700e-01 5.123854031198142867e-01 4.655252814549510898e-01 3.467222377039730352e-01 3.284565769362385312e-01 3.136874485715315797e-01 3.786329860995602536e-01
-6.000000000000000000e+00 5.372981787246341456e-01 5.705159563261178457e-01 6.102312751084260078e-01 5.532721717755156865e-01 6.241256960322473235e-01 5.998755217540221452e-01 6.167893156804116206e-01 5.472211902430732522e-01 5.198421022261667801e-01 4.788955980825529979e-01 3.891678509421903076e-01 3.538629391405033742e-01 2.976697165626194241e-01 3.623526083321551017e-01
-5.500000000000000000e+00 5.700455304073005491e-01 5.972876289508060044e-01 6.207650342550101730e-01 5.672319639467742203e-01 6.318393065814424947e-01 6.317554582975763999e-01 6.394550864740546903e-01 5.658282749551645230e-01 5.536856160241929725e-01 5.032093068473270092e-01 4.508053143560344367e-01 4.136952143425972617e-01 3.482794082523114620e-01 3.981872934050166846e-01
-5.000000000000000000e+00 5.208261166752733429e-01 5.282494908105440645e-01 5.593075541079577384e-01 5.023147615854045567e-01 5.618083294282805173e-01 5.794263046053473865e-01 5.864976680827552746e-01 4.857141492814996964e-01 4.961462564923201368e-01 4.245439439522172842e-01 4.006781546689747175e-01 3.600744578156445108e-01 3.034798238176834584e-01 3.498399012800407215e-01
-4.500000000000000000e+00 4.586140003144625887e-01 4.580904713557535368e-01 4.776775269395434620e-01 4.285290926915429344e-01 4.846218413022621574e-01 5.203622698124066304e-01 5.039668170289539617e-01 4.092473519782380831e-01 4.185920372053548721e-01 3.618371117413047289e-01 3.378045192010413755e-01 3.270575920274980675e-01 2.497913482789611561e-01 2.791163074504044994e-01
-4.000000000000000000e+00 3.972471444109402228e-01 3.728704755080787803e-01 4.020364781937380005e-01 3.537988565807184127e-01 4.047830164234372252e-01 4.447085254153834155e-01 4.038596411003676501e-01 3.140385984465680624e-01 3.254838951000531000e-01 2.842467987500547077e-01 2.457091336126089320e-01 2.632120144969420372e-01 1.941637666062122070e-01 2.172082584215317691e-01
-3.500000000000000000e+00 4.436522411684504785e-01 4.140491863344867851e-01 4.292187252337430481e-01 3.893607566150608656e-01 4.260342500884638506e-01 4.528966450585435455e-01 4.048329425037148210e-01 3.426845415913138404e-01 3.504107013922753699e-01 3.174251090571254541e-01 2.841624459623658394e-01 3.152016586737228510e-01 2.635632271242150382e-01 2.726753418043349475e-01
-3.000000000000000000e+00 4.648694900869148050e-01 4.177963315001209654e-01 4.321748159844759907e-01 3.986777858318191203e-01 4.146468726385896253e-01 4.245008045860420021e-01 3.701239595805418947e-01 3.257446152680379958e-01 3.309251269334408940e-01 2.915761511088521551e-01 2.598729992276290757e-01 2.863092328308425305e-01 3.134874488837587903e-01 3.148094779860808323e-01
-2.500000000000000000e+00 5.429604005727717286e-01 5.018350130024568090e-01 5.069887828815239361e-01 4.908334347372639295e-01 4.849244354313156369e-01 4.720244598082526943e-01 4.092020480007471095e-01 3.992356278903986810e-01 3.911956190061268712e-01 3.439436326612572703e-01 3.275926293491336350e-01 3.306792111088939223e-01 4.616909004299378783e-01 4.592294581943112131e-01
-2.000000000000000000e+00 5.833421968846492778e-01 5.588402220263840592e-01 5.528016880509563080e-01 5.527883254997749685e-01 5.383114876246086755e-01 5.036807814570536390e-01 4.284183041201266029e-01 4.465993991701821542e-01 4.192835029743940956e-01 3.569975348199755372e-01 3.490825885033148612e-01 3.226914949354839912e-01 5.566267698625209093e-01 5.520011528442719806e-01
-1.500000000000000000e+00 7.092144092365362251e-01 6.850286936966352158e-01 6.819307155674748655e-01 6.880709788466008447e-01 6.633206065729921885e-01 6.366362751180827395e-01 5.522383839593358879e-01 5.798518390211159224e-01 5.553809808627382383e-01 4.914856276964542081e-01 4.807538411439941095e-01 4.557876237574247646e-01 7.253541351590018227e-01 7.189386906862469395e-01
-1.000000000000000000e+00 7.815985261967627329e-01 7.681293279499294968e-01 7.617858789020302002e-01 7.730031218007979987e-01 7.513834279362953117e-01 7.318184432036729525e-01 6.273469523099564071e-01 6.677729637338789548e-01 6.423454737644652690e-01 5.770533320385857756e-01 5.522145078800123619e-01 5.241996766175389677e-01 8.143492849884326201e-01 8.100275266081626846e-01
-5.000000000000000000e-01 8.970657516429576539e-01 8.814092835530418224e-01 8.691340815897437011e-01 8.941562973692226413e-01 8.586381711412229834e-01 8.403140045754123877e-01 7.627636986562995602e-01 8.109415694996386925e-01 7.738015086691956146e-01 7.121933480606883471e-01 7.007131753972307697e-01 6.589688739626744507e-01 9.523338273906198914e-01 9.489749195543590865e-01
0.000000000000000000e+00 9.448806749762519441e-01 9.303952252401261891e-01 9.186003722127434878e-01 9.495088890629299616e-01 9.115747428669571661e-01 8.989271592895889951e-01 8.436259446872609313e-01 8.915888743397256677e-01 8.513326599290795826e-01 7.900293228967099068e-01 7.806429991415416714e-01 7.341835671320757761e-01 9.874998041589765352e-01 9.923318212103187097e-01
5.000000000000000000e-01 9.368734867048084114e-01 9.236709087007324293e-01 9.258821345469101516e-01 9.509196501608782048e-01 9.273151408059240319e-01 9.319346895896685190e-01 8.963751082393208724e-01 9.201090017679520727e-01 8.814728427374733943e-01 8.199011271383940258e-01 8.112849038098994825e-01 7.731591168808858994e-01 9.321233534464654635e-01 9.432418642595528091e-01
1.000000000000000000e+00 8.618064419187060343e-01 8.504089807109647126e-01 8.728059476006960749e-01 8.834357217887216507e-01 8.820950121550983347e-01 9.073616002535451752e-01 8.928850561804647645e-01 8.864133100533989618e-01 8.576428988374067419e-01 7.971621761282920993e-01 7.770678289722672272e-01 7.583841827392869828e-01 7.795763734354235197e-01 8.016082445374104193e-01
1.500000000000000000e+00 8.372059096509274490e-01 8.294020178713931157e-01 8.473897531979437403e-01 8.393280269537766181e-01 8.591395839824377267e-01 8.781878977850485768e-01 8.807657254654526202e-01 8.673487466312537197e-01 8.741528125831703466e-01 8.421337457315014596e-01 8.340976028825950461e-01 8.240474815441114487e-01 6.819154333939041468e-01 7.229268374394151042e-01
2.000000000000000000e+00 7.473558771725892225e-01 7.350565048400699020e-01 7.611998090773128833e-01 7.252676311561156997e-01 7.664093365098649802e-01 7.786481991705200834e-01 8.036838556345635709e-01 7.740238617665936571e-01 8.265190173612654290e-01 8.184197097336974869e-01 8.190418514221678992e-01 8.220179028638386898e-01 5.159860043448120104e-01 5.747966541602773649e-01
2.500000000000000000e+00 6.873006851137786200e-01 6.748748505403274756e-01 7.056523654004909218e-01 6.518272418607049534e-01 6.994755419495234383e-01 6.975927007851989714e-01 7.532035162179460119e-01 7.201883457485571682e-01 7.798691025358508444e-01 7.987025447962144975e-01 8.094103573301455468e-01 8.157032627784258638e-01 4.257637005135757047e-01 4.949082938113036900e-01
3.000000000000000000e+00 5.633660005941450999e-01 5.540236339898472195e-01 5.916161715734101767e-01 5.243994133483214082e-01 5.776115883126602402e-01 5.592504319666333767e-01 6.340796456371351475e-01 6.038669891995191996e-01 6.706119279037920933e-01 7.100045642931811507e-01 7.146202254173855684e-01 7.247971156078709676e-01 2.947044059860981502e-01 3.675899690022774724e-01
3.500000000000000000e+00 5.106050469655039059e-01 5.289414743354106108e-01 5.545981318107413571e-01 4.925234269170778445e-01 5.364081028635698800e-01 5.099619888277812096e-01 6.046963669783966822e-01 5.750695814782358362e-01 6.345147167286298018e-01 6.922105690408486556e-01 6.565873897082092903e-01 6.966068970587084852e-01 2.608684059046347259e-01 3.320059835251465419e-01
4.000000000000000000e+00 4.306277523986286049e-01 4.716667970949020017e-01 4.799601231146568003e-01 4.296965903159007394e-01 4.612067793202269117e-01 4.305383927119035281e-01 5.221866046490442059e-01 5.082185176838597274e-01 5.569462996305809543e-01 6.274654660134237893e-01 5.532115551305059054e-01 6.150987316048645015e-01 2.319617408614696452e-01 2.902981535235807375e-01
4.500000000000000000e+00 4.595998962220939066e-01 5.098415383956196312e-01 5.003090599243436021e-01 4.566327238088384588e-01 4.793854999954544338e-01 4.516655936210954292e-01 5.288116750232350061e-01 5.329860630182127190e-01 5.728743501589508291e-01 6.465368824323266539e-01 5.805331195877008188e-01 6.318366195962211718e-01 2.976891860729740102e-01 3.571898099227223122e-01
5.000000000000000000e+00 4.806484948672146151e-01 5.340892826168133212e-01 5.163505076484014022e-01 4.832223830597801029e-01 4.912024287798318900e-01 4.718891438007233319e-01 5.430133736599792593e-01 5.604281326564655163e-01 5.765792814488568396e-01 6.322188759031235339e-01 5.901089901202514199e-01 6.143824234758663572e-01 3.707905250447763867e-01 4.222832923605374100e-01
5.500000000000000000e+00 4.928162859203376600e-01 5.496662260981926007e-01 5.324058338878809860e-01 5.068377897256319820e-01 5.091912923776311661e-01 4.914213558234603596e-01 5.708067583276477119e-01 5.806779478988212118e-01 5.600720863879355971e-01 5.825634097586492866e-01 5.635878713215517477e-01 5.731785062547372078e-01 4.166861354646169691e-01 4.573212223418186562e-01
6.000000000000000000e+00 4.352578636443452664e-01 4.955565172007273533e-01 4.757112481928862935e-01 4.606127323534714435e-01 4.637847932602198187e-01 4.639905817728856574e-01 5.193590810781359979e-01 5.245919074732572351e-01 4.914901117068107839e-01 4.793810328639853680e-01 4.848915603113219674e-01 4.806403121974960335e-01 3.948350862688782548e-01 4.192960711777473648e-01
6.500000000000000000e+00 4.304392606775251373e-01 4.889577182534051714e-01 4.666077108288179676e-01 4.628937708175641652e-01 4.709324753151455933e-01 4.875725996792826811e-01 4.922952632945763463e-01 4.980877267236781814e-01 4.858161186025782285e-01 4.529530574117592856e-01 4.571513671573476101e-01 4.725979396835060520e-01 4.246935906592248511e-01 4.295788265907830583e-01
7.000000000000000000e+00 3.642668796605555981e-01 4.090402958233350650e-01 3.840415545551856269e-01 3.858276137502267833e-01 4.038258427064842504e-01 4.333654283980944988e-01 3.966324616519846247e-01 4.027514274269261563e-01 4.145087151068651554e-01 3.699365198106087105e-01 3.849223978653871781e-01 4.238997870388345746e-01 3.875705389806574086e-01 3.745698684752882257e-01
7.500000000000000000e+00 3.489320271247959293e-01 3.708582239198908725e-01 3.538076609003424355e-01 3.450866387792265177e-01 3.739325917709709346e-01 3.847513808154129911e-01 3.536266764282726127e-01 3.552956622900916850e-01 3.706765688698645533e-01 3.317526692417515077e-01 3.358285212187170909e-01 4.073559474315462392e-01 3.727933091165437363e-01 3.442867278118774133e-01
8.000000000000000000e+00 2.260995001675715210e-01 2.217826019477633914e-01 2.302210319527299431e-01 2.144240856481417212e-01 2.492862339708578623e-01 2.498217381054218533e-01 2.217214352825617463e-01 2.188587877501186607e-01 2.280033517401809651e-01 1.862818147528465251e-01 1.765716834275546931e-01 2.745580591507386647e-01 2.457536312749371010e-01 1.954764160056565170e-01
8.500000000000000000e+00 1.533754425495575391e-01 1.329870040695164957e-01 1.822294412892329629e-01 1.460069482167788979e-01 1.811606797337706465e-01 1.608706295551506349e-01 1.479815933484602830e-01 1.369612448073544153e-01 1.372066203452412814e-01 9.036270531736806388e-02 6.359516743646806414e-02 1.648828239771101545e-01 1.484263511209386321e-01 9.407596298305348492e-02
9.000000000000000000e+00 2.405831403704599032e-03 -1.843674975754205567e-02 5.360883485779081858e-02 -4.576559338999239279e-04 4.147754357286276283e-02 3.305053277091915889e-03 8.992865402779014194e-03 -1.566751314808972201e-02 5.465764501591807711e-03 -3.503405420748158250e-02 -7.046985374651403011e-02 3.676871759521734701e-02 -4.259946980962751872e-02 -8.970884579765374400e-02
9.500000000000000000e+00 -2.618542505467382278e-02 -3.760958401248648553e-02 3.258501351206043867e-02 -3.942340646038369062e-02 4.409973407769499781e-03 -5.568248751161605087e-02 -1.771587292735276112e-02 -5.766257367876435891e-02 -4.917798306626698993e-03 -1.950777604008169588e-02 -4.982875302937077311e-02 5.613776265124945097e-02 -1.351457328550634829e-01 -1.336105222378878854e-01
1.000000000000000000e+01 -1.209613383022504485e-01 -1.158582314236187016e-01 -5.848161931102268535e-02 -1.503402160359109119e-01 -1.057137420998680993e-01 -1.722894212681290449e-01 -1.300712072355497129e-01 -1.597508906371474802e-01 -7.466936585273248328e-02 -5.159207284493153717e-02 -5.146017242313872392e-02 1.138611148997346195e-02 -2.434486568910038951e-01 -1.943958830938428972e-01
1.050000000000000000e+01 -8.769942601634340973e-02 -7.880189208736745887e-02 -3.479247669847271296e-02 -1.282734299540354839e-01 -1.141526843915370015e-01 -1.643210241846758679e-01 -1.298041798301219629e-01 -1.287814456375722116e-01 -5.333917775907675435e-02 -3.930092912368135516e-03 9.189206689113472992e-03 1.908345167607756326e-02 -1.828861621244520785e-01 -1.140844341478705892e-01
1.100000000000000000e+01 -1.178489407073013556e-01 -9.405641260246033752e-02 -7.896457979757894041e-02 -1.488553099099073351e-01 -1.898335097738478305e-01 -1.838878114805305997e-01 -1.691738904047618564e-01 -1.385140387641541626e-01 -7.985906273287675383e-02 -1.253400277897729308e-02 2.802496067083753289e-03 -2.750315952383508566e-02 -1.345525514551487167e-01 -5.575986209499087659e-02
1.150000000000000000e+01 -9.109648989528000562e-02 -5.954062741363613798e-02 -8.290171939766269316e-02 -1.024400789548817053e-01 -1.996124208207374073e-01 -1.369950028854643453e-01 -1.358512881837055097e-01 -9.829804807724372429e-02 -5.957106354870745496e-02 -1.347710775835745875e-02 4.284029311378313720e-03 -4.573336723843698937e-02 -3.876500678671074979e-02 3.965234392047094214e-02
1.200000000000000000e+01 -1.151605792926568977e-01 -8.072777396561982288e-02 -1.449391627257535231e-01 -1.044676519942629167e-01 -2.402602930742482878e-01 -1.325549605599374292e-01 -1.492673452009211643e-01 -9.909202349088526429e-02 -8.190404518781158050e-02 -3.424846729473533108e-02 -3.220329215374138909e-02 -7.558814832200189127e-02 -1.337033297353846031e-02 5.855090970901068170e-02
1.250000000000000000e+01 -6.871235160075385429e-02 -5.845211177365546018e-02 -1.202511675132952040e-01 -4.595270692363286058e-02 -1.696208659072420688e-01 -6.979794114413991057e-02 -9.351568697399832708e-02 -4.783927706939929136e-02 -6.454290697791231768e-02 -2.557816740320134619e-02 -2.442848049382383147e-02 -7.102486863200695166e-02 1.204884501082930173e-02 7.221357714057209665e-02
1.300000000000000000e+01 -1.334294899319631300e-01 -1.557602831006111299e-01 -2.091606169470121290e-01 -1.082263838614793278e-01 -2.119280038834225888e-01 -1.328392844124848260e-01 -1.692146486274441197e-01 -1.210409581730363948e-01 -1.743725340093500997e-01 -1.610498536192711549e-01 -1.616233402703224908e-01 -2.113103765740231843e-01 -5.256589494678746977e-02 -2.797288298165619830e-02
1.350000000000000000e+01 -1.153062475197489112e-01 -1.635379958269416734e-01 -1.956797021468923981e-01 -9.292537754886825985e-02 -1.691893762456472550e-01 -1.375500095596677852e-01 -1.636584008457204198e-01 -1.289113840374737918e-01 -2.130737966436250796e-01 -2.440300719906117188e-01 -2.490103831818490376e-01 -3.042216644548311200e-01 -3.408327112114965113e-02 -5.143565705542085809e-02
1.400000000000000000e+01 -2.054120831820428483e-01 -2.825290991259318263e-01 -2.765126631804221136e-01 -1.844497243427745403e-01 -2.120666148681384366e-01 -2.285359804439924813e-01 -2.439143453455849819e-01 -2.497788632446253376e-01 -3.529871270493439295e-01 -4.592122813435967066e-01 -4.359426327631704678e-01 -4.891025938459912514e-01 -1.243664742730331008e-01 -2.046756097759413751e-01
1.450000000000000000e+01 -1.687621416849583167e-01 -2.381704785488437948e-01 -2.291098074363583648e-01 -1.415822706263807906e-01 -1.140786053850519344e-01 -1.899537618284724005e-01 -1.798270744794343012e-01 -2.234253104644970400e-01 -3.407259638043165229e-01 -4.674247977500710638e-01 -4.482343510502188044e-01 -4.948592003569511899e-01 -7.623520295844643524e-02 -2.136469710572406755e-01
1.500000000000000000e+01 -1.743821729840082657e-01 -2.433591355741426820e-01 -2.067220536518908358e-01 -1.423826880014878726e-01 -3.591395844734872334e-02 -1.685391648417197408e-01 -1.410403546323037161e-01 -2.290513803474499011e-01 -3.282749830010881498e-01 -4.241624651710209637e-01 -4.187440008172035322e-01 -4.501283432743808932e-01 -1.224208295797674095e-01 -2.976216449334890823e-01
