# # time shift (tau) HDelta HGamma HeII4685 HBeta HeI5875 HAlpha HeI5015 OI8446 HeI4471 HeI7065 OIII5007 LyALpha
-1.000000000000000000e+01 2.117247564093764634e-01 2.254706455744391047e-01 1.182136042564431444e-01 3.020255027732547948e-01 -3.883916702116339825e-02 -1.125799467823164896e-01 4.440376279772693252e-02 1.499319933360309942e-01 -2.513903952859404545e-02 2.048051662539004114e-01 -1.094518936645796914e-02 -1.146262122032024044e-01
-9.500000000000000000e+00 1.430218560583493004e-01 2.096111812118304218e-01 5.149572419866411260e-02 2.574730517019398479e-01 -2.809609055200419647e-02 -6.550546646082594515e-02 -6.963543705976996123e-02 2.715208748816604345e-01 -1.595615031831989772e-01 1.857184098727704402e-01 -1.329751078090593286e-01 -1.344922796324083958e-01
-9.000000000000000000e+00 4.489159179052792936e-03 1.610372604906038230e-01 -3.661034390525085003e-02 2.256318078209050282e-01 -4.418175619164767948e-02 -4.971548037675793674e-02 -4.545051372671529699e-02 2.972856272486265050e-01 -2.142572117204375182e-01 1.679791026879594029e-01 -9.835297677568621832e-02 -1.786638737378927200e-01
-8.500000000000000000e+00 9.909455612581795358e-03 1.076104722275133957e-01 2.968966634676686173e-03 9.620202031359127715e-02 -5.842091053258295988e-03 -1.265313033217702332e-01 -1.661504929828565014e-01 2.597046707460671788e-01 -4.221182643247060051e-01 5.475280355829084851e-03 -2.526699680269952619e-01 -1.282934728838972804e-01
-8.000000000000000000e+00 -7.140703735399506202e-02 2.372694636875286381e-02 1.727226842696209796e-02 1.286101297397525788e-02 -4.532956144595390313e-02 -1.852705492445203550e-01 -2.269945271260968012e-01 1.437234858311148833e-01 -5.060949872752735779e-01 -5.879381922124014143e-02 -3.428187125665247414e-01 -1.200002932144460244e-01
-7.500000000000000000e+00 1.853663032672080505e-02 4.538208271756909162e-02 1.702512161405910496e-01 -4.295575695799215554e-02 -7.554210634220227816e-02 -2.408479874463269610e-01 -2.998533302910691978e-01 -1.314593321890028359e-02 -6.043212605523101688e-01 -1.094836100815027302e-01 -4.291915679881784795e-01 -7.317969273590231756e-03
-7.000000000000000000e+00 4.092996567665357216e-02 5.544499407335290453e-02 2.386401431669926132e-01 -2.739390648254525634e-02 -1.680153455061462742e-01 -2.264440089053459393e-01 -1.920863850925532135e-01 -1.191184339179012924e-01 -5.233047685773609681e-01 -3.588365475503869917e-02 -3.216236004859697739e-01 3.529307599381860394e-02
-6.500000000000000000e+00 1.735323965652068035e-01 1.709227917949409647e-01 3.637666670203593133e-01 9.837497784852475280e-02 -7.066724673871169204e-02 -1.821445390742222337e-01 -2.597231987344804649e-01 -7.262149894532095307e-02 -5.661931045742917279e-01 4.403509915294177152e-03 -3.767850724490204861e-01 1.656964104702756679e-01
-6.000000000000000000e+00 1.551434381133525997e-01 1.942565248598434047e-01 3.950377784249076707e-01 1.515497371594008436e-01 -8.662946891495719448e-02 -1.517662124408517277e-01 -2.313785675385041651e-01 -5.554402892888881532e-02 -4.759594114169143353e-01 1.208435653344025473e-01 -3.332233968315356232e-01 1.859229788626436952e-01
-5.500000000000000000e+00 2.414894699557960378e-01 2.485585117803474353e-01 4.340875064160643615e-01 2.642122608064388922e-01 2.433298827583113555e-04 -9.173756041896977131e-02 -2.888298852091355506e-01 -3.762703743758070291e-02 -4.015507470842031856e-01 1.538996327494056293e-01 -3.738505397156881571e-01 2.313526074136501576e-01
-5.000000000000000000e+00 1.881738400128622479e-01 2.112085566221754696e-01 3.631248421401984672e-01 2.813889767076109272e-01 -5.714013524671018862e-02 -6.040884548421894540e-02 -2.359762616138870728e-01 -7.094387360633278017e-02 -2.325492216470124718e-01 2.287023325983226218e-01 -2.972368317991267439e-01 1.553254236038575375e-01
-4.500000000000000000e+00 1.254994276620215732e-01 1.969840990722545593e-01 2.694198669200960072e-01 3.447962291535596746e-01 -8.946454293033941074e-02 -4.078027168341791242e-02 -2.670176842364775371e-01 -3.933781724844320066e-02 -1.467322890922822809e-01 3.083921232643636601e-01 -3.221734862102045294e-01 1.151549260903833860e-01
-4.000000000000000000e+00 1.297702056038142759e-02 1.454109030889250420e-01 1.622970376823952288e-01 3.227701041620375522e-01 -1.495783504893516414e-01 -8.295952253987738667e-02 -2.137207374838558105e-01 -2.977068925907282865e-02 -4.593170855393247098e-02 3.446492574679491661e-01 -2.624726948128588422e-01 3.515754480183161390e-02
-3.500000000000000000e+00 -1.682913056305198468e-02 9.380756158322783866e-02 1.300244722190834756e-01 3.307355053869528994e-01 -7.902023089895546248e-02 -4.349443176612664830e-02 -3.452207955258932426e-01 -5.999113318924179095e-03 1.443988763642201079e-02 2.997350115252130909e-01 -3.859791158179002313e-01 7.488797852430709168e-02
-3.000000000000000000e+00 -1.285450439528489641e-01 -3.954368040111350818e-02 6.082012852389630242e-02 2.110131480798731474e-01 -6.901364507247570446e-02 -9.869620636573041284e-02 -3.854991996810477328e-01 -4.194198049588181154e-02 9.234651631443133862e-03 1.343603763071575807e-01 -4.296331962815596595e-01 1.695490815518094566e-02
-2.500000000000000000e+00 -8.026661864794046308e-02 -3.058444560474048862e-02 8.272064234159076657e-02 2.015293311762808570e-01 5.629183257594816414e-02 -3.724460188088228596e-02 -4.836207492369082317e-01 -8.475853990623223588e-02 -6.255176730517716943e-02 4.073106806248937006e-02 -5.819530174069429407e-01 6.084203628564641836e-02
-2.000000000000000000e+00 -2.349422291424364817e-02 -4.695781269964193622e-02 1.206422193722069269e-01 1.372355454918759710e-01 7.287613899348757696e-02 -4.819861573448107339e-02 -5.196247853436727349e-01 -1.532126441856471732e-01 -1.399850842447399324e-01 -6.356435573272846418e-02 -6.138647324257833215e-01 1.002658303743846485e-01
-1.500000000000000000e+00 1.432941282345372436e-01 1.073304617325288313e-01 3.068503521765765241e-01 2.289437473871253070e-01 1.624924879073092465e-01 5.014293017540134845e-02 -5.457535532842981985e-01 -5.235438744604394706e-02 -9.920614672130549649e-02 -1.099230982733420958e-01 -7.115408608650068967e-01 2.521758334937328483e-01
-1.000000000000000000e+00 2.775074977281788424e-01 1.968089470431127475e-01 4.397427504896069816e-01 2.552693560946613371e-01 2.306920596828913594e-01 6.937514601669109160e-02 -4.565505842343302034e-01 -1.858754917620225253e-02 -1.406506857100993657e-01 -1.911381729940757057e-01 -6.423391614586007048e-01 3.510325529057846117e-01
-5.000000000000000000e-01 4.449455175254277139e-01 3.651574233973242656e-01 6.437633268076972115e-01 3.747327597116902886e-01 3.627540205217383296e-01 2.404202829866133873e-01 -3.887453646455530931e-01 9.154430854661120553e-02 -5.976500410575055766e-02 -1.632061793228716251e-01 -6.712780417077139905e-01 5.299649675319195730e-01
0.000000000000000000e+00 5.808708860861508949e-01 4.898510768473372523e-01 7.782690153787074072e-01 4.503629302657361499e-01 4.449115321710994664e-01 3.381357944146701766e-01 -1.797887392970564102e-01 1.277344787733107612e-01 5.735272671767064484e-02 -1.308746473321588943e-01 -4.423346962153660300e-01 6.476847019219070800e-01
5.000000000000000000e-01 7.033476718983668885e-01 6.024349610978861902e-01 8.660592247776464081e-01 5.321073933712241466e-01 4.927116240102790701e-01 4.045217058728609039e-01 -1.334941618798908824e-01 1.446186761758088968e-01 1.604533284012436001e-01 7.463582401542612210e-02 -4.554057876498158186e-01 7.422998225737128530e-01
1.000000000000000000e+00 7.854345678481873261e-01 6.773001012859528602e-01 8.682063840265734633e-01 5.692542791629728871e-01 4.894835815245710542e-01 4.093129903266153335e-01 -4.821969682727852979e-02 1.430019385018241329e-01 2.088811465361535002e-01 2.701931489036200618e-01 -3.369572931526315651e-01 7.749930451605215875e-01
1.500000000000000000e+00 8.411539708622643996e-01 7.796783243478042635e-01 8.821688988613174409e-01 6.961831482540468130e-01 6.119708674048086605e-01 5.180943211017849936e-01 9.143665822672208954e-02 2.499959661162708402e-01 4.463186081318866183e-01 4.489052580156784877e-01 -2.348875297916416804e-01 8.537551542713541775e-01
2.000000000000000000e+00 8.076504436810315601e-01 8.044154562048420054e-01 7.613304356081860291e-01 7.310749668917431165e-01 6.675333255781611408e-01 5.505188517234889112e-01 1.168346752829274027e-01 3.044178002995161503e-01 5.264391702292626762e-01 5.731706566342188447e-01 -1.555565933826671687e-01 8.361238473919276881e-01
2.500000000000000000e+00 7.644669927038094670e-01 8.260532370623963061e-01 6.078833643566005085e-01 8.110663172913085139e-01 7.679439005175119348e-01 6.613151690149007278e-01 2.065504290980305080e-01 4.386204935771349511e-01 5.456868626075288553e-01 6.703571296466173113e-01 -8.893130866097626042e-02 7.968676184525638195e-01
3.000000000000000000e+00 6.375527920566373963e-01 7.490390328921697760e-01 3.583629524856863924e-01 7.997782492912293151e-01 7.652019910279876935e-01 6.573775711777798403e-01 2.068987670649473365e-01 4.456421754343519726e-01 4.099333576056843897e-01 6.810714353395155296e-01 -6.078256978762746482e-02 6.748145284709141656e-01
3.500000000000000000e+00 5.977798476516792414e-01 6.776299665960897611e-01 2.505494382887140659e-01 7.595212764317674781e-01 7.725656892122871877e-01 6.774914352590432065e-01 2.492285149270956901e-01 5.242786243620050080e-01 3.805699934843277954e-01 6.353410900979442610e-01 -6.022202580914928077e-02 6.686779981526272953e-01
4.000000000000000000e+00 4.976069545456821008e-01 5.354693046350220698e-01 1.424048464771748013e-01 6.506630181929379253e-01 6.937276412399584480e-01 6.193793529492011007e-01 2.308087636415884214e-01 4.696732308879382201e-01 2.312685037806643251e-01 5.243808308829301934e-01 -7.295719678493337024e-02 6.144411561474396599e-01
4.500000000000000000e+00 4.707048494701412400e-01 5.198730877112789361e-01 1.641189361557858495e-01 6.515126772983950154e-01 6.844904648247822632e-01 6.859381289965709172e-01 3.081643923734198598e-01 5.239361453952930958e-01 1.595163792829262794e-01 4.581691890280968349e-01 -3.088200154684115489e-03 6.151881999440438342e-01
5.000000000000000000e+00 4.511004272968320850e-01 4.706191265666383461e-01 2.414358713934164902e-01 6.017593777768821539e-01 6.011982214348385867e-01 6.827054628229974886e-01 3.268487066440090016e-01 4.769182149519608505e-01 9.705777800477698170e-02 2.727794662856753982e-01 5.016760970795147712e-02 5.901428251637416134e-01
5.500000000000000000e+00 4.912211719048009684e-01 4.551923643027249167e-01 3.500154896805457994e-01 5.770204258511226758e-01 5.104019462898902182e-01 6.249255399029105540e-01 3.233222722146621986e-01 4.210370144439634643e-01 1.411654302657231186e-01 1.622465065905506765e-01 8.062978463537037732e-02 5.626936300856995032e-01
6.000000000000000000e+00 5.256720358192155107e-01 4.257941321632848775e-01 4.118973187212298104e-01 4.857245459045189673e-01 3.995029026897936597e-01 5.109331125883921354e-01 2.478609483434690286e-01 2.980971789735971100e-01 1.113786133529033606e-01 1.121046924431571834e-01 6.326925544081075936e-02 5.008324989098288382e-01
6.500000000000000000e+00 5.732216075501967989e-01 4.719998659111639405e-01 4.630243661290079915e-01 4.704155781903203160e-01 3.626267351253462667e-01 4.744046844786196648e-01 2.143930229441523561e-01 3.425290085136714624e-01 2.411553688621784208e-01 1.678590048629274856e-02 5.762310401486857303e-02 4.459439375638645231e-01
7.000000000000000000e+00 5.621893857754756141e-01 5.350404225601664843e-01 4.709026409303654348e-01 4.662427000818245570e-01 3.220706492361208317e-01 4.196750777961709145e-01 2.236123473858900867e-01 3.911704864032548579e-01 3.767072893187229932e-01 1.301914257188709935e-03 1.107507339700076060e-01 3.484895878846293593e-01
7.500000000000000000e+00 5.486327769055379111e-01 5.865182850793455582e-01 4.750799716197343647e-01 5.310830377742210562e-01 3.151528562292811309e-01 3.920050266042318099e-01 3.253720746129827313e-01 5.259234768674161398e-01 6.158259556733542972e-01 -2.429760706983090379e-02 2.522500474604694731e-01 3.020453039920537042e-01
8.000000000000000000e+00 4.626501100048485138e-01 5.072005085847735018e-01 3.538582015962816185e-01 4.684436536008276253e-01 2.387711961834718954e-01 2.430217603928020165e-01 3.091580328366648756e-01 4.787984152247196645e-01 7.095924360543174325e-01 -5.873679615266795551e-02 2.879552205837637713e-01 1.677398681355651566e-01
8.500000000000000000e+00 4.032578112425300176e-01 3.586944382518624241e-01 2.377374789936578525e-01 3.976763609519462506e-01 1.696861921816550378e-01 1.028786427936778936e-01 2.272222263339275239e-01 3.319440122038133101e-01 7.673718747443334376e-01 -1.551712490472608452e-01 2.081405528486298118e-01 7.641968047808617159e-02
9.000000000000000000e+00 2.809778033827562971e-01 1.714411410955474224e-01 3.771130060662543360e-02 2.617443434941011948e-01 7.766439178860663761e-02 -2.553498360316147631e-02 8.584171685948360775e-02 1.565592000495729941e-01 7.440136996648050172e-01 -1.664748339334678473e-01 7.333259782760583045e-02 -4.308580770660467435e-02
9.500000000000000000e+00 1.710462282091467501e-01 8.995582776713251238e-02 -9.116395492959095126e-02 2.186106864232393310e-01 4.497317348754115152e-02 4.971440808733674360e-03 1.254827727007290228e-01 1.076343963698733752e-01 6.737799334007008589e-01 -9.359218411703676410e-02 7.349518528303024267e-02 -5.032180835025855392e-02
1.000000000000000000e+01 -2.489438827862237164e-03 -4.091315340690124952e-02 -2.881595408737983588e-01 1.284277894114585761e-01 -1.838535481838464089e-02 3.989526889342669136e-02 1.367680016487026751e-01 9.519553069438210779e-02 4.454048614248733440e-01 6.320310784477507250e-03 8.960913004616678779e-02 -1.328881125621579895e-01
1.050000000000000000e+01 -8.167170921771199632e-02 -9.334258131529260538e-02 -3.818384483333734924e-01 1.102209773874676252e-01 -6.542881356183544855e-03 1.233480379603924121e-01 2.099342664958804838e-01 1.527364361526501180e-01 1.807015087249218832e-01 5.830477437983244693e-02 7.537151282671475383e-02 -1.264203187679045493e-01
1.100000000000000000e+01 -1.977934819924914156e-01 -2.090420340245767172e-01 -4.793017810106001697e-01 -3.701126165899682602e-02 -1.026953247953833470e-01 1.390643045020646951e-01 2.107860162652822889e-01 1.209948560905205750e-01 -1.561581299211932949e-01 -3.756796975432207669e-02 -2.128757935893252004e-02 -1.797310687094952342e-01
1.150000000000000000e+01 -2.167837693816890843e-01 -2.356380140037484805e-01 -4.041168613973128987e-01 -1.680815301897946035e-01 -1.940984799488811863e-01 1.154076843662555640e-01 1.490051320401543644e-01 -1.371725017638691577e-03 -3.723694817033134097e-01 -1.690490658397161838e-01 -1.631973022001137474e-01 -1.474202848595405069e-01
1.200000000000000000e+01 -2.643461578443851989e-01 -2.139915989359453541e-01 -3.214422157046005202e-01 -3.143813067921240045e-01 -3.055575415990035015e-01 7.743032593086188187e-02 6.054461235663323448e-02 -8.116273287871799552e-03 -5.639439307539688695e-01 -2.005495828527372737e-01 -3.037762489551837364e-01 -1.176630254098122719e-01
1.250000000000000000e+01 -2.640176341535173665e-01 -1.266801337434752261e-01 -1.352059945425603538e-01 -3.398704649731300043e-01 -3.736620743278490919e-01 1.121605300359377819e-02 -1.146621628606090820e-01 -1.307515411278634826e-02 -5.731800941077390688e-01 -6.420945471320263498e-02 -3.645178300678707517e-01 -1.530186102958793967e-02
1.300000000000000000e+01 -3.139482432320422900e-01 -1.562792773225146759e-01 -7.076425145174133902e-02 -3.969163903496315537e-01 -4.083262434846074984e-01 -1.732714828019014386e-01 -2.769135777695610479e-01 -1.027561929309597916e-01 -5.908419232333059767e-01 -1.356536345300272950e-01 -4.702416796793206233e-01 -5.657900396000190013e-02
1.350000000000000000e+01 -2.971154317859232563e-01 -2.044889137660141909e-01 -9.567568898238100472e-03 -3.601808079973515264e-01 -2.974616048481708575e-01 -3.207602145498132939e-01 -2.772319898546489192e-01 -2.521927620174997942e-01 -4.826844624868652511e-01 -3.160410037178923437e-01 -1.997487874208088154e-01 -8.840292038001229535e-02
1.400000000000000000e+01 -3.353002673239344200e-01 -3.333739725107101037e-01 2.364982922899516032e-02 -3.973240307407984728e-01 -2.990000441818225219e-01 -5.619517289673052751e-01 -4.449987610154800821e-01 -4.685004850169384172e-01 -4.095994120706961672e-01 -4.924990369607310514e-01 -2.756983529763625262e-01 -2.274201441042284777e-01
1.450000000000000000e+01 -3.018570325215459427e-01 -3.520483496356031639e-01 1.605179158340839241e-01 -3.499131766838594615e-01 -2.517010050883999872e-01 -6.281766838166356060e-01 -4.480666753487467791e-01 -5.423504674634366252e-01 -2.230653777668802351e-01 -4.077708160475470578e-01 -1.469149151326982483e-01 -2.385642584165157953e-01
1.500000000000000000e+01 -3.210450523049238059e-01 -3.842217876242229879e-01 1.991305709776630406e-01 -3.356097085999921736e-01 -2.098150363536874785e-01 -6.425419832602359271e-01 -6.283881092848798700e-01 -5.446027371407309303e-01 -1.298938369141703908e-01 -1.824666376685862290e-01 -2.808306466543251112e-01 -2.815317476324823431e-01
