# time shift (tau) 	 correlation coefficient 	 number of simulations: 40000	 FR: True	 RSS: True
-1.000000000000000000e+01 1.825000000000000000e+03
-9.000000000000000000e+00 7.300000000000000000e+01
-8.000000000000000000e+00 2.000000000000000000e+00
-7.000000000000000000e+00 5.000000000000000000e+00
-6.000000000000000000e+00 2.900000000000000000e+01
-5.000000000000000000e+00 1.280000000000000000e+02
-4.000000000000000000e+00 4.400000000000000000e+01
-3.000000000000000000e+00 7.000000000000000000e+00
-2.000000000000000000e+00 5.000000000000000000e+00
-1.000000000000000000e+00 0.000000000000000000e+00
0.000000000000000000e+00 1.700000000000000000e+01
1.000000000000000000e+00 1.850000000000000000e+02
2.000000000000000000e+00 6.182000000000000000e+03
3.000000000000000000e+00 2.256200000000000000e+04
4.000000000000000000e+00 4.597000000000000000e+03
5.000000000000000000e+00 2.035000000000000000e+03
6.000000000000000000e+00 1.400000000000000000e+02
7.000000000000000000e+00 8.100000000000000000e+02
8.000000000000000000e+00 1.163000000000000000e+03
9.000000000000000000e+00 2.100000000000000000e+01
1.000000000000000000e+01 1.200000000000000000e+01
1.100000000000000000e+01 2.200000000000000000e+01
1.200000000000000000e+01 1.000000000000000000e+00
1.300000000000000000e+01 0.000000000000000000e+00
1.400000000000000000e+01 1.400000000000000000e+01
1.500000000000000000e+01 1.210000000000000000e+02
