# # time shift (tau) Cont4010 Cont4200 Cont4440 Cont4765 Cont5100 Cont5600 Cont6045 Cont6110 Cont6880 Cont7390 Cont8015 Cont8900
-1.000000000000000000e+01 -1.072234094062445298e-01 4.198894253937430349e-02 7.183545073593992913e-02 7.422814046447641367e-02 1.622561601836154666e-01 8.164068430418963684e-02 1.985621655249321937e-01 2.521999749489638870e-02 3.562162171065232780e-02 2.040799016089709164e-02 -2.789232658302813819e-02 -1.433079240120298595e-02
-9.000000000000000000e+00 -1.340016356041681678e-03 1.161645461752708330e-01 1.254277357714023711e-01 1.240044450896190531e-01 1.855958689588553812e-01 1.056831894694986451e-01 1.569700055938265948e-01 2.481240509858909787e-02 5.805492481370692903e-02 6.575016246412843102e-02 -2.048704926242377738e-02 2.380788896616069239e-02
-8.000000000000000000e+00 2.478940468815145071e-01 3.115097055426890860e-01 3.293784560478111301e-01 3.090427074028515575e-01 3.588092920484891035e-01 2.534675844479388207e-01 2.533626277881821931e-01 2.022133865218970483e-01 1.751500075242777010e-01 1.553452917786413146e-01 8.865587204944092026e-02 4.527160499915854064e-02
-7.000000000000000000e+00 3.828747618406803666e-01 4.459511158094545680e-01 4.727103662069309653e-01 4.490111445083878605e-01 4.838935506837770406e-01 4.216442174890148720e-01 4.295147738123316072e-01 3.545938916107753691e-01 3.017351707555372409e-01 2.058142751486195521e-01 1.466141752850844138e-01 7.454745816243102396e-02
-6.000000000000000000e+00 5.432888308662344734e-01 5.807014912993058164e-01 5.847657289711725159e-01 5.581544806337807030e-01 6.041314985754349109e-01 5.998282468754967400e-01 5.691824033743182465e-01 5.004003309600866256e-01 4.825279721948996237e-01 4.169533067654344616e-01 3.549507339581328136e-01 3.056011196901054494e-01
-5.000000000000000000e+00 6.210427198472462385e-01 6.094975555960802094e-01 6.159899414249758731e-01 5.873498549626596787e-01 6.254095605536174052e-01 6.309790292769190678e-01 6.114318049470567340e-01 5.382470828731521495e-01 5.266630152866720316e-01 4.434717824186066304e-01 4.381313050367451334e-01 3.596552997018503950e-01
-4.000000000000000000e+00 5.727494231638466937e-01 5.451119436429957554e-01 5.559795548805672727e-01 5.237061006924095263e-01 5.692268808759251009e-01 5.858741810250072124e-01 5.436858264895758630e-01 4.691623086915145957e-01 4.534442214990239695e-01 3.632130499813678304e-01 3.545637389862765221e-01 2.949332480368249687e-01
-3.000000000000000000e+00 6.986824512608948989e-01 6.499024397996087110e-01 6.619322070566056038e-01 6.247264455129259986e-01 6.525859928915203056e-01 6.418158555527124776e-01 5.917219570245322302e-01 5.693116736204479889e-01 5.602405621097517052e-01 4.989432446668707888e-01 4.891448063363607601e-01 4.607595868186490917e-01
-2.000000000000000000e+00 8.096410029800582553e-01 7.813707144683876837e-01 7.933724476137501425e-01 7.702004482686504172e-01 7.782847789267193228e-01 7.446811915723718922e-01 7.020270478262733427e-01 7.184026993064580591e-01 6.827610544652724656e-01 6.117828494467643097e-01 6.037213332702553448e-01 5.477162976608908052e-01
-1.000000000000000000e+00 8.843013528842648130e-01 8.817308220716995049e-01 8.914179232821412002e-01 8.681756604762949081e-01 8.816880419522575840e-01 8.770196409304032992e-01 8.104971202654547291e-01 8.287028192435534901e-01 8.107498772722940839e-01 7.521500036824199098e-01 7.225655714959035025e-01 7.008770077629642437e-01
0.000000000000000000e+00 1.000000000000000000e+00 9.843022640866820883e-01 9.821439450061780763e-01 9.801108749229255901e-01 9.786476478570099724e-01 9.646178886654602769e-01 9.425778770185267996e-01 9.692575909131525558e-01 9.551438022638432113e-01 9.197362940664419728e-01 9.085466706878732035e-01 8.825396028894618716e-01
1.000000000000000000e+00 8.843013528842648130e-01 8.936218024821469541e-01 9.092711916554980789e-01 8.943407625922550341e-01 9.159529356150485357e-01 9.287786305307348389e-01 9.417953811017308885e-01 9.223319504523630474e-01 9.167541655550788260e-01 8.740857418809369062e-01 8.596420098310680880e-01 8.498107856856393916e-01
2.000000000000000000e+00 8.096410029800582553e-01 8.295688916209570385e-01 8.302799513607088677e-01 8.053470302132429426e-01 8.392656833374076975e-01 8.319652743328815880e-01 8.716698476809175977e-01 8.502805478817352380e-01 8.977446370053387970e-01 9.004462965605575242e-01 8.802343303193755908e-01 9.082080875962033062e-01
3.000000000000000000e+00 6.986824512608948989e-01 7.169256090590718777e-01 7.405184837538969500e-01 6.749546077439081415e-01 7.195024925632527157e-01 6.963071081636420523e-01 7.721204183629972739e-01 7.479270415820841178e-01 7.975007342764169893e-01 8.220781377045147664e-01 8.199760703121705685e-01 8.418484067552427508e-01
4.000000000000000000e+00 5.727494231638466937e-01 6.333178356496801387e-01 6.436743390703210110e-01 5.953751127831570233e-01 6.162658172500583564e-01 5.750384754252422237e-01 6.622847314527686713e-01 6.540440686664826808e-01 6.785767037279706315e-01 7.095716855992317829e-01 6.457045211883998270e-01 7.109757433873176158e-01
5.000000000000000000e+00 6.210427198472462385e-01 6.793969027542567929e-01 6.708477915331800823e-01 6.376814110203099517e-01 6.378914966661676234e-01 6.409762948572242935e-01 6.770063829959862556e-01 6.876322194546800048e-01 7.138233803237288289e-01 7.480141194803611171e-01 6.970020157789738047e-01 7.603164831013077274e-01
6.000000000000000000e+00 5.432888308662344734e-01 6.056458398562047929e-01 6.028035618133238405e-01 5.880358747851670564e-01 5.762591364319871179e-01 5.776188874116233718e-01 6.200112644848088106e-01 6.236936056752672153e-01 6.113716680429432948e-01 5.971514676947016209e-01 5.837761263530916178e-01 6.154727211523050023e-01
7.000000000000000000e+00 3.828747618406803666e-01 4.691935212393565924e-01 4.587749105510466330e-01 4.753087095227316317e-01 4.603732800067014685e-01 4.867848949056632346e-01 4.581176570019614425e-01 4.490574943746078462e-01 4.823608772752594476e-01 4.387232545926523786e-01 4.261382275077011395e-01 4.917788063917133967e-01
8.000000000000000000e+00 2.478940468815145071e-01 2.988138871078843684e-01 3.056974367505123080e-01 2.940714676055044552e-01 3.010078196167995657e-01 2.829294729973401701e-01 2.821717920466824125e-01 2.691031552737465082e-01 3.097404266845137366e-01 2.911259469158630764e-01 2.789268143806296618e-01 3.746201218639590991e-01
9.000000000000000000e+00 -1.340016356041681678e-03 3.496560085574632049e-02 1.189104006726842133e-01 5.601011843051384442e-02 5.027837774188798764e-02 1.099916079266188840e-02 2.570725417930485451e-02 2.540071795852547748e-02 3.364068207469089050e-02 1.454115347692915006e-03 -2.018615444589056535e-02 4.366482747126256003e-02
1.000000000000000000e+01 -1.072234094062445298e-01 -7.316134593331088953e-02 -4.369417059025878375e-02 -1.093553657428647796e-01 -1.114203735056586431e-01 -1.321445575906968761e-01 -1.142690367591672196e-01 -1.249468979167836502e-01 -6.381774518680549679e-02 -3.617233586110477073e-02 -2.392834059306721967e-02 1.873433239587257021e-02
1.100000000000000000e+01 -4.406352096635122312e-02 -6.573429253377389980e-02 -4.755907235981379072e-02 -1.122362930797767833e-01 -1.461120820748739169e-01 -9.680266901309222960e-02 -1.601049851949237213e-01 -9.196296576579823800e-02 -6.969226011896417772e-02 3.737734460653622387e-03 3.531828049615403503e-02 -2.942232968802128285e-02
1.200000000000000000e+01 -6.139884233424435650e-02 -6.469065471928100997e-02 -1.384248522101473589e-01 -7.807947094766071183e-02 -1.872825038865237879e-01 -8.218522438620974591e-02 -1.202515489442444602e-01 -7.574308833238299621e-02 -9.017023633211249112e-02 -7.450643464879153077e-02 -6.606630081456249526e-02 -1.302839869858856137e-01
1.300000000000000000e+01 -3.279230136814623164e-02 -1.170857678251845391e-01 -1.719990210952407894e-01 -6.044828686835490572e-02 -9.862499758704776354e-02 -4.179648325074638432e-02 -8.098984199197351019e-02 -6.409675108255166731e-02 -1.242178833244166891e-01 -1.110621998756766426e-01 -1.065938946553169758e-01 -1.692153359754834108e-01
1.400000000000000000e+01 -6.103366718523334233e-02 -1.811505198476466849e-01 -1.570932505530596157e-01 -1.148674103974444971e-01 -7.787595615529047111e-02 -1.711701354236786210e-01 -9.249226556388077947e-02 -1.291861868947395409e-01 -2.274969744249441816e-01 -3.285205917811947485e-01 -3.390290671131092615e-01 -3.835190589093265268e-01
1.500000000000000000e+01 3.180271479225096204e-02 -5.213699637547471177e-02 -4.383846040422954143e-02 -1.214564888621744165e-02 1.431583638403995939e-01 -5.950831745764440656e-02 4.624022528865374265e-02 -4.072940567245545568e-02 -1.381285697688051650e-01 -2.452698262581660682e-01 -2.164676542338740961e-01 -2.809264670241715667e-01
