# # time shift (tau) HDelta HGamma HeII4685 HBeta HeI5875 HAlpha HeI5015 OI8446
-1.000000000000000000e+01 6.743863394992011262e-02 2.727640913314960391e-01 1.957302739306926789e-02 2.304466065238004735e-01 -1.927482248215358906e-01 -1.203999447045779048e-01 -1.255620109954438124e-01 4.567577977860280691e-02
-9.000000000000000000e+00 -1.322081957572833755e-01 1.181689104536106788e-01 -1.151672814884580343e-01 9.499655530218481525e-02 -2.275632003300303019e-01 -9.467847379237440131e-02 -1.982206908695848813e-01 1.515905375349387296e-01
-8.000000000000000000e+00 -2.143877037992358014e-01 2.183904519847996994e-02 -5.543206378922832522e-03 5.170748750579275133e-03 -2.689697893118355720e-01 -1.864933647424018015e-01 -3.209851764499113691e-01 -4.090072307450253603e-02
-7.000000000000000000e+00 -2.175318912085859313e-01 -7.488080962671148089e-02 1.252379750461006247e-01 -1.261868995731307563e-01 -3.916147006698425526e-01 -2.733174825697891053e-01 -4.361158371689934921e-01 -2.160707716499309372e-01
-6.000000000000000000e+00 -4.546903735811518021e-02 6.021635767229298331e-02 3.309775289587120195e-01 2.851572057670646171e-02 -1.909790726161111341e-01 -1.316308559284020685e-01 -4.118862277025855390e-01 -3.393738469401059998e-02
-5.000000000000000000e+00 9.989626354383407403e-02 1.487121226788036821e-01 3.980632805022055742e-01 1.754638024739888780e-01 -8.083654455622793500e-02 -1.444766547103763232e-01 -4.673139492597537803e-01 -8.076049796795589653e-02
-4.000000000000000000e+00 1.470067717724354295e-01 1.666284201777822882e-01 3.734597082246863264e-01 2.898557784586390795e-01 -1.087395229805722674e-01 -1.878702581043112108e-01 -5.010670596949260425e-01 -1.369899363835886119e-01
-3.000000000000000000e+00 1.658021113598885377e-01 2.124723553056840908e-01 3.356789565634605288e-01 4.238728166585891133e-01 2.256867610402479019e-01 5.784367027147463425e-02 -4.208930844385694314e-01 1.422104602652417005e-01
-2.000000000000000000e+00 3.975463675597532553e-01 2.775199897559594842e-01 4.568231452801829739e-01 4.351691361398342117e-01 3.500486709759360049e-01 1.877171260541878883e-01 -4.655837429078951706e-01 8.849274658661639148e-02
-1.000000000000000000e+00 5.607232479305900297e-01 4.488246918509739558e-01 6.332193429766617143e-01 5.186014040911997025e-01 4.490674177382305565e-01 3.211476399621764344e-01 -3.787712498381633486e-01 1.618456871337725644e-01
0.000000000000000000e+00 6.993180324037308049e-01 6.523522473983780490e-01 8.218370022214303017e-01 6.566595125557230794e-01 6.163821805985155722e-01 5.247430511452160218e-01 -8.555827720256514723e-02 3.247844255600864649e-01
1.000000000000000000e+00 8.167953452384061341e-01 7.228698988540327441e-01 7.759793242030816884e-01 7.064689298505513193e-01 6.573732357520960523e-01 5.502229681264916294e-01 -6.273834230647812316e-02 2.667140120500431921e-01
2.000000000000000000e+00 8.412092503005960120e-01 8.400151447378108038e-01 6.870201267171504034e-01 8.215742306865067013e-01 7.437096226555950373e-01 6.146578809266234344e-01 -6.677379903682248430e-02 4.766437986227891610e-01
3.000000000000000000e+00 7.085632247892623692e-01 7.930552128520720334e-01 3.747318238667681767e-01 9.071032163592958053e-01 7.756414396256761101e-01 7.049483758946242240e-01 4.207525697244879348e-02 5.299679228493551220e-01
4.000000000000000000e+00 5.893702677319166972e-01 5.292304549872641761e-01 2.378851060924107863e-01 7.228231015002301030e-01 6.816429229284438618e-01 5.843738704705229159e-01 2.386682609133329580e-02 3.869604327237857189e-01
5.000000000000000000e+00 5.813671792548483763e-01 5.822340702664466905e-01 3.406823919826680314e-01 7.308486842774961634e-01 6.515350081997411946e-01 7.234833802706076566e-01 1.789295283981629237e-01 5.582714187475735779e-01
6.000000000000000000e+00 6.138020919301823142e-01 5.321759848787603886e-01 4.242607003866131210e-01 6.124518692879915571e-01 4.881519211798531765e-01 5.514715231541493790e-01 1.891740329882389549e-01 3.650747258624204572e-01
7.000000000000000000e+00 6.024213705888690207e-01 5.352160957343211622e-01 4.246665060998192076e-01 4.422528377396577337e-01 3.327539902491197799e-01 3.736365601111935053e-01 8.021928384324836236e-02 2.829060648028438041e-01
8.000000000000000000e+00 4.456849314413325880e-01 5.730780728164749371e-01 2.736671550859104407e-01 4.706081709546945380e-01 2.252315432786530791e-01 2.722413831799496142e-01 2.419833622740072410e-01 5.378638504266997078e-01
9.000000000000000000e+00 1.888269270892322382e-01 1.430026041430677020e-01 -1.098554331494129982e-01 1.475119288153527997e-01 4.642978119553817229e-03 -9.859079150619851073e-02 1.749857826457355825e-02 5.742057523528970586e-02
1.000000000000000000e+01 -1.304990017234195498e-01 -1.277131421218478669e-01 -3.169618287595977746e-01 -8.048532650242065656e-02 -1.890738990826720534e-01 -3.566045132638425569e-02 -1.055480537344645336e-01 -5.583653184537790137e-02
1.100000000000000000e+01 -2.502971483500623928e-01 -1.886399905700222313e-01 -4.351171743976335882e-01 -1.069725297160114136e-01 -1.360206141000200042e-01 1.196867909894998305e-01 -1.356838961231678770e-02 1.015328316924831026e-01
1.200000000000000000e+01 -2.763542038792670130e-01 -2.993406573856094988e-01 -2.169952893814235673e-01 -3.564959267805338228e-01 -2.381347068560856484e-01 -1.871507834364157311e-03 -5.096673227664614420e-02 -1.763056937655957945e-01
1.300000000000000000e+01 -2.606496719654275429e-01 -1.662769636421318753e-01 6.208141795454454048e-02 -3.445924912771303750e-01 -3.176061425414444805e-01 -1.148719784463084065e-01 -5.211061470082516411e-01 -1.106559897079167562e-02
1.400000000000000000e+01 -2.071889396759787616e-01 -2.620897865077271849e-01 1.332746649664894034e-01 -2.810786946725982727e-01 -1.275796609591145769e-01 -4.459677586624615220e-01 -3.889740355907403413e-01 -3.204720085592323020e-01
1.500000000000000000e+01 -1.480970964747585494e-01 -2.496865708006929530e-01 3.963890653133061437e-01 -1.674179182408746525e-01 -9.182553030525339444e-02 -5.232665829448831518e-01 -4.385177609031561952e-01 -4.985096603002259763e-01
