# time shift (tau) 	 correlation coefficient 	 number of simulations: 10000	 FR: True	 RSS: True
-1.000000000000000000e+01 7.730000000000000000e+02
-9.000000000000000000e+00 1.690000000000000000e+02
-8.000000000000000000e+00 9.800000000000000000e+01
-7.000000000000000000e+00 5.200000000000000000e+01
-6.000000000000000000e+00 1.300000000000000000e+01
-5.000000000000000000e+00 0.000000000000000000e+00
-4.000000000000000000e+00 0.000000000000000000e+00
-3.000000000000000000e+00 0.000000000000000000e+00
-2.000000000000000000e+00 0.000000000000000000e+00
-1.000000000000000000e+00 0.000000000000000000e+00
0.000000000000000000e+00 3.140000000000000000e+02
1.000000000000000000e+00 3.550000000000000000e+02
2.000000000000000000e+00 1.609000000000000000e+03
3.000000000000000000e+00 5.710000000000000000e+03
4.000000000000000000e+00 7.200000000000000000e+01
5.000000000000000000e+00 1.600000000000000000e+01
6.000000000000000000e+00 1.150000000000000000e+02
7.000000000000000000e+00 7.000000000000000000e+00
8.000000000000000000e+00 3.000000000000000000e+00
9.000000000000000000e+00 1.800000000000000000e+01
1.000000000000000000e+01 1.800000000000000000e+01
1.100000000000000000e+01 9.500000000000000000e+01
1.200000000000000000e+01 2.600000000000000000e+01
1.300000000000000000e+01 2.300000000000000000e+01
1.400000000000000000e+01 2.120000000000000000e+02
1.500000000000000000e+01 3.020000000000000000e+02
