# # time shift (tau) Cont4010 Cont4200 Cont4440 Cont4765 Cont5100 Cont5600 Cont6045 Cont6110 Cont6880 Cont7390 Cont8015 Cont8900 Cont1150
-1.000000000000000000e+01 -6.044706827365958768e-02 4.318042568672994519e-02 9.632568545941569416e-02 9.416432014923546701e-02 1.471038221594030970e-01 5.939885186765176545e-02 1.505219730326824989e-01 -1.033187205092399308e-02 -6.998659055314077060e-03 -3.997453374303881757e-02 -6.310463152421069699e-02 -6.731833739893726409e-02 -2.431770824297063149e-01
-9.000000000000000000e+00 1.187442112273033451e-01 1.892754037500548603e-01 1.972525174128675896e-01 1.913596832217246413e-01 2.277189184135022804e-01 1.154238520697622866e-01 1.509431509055246812e-01 4.845438436701234031e-02 8.880911233305999186e-02 8.658571202291323599e-02 1.877269373987817958e-02 2.856927363181588353e-02 -9.302963215187701196e-02
-8.000000000000000000e+00 3.503167853967771306e-01 3.753631106880092050e-01 4.034488630005871324e-01 3.587079720128553140e-01 3.997403558603284113e-01 3.035079236287179238e-01 2.676363828312925408e-01 2.334346222575559016e-01 1.983932841735876751e-01 1.504067621108396702e-01 1.204336872394923263e-01 1.356617449660343921e-02 1.481253430799722715e-01
-7.000000000000000000e+00 5.277166232577220617e-01 5.619526768768701164e-01 5.875126283955607320e-01 5.676339975408256633e-01 5.719825110388201406e-01 5.120664110190241702e-01 5.400453030233307583e-01 4.779628090234290250e-01 4.264742905552169616e-01 3.219361574963935380e-01 2.765094590238059702e-01 1.991339785099122683e-01 2.835632011774711914e-01
-6.000000000000000000e+00 6.470703005745890302e-01 6.679157094233638681e-01 6.661221751512869105e-01 6.628036115712799825e-01 6.909914758680517632e-01 6.843084498853163611e-01 6.584040824566879113e-01 6.073993841082347966e-01 5.973193567231356305e-01 5.574934118042245146e-01 4.810947025283826561e-01 4.266599404006275464e-01 3.964733610048877810e-01
-5.000000000000000000e+00 6.821537504909865879e-01 6.659516020519432589e-01 6.707612932772231140e-01 6.372065594660768495e-01 6.843246931580354575e-01 6.796281711475176124e-01 6.583444451511855089e-01 5.903850272514116204e-01 5.917441006496069189e-01 5.130634898735318972e-01 5.106316237482295683e-01 4.396647572142355909e-01 4.607056176377297696e-01
-4.000000000000000000e+00 6.579285229969602522e-01 6.252979018376964016e-01 6.483582527077178526e-01 6.050468865639513361e-01 6.537283586443293215e-01 6.581986914860423754e-01 6.442478631435681891e-01 5.749465101217856589e-01 5.673350381798585307e-01 4.957535979330033871e-01 4.992520573401032502e-01 4.578935506793131438e-01 4.311997551847119303e-01
-3.000000000000000000e+00 7.079508233666639283e-01 6.778427750951445674e-01 6.908477766282614674e-01 6.520603170925355352e-01 6.842513966831484939e-01 6.744976432147603562e-01 6.562938614391363723e-01 6.208088518994883120e-01 6.211824415202142902e-01 5.756646301542870381e-01 5.555623223885920448e-01 5.530363152896213830e-01 5.036970796655725335e-01
-2.000000000000000000e+00 8.256673757879409159e-01 8.134199290396404436e-01 8.125404347776339353e-01 7.823757399187964978e-01 8.068765401558432027e-01 7.856148027090664732e-01 7.272058115504436149e-01 7.426164975513449562e-01 7.269882633617651413e-01 6.804974502272912451e-01 6.639578353312584058e-01 6.290644726108749474e-01 7.291552112993336943e-01
-1.000000000000000000e+00 8.999002549850109167e-01 8.990643103953901427e-01 9.067049027566104202e-01 8.851161383570862462e-01 8.979529878635716944e-01 8.904284610120216659e-01 8.296297726338531797e-01 8.532643920735825116e-01 8.293280191775065369e-01 7.818653747484156646e-01 7.561166770462599551e-01 7.426269067256271450e-01 8.525582107681233257e-01
0.000000000000000000e+00 9.801108749229255901e-01 9.865941538833306046e-01 9.854342687671576728e-01 1.000000000000000000e+00 9.880606917266999689e-01 9.680916426284738030e-01 9.498643022970094663e-01 9.823535941831684770e-01 9.580357458762008838e-01 9.161940056446147285e-01 8.845882422844925097e-01 8.700920882116094379e-01 9.019945858543272355e-01
1.000000000000000000e+00 8.695406917896946197e-01 8.830229160571332336e-01 8.988012064401353918e-01 8.796438715961718557e-01 9.055888184127232066e-01 9.203802283749906721e-01 9.422193658172965947e-01 9.109723007747506651e-01 9.188864475441782531e-01 8.766079231683843176e-01 8.594602986959817281e-01 8.553270001889630159e-01 7.364637623663827792e-01
2.000000000000000000e+00 7.463380833511704671e-01 7.571664813943064232e-01 7.749739484011557433e-01 7.251886405818066539e-01 7.789684721043184101e-01 7.867938796827270709e-01 8.305217935321866918e-01 7.837744492368032834e-01 8.492956538468781069e-01 8.540495751391521395e-01 8.662335468749861045e-01 8.701206654333579760e-01 5.025426237187834433e-01
3.000000000000000000e+00 5.914765698091866142e-01 6.048756053424533263e-01 6.273939506748842376e-01 5.656640270402111259e-01 6.104278256698307814e-01 5.959069561468809395e-01 6.739130251455723863e-01 6.332159440789278948e-01 7.073292242807024399e-01 7.511891091342701721e-01 7.420877616549126365e-01 7.825268676078988017e-01 3.593909413601994451e-01
4.000000000000000000e+00 4.647573020619034656e-01 5.147522829859065840e-01 5.069643468150032417e-01 4.650501287118856686e-01 4.938878375742226101e-01 4.576187242289839752e-01 5.308236847720961826e-01 5.236401501620646659e-01 5.519360882235364585e-01 6.104317869176622002e-01 5.258798072106519728e-01 6.004055313314369258e-01 2.865886638618194704e-01
5.000000000000000000e+00 5.536508105477008224e-01 5.978902769897240788e-01 5.916809696100151506e-01 5.563715055145902477e-01 5.515562892129289851e-01 5.579031872362342215e-01 5.693037060879784228e-01 5.897440168016516715e-01 5.968730154900900864e-01 6.128796026579735878e-01 5.662480820668774895e-01 6.118269340784765475e-01 4.826088604348900968e-01
6.000000000000000000e+00 5.086869698493166059e-01 5.628021894750662169e-01 5.565320223120618914e-01 5.595310805351844108e-01 5.413464285237294948e-01 5.546557942034064936e-01 5.581147808444069103e-01 5.655201993134175709e-01 5.432214776074898444e-01 5.105538012128537639e-01 5.113728370814889512e-01 5.187643858291856036e-01 5.316371761664673290e-01
7.000000000000000000e+00 4.109531952078024353e-01 4.815960317724881090e-01 4.501297196469061790e-01 4.914237699629004918e-01 4.671041372701647543e-01 5.078518521849320067e-01 4.364694298010121098e-01 4.413791452215640732e-01 4.678634978447231418e-01 4.141155802167362787e-01 4.003033787119755771e-01 4.429016411167993050e-01 5.176365425347297933e-01
8.000000000000000000e+00 3.007978921342351897e-01 3.230646063471224738e-01 3.173981231214129117e-01 3.332325330603057023e-01 3.350564874262558224e-01 3.407053597417193935e-01 2.990649656005564538e-01 2.873161317782438329e-01 3.071250356909721591e-01 2.595793500376445406e-01 2.589159100199632801e-01 3.212410108603457326e-01 4.058535422266766335e-01
9.000000000000000000e+00 1.149812339282823975e-01 1.008550065672129403e-01 1.883110380803226236e-01 1.495104334714481564e-01 1.531692068261612527e-01 1.232433497928878685e-01 1.097770548369730037e-01 9.932899948504506082e-02 1.038221123555677777e-01 5.935627889428614357e-02 6.131549896985126480e-02 1.085972969662405696e-01 1.047513602878076544e-01
1.000000000000000000e+01 3.218852701765819585e-02 4.917991519696524039e-02 8.087691053901710503e-02 2.359970883649506121e-02 2.774002899938340233e-02 -4.655906082352730124e-03 -1.183145033040161609e-02 1.123897989257743868e-03 5.123295515431419700e-02 6.673892311730211802e-02 8.823927459147068442e-02 9.641057807010082470e-02 -4.604811455984506724e-02
1.100000000000000000e+01 1.275620007915945764e-01 1.302760490775794477e-01 1.350773669771152541e-01 7.424580793233645504e-02 3.922502560426902735e-02 8.347916669210506124e-02 3.197446389832700464e-02 9.163285344790969567e-02 1.211551410473114126e-01 1.752521935950941967e-01 2.119142872380449238e-01 1.505290330122288078e-01 1.512025586452025172e-01
1.200000000000000000e+01 1.897643074421958287e-01 1.709098805226271223e-01 1.266186338921864163e-01 1.625030502781952546e-01 6.504217066019225835e-02 1.767716687177001422e-01 1.256577279943361658e-01 1.681394377920930605e-01 1.638318635830057768e-01 1.956675992153069921e-01 2.093012738397884709e-01 1.482992192488142846e-01 2.508915536743411834e-01
1.300000000000000000e+01 1.888473467277667073e-01 1.089397114421445933e-01 4.776089963248027204e-02 1.619747749659732616e-01 1.023649763989016998e-01 1.623198261607025628e-01 1.206006519793013099e-01 1.538188306131742789e-01 9.433924777618336865e-02 1.035054812381222544e-01 1.093569397326641657e-01 3.826370161471445708e-02 1.656698032236542939e-01
1.400000000000000000e+01 1.417659857553656422e-01 3.643864574122868127e-02 2.233669958233026887e-02 9.551207845214516878e-02 1.317185922770716389e-01 6.934849290523850684e-02 1.222111465135961583e-01 8.765467930781223327e-02 -1.319478007371922834e-02 -1.124806331990762936e-01 -1.080311455872747517e-01 -1.743290178157744785e-01 1.127914971081568074e-01
1.500000000000000000e+01 2.514464446082980142e-01 1.616302435986397279e-01 2.031772931378156843e-01 2.137127713055539946e-01 3.520414831731935035e-01 1.767074493960295867e-01 2.726821853412314534e-01 1.906995664826117431e-01 1.069738389751981600e-01 -1.037618899960936897e-02 6.453303534085547133e-03 -5.057425282095293073e-02 1.306182326903173874e-01
