# # time shift (tau) Cont4010 Cont4200 Cont4440 Cont4765 Cont5100 Cont5600 Cont6045 Cont6110 Cont6880 Cont7390 Cont8015 Cont8900 Cont1150
-1.000000000000000000e+01 -5.043789530205901317e-02 5.078524203950803007e-02 9.721424223328094250e-02 8.924380789628240385e-02 1.500798196478741742e-01 5.474832930132556008e-02 1.055883304935637118e-01 -2.134121753460985205e-02 -2.750234450871093250e-02 -4.346258919292216027e-02 -6.504415859369212793e-02 -8.256329570754772362e-02 -2.193178788743732344e-01
-9.000000000000000000e+00 9.967509715051874053e-02 1.602091770030416029e-01 1.745349367283433040e-01 1.677076653384481641e-01 1.860972049148634511e-01 1.072320575331706521e-01 1.400362519166319930e-01 1.469901079857538484e-02 4.851239911676653860e-02 2.766389971186203334e-02 -4.649890903904965733e-02 -2.552360117225234426e-02 -9.082683384676473737e-02
-8.000000000000000000e+00 3.490596844317721548e-01 3.663360864922234894e-01 3.818969462565025008e-01 3.437365394648436157e-01 3.893012554617497623e-01 2.993684647368728968e-01 2.364808121640573080e-01 2.092697641835601363e-01 1.647367854743418403e-01 1.189295111078438050e-01 1.008094857577804260e-01 -1.336036783933755578e-02 1.434006709628022902e-01
-7.000000000000000000e+00 5.181832984087657579e-01 5.247539847527686874e-01 5.634680965236862349e-01 5.253260085056798978e-01 5.349086660589272846e-01 4.985794298368917965e-01 4.842287656074969471e-01 4.116902060118710627e-01 3.616045495741524451e-01 2.320801909271598684e-01 2.148541689316425529e-01 1.184738934528150045e-01 2.864414145315378746e-01
-6.000000000000000000e+00 6.826080085666391684e-01 6.973483118749851384e-01 6.844757672105901136e-01 6.783940609810326094e-01 7.041955837776100458e-01 6.962914381688286580e-01 6.371537396720330371e-01 6.073934317307083663e-01 5.884123899095354826e-01 5.317141866604911948e-01 4.709003643745120482e-01 3.991537620317293644e-01 4.629291824111135822e-01
-5.000000000000000000e+00 7.283679140114039940e-01 6.924739914411042196e-01 7.099611836285041333e-01 6.710159499884371659e-01 7.103402703026012732e-01 7.229515328284750186e-01 6.674406448907620470e-01 6.114823213072790864e-01 6.046290964574476678e-01 5.140441880163394428e-01 5.080686570069042896e-01 4.357393270403062679e-01 5.257324922442201398e-01
-4.000000000000000000e+00 7.049322680823010279e-01 6.669076885537237320e-01 6.791233519014583386e-01 6.350819301115102622e-01 6.786948613559129484e-01 6.891854829580041919e-01 6.588622873266770652e-01 6.071589538921302598e-01 5.926965256710708951e-01 5.117761608056904388e-01 5.212910601961102675e-01 4.718400655552276168e-01 5.131998098485934801e-01
-3.000000000000000000e+00 8.018932489304919642e-01 7.656374239418041183e-01 7.777723064949042531e-01 7.523878398313272875e-01 7.737250225370588819e-01 7.618168755990205598e-01 7.196452798589793032e-01 7.165008742081482307e-01 7.097890198514131832e-01 6.608995933545003254e-01 6.516523358006842681e-01 6.292155870279285690e-01 6.124764659599408745e-01
-2.000000000000000000e+00 8.841648340683081475e-01 8.836080939028790882e-01 8.817410920157952026e-01 8.659276396596325975e-01 8.832140612641704580e-01 8.491735702251028695e-01 8.124942232478643556e-01 8.349843448537216384e-01 8.149148296589523444e-01 7.679204868793672034e-01 7.366847129601823418e-01 7.055172013734607450e-01 8.076879479519536442e-01
-1.000000000000000000e+00 9.489299019509687128e-01 9.516723199606077488e-01 9.626981499732476522e-01 9.478753244473954176e-01 9.547536969228079817e-01 9.390501147766782131e-01 9.109967634772331291e-01 9.390410786506215857e-01 9.147285869765040545e-01 8.765118754181095984e-01 8.435825234245428739e-01 8.297447152697173811e-01 8.752164171395545589e-01
0.000000000000000000e+00 9.425778770185267996e-01 9.564944927452460055e-01 9.624687772532370955e-01 9.498643022970094663e-01 9.658936499055653657e-01 9.650997373762838505e-01 9.999999999999997780e-01 9.815096649037003962e-01 9.735951631186335886e-01 9.412437475510168072e-01 9.207004418106492505e-01 9.165630219806710777e-01 7.844638465063619170e-01
1.000000000000000000e+00 7.964290003972703813e-01 8.200543922810523689e-01 8.319479414224708602e-01 7.928974277298654894e-01 8.372631438453311814e-01 8.527436739376748065e-01 8.935341501151800037e-01 8.493119705279841281e-01 8.967268576220975840e-01 8.948528646583843171e-01 8.911850275842827518e-01 8.952606863260935688e-01 5.938134465533747575e-01
2.000000000000000000e+00 6.629367610435863423e-01 6.876100940359879399e-01 6.880563740702504427e-01 6.308371162025766532e-01 6.943732185997698592e-01 7.048386691949510841e-01 7.517294464897146256e-01 6.909267260601639205e-01 7.766839440455556298e-01 8.019332387227569026e-01 7.959601825980928691e-01 8.364895325804817539e-01 4.123603877036641219e-01
3.000000000000000000e+00 5.475261537139022305e-01 5.796172315344403358e-01 6.027742935332893737e-01 5.515169474954810802e-01 5.743174678144961076e-01 5.383849531694659962e-01 5.941820988624674227e-01 5.930324133643913864e-01 6.263696364100432845e-01 6.649188920593491758e-01 6.067948698176861555e-01 6.880463348817489333e-01 3.675776730476328358e-01
4.000000000000000000e+00 4.920522536645434153e-01 5.593325461335768578e-01 5.608189770299853993e-01 5.292508734288390304e-01 5.366666601981509022e-01 5.060880307098417630e-01 5.562910300417762688e-01 5.490797986542923503e-01 5.464805144586664110e-01 5.503874463691567076e-01 4.554587354278981648e-01 5.369871830796818513e-01 3.537319951183683364e-01
5.000000000000000000e+00 5.874030659126440179e-01 6.557070539187326297e-01 6.356228706803042083e-01 6.062651680873598625e-01 6.058545787519198367e-01 6.171721227853109726e-01 5.813866670194820507e-01 6.014816104812031883e-01 6.198778032345599875e-01 6.014429182377922789e-01 5.935513982732205651e-01 6.110743407254902726e-01 6.036337838131293765e-01
6.000000000000000000e+00 5.372048025292829321e-01 5.770697354554787939e-01 5.749963707173619820e-01 5.850503415191093959e-01 5.536292014481931645e-01 6.048130309625777690e-01 5.311931324069490978e-01 5.440100016552680273e-01 5.489425543355148651e-01 5.003205900024193520e-01 5.120241738808570808e-01 5.277768731217442610e-01 6.313741498294583865e-01
7.000000000000000000e+00 4.044580393627242865e-01 4.467121926901961304e-01 4.175385661352203348e-01 4.841469494265924212e-01 4.317122940064170300e-01 4.756706772930865412e-01 4.042374354463251773e-01 4.158616857305925119e-01 4.330452118909307035e-01 3.834232510148812834e-01 3.594463291844677277e-01 4.268768561095691583e-01 5.203498042590944950e-01
8.000000000000000000e+00 2.566953373896860846e-01 2.378688546969476847e-01 2.778800270451792231e-01 2.740666871634296342e-01 2.710873016364301336e-01 2.578008639568690752e-01 2.199560663137935523e-01 2.232006055815169421e-01 2.258517499263190120e-01 1.787214782858587148e-01 1.830661742328893171e-01 2.181136833174119327e-01 2.604464311759458472e-01
9.000000000000000000e+00 1.571245885115194196e-01 1.304800454721768976e-01 2.125219876648290485e-01 1.249556755899545041e-01 1.515168789398860794e-01 1.024066895589166026e-01 9.859369618570967830e-02 9.377391395428923138e-02 1.119189258287054123e-01 6.499741437054915028e-02 1.277880612192702214e-01 8.146743702257520925e-02 9.936865944150571894e-02
1.000000000000000000e+01 2.067383483638146613e-01 1.991419499571066287e-01 2.138058688283797359e-01 1.700933653195175477e-01 1.516183187442460834e-01 1.463852443184458507e-01 1.148767715560208014e-01 1.592044371020476246e-01 1.848352100339140658e-01 2.288326780076224698e-01 2.573191096786582865e-01 1.886724639621996380e-01 1.811249375969724573e-01
1.100000000000000000e+01 3.423541957806522928e-01 3.058019115952383959e-01 2.587392638388039678e-01 2.851582646199953275e-01 2.126278799916324624e-01 2.915747236680825138e-01 2.608003761879415516e-01 3.038413377432522267e-01 2.826719311167392168e-01 3.389705187623524019e-01 3.140020056560141604e-01 2.590239300241534148e-01 3.779428818385715538e-01
1.200000000000000000e+01 4.075521847590248825e-01 3.377201281075039030e-01 2.832750436892796375e-01 3.669812099149156182e-01 3.113911484069553648e-01 3.840092799081019637e-01 3.467261435913041034e-01 3.661522320678375908e-01 3.094820464952952044e-01 3.034494300020686430e-01 3.284967083563820056e-01 2.458718968954130557e-01 3.846269711753607101e-01
1.300000000000000000e+01 3.611405155850215820e-01 2.700874101417959916e-01 2.628406291421119811e-01 3.374545721863906889e-01 3.647452794964169409e-01 3.301988339979715081e-01 3.441861564368710602e-01 3.194624426582019505e-01 2.463805022764951613e-01 1.698866571517821111e-01 2.091272451042133496e-01 1.408941343942594904e-01 2.481056397376780742e-01
1.400000000000000000e+01 3.674932696353226391e-01 3.598475365619704935e-01 3.713190971838354337e-01 3.859593186277185395e-01 4.579991970123547529e-01 3.230403282131049103e-01 4.005971545932621725e-01 3.694737241879940681e-01 3.188818645132029395e-01 2.170577723580811302e-01 2.076800184149955875e-01 1.658648876419560325e-01 4.102074453885796168e-01
1.500000000000000000e+01 5.361616681819449948e-01 4.764577120684697631e-01 5.268783914066702545e-01 4.788520835271476428e-01 5.833977778653617330e-01 4.714916929866637130e-01 5.602614597571768940e-01 4.888992353777752986e-01 4.440887655366379527e-01 4.085978258360781767e-01 3.566603379506135818e-01 3.537892653797719555e-01 4.386195343165445459e-01
