# # time shift (tau) UVW2 Cont1150_not_optical_calibrated LyAlpha_not_optical_calibrated HBeta_not_optical_calibrated OI8446_not_optical_calibrated Cont1460_not_optical_calibrated
-1.000000000000000000e+01 -3.953014603484504841e-01 -1.573262401844955152e-02 -3.878993382611782836e-01 2.454110389150598315e-01 4.268181993994754064e-01 -4.091315340690339364e-02
-9.599999999999999645e+00 -3.135876505831389771e-01 8.829042876412492025e-02 -3.637537407463314887e-01 2.400570946656555571e-01 4.484032845684698954e-01 7.157973565353294154e-02
-9.199999999999999289e+00 -1.318669013135820856e-01 1.436826061191482096e-01 -3.476034913965249662e-01 2.232929580517144241e-01 3.769900524028455546e-01 1.421831826036872581e-01
-8.799999999999998934e+00 -7.029565521774082393e-02 1.850233644759622376e-01 -2.967877357012244088e-01 1.566673179776514879e-01 2.659018796798136020e-01 1.985588964363477205e-01
-8.399999999999998579e+00 1.667377974595226076e-01 3.603719178005201362e-01 -1.282028619760059995e-01 2.330594060692520175e-01 4.323278549939290616e-01 3.935937516475612186e-01
-7.999999999999998224e+00 1.797885838023271787e-01 4.732263122035388903e-01 -4.176534357194972014e-02 2.446483369006290376e-01 3.916454152414363676e-01 5.072005085847735018e-01
-7.599999999999997868e+00 3.381109596180089660e-01 5.477170267715951724e-01 7.786791443951260328e-02 2.223308189595268325e-01 2.401128428890706712e-01 5.862268330613962242e-01
-7.199999999999997513e+00 4.373303780087247628e-01 5.149472317971195423e-01 1.306931185481600144e-01 2.349409477410277503e-01 7.404115477579255311e-02 5.655603220430346356e-01
-6.799999999999997158e+00 5.147590658454572754e-01 4.317253407677534294e-01 1.816901352334337472e-01 2.178670054200619044e-01 -5.059264961622108453e-02 4.844032523197594475e-01
-6.399999999999996803e+00 5.200050467302197443e-01 4.186849027775090271e-01 2.225485808841138891e-01 2.134031219495342024e-01 -9.832320897673108018e-02 4.680270029725882019e-01
-5.999999999999996447e+00 4.810813453106658200e-01 3.760336640609486247e-01 2.018549017315998673e-01 1.276061588657098345e-01 -1.585209237977127650e-01 4.257941321632870979e-01
-5.599999999999996092e+00 5.222607733965678456e-01 4.230801287500233210e-01 1.937069422737878466e-01 1.192053141090115009e-01 -2.029679425124238101e-01 4.441568095015243633e-01
-5.199999999999995737e+00 4.868655952134967047e-01 4.679325666042839504e-01 1.819408397817403877e-01 1.348416027322357214e-01 -1.850766895693916059e-01 4.725030762196658074e-01
-4.799999999999995381e+00 5.462400776238338640e-01 4.864913495634859419e-01 1.599354552721194422e-01 1.176886126023243551e-01 -1.188889460692376110e-01 4.774531052250322039e-01
-4.399999999999995026e+00 5.553415847572231723e-01 5.413831554016239611e-01 1.962131642447555169e-01 7.047137561235616854e-02 -2.356799749847495185e-01 5.288801940461400619e-01
-3.999999999999994671e+00 6.222606116747797511e-01 5.456284635203434430e-01 2.332611241776465227e-01 7.458367531976733966e-03 -2.536483734047239591e-01 5.354693046350231800e-01
-3.599999999999994316e+00 7.146808484434375996e-01 6.423486486226319681e-01 4.121256987075275768e-01 1.896323742903913145e-01 -1.900189944271601927e-01 6.510327798470314509e-01
-3.199999999999993960e+00 8.101622942159829588e-01 7.105976533217233104e-01 5.385187040958967497e-01 3.091064658489345307e-01 -1.277491642953308415e-01 7.339160189614529761e-01
-2.799999999999993605e+00 8.695689301024300821e-01 7.573706852103114784e-01 6.532178304432951776e-01 4.778792912431951700e-01 1.870255924854308943e-02 7.953258478443754331e-01
-2.399999999999993250e+00 8.761796601389684191e-01 7.808945503865786231e-01 7.694508234895771626e-01 6.195396935913899394e-01 1.249336147284194620e-01 8.281384890060941029e-01
-1.999999999999992895e+00 8.766298002375469967e-01 7.440064863902452474e-01 8.200361880698816552e-01 6.880328678866607373e-01 1.965881272822423420e-01 8.044154562048413393e-01
-1.599999999999992539e+00 8.195271599088511660e-01 7.266400189447816960e-01 8.730545036287600258e-01 7.435330565336069064e-01 3.382033553549641525e-01 7.919487995443168504e-01
-1.199999999999992184e+00 7.883702380802998233e-01 6.512159191862603169e-01 8.599243745787090720e-01 6.999757322806415827e-01 3.226097636159881432e-01 7.245133732490649514e-01
-7.999999999999918288e-01 7.276549713496476279e-01 5.733977010977577837e-01 8.461985822107118693e-01 7.144124759922090284e-01 4.161307103843720490e-01 6.582754791989686716e-01
-3.999999999999914735e-01 6.087124708570457177e-01 4.776112435878330231e-01 8.308124501010528684e-01 7.518626998633185510e-01 5.620678054973905491e-01 5.781557721513060910e-01
8.881784197001252323e-15 5.219249832404134759e-01 3.808348028265772234e-01 7.750153160187376322e-01 7.265899660886470102e-01 6.144626037276782471e-01 4.898510768473378629e-01
4.000000000000092371e-01 4.109368229950860485e-01 2.863175744723911453e-01 7.319701829673928017e-01 7.594333594104778484e-01 6.784285706019588247e-01 3.884177799115789975e-01
8.000000000000095923e-01 2.901828253980781591e-01 1.957430389892983458e-01 6.449663055239587273e-01 7.400041420783375345e-01 6.170355883536713382e-01 2.877512093697240925e-01
1.200000000000009948e+00 2.511335649304454187e-01 7.114912208484185097e-02 5.283815001097151853e-01 6.608064993472250181e-01 5.577512918151873444e-01 1.516101828788715133e-01
1.600000000000010303e+00 8.590607882847367538e-02 7.440444353743483341e-03 4.447225098953996314e-01 5.952776597358621080e-01 5.257465379337007416e-01 9.080700849947205555e-02
2.000000000000010658e+00 8.055530795222506923e-02 -1.209797468291473749e-01 2.682689096654333749e-01 3.890781647115094666e-01 3.635473703172301674e-01 -4.695781269964022925e-02
2.400000000000011013e+00 -7.433509793870715643e-02 -1.010942432874734204e-01 1.780149878020675924e-01 3.680839136167824988e-01 4.272798276237607662e-01 -3.544097568819100375e-02
2.800000000000011369e+00 -8.793315721398904661e-02 -6.877393136251032379e-02 8.480203159512694766e-02 3.287406116344490092e-01 4.286414047234696767e-01 -1.366782179171933953e-02
3.200000000000011724e+00 -1.422447221278073659e-01 -1.916022761027487420e-03 -9.107630624234339112e-02 2.044926798858764105e-01 3.687903021588435082e-01 1.479315567297698891e-02
3.600000000000012079e+00 -1.097688211240053363e-01 1.286879535019699317e-01 -1.444555370809933736e-01 1.474803279213585117e-01 2.004711417208039914e-01 1.184858367314560734e-01
4.000000000000012434e+00 5.531777720976149837e-02 1.771265387482503506e-01 -2.313257004201554889e-01 -4.306505409772506260e-02 -5.675320463620391748e-02 1.454109030889269849e-01
4.400000000000012790e+00 1.148684858866654140e-01 2.155657147527520467e-01 -1.740487684429643245e-01 3.155419113099099115e-03 1.026787805433566764e-01 1.893775304001668880e-01
4.800000000000013145e+00 1.265257690807429225e-01 2.178188397637305096e-01 -1.164009319441706991e-01 4.309719021952668899e-02 2.545364045650772011e-01 1.981872763677691163e-01
5.200000000000013500e+00 7.361400846226601180e-02 2.600594224811150212e-01 -8.713311770870327266e-02 1.223381338804005181e-01 3.476277450322948770e-01 2.298868065858503673e-01
5.600000000000013856e+00 4.286789517805695421e-02 2.904794743206012830e-01 -7.236377902898875891e-02 1.880321281261765065e-01 3.435180454389884508e-01 2.506902037813869555e-01
6.000000000000014211e+00 -1.231214839229734237e-02 2.408483839500311641e-01 -1.033253640331557449e-01 1.865963306639245034e-01 2.463306898137974654e-01 1.942565248598449867e-01
6.400000000000012790e+00 -2.579536644882728449e-02 2.340076099764523687e-01 -1.378741717358515917e-01 2.288357199417700438e-01 2.092208224407928752e-01 1.773170550134397228e-01
6.800000000000014921e+00 -7.229497499175147057e-02 1.794861650221697968e-01 -1.715213330395208013e-01 2.197260901114869436e-01 1.078345054405047132e-01 1.175446853281016807e-01
7.200000000000017053e+00 -1.563403151415213715e-02 1.232516676707109543e-01 -1.994237849548431418e-01 1.644603905617864625e-01 1.552697933000396491e-01 5.193608989984734720e-02
7.600000000000015632e+00 -3.202307914145023637e-02 1.034197218856227340e-01 -1.175219285322810225e-01 1.638285021266084884e-01 2.766097340575449093e-01 4.260701602127797694e-02
8.000000000000014211e+00 -3.800286542445724391e-02 6.124181943126087713e-02 -8.404415746803163556e-02 8.792391009631875254e-02 2.880050506657340081e-01 2.372694636875426893e-02
8.400000000000016342e+00 -6.958516177571575159e-03 9.994301391266458001e-02 -5.048834792773331664e-02 -2.485346197981152389e-02 8.195078309007974848e-02 9.136059622273032255e-02
8.800000000000018474e+00 1.541673116465019228e-02 1.192283119334273667e-01 -3.415701155782983889e-02 -1.301495911530721750e-01 -1.192646267824787887e-01 1.359116275037088040e-01
9.200000000000017053e+00 6.659923579464482879e-02 1.339617739019507425e-01 2.971034199634127806e-02 -1.633883958196149511e-01 -2.342450848680825981e-01 1.832422806489918954e-01
9.600000000000015632e+00 1.207699304724483558e-01 1.334742321335498083e-01 1.087256496056802912e-01 -1.582088725393480944e-01 -3.105329890617088973e-01 2.155041721794849208e-01
1.000000000000001776e+01 1.632441944988595739e-01 1.312606437786929259e-01 1.431937527293975498e-01 -2.543721389445835479e-01 -4.109925300338376219e-01 2.254706455744402427e-01
1.040000000000001990e+01 3.402270018186289713e-01 2.350494636829993933e-01 1.917499284452463815e-01 -2.993290584546785538e-01 -4.678259881557957911e-01 3.131166730510582807e-01
1.080000000000001847e+01 3.867159911817549256e-01 2.608381950947067929e-01 1.946627480828181933e-01 -2.966454805253716520e-01 -3.610645521842202332e-01 3.275331423844791146e-01
1.120000000000001705e+01 3.554207800336744993e-01 4.335961990794888754e-01 3.332918671371317143e-01 -1.605737999764847157e-01 -3.055045873925684163e-01 4.765053935298126930e-01
1.160000000000001918e+01 4.485773398856132133e-01 4.999372253001480582e-01 3.383155207525918584e-01 -8.658489793991108741e-02 -2.563038829001877406e-01 5.044134267444200237e-01
1.200000000000002132e+01 4.568221100673639512e-01 5.057774943819127733e-01 3.548489131033695787e-01 -4.937211160351055034e-02 -2.929094461418302875e-01 4.829641221856674216e-01
1.240000000000001990e+01 5.562183790510648596e-01 5.035188453222955163e-01 4.528143979829210020e-01 9.073037533634319141e-02 -2.209295735722959231e-01 4.691206424067940750e-01
1.280000000000001847e+01 5.804700730724317026e-01 4.753825798899836141e-01 5.174609864166256346e-01 2.264926683006946995e-01 -1.082109886476550209e-01 4.212281717305327855e-01
1.320000000000002061e+01 5.963700969255173456e-01 5.286789962560702882e-01 5.777964585640691375e-01 3.742948506647043039e-01 -1.162353037009166562e-01 4.565506741928494483e-01
1.360000000000002274e+01 6.503774433875610939e-01 5.138772662226301913e-01 5.586569078023152501e-01 4.622921696622782628e-01 -7.634740071871487510e-02 4.398417329929652508e-01
1.400000000000002132e+01 6.936366139284890764e-01 5.856827143347798081e-01 6.171568356710493974e-01 5.880780097947421181e-01 2.321957184549962305e-02 5.311341749239351095e-01
1.440000000000001990e+01 6.279133758061454795e-01 6.214000096760889935e-01 5.986199647185853623e-01 6.223132277695868630e-01 1.368505363946604103e-01 5.629107150544265803e-01
1.480000000000002203e+01 6.382642629020991443e-01 6.174259016280304602e-01 5.763945013789508742e-01 6.215545197934030375e-01 1.074208568536037661e-01 5.908412763864484551e-01
1.520000000000002416e+01 6.942765476500056820e-01 6.614997675409927114e-01 5.540683781494075699e-01 5.826439846603024275e-01 2.527172279934138399e-01 6.637870755219531516e-01
