# # time shift (tau) HDelta HGamma HeII4685 HBeta HeI5875 HAlpha HeI5015 OI8446 HeI4471 HeI7065 OIII5007
-1.000000000000000000e+01 1.335203970074785862e-01 -6.478310761908391557e-03 1.081806093303356864e-01 1.812710972323645087e-01 -3.503810648625215185e-01 -1.453057908988141800e-01 1.279013776748517267e-02 6.358754682268216718e-02 4.025456843123886297e-01 8.234474761700052992e-02 -7.403138771430742282e-02
-9.000000000000000000e+00 -1.560354163135060923e-02 -7.160286681779903795e-02 -1.354693483000801169e-01 1.164701641611543548e-01 -3.543851802521769123e-01 -1.195009459598534302e-01 -6.185858263565775089e-02 1.410757697721587989e-01 3.265052263524739207e-01 1.629092674938654728e-01 -1.636984850987422413e-01
-8.000000000000000000e+00 -3.074782281400431083e-01 -2.067134192830329398e-01 -1.477277773988371901e-01 -3.003304512105053198e-02 -2.556794063294813846e-01 -1.156735599442007822e-01 -2.316726639052739956e-01 1.686587764199026784e-01 -2.461594493167393316e-02 -3.312973795715620784e-02 -3.712295181666719346e-01
-7.000000000000000000e+00 -2.538110773127390529e-01 -2.083306633704659627e-01 7.941950597382091415e-03 -1.975949466292870327e-01 -3.570418523889369866e-01 -2.384959275240688403e-01 -2.911789069013850373e-01 -2.149617028101332983e-01 -2.704918132954788335e-01 -7.886087088061755068e-02 -4.772876043544214131e-01
-6.000000000000000000e+00 -1.797734066170534606e-01 -1.760073119977709905e-02 2.303905608058054444e-01 -7.026232373141372278e-02 -3.509690565631191084e-01 -2.109980843844263543e-01 -3.470990006920632309e-01 -2.641570608520620311e-01 -3.214307616288430425e-01 -2.389842203768982945e-02 -5.119249787503207250e-01
-5.000000000000000000e+00 -6.881405962455836023e-02 1.570127329476727618e-01 4.181360824137023702e-01 1.618244629456715156e-01 -2.616474927110029047e-01 -4.300811660533262332e-02 -3.760957810689803393e-01 -2.319792456222647403e-01 -1.395857903151994650e-01 3.807633639227608890e-02 -4.366747409734076935e-01
-4.000000000000000000e+00 -1.105047700180274151e-02 2.251996765164482051e-01 3.137432753071941471e-01 1.092214010289518367e-01 -2.189512813242390776e-01 -1.703569608081819120e-01 -5.259068928249091002e-01 -2.769122649657366209e-01 -1.517597723785546193e-01 5.618271687958317079e-02 -5.661309933753153611e-01
-3.000000000000000000e+00 9.082045277707126441e-02 4.104795070975589266e-01 4.623621944068495582e-01 2.243884224755447188e-01 2.023066706801999737e-01 1.057649695333795492e-02 -5.541649759864862856e-01 -9.224814355878455108e-02 -5.565048289965861955e-02 -2.686668714983201853e-02 -6.122032776065275961e-01
-2.000000000000000000e+00 4.474794968389233518e-01 4.777027229515969919e-01 5.767046930171932928e-01 4.387528151708152135e-01 4.535443648023270713e-01 2.408162470359002105e-01 -3.380838129537254710e-01 -1.430941456013097024e-01 -9.449718022616543367e-03 7.782205563856228747e-02 -5.249600884461157468e-01
-1.000000000000000000e+00 7.214120584611711795e-01 5.721651110329708523e-01 6.973413003507340502e-01 5.971818866660052461e-01 3.512766099235780093e-01 4.507884971938099783e-01 -9.210377355922919063e-02 1.471380910543149123e-02 1.302301763382125444e-01 2.543718210516271450e-01 -4.148619675285862840e-01
0.000000000000000000e+00 7.549215681105972964e-01 8.021664370917472864e-01 7.730022603808991422e-01 7.706790096099715992e-01 5.323413476590430626e-01 8.165506843692496020e-01 1.725327200191131283e-01 4.941907283337326207e-01 3.193915380569639639e-01 4.212977408867440432e-01 -1.756968912170757124e-01
1.000000000000000000e+00 7.828102529008975630e-01 7.810520870775169433e-01 5.799447507707973237e-01 7.758055342356657835e-01 4.601335760354690052e-01 7.750768141278415735e-01 2.990276979063873353e-01 5.180352608111086221e-01 2.716787224384236143e-01 5.485595106716461000e-01 -8.530566611426412815e-02
2.000000000000000000e+00 6.434052053202032884e-01 7.296708497956616579e-01 4.839257863777949309e-01 7.546234468030692533e-01 4.601235982856921036e-01 6.827834136984397562e-01 3.571016042390918743e-01 5.521383375833709417e-01 4.152762215329605100e-01 5.223730032639964938e-01 -1.726706592457759315e-02
3.000000000000000000e+00 4.507659236354736865e-01 4.658159863765811703e-01 2.246211231827416333e-01 7.700571122581023609e-01 4.892715715155501188e-01 6.209175501194560409e-01 2.332865862325868567e-01 5.412838459760080934e-01 4.148025024547384310e-01 4.159251449587157978e-01 3.412174850497973200e-02
4.000000000000000000e+00 4.656061287168473117e-01 1.779621722549251661e-01 1.439320755088847326e-01 5.390658709199799281e-01 3.716913966199061892e-01 4.382025140132927987e-01 1.595578371017352115e-01 3.585407286106907510e-01 2.558605928263186780e-01 9.387467850473407704e-02 2.148680761596002270e-02
5.000000000000000000e+00 3.717414317855876060e-01 4.087720219169838076e-01 3.388266550114524822e-01 5.318373800951039509e-01 1.876581653112708303e-01 5.737894040883941837e-01 2.857807752743248830e-01 5.742063664876079221e-01 3.309220849253008967e-01 -2.200252358223266785e-02 1.284436851286038517e-01
6.000000000000000000e+00 4.585408015663375858e-01 4.229884583058613479e-01 3.945240930325251139e-01 3.449013348092497822e-01 2.845326803223897222e-02 2.723309902685701056e-01 1.253950308674287584e-01 2.653875395004190452e-01 1.953470394254844533e-01 -1.604673391048732634e-01 -2.719821338348521467e-02
7.000000000000000000e+00 3.673267447466361246e-01 3.599668067837259455e-01 2.930462582793618154e-01 1.925846174618635054e-01 -2.357824455356367227e-02 2.733473495353947597e-02 6.113759627268369745e-02 6.073840648338136444e-02 4.353109626229388907e-01 -2.032155511705226458e-01 -1.626212513130764759e-01
8.000000000000000000e+00 1.212049446715503520e-01 3.005455638757369985e-01 7.661435357484072672e-02 2.938700807110659063e-01 -1.020216122087322375e-01 5.014126276751826317e-02 3.968929817213082134e-02 3.329764472934210184e-01 6.403433650593097770e-01 -2.020503604417038176e-02 -1.113954013271208771e-02
9.000000000000000000e+00 -5.030965119746535347e-02 -2.583594344149592326e-01 -3.619287471196384054e-01 -5.037869687767373983e-02 -1.229443474460143876e-01 -1.077746562174424910e-01 -1.790228027848215220e-01 1.331430325124211694e-02 1.648814022028216864e-01 -4.131970662500513702e-01 -2.003737788834082378e-01
1.000000000000000000e+01 -3.668595804529133364e-01 -3.601362458974617375e-01 -2.976430751736883762e-01 -3.758998574765439193e-01 -2.711385358106686572e-01 -1.334271243276782815e-01 -2.054468039094703435e-01 -2.490792155972654798e-01 -2.793626669346326308e-01 -4.414684630077067573e-02 -2.574903851859955406e-01
1.100000000000000000e+01 -4.411324974812278477e-01 -2.791587525209965892e-01 -1.111438231280957728e-01 -2.997702843470655965e-01 -1.217438075915933116e-01 -1.423193111181375592e-01 -2.903463999734540724e-01 -3.691765988250566011e-01 -7.116781300837033974e-01 1.258213415983821526e-01 -4.878589032300837403e-01
1.200000000000000000e+01 -1.870032368462513084e-01 -9.681097472157731976e-02 1.992419243264248740e-01 -2.547153930160945823e-01 2.986348087201941282e-02 -1.856653475381506435e-01 -1.505051330159844769e-01 -4.458299561491795293e-01 -6.377072029188237678e-01 -9.308045599766566480e-02 -4.021834320953174835e-01
1.300000000000000000e+01 4.981901064411016489e-02 2.781284580248738481e-01 3.624802399954830112e-01 -1.506598822731671644e-02 2.405574989156747390e-02 -1.244915189445145592e-02 -4.182263920460840279e-01 7.658547941987493834e-02 -1.973361156914830439e-01 3.194349223233587942e-01 -4.351304440472421597e-01
1.400000000000000000e+01 2.260058333407111153e-01 1.131436539585349010e-01 3.522374518175837022e-01 2.355679765634935974e-01 3.033804622183965405e-01 2.572133206857189769e-02 -2.382454521854621698e-01 -6.435221531497902631e-03 1.468483766782958944e-01 -7.538882130059093578e-02 2.084882771801583046e-01
1.500000000000000000e+01 2.704698477290379266e-01 1.328501625447744416e-01 5.332200252728245271e-01 3.380201241506949339e-01 3.315464395857724011e-01 1.117520355695839213e-01 6.810198925167640360e-03 -2.192839982507769903e-01 4.072565840243486668e-01 5.211263338746715545e-01 1.981133516413750850e-01
