# HeII1640_not_optical_calibrated timestamps [MJD], fluxes [ergs/s/cm2/A], fluxerrs [ergs/s/cm2/A]
5.758166000000000349e+04 2.128839447125143101e-13 8.942348086314883019e-16
5.758266000000000349e+04 1.298710989835531374e-13 0.000000000000000000e+00
5.758365000000000146e+04 2.122723655338198878e-13 8.124046782923328727e-16
5.758377999999999884e+04 1.306721200692348856e-13 0.000000000000000000e+00
5.758458000000000175e+04 1.279435924269529967e-13 0.000000000000000000e+00
5.758556999999999971e+04 6.965520954962425862e-14 0.000000000000000000e+00
5.758654000000000087e+04 8.756322558168374269e-14 0.000000000000000000e+00
5.758755999999999767e+04 1.282420180832607415e-13 0.000000000000000000e+00
5.758848000000000320e+04 2.026637341533940040e-13 9.089631939871930201e-16
5.758941000000000349e+04 1.731644395814540313e-13 0.000000000000000000e+00
5.759041000000000349e+04 1.635663966251423249e-13 2.672430728240691567e-16
5.759140000000000146e+04 1.662146616034915357e-13 0.000000000000000000e+00
5.759238999999999942e+04 1.094994879978796219e-13 0.000000000000000000e+00
5.759338999999999942e+04 1.297938617970291629e-13 0.000000000000000000e+00
5.759431999999999971e+04 1.486143012187553313e-13 0.000000000000000000e+00
5.759530999999999767e+04 1.471086022014768200e-13 0.000000000000000000e+00
5.759643000000000029e+04 1.805011699293335545e-13 0.000000000000000000e+00
5.759741999999999825e+04 1.024280313313812873e-13 0.000000000000000000e+00
5.759829000000000087e+04 1.334526034947444226e-13 0.000000000000000000e+00
5.759927999999999884e+04 1.540197483156614457e-13 2.490472346729515599e-16
5.760020999999999913e+04 6.831229523488227256e-14 0.000000000000000000e+00
5.760219999999999709e+04 9.929181925485568304e-14 0.000000000000000000e+00
5.760319000000000233e+04 1.229057616845146033e-13 0.000000000000000000e+00
5.760418000000000029e+04 8.174148990773139277e-14 0.000000000000000000e+00
5.760523999999999796e+04 8.482712985033007906e-14 0.000000000000000000e+00
5.760616999999999825e+04 8.851305773444645852e-14 5.244986398099731617e-16
