# OI8446_not_optical_calibrated timestamps [MJD], fluxes [ergs/s/cm2/A], fluxerrs [ergs/s/cm2/A]
5.758166000000000349e+04 8.706979720974042555e-14 4.803231217232247525e-16
5.758266000000000349e+04 8.725794765496517955e-14 4.177333692321075801e-16
5.758365000000000146e+04 8.498249011132097215e-14 4.012304183373394031e-16
5.758377999999999884e+04 8.632911268097164809e-14 4.725537840052318697e-16
5.758458000000000175e+04 8.635783655466560474e-14 4.231966068061575123e-16
5.758556999999999971e+04 8.581606769228803760e-14 3.560210877881337789e-16
5.758654000000000087e+04 8.168659458543154826e-14 3.424385118712703847e-16
5.758755999999999767e+04 8.595378362191993552e-14 3.016543730740554440e-16
5.758848000000000320e+04 8.247437765881584890e-14 5.228042475863517317e-16
5.758941000000000349e+04 8.448197590804601300e-14 3.638836372239159337e-16
5.759041000000000349e+04 8.553767447134903241e-14 5.328221018286010401e-16
5.759140000000000146e+04 8.630536490167403717e-14 4.402436859739796968e-16
5.759238999999999942e+04 8.275831108619192717e-14 4.551629086466854051e-16
5.759338999999999942e+04 8.433946400810521654e-14 3.704203383430079238e-16
5.759431999999999971e+04 8.143451980603992321e-14 4.455583568936341630e-16
5.759530999999999767e+04 8.535009745604721549e-14 3.978018935811512056e-16
5.759643000000000029e+04 8.192299850432030015e-14 3.165093449186394099e-16
5.759741999999999825e+04 8.226830476352354035e-14 4.002577540883368018e-16
5.759829000000000087e+04 9.004400562052976939e-14 4.113428998502749051e-16
5.759927999999999884e+04 8.386615677333843035e-14 3.399118494565398163e-16
5.760020999999999913e+04 8.552791830850825172e-14 4.462780148099270105e-16
5.760219999999999709e+04 8.280077626327260555e-14 3.990826519491806182e-16
5.760319000000000233e+04 8.541068128591426323e-14 3.857174158796588015e-16
5.760418000000000029e+04 7.974237000774969271e-14 4.122280408731638599e-16
5.760523999999999796e+04 7.870949231685336928e-14 3.108813793248007210e-16
5.760616999999999825e+04 8.026459462050665034e-14 2.664846043066739985e-16
