# SiIV1393_not_optical_calibrated timestamps [MJD], fluxes [ergs/s/cm2/A], fluxerrs [ergs/s/cm2/A]
5.758166000000000349e+04 3.549978368516418768e-13 2.775216846858427646e-15
5.758266000000000349e+04 3.423251075303989172e-13 2.327019474757450703e-15
5.758365000000000146e+04 3.010671941873038379e-13 1.083278966816055141e-15
5.758377999999999884e+04 3.160463040226741195e-13 7.812207773325736008e-16
5.758458000000000175e+04 3.108725367951091531e-13 1.345755304858302297e-15
5.758556999999999971e+04 2.797266912678815193e-13 7.276024339457447754e-16
5.758654000000000087e+04 2.193389016470531152e-13 3.275421505297724791e-15
5.758755999999999767e+04 2.252620979676336604e-13 1.832181813777701238e-15
5.758848000000000320e+04 2.824338679100987602e-13 1.346505726999471742e-15
5.758941000000000349e+04 3.179704872499757094e-13 5.684316420185467995e-16
5.759041000000000349e+04 3.092319071046596554e-13 1.330873484227701459e-15
5.759140000000000146e+04 3.250835092315242712e-13 2.820396286213580180e-15
5.759238999999999942e+04 3.069263953179195123e-13 1.160735245290913927e-16
5.759338999999999942e+04 3.012822186220912636e-13 1.997707257470983304e-15
5.759431999999999971e+04 2.717110989644663431e-13 1.296199301998759721e-15
5.759530999999999767e+04 2.881075266246126177e-13 6.080570643129444542e-16
5.759643000000000029e+04 3.117327937914688630e-13 3.948671140568662334e-15
5.759741999999999825e+04 2.451510737510303653e-13 8.223316637063273678e-16
5.759829000000000087e+04 2.540378796226032116e-13 1.528552440806461687e-15
5.759927999999999884e+04 2.420683147359003793e-13 1.395281574861712266e-15
5.760020999999999913e+04 2.306439016014909285e-13 6.516929398596085036e-16
5.760219999999999709e+04 2.283094419694797421e-13 9.953581730195867851e-16
5.760319000000000233e+04 2.777973724901502354e-13 3.622744641626472258e-16
5.760418000000000029e+04 2.420742704939939366e-13 3.583462464510758924e-16
5.760523999999999796e+04 2.485070102541888449e-13 1.690786427705783893e-15
5.760616999999999825e+04 2.275392699761322249e-13 1.778047263112484100e-15
