# UVW2 timestamps [MJD], fluxes [ergs/s/cm2/A], fluxerrs [ergs/s/cm2/A]
57582.917 14.7610 0.276053
57583.050 13.9598 0.241398
57583.182 13.5994 0.292621
57583.250 13.4436 0.225172
57583.382 13.6745 0.253853
57583.451 13.3997 0.234801
57583.527 13.5274 0.238419
57583.590 13.5791 0.233527
57583.662 13.3637 0.230020
57583.732 13.1903 0.249800
57583.846 13.5704 0.269738
57584.114 13.4609 0.237584
57584.181 13.5689 0.232972
57584.247 13.1348 0.223751
57584.312 12.3054 0.224422
57584.382 12.9068 0.212608
57584.449 12.7462 0.214881
57584.579 11.9054 0.205258
57584.653 12.4771 0.212680
57584.729 12.1843 0.237578
57584.842 12.3387 0.264725
57584.910 11.7677 0.223879
57585.244 10.9866 0.198580
57585.310 11.7366 0.217529
57585.375 11.3617 0.210640
57585.442 11.3888 0.210771
57585.509 11.3735 0.210747
57585.575 11.8220 0.216026
57585.653 11.9519 0.211432
57585.726 11.6965 0.231067
57585.839 11.9680 0.266224
57585.907 11.2900 0.221527
57585.978 11.8787 0.207022
57586.041 11.3185 0.205542
57586.107 11.3460 0.201312
57586.174 11.4947 0.203033
57586.306 11.4269 0.211889
57586.438 11.4452 0.212215
57586.651 12.3210 0.215943
57586.722 12.4165 0.248465
57586.903 12.7321 0.238374
57586.974 12.8355 0.222180
57587.038 12.6603 0.221172
57587.104 13.1014 0.221494
57587.171 13.3124 0.225584
57587.318 12.9779 0.223063
57587.369 13.1458 0.232299
57587.436 13.1619 0.232357
57587.503 13.4847 0.222542
57587.649 14.0928 0.236565
57587.900 13.8745 0.259908
57587.970 14.5074 0.242335
57588.034 14.2533 0.238563
57588.107 14.2855 0.245506
57588.167 14.0870 0.234215
57588.238 14.1554 0.240520
57588.300 14.7593 0.242167
57588.516 14.6826 0.318039
57588.650 13.9513 0.256370
57588.716 14.2132 0.262239
57589.108 14.6311 0.236370
57589.168 14.6291 0.246481
57589.298 13.8541 0.242378
57589.430 14.3713 0.261756
57589.569 13.9170 0.236000
57589.713 14.1387 0.254184
57589.894 14.1633 0.261211
57590.033 14.3066 0.232331
57590.164 14.8137 0.259394
57590.294 14.0174 0.256820
57590.430 14.6766 0.248146
57590.567 14.2847 0.240438
57590.640 14.6084 0.241700
57590.891 14.6925 0.282822
57590.960 14.7155 0.245134
57591.027 14.0610 0.231873
57591.158 14.2267 0.253025
57591.291 13.6929 0.253565
57591.423 13.7100 0.239163
57591.490 13.5277 0.250488
57591.637 13.6029 0.231404
57591.888 13.8056 0.261013
57592.021 13.5893 0.232498
57592.155 13.4760 0.246717
57592.423 13.1139 0.230181
57592.562 13.3029 0.229123
57592.703 13.7738 0.238680
57592.884 12.7861 0.273879
57593.020 13.2566 0.211341
57593.156 12.6934 0.199951
57593.417 13.2965 0.234360
57593.560 12.9121 0.231757
57593.881 13.2421 0.254055
57594.017 13.7856 0.217240
57594.290 14.0859 0.233203
57594.415 14.3395 0.231380
57594.556 14.5687 0.245430
57594.878 13.7669 0.260540
57595.078 14.0313 0.243638
57595.278 13.8616 0.243508
57595.411 13.6205 0.253167
57595.482 13.3979 0.230804
57595.623 13.4844 0.230706
57595.760 12.2320 0.238281
57596.076 12.6254 0.218540
57596.208 13.0792 0.228486
57596.342 12.2684 0.217302
57596.483 12.7402 0.220298
57596.619 12.6532 0.222383
57596.757 13.0724 0.235231
57596.942 12.2922 0.228221
57597.138 12.4253 0.226902
57597.272 12.6458 0.218467
57597.473 12.2604 0.252806
57597.615 12.7009 0.222888
57598.270 11.3210 0.208750
57598.404 11.2785 0.199032
57598.543 11.2365 0.194462
57598.682 11.1144 0.196835
57598.818 11.1358 0.224204
57599.019 11.1541 0.241220
57599.264 11.6171 0.230816
57599.397 11.4068 0.221289
57599.470 11.5143 0.197663
57599.678 11.7277 0.203975
57600.063 10.7116 0.193847
57600.743 10.1787 0.190170
57600.858 10.2078 0.216262
57601.009 10.0413 0.190505
57601.125 9.81370 0.192249
57601.532 9.69060 0.185537
57601.670 9.71313 0.185972
57601.807 9.28030 0.191027
57602.138 9.81260 0.190152
57602.322 9.89357 0.184848
57602.458 9.86287 0.188274
57602.597 10.1345 0.193082
57602.735 10.1625 0.190943
57602.853 10.6602 0.203389
57602.987 10.1246 0.195992
57603.455 9.62138 0.186308
57603.593 9.47388 0.186039
57603.731 9.87152 0.187656
57603.850 9.69967 0.191121
57603.983 9.77384 0.202846
57604.050 9.45683 0.187664
57604.928 9.38058 0.186825
57605.047 9.69474 0.189931
57605.313 9.47431 0.188357
57605.390 9.78910 0.182455