# # time shift (tau) HDelta HGamma HeII4685 HBeta HeI5875 HAlpha HeI5015 OI8446
-1.000000000000000000e+01 -4.587330768051259278e-02 8.609272974782816723e-02 5.966128180928646080e-02 4.602045411320437873e-02 -4.119533288315627151e-01 -3.374632818106636512e-01 -3.199790005254885550e-01 -1.596869595490001403e-01
-9.000000000000000000e+00 -2.224606148619741597e-01 -1.855438535286559748e-02 -1.533859398765300142e-01 -1.644904441666273504e-02 -4.362302151547605145e-01 -2.253298937976961902e-01 -3.550127193531820158e-01 2.068135690294585494e-02
-8.000000000000000000e+00 -3.380487187088103140e-01 -7.956215927129617338e-02 -2.290046201509399193e-02 -7.846675050269273644e-02 -3.601777751980855813e-01 -2.326236303974089370e-01 -3.645006341382375226e-01 3.559448056924027770e-03
-7.000000000000000000e+00 -3.391341091452295675e-01 -2.303935667815976696e-01 1.067121709790342515e-01 -2.578555057042736243e-01 -5.168554994059455510e-01 -3.238718381363571708e-01 -5.457912123520833880e-01 -3.119662432171385058e-01
-6.000000000000000000e+00 -1.398290714356911768e-01 -1.396405646911506593e-01 2.941659765725573306e-01 -1.155907313299570499e-01 -2.477069345347873708e-01 -1.982942391502413582e-01 -5.345590459200887379e-01 -1.861183905066554622e-01
-5.000000000000000000e+00 4.493898125170944780e-02 5.176937992984320669e-02 4.310011767411238148e-01 1.867476514822996592e-01 -1.274784136805906520e-02 -5.414891199609615097e-02 -4.543942821610000848e-01 -5.129833377118316051e-02
-4.000000000000000000e+00 2.420307313222160861e-01 1.383256354407353672e-01 4.574815647321625045e-01 2.540821655991128414e-01 5.571876527304954474e-02 -1.492102737428426529e-01 -6.067933985984278467e-01 -1.065643785180018649e-01
-3.000000000000000000e+00 4.183211299405455441e-01 3.494342518340328718e-01 5.717031856758625352e-01 4.658026743446851414e-01 4.529238110922893523e-01 1.252065454967865865e-01 -4.262386110386309213e-01 1.465781335609926683e-01
-2.000000000000000000e+00 6.813165897520864212e-01 5.312707209904123928e-01 7.007915139554815598e-01 6.475856124996741681e-01 6.323231570122569423e-01 3.407603977362860803e-01 -2.404477435703125665e-01 1.139168587196495580e-01
-1.000000000000000000e+00 8.149164185386057468e-01 6.599767566845551325e-01 7.397737221801340413e-01 7.185238149230728233e-01 6.550376519809081310e-01 5.249429720604059657e-01 -1.612272359530627086e-01 2.049239889599144271e-01
0.000000000000000000e+00 8.531491188502303702e-01 8.645623537489923738e-01 7.505422574231976895e-01 8.475853284860319636e-01 7.985490288101624312e-01 8.229006929836574225e-01 1.667654412485214122e-01 5.889423079594664490e-01
1.000000000000000000e+00 8.394436158342728493e-01 8.531842259574793363e-01 5.183809136541327467e-01 8.348496022906558567e-01 7.633305488358558266e-01 7.577619034216502847e-01 1.704933415387263618e-01 5.480115109000437412e-01
2.000000000000000000e+00 7.031366140176560364e-01 7.631118133635156342e-01 3.644827459581020390e-01 7.562868551812212958e-01 6.756254400165497831e-01 6.200265470880126362e-01 1.295133142832952666e-01 5.018048669370663850e-01
3.000000000000000000e+00 4.477000895385861434e-01 5.877485045006145548e-01 7.659574880604767821e-02 7.652015092882584746e-01 5.821012780951199117e-01 6.252721631762399035e-01 1.144881924271691914e-01 5.984771523824613526e-01
4.000000000000000000e+00 3.060157421111331377e-01 1.173971728217015065e-01 -3.959618893734342948e-02 3.721492831582962069e-01 3.310857416731829428e-01 2.909484206157099129e-01 6.928717607267137479e-02 1.818669185545720157e-01
5.000000000000000000e+00 2.870422506315910560e-01 3.188888566197097263e-01 2.263559761248791213e-01 3.564485613847575007e-01 1.261970581536271119e-01 3.385087736777252498e-01 4.315389714372082353e-02 3.597049550635360582e-01
6.000000000000000000e+00 2.187208383342927609e-01 2.627396423389604663e-01 1.865738327243388062e-01 2.403707292212707292e-01 4.352235780250229835e-02 7.019769135402975646e-02 2.749146828089778574e-02 1.569241732817922286e-01
7.000000000000000000e+00 1.657848506893639662e-01 1.126915577823005832e-01 1.137021031280428113e-01 6.003868574103350675e-03 -4.220403449891216296e-02 -1.368572395035190514e-01 -5.577680533637890958e-02 -1.894563342520708682e-01
8.000000000000000000e+00 4.861864550152829312e-02 1.645192866410305765e-01 -1.979651174314028816e-02 1.354029233167202140e-01 -1.424695471633595778e-01 5.068502920677128709e-02 -1.862257872376539281e-01 3.320942829240794980e-01
9.000000000000000000e+00 -1.331313105326573931e-01 -2.242362551953640815e-01 -2.501790934911528042e-01 -1.219649981634069180e-01 -1.703985803193497350e-01 -8.253181968009667968e-02 -2.768864097364112098e-01 -1.688287475162741913e-02
1.000000000000000000e+01 -4.055521541057771073e-01 -4.387461998112650585e-01 -1.424533866691749528e-01 -4.318364171467059531e-01 -3.043143123793833338e-01 -1.771626375238931073e-01 -3.820030463609486171e-01 -3.578647905927991868e-01
1.100000000000000000e+01 -2.139562287084356695e-01 -1.429237586608964050e-01 1.196336839510088734e-01 -1.819568215173747727e-01 -1.057558473120762260e-01 -1.403251668486643622e-02 -4.174801414410304612e-01 -8.305558745227457906e-02
1.200000000000000000e+01 3.647873365578330890e-03 -6.188991796928462047e-02 2.883269253446842928e-01 -8.140618832052090581e-02 1.420321340609219107e-01 -5.757026017605365587e-02 -9.319722621510634353e-02 -2.561757350993881244e-01
1.300000000000000000e+01 1.297446727840393943e-01 1.115749626282528523e-01 5.028051799501029873e-01 7.948886346368840006e-02 9.424099363536939111e-02 -5.096097894008602691e-02 -4.880392939821778242e-01 5.263616494255106415e-02
1.400000000000000000e+01 3.525172431591371836e-01 2.170472281603047504e-01 4.675007620160951949e-01 3.359770111513912805e-01 4.289973787774941094e-01 6.906687912773895599e-02 -2.329364941478421352e-02 1.250961968968721527e-01
1.500000000000000000e+01 3.701146229798266685e-01 2.860263733356970262e-01 6.287200719018888329e-01 3.877750440381252384e-01 4.519454462496641511e-01 1.133925401351407736e-01 2.625543421136227185e-01 -1.461614626763647617e-01
