# # time shift (tau) HDelta HGamma HeII4685 HBeta HeI5875 HAlpha HeI5015 OI8446 HeI4471 HeI7065 OIII5007
-1.000000000000000000e+01 1.104016160923773221e-01 1.217857954161742640e-01 1.406685504407053366e-01 2.272538041392998531e-01 -2.122598523483414656e-01 -2.398424432540008644e-01 -4.776924031037112217e-02 4.083897857177906654e-02 4.600821745625836845e-02 8.228177258106358916e-02 -7.121850289048273219e-02
-9.000000000000000000e+00 -6.551003819164186170e-02 1.093263802466068468e-02 -9.042771444415013959e-02 1.588838196088135091e-01 -2.886791731014987095e-01 -2.057212548992165546e-01 -1.216552980830603453e-01 1.143299200999731424e-01 -4.571227600246866030e-02 1.633351370893814103e-01 -1.610435359246412679e-01
-8.000000000000000000e+00 -2.925871846173042634e-01 -1.340803808126091456e-01 -1.153334254614795107e-01 4.288269599692643569e-03 -2.610108673105596133e-01 -1.939424389678779947e-01 -2.790319006875691121e-01 1.412369065697086090e-01 -3.398839458374497413e-01 -3.321360879526791265e-02 -3.692284416764982646e-01
-7.000000000000000000e+00 -2.726943618055518437e-01 -2.277405564130428051e-01 2.999725819819415093e-02 -1.970893460833275934e-01 -4.312042376499675145e-01 -3.299708085604161067e-01 -3.705504021690972927e-01 -2.396604824223358410e-01 -5.508378500598167804e-01 -7.858241757431988495e-02 -4.807938424293766722e-01
-6.000000000000000000e+00 -1.579800325739245670e-01 -1.328550061247721903e-01 2.461104811429271066e-01 -1.010446025062253644e-01 -3.547477874983470669e-01 -3.295801949912178785e-01 -4.156336638422250540e-01 -2.812849680380965500e-01 -5.213228765600868009e-01 -2.367094272082202397e-02 -5.149551470272407672e-01
-5.000000000000000000e+00 -9.425151692426358974e-03 -1.170097789236076991e-02 3.826438311459885999e-01 9.994795962623415075e-02 -1.905029444832083974e-01 -1.455379562739975985e-01 -4.331160820086951135e-01 -2.479796360124183474e-01 -2.511684485218937946e-01 3.819987924294854231e-02 -4.449130243559378250e-01
-4.000000000000000000e+00 3.092332061015105882e-02 8.010686229169124151e-03 2.969567796481946687e-01 7.228090654298219286e-02 -1.318615354289837949e-01 -2.587272970172346809e-01 -5.640707077655373602e-01 -2.840161891177099829e-01 -1.582076540051627622e-01 5.615533660438391111e-02 -5.729150823339629328e-01
-3.000000000000000000e+00 1.900622874320410105e-01 2.234577012293440246e-01 4.525879769447733181e-01 2.332286811667764193e-01 2.516895684426288526e-01 -6.045761028248159558e-02 -5.445894198175289524e-01 -9.093017370940750799e-02 -4.399198521024320907e-02 -2.821909083881122063e-02 -6.180041317859900074e-01
-2.000000000000000000e+00 4.928111037537299399e-01 3.995059015703460448e-01 5.932069185602198980e-01 4.504159682717096547e-01 5.061361165630987591e-01 1.709526277230273283e-01 -3.359254272340239655e-01 -1.096421813019311381e-01 -6.234553362085609035e-02 7.659588605537505368e-02 -5.307515150629105172e-01
-1.000000000000000000e+00 7.447918214098093737e-01 5.802605727315934825e-01 7.387282672187081012e-01 6.047855124634577972e-01 5.645521924317795648e-01 3.897946527031448949e-01 -1.065444637525033156e-01 5.387860163456641149e-02 1.176405248544073745e-01 2.532462777713636592e-01 -4.108794490954938983e-01
0.000000000000000000e+00 8.222950431199744781e-01 8.398499683628655177e-01 7.890520821275794905e-01 7.944200379630583786e-01 7.575047507689093296e-01 7.797395353134294327e-01 1.511466549062413789e-01 5.141977529015884230e-01 2.719208044018891490e-01 4.193604379113961556e-01 -1.723408708153659763e-01
1.000000000000000000e+00 8.359265369599249151e-01 8.552082568446792710e-01 5.973260265718141060e-01 8.160755396149288465e-01 7.331070205104308624e-01 7.429332384135844958e-01 2.700124202698148124e-01 5.410710169523206270e-01 2.728651730084672433e-01 5.474817323026073268e-01 -8.315794451402189202e-02
2.000000000000000000e+00 7.183220424889633637e-01 8.180788468521986712e-01 4.902123048658899029e-01 7.883549651021444227e-01 7.316051061323076699e-01 6.682376365346278657e-01 3.328178439641880093e-01 5.488034491924576042e-01 4.831976742184783680e-01 5.212815807755184494e-01 -1.103234057259550732e-02
3.000000000000000000e+00 5.318589542438966200e-01 6.245766966424635136e-01 2.280831759917981150e-01 7.903590072185351367e-01 6.454905286269063680e-01 6.154030227208702186e-01 2.455173811399144201e-01 5.438101567430322358e-01 4.066254698730250583e-01 4.149848379931129205e-01 3.928499007692795586e-02
4.000000000000000000e+00 4.698289778411456341e-01 3.149193589805595606e-01 1.048562466004151067e-01 5.676870545690827496e-01 4.755650679770202505e-01 4.511248470317784087e-01 1.907787261303247328e-01 3.390554047690395589e-01 3.205904308735214592e-01 9.285494372303768063e-02 3.117674154485216079e-02
5.000000000000000000e+00 3.871329987105586179e-01 4.343773071320742307e-01 2.771155122110198210e-01 5.510439289600495005e-01 2.934710623606168189e-01 5.766634778479724499e-01 3.036475769449547002e-01 5.666182925754230659e-01 3.883813629818798630e-01 -2.435684048768264887e-02 1.319124237102909936e-01
6.000000000000000000e+00 4.243437442086645528e-01 3.464014939143964522e-01 3.472631846798108768e-01 3.482451737004489400e-01 1.212279018818548104e-01 2.653877437106613169e-01 1.130834958854687738e-01 2.844564676923991842e-01 3.157569868678475888e-01 -1.619968194838318498e-01 -2.735828967718442056e-02
7.000000000000000000e+00 3.081749870993845675e-01 2.638676709269216492e-01 2.448802179271027946e-01 1.967884866639100228e-01 3.127615273920460182e-02 4.130619043196650381e-02 7.469302931859718442e-03 3.988907704815079086e-02 4.077330012918811142e-01 -2.040568738484619116e-01 -1.610731500629910273e-01
8.000000000000000000e+00 1.084780440573750032e-01 2.050616267562085371e-01 6.112283351674495380e-02 2.715643199270504349e-01 -4.022257110851555628e-02 6.275327118143937677e-02 4.961447284365249483e-02 3.270818423087415994e-01 4.944982124447893646e-01 -1.978507925927198985e-02 -1.027529739301832890e-02
9.000000000000000000e+00 -8.407313988465855981e-02 -2.420224753104904813e-01 -2.996673014193201867e-01 -5.593067940899418278e-02 -1.178416223402826979e-01 -8.227358654779720615e-02 -1.530390494201424589e-01 -2.842365097279708069e-03 7.019880164039757342e-02 -4.123052604175152513e-01 -1.946420847833056911e-01
1.000000000000000000e+01 -3.551722912926000841e-01 -3.425562775728948628e-01 -2.380970854760114386e-01 -3.680920455294523497e-01 -3.402194926401691522e-01 -1.362305082884743279e-01 -2.459782917610114639e-01 -2.594250762444550995e-01 -3.320210746502413879e-01 -4.310744164562974046e-02 -2.591392642201282848e-01
1.100000000000000000e+01 -3.478196545141315488e-01 -2.664712309442240357e-01 -4.879241856702275920e-02 -3.232585602794297852e-01 -1.983646274658095732e-01 -1.798549056009458580e-01 -3.538622215739429255e-01 -3.395817668445950677e-01 -7.289777526807662555e-01 1.267394702564763054e-01 -4.961001841428135939e-01
1.200000000000000000e+01 -1.551045297053573191e-01 -1.360143958816715515e-01 1.843291549309288291e-01 -2.574937516005862959e-01 -2.983999781738350815e-02 -1.997753358875492546e-01 -2.523745542671308462e-01 -4.499567637601903369e-01 -5.692454113402879434e-01 -9.242563473478300484e-02 -4.167286821331675495e-01
1.300000000000000000e+01 6.811710435132067865e-02 1.693989853723324446e-01 3.612501310933922127e-01 9.365823933583303229e-04 6.690437923438052881e-02 -4.058921274413561375e-02 -4.091172844418180521e-01 7.945711671214988892e-02 -8.455208858397854355e-02 3.187838883163065518e-01 -4.399442323348274897e-01
1.400000000000000000e+01 3.000778441241203076e-01 1.322015891132480858e-01 3.778668263828749430e-01 2.108228679141808393e-01 3.424488366491435509e-01 -7.596505944924697440e-04 -1.165655705782477625e-01 -2.197407259767073483e-03 2.308376971479243478e-01 -7.736363045780084158e-02 2.014599446285221529e-01
1.500000000000000000e+01 3.162643972371271817e-01 2.283652246863420998e-01 6.241261755303870729e-01 3.136401848618490251e-01 3.717516157002762611e-01 8.345193717054234794e-02 6.690102110541884528e-02 -2.026409331172928652e-01 3.881773289568609120e-01 5.203826281270311771e-01 1.926496078888345065e-01
