# Cont4440 timestamps [MJD], fluxes [ergs/s/cm2/A], fluxerrs [ergs/s/cm2/A]
5.758166000000000349e+04 3.573205152800036167e-15 3.603016828311578300e-17
5.758266000000000349e+04 3.721528615737703868e-15 2.608341860891293960e-17
5.758365000000000146e+04 3.407233917225002727e-15 3.692412785920885502e-17
5.758377999999999884e+04 3.399164975490339856e-15 6.737836494407125226e-18
5.758458000000000175e+04 3.358032208538723777e-15 1.354904528765305588e-17
5.758556999999999971e+04 3.096634452884257675e-15 3.350561357730261580e-17
5.758654000000000087e+04 3.024156649384344975e-15 3.069433783984451455e-17
5.758755999999999767e+04 3.421596101999528237e-15 3.048475832549835867e-17
5.758848000000000320e+04 3.487191021649170899e-15 1.879710229817200455e-17
5.758941000000000349e+04 3.594699196171765275e-15 2.153042133801566086e-17
5.759041000000000349e+04 3.527291467196320800e-15 3.913315263074449985e-17
5.759140000000000146e+04 3.406024248297205180e-15 8.567090454348781637e-18
5.759238999999999942e+04 3.315464408955781303e-15 4.474775253259263660e-17
5.759338999999999942e+04 3.428298514892473906e-15 3.995017998828015776e-17
5.759431999999999971e+04 3.391225894494402909e-15 3.673218918629799544e-17
5.759530999999999767e+04 3.303784195190058925e-15 1.243993385338479576e-17
5.759643000000000029e+04 3.092604005423425697e-15 3.643396290708108470e-17
5.759741999999999825e+04 3.064149733505430392e-15 2.816465418492318661e-17
5.759829000000000087e+04 3.050359772426334366e-15 4.091973756091368723e-17
5.759927999999999884e+04 2.926613976304875053e-15 2.379190347494998806e-17
5.760020999999999913e+04 2.781180907420594244e-15 2.632559211647169693e-17
5.760219999999999709e+04 2.505120058537090542e-15 4.634835488926828291e-17
5.760319000000000233e+04 2.533707155809127162e-15 2.461311231643666617e-17
5.760418000000000029e+04 2.507279463156996974e-15 3.620197294047128163e-17
5.760523999999999796e+04 2.458397562347865726e-15 3.198542370549442874e-17
5.760616999999999825e+04 2.408372167059941171e-15 2.730496645013151009e-17
