# time shift (tau) 	 correlation coefficient 	 number of simulations: 40000	 FR: True	 RSS: True
-1.000000000000000000e+01 3.570000000000000000e+02
-9.000000000000000000e+00 9.790000000000000000e+02
-8.000000000000000000e+00 4.570000000000000000e+02
-7.000000000000000000e+00 1.650000000000000000e+02
-6.000000000000000000e+00 1.760000000000000000e+02
-5.000000000000000000e+00 3.950000000000000000e+02
-4.000000000000000000e+00 5.210000000000000000e+02
-3.000000000000000000e+00 8.020000000000000000e+02
-2.000000000000000000e+00 9.530000000000000000e+02
-1.000000000000000000e+00 9.940000000000000000e+02
0.000000000000000000e+00 1.482000000000000000e+03
1.000000000000000000e+00 1.322000000000000000e+03
2.000000000000000000e+00 1.418000000000000000e+03
3.000000000000000000e+00 1.818000000000000000e+03
4.000000000000000000e+00 4.963000000000000000e+03
5.000000000000000000e+00 6.947000000000000000e+03
6.000000000000000000e+00 5.236000000000000000e+03
7.000000000000000000e+00 3.470000000000000000e+03
8.000000000000000000e+00 4.378000000000000000e+03
9.000000000000000000e+00 1.025000000000000000e+03
1.000000000000000000e+01 8.610000000000000000e+02
1.100000000000000000e+01 8.850000000000000000e+02
1.200000000000000000e+01 2.670000000000000000e+02
1.300000000000000000e+01 1.080000000000000000e+02
1.400000000000000000e+01 5.000000000000000000e+00
1.500000000000000000e+01 1.600000000000000000e+01
