# time shift (tau) 	 correlation coefficient 	 number of simulations: 40000	 FR: True	 RSS: True
-1.000000000000000000e+01 2.150000000000000000e+02
-9.000000000000000000e+00 1.530000000000000000e+02
-8.000000000000000000e+00 5.000000000000000000e+00
-7.000000000000000000e+00 1.000000000000000000e+00
-6.000000000000000000e+00 1.200000000000000000e+01
-5.000000000000000000e+00 2.000000000000000000e+01
-4.000000000000000000e+00 3.000000000000000000e+00
-3.000000000000000000e+00 1.100000000000000000e+01
-2.000000000000000000e+00 4.000000000000000000e+00
-1.000000000000000000e+00 5.000000000000000000e+00
0.000000000000000000e+00 2.300000000000000000e+01
1.000000000000000000e+00 1.440000000000000000e+02
2.000000000000000000e+00 1.175000000000000000e+03
3.000000000000000000e+00 9.227000000000000000e+03
4.000000000000000000e+00 7.497000000000000000e+03
5.000000000000000000e+00 1.746400000000000000e+04
6.000000000000000000e+00 1.963000000000000000e+03
7.000000000000000000e+00 1.112000000000000000e+03
8.000000000000000000e+00 3.470000000000000000e+02
9.000000000000000000e+00 1.070000000000000000e+02
1.000000000000000000e+01 1.460000000000000000e+02
1.100000000000000000e+01 2.130000000000000000e+02
1.200000000000000000e+01 9.400000000000000000e+01
1.300000000000000000e+01 5.000000000000000000e+01
1.400000000000000000e+01 3.000000000000000000e+00
1.500000000000000000e+01 6.000000000000000000e+00
