# time shift (tau) 	 correlation coefficient 	 number of simulations: 10000	 FR: True	 RSS: True
-1.000000000000000000e+01 7.210000000000000000e+02
-9.000000000000000000e+00 4.600000000000000000e+01
-8.000000000000000000e+00 5.000000000000000000e+00
-7.000000000000000000e+00 2.500000000000000000e+01
-6.000000000000000000e+00 6.000000000000000000e+00
-5.000000000000000000e+00 6.000000000000000000e+00
-4.000000000000000000e+00 3.000000000000000000e+00
-3.000000000000000000e+00 0.000000000000000000e+00
-2.000000000000000000e+00 0.000000000000000000e+00
-1.000000000000000000e+00 0.000000000000000000e+00
0.000000000000000000e+00 1.000000000000000000e+00
1.000000000000000000e+00 7.200000000000000000e+01
2.000000000000000000e+00 1.720000000000000000e+02
3.000000000000000000e+00 7.130000000000000000e+02
4.000000000000000000e+00 5.170000000000000000e+02
5.000000000000000000e+00 1.408000000000000000e+03
6.000000000000000000e+00 1.108000000000000000e+03
7.000000000000000000e+00 1.040000000000000000e+03
8.000000000000000000e+00 9.610000000000000000e+02
9.000000000000000000e+00 5.490000000000000000e+02
1.000000000000000000e+01 3.170000000000000000e+02
1.100000000000000000e+01 1.775000000000000000e+03
1.200000000000000000e+01 4.350000000000000000e+02
1.300000000000000000e+01 1.000000000000000000e+02
1.400000000000000000e+01 1.500000000000000000e+01
1.500000000000000000e+01 5.000000000000000000e+00
