# time shift (tau) 	 correlation coefficient 	 number of simulations: 10000	 FR: True	 RSS: True
-1.000000000000000000e+01 1.257000000000000000e+03
-9.000000000000000000e+00 2.990000000000000000e+02
-8.000000000000000000e+00 2.650000000000000000e+02
-7.000000000000000000e+00 4.310000000000000000e+02
-6.000000000000000000e+00 9.920000000000000000e+02
-5.000000000000000000e+00 5.150000000000000000e+02
-4.000000000000000000e+00 4.870000000000000000e+02
-3.000000000000000000e+00 8.600000000000000000e+01
-2.000000000000000000e+00 1.700000000000000000e+01
-1.000000000000000000e+00 6.900000000000000000e+01
0.000000000000000000e+00 2.340000000000000000e+02
1.000000000000000000e+00 1.232000000000000000e+03
2.000000000000000000e+00 2.880000000000000000e+03
3.000000000000000000e+00 5.190000000000000000e+02
4.000000000000000000e+00 4.600000000000000000e+01
5.000000000000000000e+00 1.800000000000000000e+01
6.000000000000000000e+00 1.200000000000000000e+01
7.000000000000000000e+00 3.000000000000000000e+00
8.000000000000000000e+00 4.200000000000000000e+01
9.000000000000000000e+00 9.700000000000000000e+01
1.000000000000000000e+01 5.600000000000000000e+01
1.100000000000000000e+01 1.200000000000000000e+01
1.200000000000000000e+01 4.000000000000000000e+00
1.300000000000000000e+01 1.000000000000000000e+00
1.400000000000000000e+01 1.400000000000000000e+01
1.500000000000000000e+01 4.120000000000000000e+02
