# # time shift (tau) HDelta HGamma HeII4685 HBeta HeI5875 HAlpha HeI5015 OI8446 HeI4471 HeI7065 OIII5007
-1.000000000000000000e+01 6.106563790393801372e-03 7.169157920013224938e-02 4.605498735783076364e-03 1.775529938525175211e-01 -1.780483590434384644e-01 -2.124319552048801463e-01 -4.649028815315486840e-02 1.451169319270243507e-01 -1.544208175548908990e-01 5.466214508473321576e-02 -8.125660202835155443e-02
-9.000000000000000000e+00 -7.373489368853961001e-02 -1.708551401548404070e-02 -3.675919307675355047e-02 4.723191009545646413e-02 -2.465388141958101131e-01 -2.343042907381150119e-01 -1.707784933135617633e-01 1.231733773886289629e-01 -2.447600831356292472e-01 -1.766489588430892113e-03 -2.115121521254084425e-01
-8.000000000000000000e+00 -1.394757203235499621e-01 -6.142136331328132415e-02 5.447226522909251467e-02 1.621248570309180570e-02 -2.834123317148129484e-01 -2.574616961031467310e-01 -2.461036057151428369e-01 4.150871432792804100e-02 -3.551855044804446693e-01 -6.736529702794588625e-02 -3.254550465764280420e-01
-7.000000000000000000e+00 -8.275475036267314344e-02 -6.339233976471490839e-02 1.978282832073429698e-01 -8.861530392012009760e-02 -3.321097201298238710e-01 -3.281336220646875468e-01 -3.408632692438389178e-01 -1.721021747840132399e-01 -4.663265877878211563e-01 -8.191808933342122068e-02 -4.397928279843384969e-01
-6.000000000000000000e+00 1.235017213593563729e-02 6.740638418971081625e-02 3.147003171160840385e-01 3.159038420426185656e-02 -2.138046414047361510e-01 -2.513027259879712649e-01 -3.718415169832745559e-01 -1.467786902355282530e-01 -4.513180068660742617e-01 6.515151989549326783e-02 -4.734231710032217322e-01
-5.000000000000000000e+00 9.325161490091771199e-02 1.233496529929400953e-01 3.687022739650855918e-01 2.029353309127987504e-01 -7.942362192142769783e-02 -1.466579619692330305e-01 -3.396683697484007558e-01 -1.483282295231701520e-01 -3.004188045190002709e-01 1.443388811113375525e-01 -4.187171692998311601e-01
-4.000000000000000000e+00 5.059278677982025074e-02 7.508029649865900768e-02 2.972659312441191526e-01 2.149770024387733791e-01 -1.141990711012010051e-01 -1.532074619705513507e-01 -4.187961585746861615e-01 -2.192499205938044371e-01 -1.832728653696369392e-01 2.199012370014498674e-01 -4.870049305204050549e-01
-3.000000000000000000e+00 8.700457063260162716e-02 1.422913871999642033e-01 3.060666065528686031e-01 2.653745775481889391e-01 1.227220541843120766e-01 -1.353152837910863437e-02 -4.676057858386067356e-01 -7.639833280455175790e-02 -1.747155497952065373e-01 1.402815782654892041e-01 -5.562490029565978489e-01
-2.000000000000000000e+00 3.092044801557786715e-01 2.735859402686388053e-01 4.612865222195487447e-01 3.581022171174356172e-01 3.335601751911865254e-01 1.162504150393965374e-01 -4.378091239668098211e-01 -5.926223342336828931e-02 -1.537519577946057092e-01 5.870410347273712082e-02 -6.074104772273797304e-01
-1.000000000000000000e+00 5.688236594142259683e-01 4.830336273426608096e-01 6.798432933461717731e-01 4.816777258867304679e-01 4.709407645054963787e-01 2.518124442516124772e-01 -3.197788891838154179e-01 5.050693559158084267e-02 -8.035858592418072821e-02 5.426439292180908203e-02 -5.775073615150277950e-01
0.000000000000000000e+00 7.823477185088574259e-01 7.261303748164357197e-01 8.526372683514572559e-01 7.011559969418323934e-01 6.474532468278053621e-01 5.302638928979810373e-01 -2.666631477643774395e-02 3.021428000349930532e-01 2.179673135908215542e-01 1.968442182725324563e-01 -3.390520163894656935e-01
1.000000000000000000e+00 8.769979838652701698e-01 8.244589873139396285e-01 8.026032089910659639e-01 8.089461023411794738e-01 7.010248347032530525e-01 6.357610522516732310e-01 1.471570253405817263e-01 3.788346048727297966e-01 3.124776587313392584e-01 4.430240302719685719e-01 -1.885802817559901201e-01
2.000000000000000000e+00 8.344231179835195356e-01 8.714802458754490333e-01 6.625968215614976842e-01 8.776698945477702241e-01 7.267841089431954504e-01 7.018156226968799150e-01 1.886972858609358705e-01 5.065834280755798780e-01 5.796805047016977408e-01 6.337586681941036471e-01 -1.531651117496044545e-01
3.000000000000000000e+00 6.634980001437775776e-01 7.768447614472699936e-01 3.221288140295811564e-01 8.741090335594303706e-01 7.495647798729383471e-01 7.386310068784168736e-01 1.971267783474104918e-01 5.903647495753988617e-01 4.075457083731582886e-01 5.591071456953760066e-01 -1.242876886382456858e-01
4.000000000000000000e+00 5.273330420435219379e-01 5.486302547676189523e-01 2.325084188399565432e-01 7.334604387818013382e-01 6.420983665293793496e-01 6.214102533093137648e-01 2.102635536643290282e-01 4.787696592151373109e-01 2.773332859497956715e-01 3.463629381894365866e-01 -1.251560101840905048e-01
5.000000000000000000e+00 5.298217404976581779e-01 5.059250173582070520e-01 3.806080132522640658e-01 6.646067295842239542e-01 4.920895864929815677e-01 6.406876557400827954e-01 2.062704075556833772e-01 4.910329975356608756e-01 2.521563565457075606e-01 5.509979141576668710e-02 -9.873859805108467502e-02
6.000000000000000000e+00 6.293338781574898677e-01 5.051017831931472468e-01 5.669363233930611035e-01 5.633790849262847455e-01 3.451901245030842835e-01 5.173737024853906075e-01 9.146261476782426014e-02 3.675182982114125196e-01 2.839289070229419343e-01 -2.802870667315133721e-02 -1.073264524508006634e-01
7.000000000000000000e+00 6.113966910224770679e-01 5.520293366948987313e-01 5.785997960663791240e-01 5.012443882030820363e-01 2.984434119847126921e-01 3.569304866709260837e-01 9.975307579710733508e-02 3.348186152260205772e-01 4.871709953672030413e-01 -1.242272435528464919e-01 -6.220621575630606859e-02
8.000000000000000000e+00 5.109062374511729177e-01 5.430870173498921760e-01 5.183865535033861383e-01 5.054184001361243794e-01 2.172358726796402850e-01 2.006265256487373416e-01 1.075370303654586412e-01 3.386564494364231459e-01 7.911709137866680397e-01 5.968166815447770168e-02 1.322738508404430746e-02
9.000000000000000000e+00 3.240572209393750569e-01 2.242664055733045725e-01 9.355390370102928399e-02 3.478893647449656235e-01 2.282263708050801809e-01 6.766988563134425372e-02 -5.040388040060474195e-02 1.559777371853304229e-01 6.060593907402881397e-01 -2.080325728450724276e-02 -2.161026588220248401e-01
1.000000000000000000e+01 1.087710852253722937e-01 4.089641994030274869e-02 -9.244806696767515763e-02 2.012746447027347618e-01 1.266171646058795175e-01 2.174490220536068052e-01 9.751164286018992877e-02 1.051393943916573981e-01 2.972501183065805463e-01 1.896990909920379109e-01 -1.199878452509858806e-01
1.100000000000000000e+01 -1.878887285039018348e-02 2.053887735191013003e-03 -1.569443669746654058e-01 8.982882447317848407e-02 8.024670515192158793e-02 3.382536916798500326e-01 1.447667480503510296e-01 1.903829601909010905e-01 -3.589316392968493474e-01 2.171489029127390280e-01 -3.018079755629738958e-01
1.200000000000000000e+01 -2.184703246245959032e-02 1.984670723900276712e-02 1.060079895816638390e-01 -1.334505491432521063e-01 -5.902527462406306769e-02 2.030321294093077600e-01 4.025563370785025658e-02 -2.739069045481640902e-02 -5.606871714790369055e-01 2.129524464585772978e-02 -3.958323277689321795e-01
1.300000000000000000e+01 -7.808248872450705702e-03 1.503138789971672218e-01 3.011766870316868183e-01 -1.016179124241760878e-01 -2.412279176172356376e-02 6.697241238922653842e-03 -1.783126848899570238e-01 -8.272722000053772673e-03 -4.223704761444575517e-01 1.208296483729362769e-01 -3.671297446512593043e-01
1.400000000000000000e+01 6.941415564813535610e-02 2.781773471932465214e-02 4.059266412832890358e-01 -9.470461577300953032e-03 6.798222412461504827e-02 -2.926025284292785855e-01 -3.007918563747438156e-01 -2.210199338284485893e-01 6.157678485073871458e-03 -1.649784117116833981e-01 -1.122819635774898739e-01
1.500000000000000000e+01 1.757400697716614002e-01 5.493913920349619007e-02 5.244903516195625892e-01 1.541983379692142553e-01 2.667342589785011708e-01 -1.889573465235293015e-01 -2.890556106555727256e-01 -2.267968467027677848e-01 3.094969209717645109e-01 1.309114058704130001e-01 5.024205646298215977e-02
