# # time shift (tau) UVW2 Cont1150_not_optical_calibrated LyAlpha_not_optical_calibrated HBeta_not_optical_calibrated OI8446_not_optical_calibrated Cont1460_not_optical_calibrated
-1.000000000000000000e+01 -4.758158409317352344e-01 -2.432079327541652181e-01 9.530480728060751472e-03 4.259947139501819580e-01 5.639663284233158436e-01 -1.773515066081529090e-01
-9.500000000000000000e+00 -4.334254343163569390e-01 -1.730087317340990027e-01 -2.929284045301393247e-02 3.761289803716759694e-01 6.582415024311496499e-01 -9.347550101498713904e-02
-9.000000000000000000e+00 -4.708269375741749307e-01 -1.340111730749721786e-01 -1.185045115278144656e-01 2.564578075485800523e-01 5.609775259088534138e-01 -4.894312382646573423e-02
-8.500000000000000000e+00 -3.884004758791645417e-01 1.714446547426857342e-02 -3.356073808130541347e-02 2.356527582778484842e-01 6.166547024709518876e-01 1.220551000680203668e-01
-8.000000000000000000e+00 -2.756150373008183774e-01 1.018945814419150026e-01 -1.428706894996514126e-02 1.966223154207188406e-01 4.598546915858654494e-01 1.971572557927159242e-01
-7.500000000000000000e+00 -5.971137341120839881e-02 2.165839780747897403e-01 1.249065444273376735e-01 2.430886918845944766e-01 3.624350374078209036e-01 3.278676675599458967e-01
-7.000000000000000000e+00 1.174704803583133395e-01 2.331938402460583259e-01 1.760516893540234329e-01 2.904242569489458581e-01 2.189147759124788761e-01 3.488956102195351905e-01
-6.500000000000000000e+00 2.034121194836462365e-01 2.881748115011786293e-01 3.062591493827397926e-01 4.401032306389121018e-01 3.743153551291776848e-01 4.043488466313708840e-01
-6.000000000000000000e+00 2.113708491432450542e-01 2.710311421351110917e-01 3.142686382496146513e-01 4.461605809162845215e-01 3.160524351212261607e-01 3.909039097509502958e-01
-5.500000000000000000e+00 2.011858876370594684e-01 3.222514549639110548e-01 3.346296999228227653e-01 4.838024101672954713e-01 3.137036324980700952e-01 4.157256059655321523e-01
-5.000000000000000000e+00 2.289912962261398954e-01 2.897252728530800292e-01 2.364637131467085540e-01 4.019027510080643850e-01 1.433263274806826637e-01 3.618540112338994863e-01
-4.500000000000000000e+00 2.820616296833062808e-01 2.343519604583723381e-01 1.689923804039747679e-01 3.773343118137590935e-01 1.397461681209794526e-01 2.827541617189761602e-01
-4.000000000000000000e+00 2.716277166217386796e-01 1.829171811468646158e-01 7.153322185250075849e-02 2.990452962906423595e-01 6.728133046911258242e-02 2.194866142636127115e-01
-3.500000000000000000e+00 3.275578251896729132e-01 2.569796606845830556e-01 9.737330146480638327e-02 2.993996644844153510e-01 8.122645767735234279e-02 2.690671679774823133e-01
-3.000000000000000000e+00 3.519474911214341417e-01 3.230908225105554865e-01 4.491383098483399394e-02 2.224699992915693814e-01 4.703114273474977292e-02 3.161174856473203398e-01
-2.500000000000000000e+00 4.538312681864416498e-01 4.721513893712891985e-01 7.929487249934669135e-02 2.198368009111454913e-01 -3.145352716826863015e-02 4.558079552167676463e-01
-2.000000000000000000e+00 5.640251887273703968e-01 5.660127622618917886e-01 1.255078037310419781e-01 1.850484507605006379e-01 -1.034519389618001328e-01 5.517443339295721172e-01
-1.500000000000000000e+00 6.577927870386319764e-01 7.331074318532513345e-01 2.846396682229403452e-01 3.219240953656439252e-01 5.845554234761982798e-02 7.192022761637766326e-01
-1.000000000000000000e+00 7.824804897714370266e-01 8.194410083819412272e-01 4.074015052401382397e-01 3.998224558337660772e-01 1.616562627758736659e-01 8.184411685389119118e-01
-5.000000000000000000e-01 8.657827388176480010e-01 9.515987471095486150e-01 5.874936251335132198e-01 5.383294779833820431e-01 3.240101860031778247e-01 9.539281833649798648e-01
0.000000000000000000e+00 9.389580477721704010e-01 9.793797674988372615e-01 7.090456113231086155e-01 6.040870809509719663e-01 3.717600675181402803e-01 1.000000000000000000e+00
5.000000000000000000e-01 9.216813374536383385e-01 9.122476065927551669e-01 8.196795090271378204e-01 7.197262999091353919e-01 4.267995660988994078e-01 9.539281833649799758e-01
1.000000000000000000e+00 8.427694512652859071e-01 7.469518479726116045e-01 8.683366946051991331e-01 7.559329519747025605e-01 4.026113963791043693e-01 8.184411685389119118e-01
1.500000000000000000e+00 7.426624023627768079e-01 6.287579247304238006e-01 9.032025744933926958e-01 8.082606259036493324e-01 4.694571068770873601e-01 7.192022761637766326e-01
2.000000000000000000e+00 6.169629525662796432e-01 4.472423006958490266e-01 8.300561991727433142e-01 7.321317096067792018e-01 3.964598572167370438e-01 5.517443339295721172e-01
2.500000000000000000e+00 4.753428792345704146e-01 3.672000209263305281e-01 7.481160123194039446e-01 7.370142047779281169e-01 4.541791336133939039e-01 4.558079552167676463e-01
3.000000000000000000e+00 4.169820280442541049e-01 2.463996063104638146e-01 5.794958742097182647e-01 6.217413456557139284e-01 3.178959026608507710e-01 3.161174856473203398e-01
3.500000000000000000e+00 3.054685226306370627e-01 1.998591230737425950e-01 5.446758125859001431e-01 5.253426208912765905e-01 2.950554036603215691e-01 2.690671679774823688e-01
4.000000000000000000e+00 3.795325112458538541e-01 1.557877789096666354e-01 4.631142649065382866e-01 3.415837414071951628e-01 1.523102103530057927e-01 2.194866142636127115e-01
4.500000000000000000e+00 3.728975400576153287e-01 2.156559559774312296e-01 4.514388099983974723e-01 3.431964141065302343e-01 1.923568679400718962e-01 2.827541617189761602e-01
5.000000000000000000e+00 4.579999400068784365e-01 3.030483463677963174e-01 4.609468215384617262e-01 3.682335084685914306e-01 2.118615279347385583e-01 3.618540112338994863e-01
5.500000000000000000e+00 3.976664284104977076e-01 3.692294900232379051e-01 4.799047602668288226e-01 4.309211441666562781e-01 2.082727821136317603e-01 4.157256059655321523e-01
6.000000000000000000e+00 4.238033977386004292e-01 3.548071179963798727e-01 4.403140652433786273e-01 3.706830751249554634e-01 1.078213327486904072e-01 3.909039097509502403e-01
6.500000000000000000e+00 3.615143087561990543e-01 3.907607682094336177e-01 3.896889245911115962e-01 3.638024858269010564e-01 1.783363579589051506e-01 4.043488466313709395e-01
7.000000000000000000e+00 3.472818830659800127e-01 3.603963502198049285e-01 2.809847190704204412e-01 3.357912726915786572e-01 2.278059418624873711e-01 3.488956102195351905e-01
7.500000000000000000e+00 2.730175862616966986e-01 3.570238711574230117e-01 2.584860666975946630e-01 4.581437006920154320e-01 4.810638292440880259e-01 3.278676675599458967e-01
8.000000000000000000e+00 1.452778723384025028e-01 2.534159503302951810e-01 1.615513189674946115e-01 4.804210387649896496e-01 5.463953599058937183e-01 1.971572557927158409e-01
8.500000000000000000e+00 7.336763208372301670e-02 1.890891829283039005e-01 1.369363820778701779e-01 5.380803360227743859e-01 5.913584489884531337e-01 1.220551000680203668e-01
9.000000000000000000e+00 -7.972989308998153224e-02 1.578032540218194529e-02 4.455699763276709663e-02 4.730523810082856162e-01 4.600239399568694099e-01 -4.894312382646575504e-02
9.500000000000000000e+00 -1.424529917836359627e-01 -7.222887502958322270e-02 4.065783159742065306e-02 4.373395767973095594e-01 4.493592445397376345e-01 -9.347550101498713904e-02
1.000000000000000000e+01 -2.126029575204943789e-01 -1.925254243909678697e-01 -8.222502554678443043e-02 3.125363557612012011e-01 3.647336145830558651e-01 -1.773515066081528535e-01
1.050000000000000000e+01 -2.863921516240391929e-01 -1.389283416975519991e-01 -1.088531186504785864e-01 2.345199522856778462e-01 3.686571841015161000e-01 -1.057265036812796155e-01
1.100000000000000000e+01 -2.757030585501666908e-01 -9.085015717542443969e-02 -2.120212880365743846e-01 -5.536453717185431909e-03 2.413713021647037049e-01 -6.015104618220001170e-02
1.150000000000000000e+01 -2.386880313450746305e-01 -1.083217443002062672e-02 -2.054665509704595716e-01 -2.266497622020033353e-01 -2.029501350163218781e-02 3.119016084535566197e-02
1.200000000000000000e+01 -1.570633289337211580e-01 -4.165921640658035857e-02 -1.961530004914455172e-01 -4.670538123889343973e-01 -8.814751056720310229e-02 4.019189775550486426e-02
1.250000000000000000e+01 -1.044110436885215265e-01 -6.862467937084837377e-02 -6.451601352160363234e-02 -4.694003093727948661e-01 -7.228242705002692337e-02 5.757637168459582566e-02
1.300000000000000000e+01 -1.718098178739781989e-01 -1.804224421871856721e-01 -7.400214216583253513e-02 -4.933458344415513341e-01 -1.351069799042976249e-01 -3.415771531874237099e-02
1.350000000000000000e+01 -1.410899498310071443e-01 -1.252963473927930227e-01 -7.168163849829392587e-02 -3.993605710011152166e-01 -2.952774498751714605e-01 -3.804385218571558480e-02
1.400000000000000000e+01 -1.694093733890759401e-01 -1.605038989527565740e-01 -1.512038710058524749e-01 -3.802400453139785919e-01 -4.868766183768317712e-01 -1.650526165388453703e-01
1.450000000000000000e+01 -2.795614135454967814e-02 -6.701078326232176585e-02 -1.316668669545166814e-01 -2.931999397618527681e-01 -5.233543217486664734e-01 -1.646429667575715072e-01
1.500000000000000000e+01 9.385482980832847433e-02 -5.011556894106344168e-02 -1.368356741462908310e-01 -2.397261993608883479e-01 -5.017855556359757108e-01 -2.508204860140318959e-01
