# # time shift (tau) HDelta HGamma HeII4685 HBeta HeI5875 HAlpha HeI5015 OI8446 HeI4471 HeI7065 OIII5007 LyALpha
-1.000000000000000000e+01 -2.562809981252515135e-01 -2.379224371203523813e-01 -1.309458445666150106e-01 -4.087818861576331120e-02 -4.434599366462123604e-01 -5.175667465247429933e-01 -3.151023281367819062e-01 -8.322084767502208047e-02 -4.390699977147670408e-02 -1.824692802476012843e-01 -3.178366942034355214e-01 -5.556164753397586642e-01
-9.500000000000000000e+00 -2.603695119165597704e-01 -2.594321787123562428e-01 -1.044324299714117776e-01 -8.040878233227574667e-02 -4.601092860843577492e-01 -4.436806697606276995e-01 -4.202305449207473509e-01 -4.950801864649335277e-02 -1.423935593228801977e-01 -2.053774983619693628e-01 -4.422636613201993416e-01 -5.189339470381817421e-01
-9.000000000000000000e+00 -2.946990411870411553e-01 -2.781977857182198477e-01 -7.463611874139863822e-02 -9.472532548563719623e-02 -5.066999694657070563e-01 -3.855874830934212794e-01 -3.379842819113609842e-01 -7.784264852710059968e-02 -1.347070795366591411e-01 -2.198217534677381901e-01 -3.587143807180051547e-01 -4.858833609450556867e-01
-8.500000000000000000e+00 -2.323028697899510719e-01 -2.734752135556828834e-01 -8.760832640323514345e-03 -1.460586211482270413e-01 -4.785762198522017785e-01 -3.529196993913144009e-01 -4.190770008133994917e-01 -7.798894016103902205e-02 -3.085234902287632974e-01 -2.406195807043809975e-01 -4.748383154273833617e-01 -3.423962504035756860e-01
-8.000000000000000000e+00 -2.467465963873779478e-01 -2.824124761865556277e-01 5.478615894979354389e-02 -2.222258140942736659e-01 -4.994757987780784614e-01 -3.659750441344379324e-01 -4.502789504094937278e-01 -1.418759814553717247e-01 -3.692044049697345010e-01 -1.982010973825547306e-01 -5.350886468862360301e-01 -2.511371830556001772e-01
-7.500000000000000000e+00 -1.721151032387460145e-01 -2.220484508401426860e-01 1.986225495533710805e-01 -2.484771377927159630e-01 -4.886750524422708297e-01 -3.593372764538836361e-01 -5.245662460817051009e-01 -2.972794822717031993e-01 -4.594410616037988282e-01 -1.545917653126550606e-01 -6.238861780504494359e-01 -8.657247284437902257e-02
-7.000000000000000000e+00 -1.547876915257336561e-01 -1.652499424898939973e-01 2.612377406345713915e-01 -2.334829746486640767e-01 -4.734495969794852988e-01 -3.210242130019526074e-01 -4.494553714892570717e-01 -3.649273040989548522e-01 -4.152726480462661796e-01 -7.727830330850514462e-02 -5.536716187592043426e-01 1.358354159042896026e-03
-6.500000000000000000e+00 -9.954711867883996035e-02 -4.721793997555486649e-02 3.172094651112314923e-01 -1.059214851227238408e-01 -3.289463595613896230e-01 -2.852854466254193255e-01 -5.228781961683485191e-01 -3.468766604541491105e-01 -4.767702864854176381e-01 2.528640715166594055e-02 -6.235975571125877970e-01 1.284516367222083288e-01
-6.000000000000000000e+00 -9.804672993335190878e-02 1.343177328960901140e-02 3.133496586153114438e-01 6.720345808301469992e-03 -2.286756927609595036e-01 -2.255734162412912358e-01 -4.537153095686463078e-01 -2.934274730689473420e-01 -4.148559550347060698e-01 1.324919308087359748e-01 -5.479596023834554241e-01 1.791877746529777493e-01
-5.500000000000000000e+00 -2.339966900833608671e-02 6.909102261635668291e-03 2.908689629538385724e-01 1.244771377833327891e-01 -9.628623204430328264e-02 -1.364450542986884174e-01 -4.376892585313518769e-01 -2.921709005776716994e-01 -2.532030427774866754e-01 1.570408199191307141e-01 -5.108581222874541972e-01 2.125543065889679839e-01
-5.000000000000000000e+00 -1.169583548539342849e-02 -3.082081011926957742e-02 2.421006901520744159e-01 1.369166279090759109e-01 -7.506972559568972359e-02 -1.253752951546173444e-01 -3.365506032847543350e-01 -2.885042730412484824e-01 -1.014657031944600357e-01 1.315751619328541788e-01 -3.839186950576360946e-01 1.686333337485328987e-01
-4.500000000000000000e+00 -2.121165229395441387e-02 -2.041906289759411186e-02 2.326552305214443506e-01 1.433743127884437585e-01 4.518656110780908119e-03 -5.371945339743204595e-02 -4.458066313750670417e-01 -2.498979279446865154e-01 -1.013587164447120048e-01 1.303617987316640636e-01 -4.732366623938494832e-01 2.293672068543735065e-01
-4.000000000000000000e+00 -2.868162712046938567e-02 -2.126243654094230051e-02 2.189964504334849515e-01 5.875918276853098199e-02 9.773952289367671131e-02 -8.764843349672757356e-03 -5.085994117314796004e-01 -1.505537987774058228e-01 -1.296502068534323704e-01 7.300709976086433572e-02 -5.057719659905007825e-01 2.796974539601846388e-01
-3.500000000000000000e+00 8.642386096684645524e-02 7.885402683712944283e-02 3.031346401880370411e-01 1.550373783714388831e-01 2.105664600359466454e-01 3.622584517966122991e-02 -5.762344597534273527e-01 -1.909339083491343736e-01 -6.760946104876855434e-02 7.443939129951554490e-02 -5.923415173651501719e-01 3.769082851542103763e-01
-3.000000000000000000e+00 2.022943658920322019e-01 1.357246325781664431e-01 3.350671187905273629e-01 1.970851895679119059e-01 2.987915560855541885e-01 6.270122620935872360e-02 -4.774724586181774422e-01 -1.719314652629866380e-01 -9.073058876146476714e-02 -1.016636670017599664e-02 -5.242394645601713421e-01 4.171002344590205579e-01
-2.500000000000000000e+00 4.237528615537235477e-01 3.578509790380434152e-01 5.390241851222837832e-01 3.666640670696290627e-01 5.269660732389453983e-01 2.074986945473282218e-01 -3.409176704217030673e-01 -1.066723047845764411e-01 -9.294392692175190707e-02 -1.481022346824814595e-02 -5.038255784017905414e-01 5.863819886418530913e-01
-2.000000000000000000e+00 5.807537458944556086e-01 4.698650727073320210e-01 6.648316086901133737e-01 4.186998285133256559e-01 6.007607453289832700e-01 2.406531880854918815e-01 -2.087968098744853729e-01 -6.128304939239900828e-02 -8.528649927135772968e-02 -4.288639001156654279e-02 -3.951964206775918642e-01 6.828529067634824257e-01
-1.500000000000000000e+00 7.345055950793177857e-01 6.627770995648814001e-01 8.049714685294153682e-01 5.761192659626954704e-01 7.265093362828767276e-01 4.448790367834218884e-01 -1.485045309669592029e-01 1.854330035686251599e-01 4.823448957839118756e-02 1.061467215699466726e-01 -4.341670222951486968e-01 8.031165359896549338e-01
-1.000000000000000000e+00 8.323232913934907051e-01 7.403279053080774608e-01 8.201107824163054172e-01 6.504988013355433862e-01 7.297583089206018947e-01 5.198169542442544477e-01 -1.923485344981426537e-02 2.566358998675437597e-01 1.387962768133191582e-01 1.939932740874517059e-01 -3.026079009333819680e-01 8.181217850381370393e-01
-5.000000000000000000e-01 9.463938646994909387e-01 8.623103693681389847e-01 8.533667664256396890e-01 7.879118205182465973e-01 7.872597621073370577e-01 6.674857738715946898e-01 2.308580530622062477e-01 4.152641956723129857e-01 3.538687302399696200e-01 4.038933202737313155e-01 -1.390113305729143711e-01 8.865853700951603633e-01
0.000000000000000000e+00 1.000000000000000000e+00 8.992885440158970844e-01 7.989507579331019960e-01 8.314338478824252476e-01 7.677103655362801371e-01 7.186947335122841896e-01 3.541291590679452317e-01 4.610801740004192850e-01 4.564310120729441200e-01 4.523346961311076053e-01 5.801639383919986875e-02 8.918980630926008901e-01
5.000000000000000000e-01 9.463938646994909387e-01 9.380072218162691655e-01 7.201534938678868514e-01 9.021662628540521034e-01 8.145932252142810137e-01 8.213600667457554572e-01 4.945264352839554567e-01 6.414105180226443714e-01 5.770523122120885251e-01 6.139218179692135235e-01 1.487940363580536607e-01 8.715045931934044532e-01
1.000000000000000000e+00 8.323232913934905941e-01 9.002762574454715727e-01 5.351687082945193463e-01 8.895497772142749726e-01 7.613614481111565802e-01 8.111801960184873428e-01 4.737338798736266954e-01 6.697972148689925742e-01 5.229810151440751342e-01 6.530890681294394540e-01 1.689054077921324781e-01 7.482718845564686472e-01
1.500000000000000000e+00 7.345055950793177857e-01 8.433122613555887881e-01 3.451881907916627412e-01 8.805018755272051578e-01 7.483503679100631523e-01 8.262513121090246937e-01 5.967352674077681662e-01 7.380592491699197177e-01 6.535245896890740092e-01 7.134513149100266682e-01 3.066162837936431407e-01 6.487732207953251784e-01
2.000000000000000000e+00 5.807537458944557196e-01 7.172635876309871872e-01 1.254399793895324688e-01 7.808469667162450945e-01 6.636150844569074225e-01 7.343175139086299819e-01 5.162844007312277217e-01 6.807742745192179035e-01 5.457202406642728265e-01 6.563867801340154129e-01 2.625742157639365804e-01 5.025300390934934747e-01
2.500000000000000000e+00 4.237528615537234922e-01 5.720961890923412785e-01 -9.001986523134461460e-02 6.809466827745386253e-01 6.098707975461052921e-01 6.557452861819195178e-01 5.231431167323373765e-01 7.249242215705078429e-01 3.627643423732779260e-01 5.152480198542284118e-01 2.316957619888471986e-01 3.762761290395095770e-01
3.000000000000000000e+00 2.022943658920322019e-01 3.487196360332982525e-01 -2.935505392134502012e-01 5.058472017533059972e-01 4.652685205503144239e-01 5.211039878975916029e-01 4.132014542509370170e-01 6.086801228249202333e-01 1.119935035612792673e-01 2.780916446002056341e-01 1.599885302741975712e-01 1.714223917160297428e-01
3.500000000000000000e+00 8.642386096684649688e-02 2.006341805398115519e-01 -2.393247860223483570e-01 4.289147502711658233e-01 2.556309617829498615e-01 4.410993044261597440e-01 4.086826958500644480e-01 5.566867652835344460e-01 1.735981381277165170e-01 4.973186128310738002e-02 2.126580505216562333e-01 7.975687210730095233e-02
4.000000000000000000e+00 -2.868162712046939955e-02 -1.118471900043438438e-04 -1.903376033161415792e-01 2.158841188576823278e-01 8.939851013082783515e-03 2.503098814388518556e-01 2.621285836842292549e-01 3.286518423966989788e-01 6.083706510207433082e-02 -1.508758844534507926e-01 1.636939253033681818e-01 -4.177735956301803499e-02
4.500000000000000000e+00 -2.121165229395436530e-02 -9.886855076172662571e-02 -1.279217688839474343e-01 8.115847156316362276e-02 -1.378840501193745460e-01 8.948856118057349485e-02 4.095010688738109916e-02 1.533540332148734808e-01 -1.027393501232679862e-01 -3.721575500491698385e-01 1.273879919768589053e-02 -1.157669925240579212e-01
5.000000000000000000e+00 -1.169583548539347706e-02 -1.077789309848479482e-01 -2.763139850765844452e-02 1.866657679384681190e-02 -2.131474567886256222e-01 2.187009710389125478e-02 -3.823992149617783110e-02 9.033769688278434074e-02 -8.240687608071495251e-02 -5.187234820230079979e-01 -1.639137778024291059e-02 -1.689274229965366803e-01
5.500000000000000000e+00 -2.339966900833610752e-02 -9.751805310699529494e-02 9.920272828840277779e-02 -3.237044384643700257e-02 -3.081778666119440180e-01 -8.375506795022971684e-02 -1.070289630580146673e-01 3.859277165238970270e-02 9.973997011556859360e-02 -6.427107418915403159e-01 -4.690594624335293894e-02 -2.021384140390278805e-01
6.000000000000000000e+00 -9.804672993335186715e-02 -1.208082595679826898e-01 1.206028334804934710e-01 -1.619012449359153727e-01 -4.202947693692377085e-01 -2.443436979700872036e-01 -1.432862493463718800e-01 -6.016191407678529030e-02 1.537107523167205447e-01 -6.056989628291251648e-01 5.816760150973779298e-03 -2.896536704478144264e-01
6.500000000000000000e+00 -9.954711867883997423e-02 -6.734265882669841774e-02 1.722329079078204761e-01 -1.234796482438488274e-01 -4.054786971185107003e-01 -3.067892508713847000e-01 -1.802757921898388571e-01 -8.949118524203084069e-02 2.074421800391313964e-01 -5.214239747340698727e-01 -1.918836177239209920e-02 -2.859113971528260967e-01
7.000000000000000000e+00 -1.547876915257336283e-01 -1.427317079213026307e-01 5.413740084027826582e-02 -2.067020726959561683e-01 -4.106262284133459506e-01 -4.491130092107378236e-01 -3.408141085966632788e-01 -1.895139836287185742e-01 2.165993838597579657e-01 -4.536302261199998132e-01 -1.897747839400568681e-01 -3.524975177125628245e-01
7.500000000000000000e+00 -1.721151032387459590e-01 -2.349663724344337734e-01 -1.374606877210520980e-02 -2.331635890744931383e-01 -3.882743152165299971e-01 -5.489918133560793834e-01 -4.889821639241039852e-01 -3.683578014885397489e-01 2.325899807578388767e-01 -4.300430646027343928e-01 -3.988252329714930822e-01 -3.379697546056767421e-01
8.000000000000000000e+00 -2.467465963873780033e-01 -2.983635125852138192e-01 -1.198529876922740656e-01 -2.395393288774600726e-01 -3.416933288866237928e-01 -5.181014349408865627e-01 -4.482000725017024623e-01 -3.963079185124434023e-01 2.218016139230463701e-01 -3.123796009747412117e-01 -3.496746328125494574e-01 -3.306191706011586406e-01
8.500000000000000000e+00 -2.323028697899510719e-01 -2.535390230157778535e-01 -1.287627987946697306e-01 -1.757554107808803889e-01 -2.118893343055388567e-01 -3.206130101028399348e-01 -3.882736848823669096e-01 -3.321963101304514221e-01 1.041893230609530901e-01 -7.981829568684703502e-02 -3.700363128679041713e-01 -1.899482775687655334e-01
9.000000000000000000e+00 -2.946990411870410997e-01 -3.188981596728159840e-01 -2.712029432148757024e-01 -1.855973720202312993e-01 -1.692111210650533715e-01 -2.087754722199271495e-01 -3.799547470547413042e-01 -2.503430114911714965e-01 -1.220796647602750418e-01 3.135185042072573258e-02 -4.086486542002480959e-01 -1.855829649696831285e-01
9.500000000000000000e+00 -2.603695119165597704e-01 -2.903354327628915876e-01 -2.564189792071727703e-01 -1.319121585108205819e-01 -7.551885382128212254e-02 -7.142389715140179396e-02 -2.920447546245388826e-01 -1.767103497089516084e-01 -3.566860472871776766e-01 9.971084993315457168e-02 -4.214597745330903034e-01 -8.028592299368862706e-02
1.000000000000000000e+01 -2.562809981252515135e-01 -2.899448991350671578e-01 -2.296838584838593600e-01 -2.127674954670766005e-01 -9.350603869076103136e-02 1.977072605217267132e-02 -2.261870574991561300e-01 -1.558931407521992885e-01 -5.327994896430899852e-01 3.631917616200087962e-02 -4.342060883464279319e-01 3.206502228837580792e-03
1.050000000000000000e+01 -1.377720151071146482e-01 -1.907734208235300488e-01 1.684078817664326835e-02 -2.371616795950556300e-01 -1.023293974756632752e-01 7.900403617019448321e-02 -2.537133869749808590e-01 -2.428009751150935758e-01 -5.800141206617059897e-01 5.522371167141413434e-02 -5.758651051514543928e-01 1.601036927033083201e-01
1.100000000000000000e+01 -1.137445088499350887e-01 -5.380929320142284478e-02 1.691006638493259273e-01 -2.092597231776272271e-01 -8.233663894901389890e-02 1.003313035000659992e-01 -2.443403058258921123e-01 -1.573303232254222583e-01 -6.916847473114837719e-01 2.177447989865898825e-01 -6.033222854067157304e-01 2.459586466701609297e-01
1.150000000000000000e+01 -1.402795198679865005e-02 1.488004974894862054e-01 3.462591713645201685e-01 -8.041423766186864275e-02 6.245942378604882328e-02 1.430500801002744238e-01 -2.122202922866580632e-01 -2.681837819586691679e-02 -6.532122067420254030e-01 3.641534176958058922e-01 -4.792514940229933851e-01 3.640717780803666148e-01
1.200000000000000000e+01 1.718695037191111247e-02 1.190954498861316740e-01 4.000327425455130204e-01 -9.192991990630972055e-02 7.707082208251310462e-02 -1.476618174634314329e-02 -2.587405243250238684e-01 -1.555887433523615027e-01 -5.264402182648825201e-01 1.805288727345648325e-01 -4.435549241253172736e-01 3.144222975897259520e-01
1.250000000000000000e+01 1.724863509342300927e-01 1.661489713012373470e-01 5.318907320473429401e-01 3.846995545874659639e-02 2.133022337227738485e-01 -6.007292141871969221e-02 -1.688031577467541955e-01 -1.986535024598437560e-01 -1.950433414019669409e-01 6.255202337863009776e-02 -1.674400569263317373e-01 3.371406074243565865e-01
1.300000000000000000e+01 2.082277183599901549e-01 2.003658733088361510e-01 5.625672570775828163e-01 1.087981298642812789e-01 2.578024875038840702e-01 -1.022977849763151703e-01 -2.398070485404675822e-01 -1.810564399932613755e-01 6.358210368575464844e-03 1.468270368389328062e-01 -1.482923875119712687e-01 3.088960030793410638e-01
1.350000000000000000e+01 3.388072719857551651e-01 3.112777493964244968e-01 6.102240198467950849e-01 2.731702826038874266e-01 3.865359277101405033e-01 9.871499074653381292e-03 -1.947415134726220021e-01 -5.840947539973091046e-02 2.317669786343044824e-01 2.892592511264477362e-01 -6.444476891502715077e-02 3.593168763197210902e-01
1.400000000000000000e+01 4.092024471349084980e-01 3.368249842518105108e-01 5.693017401566159430e-01 3.930044457489400012e-01 4.893313583727850746e-01 7.353049776864466203e-02 -1.489215616712142309e-01 9.020791635500639838e-02 4.476549566770381405e-01 3.427176585451137125e-01 8.475057657761247976e-02 4.217437299695190323e-01
1.450000000000000000e+01 4.832775781596887477e-01 3.912688227892883175e-01 4.780037387096374157e-01 4.916933671156937802e-01 5.494945905454837742e-01 2.497293927836473637e-01 3.503607284791287503e-03 2.779972448623611037e-01 5.674312427441975393e-01 4.684878829191203575e-01 1.841123248933196344e-01 5.181236582665386114e-01
1.500000000000000000e+01 5.486193004054932265e-01 3.953838266121804113e-01 5.386348199342432252e-01 5.221612241857912506e-01 6.011269543176512853e-01 3.608834829441984748e-01 1.949411527356053053e-01 1.985415575703651236e-01 5.943154850753878948e-01 5.164904207028427896e-01 3.756776118873281778e-01 5.977421049926855412e-01
