# time shift (tau) 	 correlation coefficient 	 number of simulations: 15000	 FR: True	 RSS: True
-1.000000000000000000e+01 2.400000000000000000e+01
-9.500000000000000000e+00 2.300000000000000000e+01
-9.000000000000000000e+00 5.900000000000000000e+01
-8.500000000000000000e+00 5.800000000000000000e+01
-8.000000000000000000e+00 3.100000000000000000e+01
-7.500000000000000000e+00 2.000000000000000000e+01
-7.000000000000000000e+00 1.800000000000000000e+01
-6.500000000000000000e+00 1.900000000000000000e+01
-6.000000000000000000e+00 3.100000000000000000e+01
-5.500000000000000000e+00 4.500000000000000000e+01
-5.000000000000000000e+00 5.300000000000000000e+01
-4.500000000000000000e+00 6.200000000000000000e+01
-4.000000000000000000e+00 4.800000000000000000e+01
-3.500000000000000000e+00 6.000000000000000000e+01
-3.000000000000000000e+00 9.300000000000000000e+01
-2.500000000000000000e+00 8.500000000000000000e+01
-2.000000000000000000e+00 1.090000000000000000e+02
-1.500000000000000000e+00 1.030000000000000000e+02
-1.000000000000000000e+00 1.000000000000000000e+02
-5.000000000000000000e-01 7.800000000000000000e+01
0.000000000000000000e+00 2.509000000000000000e+03
5.000000000000000000e-01 3.268000000000000000e+03
1.000000000000000000e+00 1.339000000000000000e+03
1.500000000000000000e+00 5.080000000000000000e+02
2.000000000000000000e+00 2.450000000000000000e+02
2.500000000000000000e+00 1.980000000000000000e+02
3.000000000000000000e+00 4.520000000000000000e+02
3.500000000000000000e+00 5.160000000000000000e+02
4.000000000000000000e+00 4.390000000000000000e+02
4.500000000000000000e+00 4.400000000000000000e+02
5.000000000000000000e+00 4.710000000000000000e+02
5.500000000000000000e+00 4.300000000000000000e+02
6.000000000000000000e+00 3.090000000000000000e+02
6.500000000000000000e+00 3.520000000000000000e+02
7.000000000000000000e+00 3.380000000000000000e+02
7.500000000000000000e+00 2.950000000000000000e+02
8.000000000000000000e+00 2.590000000000000000e+02
8.500000000000000000e+00 1.740000000000000000e+02
9.000000000000000000e+00 1.740000000000000000e+02
9.500000000000000000e+00 1.300000000000000000e+02
1.000000000000000000e+01 1.140000000000000000e+02
1.050000000000000000e+01 5.500000000000000000e+01
1.100000000000000000e+01 5.700000000000000000e+01
1.150000000000000000e+01 5.300000000000000000e+01
1.200000000000000000e+01 2.200000000000000000e+01
1.250000000000000000e+01 6.800000000000000000e+01
1.300000000000000000e+01 1.300000000000000000e+02
1.350000000000000000e+01 1.050000000000000000e+02
1.400000000000000000e+01 1.140000000000000000e+02
1.450000000000000000e+01 1.610000000000000000e+02
1.500000000000000000e+01 1.560000000000000000e+02
