# # time shift (tau) HDelta HGamma HeII4685 HBeta HeI5875 HAlpha HeI5015 OI8446 HeI4471 HeI7065 OIII5007 LyALpha
-5.000000000000000000e+00 2.187009710389124784e-02 -5.333653779479708562e-02 4.371967218799949206e-01 2.200330549369288596e-02 -6.656428062415353786e-02 -4.989445511916554277e-02 -4.517416797126758143e-01 -2.755437877996302909e-01 -1.633897282168285114e-01 -1.143175388547877647e-01 -4.079604689408322660e-01 2.354344865851990265e-01
-4.500000000000000000e+00 8.948856118057346709e-02 4.669474708363190868e-02 4.356309753197342705e-01 3.150156509556870099e-03 2.220998766729551793e-02 -8.489667064961854692e-02 -5.847398739649571908e-01 -2.700946685875472708e-01 -1.272203245955404183e-01 -7.971932660988775843e-02 -5.398569527363774601e-01 2.772932633038369676e-01
-4.000000000000000000e+00 2.503098814388518001e-01 1.618859892320858862e-01 3.957643922960483174e-01 -2.531897043554123816e-03 1.708128701525026272e-01 -1.238126932050268858e-01 -5.548956862815147550e-01 -1.783223251074526061e-01 -1.256303103194848503e-01 -6.444633154136764075e-02 -5.336884295451322924e-01 3.409168014623428777e-01
-3.500000000000000000e+00 4.410993044261597440e-01 4.031594235142201832e-01 5.658135699045965250e-01 2.348415292900782603e-01 4.325730669596635214e-01 -2.071949239142743815e-03 -4.983536720959426680e-01 -1.492081452900823613e-01 3.747298929560361619e-02 1.476682679991749014e-02 -5.299089802855723175e-01 5.686916306250915376e-01
-3.000000000000000000e+00 5.211039878975916029e-01 5.080947870906749042e-01 6.413205621661635103e-01 3.670551672826821710e-01 5.749053492878826166e-01 1.396107830481553014e-01 -2.624874326162527360e-01 -5.814466628342680743e-02 1.620785822086110439e-01 2.179881136544147696e-02 -3.477611239641669183e-01 6.762420031168119294e-01
-2.500000000000000000e+00 6.557452861819196288e-01 6.158404260680390152e-01 7.062908895054880176e-01 5.743027880605711122e-01 7.078282163804880955e-01 3.024550596683726056e-01 -8.260483359183035112e-02 -9.817255047020069514e-02 2.162526692193157407e-01 1.764144613625114599e-01 -2.782042446213268128e-01 7.491207227732370466e-01
-2.000000000000000000e+00 7.343175139086299819e-01 6.160011364805649814e-01 6.526148140150938026e-01 6.520883886683026542e-01 6.767300807374612148e-01 3.623452113677787523e-01 7.283746834849594287e-02 -1.168364144948728089e-01 2.289269286398717407e-01 3.187043768568171842e-01 -1.279679390734480560e-01 7.240619790992113280e-01
-1.500000000000000000e+00 8.262513121090246937e-01 7.027260383046818326e-01 6.711795134413043318e-01 7.493642449377706516e-01 7.668019561754313429e-01 5.810805701829078185e-01 1.317868751159221030e-01 1.528145331900394588e-01 3.246645785054933508e-01 4.668485540034023051e-01 -1.742648827604209028e-01 8.017986544596984455e-01
-1.000000000000000000e+00 8.111801960184873428e-01 6.790292671751393394e-01 5.581994538692226504e-01 7.186904571993704138e-01 7.130079553881256693e-01 6.452444431536409342e-01 1.714691235329162677e-01 2.586528897927636850e-01 3.288277622772403652e-01 5.057061434548039136e-01 -1.226066760175090475e-01 7.527862632835458090e-01
-5.000000000000000000e-01 8.213600667457554572e-01 8.204351035362169586e-01 5.243733148879543560e-01 8.479125074765074821e-01 8.210304322633916740e-01 9.052962665518924368e-01 4.420633176480882054e-01 5.988631870353442466e-01 4.214130125396831072e-01 6.378510991648744799e-01 7.513040127593165196e-02 7.924504457862078244e-01
0.000000000000000000e+00 7.186947335122843006e-01 8.258856731344734747e-01 3.954832470390350352e-01 8.455446380182002342e-01 7.710519898690273433e-01 1.000000000000000000e+00 5.541169449335052732e-01 7.463040955829507439e-01 4.137794618421793968e-01 5.820121289500296280e-01 2.793551129253071252e-01 7.168514476014526959e-01
5.000000000000000000e-01 6.674857738715946898e-01 7.712247371020648501e-01 3.131315508489677657e-01 7.964850664225451293e-01 6.815470852811225111e-01 9.052962665518924368e-01 6.399427969846955833e-01 7.592950075202535842e-01 4.460316478184306321e-01 5.695814357739142908e-01 3.144993781143616829e-01 6.486816051754140666e-01
1.000000000000000000e+00 5.198169542442545588e-01 5.924182519369443067e-01 1.320496510606635199e-01 6.145015349088702727e-01 4.577398649007279330e-01 6.452444431536410452e-01 4.933188680503580725e-01 5.737094288452873059e-01 3.081084825729941690e-01 4.267840350840258479e-01 2.215532782622709473e-01 4.544261277831226908e-01
1.500000000000000000e+00 4.448790367834219439e-01 5.474361805614273990e-01 1.102048012547471034e-01 5.498007564976084005e-01 4.623301053191543053e-01 5.810805701829078185e-01 4.596528712922345328e-01 5.403066259452165010e-01 3.688223362724961651e-01 3.023955740808473847e-01 2.066843020138634246e-01 4.296877371757700237e-01
2.000000000000000000e+00 2.406531880854918815e-01 3.621632397245536095e-01 1.245348427860108048e-02 3.340286168902066866e-01 3.075838126630434100e-01 3.623452113677787523e-01 2.558978357907603640e-01 3.367398676197670415e-01 2.672171011889794556e-01 1.070770913577443612e-01 9.585704469230640901e-02 2.515463509986983759e-01
2.500000000000000000e+00 2.074986945473282496e-01 3.021354092012679682e-01 -5.614574127997223191e-02 3.916817008453484794e-01 2.926509245486435540e-01 3.024550596683726056e-01 3.425842862627737628e-01 4.288013290711175096e-01 3.188298817043988542e-01 1.348901019455331363e-02 2.612209484115187719e-01 1.361374098644359543e-01
3.000000000000000000e+00 6.270122620935875135e-02 9.735042682582455142e-02 -1.570008542143905006e-01 2.876303542343997544e-01 1.778480959309279019e-01 1.396107830481553291e-01 2.660738540892080839e-01 3.912475258850998117e-01 2.162728088705204721e-01 -1.151685708851783868e-01 3.239064079040810396e-01 -8.666848538031142468e-02
3.500000000000000000e+00 3.622584517966120216e-02 -1.015855491839565139e-01 -1.501686385733588813e-01 1.506205692456063228e-01 4.023197940770960324e-03 -2.071949239142757693e-03 2.246060674051942596e-01 3.098147792335742556e-01 3.083369565847483007e-01 -4.226917584081487655e-01 3.173574254454938348e-01 -2.213611063014844227e-01
4.000000000000000000e+00 -8.764843349672778172e-03 -2.554685199225450454e-01 -1.616242953369537161e-01 -4.699068726686266018e-02 -1.970393414014496025e-01 -1.238126932050268442e-01 1.074203209212623716e-01 1.435953489871533428e-01 2.937547747225962014e-01 -5.161309968534781856e-01 2.348287901031932134e-01 -3.462769973565896775e-01
4.500000000000000000e+00 -5.371945339743205289e-02 -1.784699274161754001e-01 -7.417151763315575630e-02 -1.013156250662180791e-01 -3.429371449638843328e-01 -8.489667064961857468e-02 5.090157613747204463e-02 1.158049001074547002e-01 3.128910603230831144e-01 -4.538171477465143822e-01 2.121575727438866910e-01 -3.006056729059758958e-01
5.000000000000000000e+00 -1.253752951546173444e-01 -9.096454128263875560e-02 -8.348562061975328685e-02 -1.308491446761669563e-01 -3.657132024933230641e-01 -4.989445511916553583e-02 1.350997774133097518e-02 1.216749097642923494e-01 2.343890515803987440e-01 -2.416136183850765284e-01 1.457242555895949254e-01 -2.561750078333664971e-01
5.500000000000000000e+00 -1.364450542986884174e-01 -1.408051731682904428e-01 -1.088756764564180191e-01 -1.924750983079060451e-01 -3.446115137358991554e-01 -2.036215143984477227e-01 -7.536245073607646117e-02 -2.542546921660559373e-02 1.386984219368699867e-01 -2.250732833553260315e-01 3.697331851369130284e-02 -2.744674541405497381e-01
6.000000000000000000e+00 -2.255734162412912636e-01 -2.178769783365175350e-01 -1.930295008964704462e-01 -2.627368466797629365e-01 -3.070669386985196425e-01 -3.292052078187000519e-01 -5.836838375744642093e-02 -1.625195572260149102e-01 -4.088745621697675511e-03 -2.571380991211424938e-01 1.564556324349883690e-03 -3.290671405153379747e-01
6.500000000000000000e+00 -2.852854466254193255e-01 -2.176133587416439474e-01 -2.099745389944991381e-01 -2.648110792615057663e-01 -2.938810638883090354e-01 -3.261567029541788676e-01 8.474024523822953903e-03 -2.742750003519735524e-01 -2.510043943755209742e-02 -2.381505427257862018e-01 -1.292054172147712177e-02 -3.854995465215450556e-01
7.000000000000000000e+00 -3.210242130019526074e-01 -2.653124830552844315e-01 -2.510048401349344038e-01 -2.996921940399999151e-01 -3.284964910004956606e-01 -3.461316342156363079e-01 -5.847191493993917494e-02 -3.388852504545950550e-01 -6.984302576240969396e-02 -2.065622849738440459e-01 -1.179267555147918145e-01 -4.001750872861250530e-01
7.500000000000000000e+00 -3.593372764538835806e-01 -2.515765980365167742e-01 -3.241544314869307941e-01 -2.699034382035241375e-01 -3.771219802404303101e-01 -3.019377182418465644e-01 -2.174310756635166042e-01 -1.006469414068649759e-01 -1.448426912471099115e-01 -3.020292858570857580e-02 -2.526795624888878988e-01 -3.466040180027717410e-01
8.000000000000000000e+00 -3.659750441344379879e-01 -2.706237251159961943e-01 -3.623201921191209207e-01 -2.372468652998186989e-01 -3.525747537029501610e-01 -2.013266494443623489e-01 -3.015935956546915153e-01 9.168519512799157278e-02 -2.038089818131244568e-01 -4.222124608003009066e-02 -2.858396900040541255e-01 -2.746493476671251766e-01
8.500000000000000000e+00 -3.529196993913144009e-01 -4.225052511969866753e-01 -4.264508389059710747e-01 -3.340855808014978612e-01 -2.758321991321352473e-01 -2.046482023716291732e-01 -2.912287824488011267e-01 -9.828307628505382476e-02 -3.438684133848425306e-01 -3.465733901603199607e-01 -2.375620393607610903e-01 -2.362916173749514126e-01
9.000000000000000000e+00 -3.855874830934212794e-01 -4.992351299180162738e-01 -4.082272542735528864e-01 -4.046792765936421676e-01 -2.713833977048812907e-01 -2.042480774579455982e-01 -2.324109193923090400e-01 -2.161121452317947833e-01 -4.994969032056495450e-01 -4.589475706784427178e-01 -1.037748546774211189e-01 -2.236621790199778970e-01
9.500000000000000000e+00 -4.436806697606275884e-01 -4.461471024965156795e-01 -2.325735540699566117e-01 -4.090203527850752030e-01 -3.427720883062569945e-01 -2.126792790110175746e-01 -1.246570145273455388e-01 -3.739517332528332627e-01 -5.367365940680040026e-01 -2.256961328035506087e-01 2.744020069587376973e-02 -1.430657933991397734e-01
1.000000000000000000e+01 -5.175667465247428822e-01 -4.637621268283158571e-01 -9.234083438642724795e-02 -5.540814411716670218e-01 -4.478149680531415822e-01 -3.817900621892351687e-01 -3.710438823673620767e-01 -5.917689364973557353e-01 -6.525554365132189005e-01 -8.509086110358474175e-02 -1.819157915017124982e-01 -1.600892245657580260e-01
