# time shift (tau) 	 correlation coefficient 	 number of simulations: 15000	 FR: True	 RSS: True
-1.000000000000000000e+01 1.300000000000000000e+02
-9.500000000000000000e+00 7.000000000000000000e+01
-9.000000000000000000e+00 1.890000000000000000e+02
-8.500000000000000000e+00 1.560000000000000000e+02
-8.000000000000000000e+00 1.210000000000000000e+02
-7.500000000000000000e+00 2.300000000000000000e+01
-7.000000000000000000e+00 0.000000000000000000e+00
-6.500000000000000000e+00 0.000000000000000000e+00
-6.000000000000000000e+00 0.000000000000000000e+00
-5.500000000000000000e+00 0.000000000000000000e+00
-5.000000000000000000e+00 0.000000000000000000e+00
-4.500000000000000000e+00 0.000000000000000000e+00
-4.000000000000000000e+00 0.000000000000000000e+00
-3.500000000000000000e+00 0.000000000000000000e+00
-3.000000000000000000e+00 0.000000000000000000e+00
-2.500000000000000000e+00 0.000000000000000000e+00
-2.000000000000000000e+00 1.000000000000000000e+00
-1.500000000000000000e+00 0.000000000000000000e+00
-1.000000000000000000e+00 0.000000000000000000e+00
-5.000000000000000000e-01 4.000000000000000000e+00
0.000000000000000000e+00 5.714000000000000000e+03
5.000000000000000000e-01 4.105000000000000000e+03
1.000000000000000000e+00 4.000000000000000000e+02
1.500000000000000000e+00 5.770000000000000000e+02
2.000000000000000000e+00 1.180000000000000000e+02
2.500000000000000000e+00 1.520000000000000000e+02
3.000000000000000000e+00 2.590000000000000000e+02
3.500000000000000000e+00 2.600000000000000000e+01
4.000000000000000000e+00 0.000000000000000000e+00
4.500000000000000000e+00 1.000000000000000000e+01
5.000000000000000000e+00 1.200000000000000000e+01
5.500000000000000000e+00 4.000000000000000000e+00
6.000000000000000000e+00 3.000000000000000000e+00
6.500000000000000000e+00 5.000000000000000000e+00
7.000000000000000000e+00 1.000000000000000000e+00
7.500000000000000000e+00 8.000000000000000000e+00
8.000000000000000000e+00 6.000000000000000000e+00
8.500000000000000000e+00 1.000000000000000000e+00
9.000000000000000000e+00 1.000000000000000000e+00
9.500000000000000000e+00 1.300000000000000000e+01
1.000000000000000000e+01 5.500000000000000000e+01
1.050000000000000000e+01 6.000000000000000000e+00
1.100000000000000000e+01 1.500000000000000000e+01
1.150000000000000000e+01 1.500000000000000000e+01
1.200000000000000000e+01 7.000000000000000000e+00
1.250000000000000000e+01 2.060000000000000000e+02
1.300000000000000000e+01 4.720000000000000000e+02
1.350000000000000000e+01 3.090000000000000000e+02
1.400000000000000000e+01 4.060000000000000000e+02
1.450000000000000000e+01 4.380000000000000000e+02
1.500000000000000000e+01 9.620000000000000000e+02
