# # time shift (tau) HDelta HGamma HeII4685 HBeta HeI5875 HAlpha HeI5015 OI8446 HeI4471 HeI7065 OIII5007 LyALpha
-5.000000000000000000e+00 -2.131474567886255667e-01 -3.292609527450219842e-01 2.349276825702079075e-01 -2.163289549957750080e-01 -2.688296674828630772e-01 -3.657132024933229530e-01 -5.513460007341215441e-01 -5.079915055601516016e-01 -2.673329128539420063e-01 -2.319119127659273194e-01 -5.732979695057026648e-01 3.950040199954384101e-02
-4.500000000000000000e+00 -1.378840501193745738e-01 -2.277867935449143233e-01 3.021907698684738741e-01 -2.207837223575331576e-01 -1.625342076314068018e-01 -3.429371449638842773e-01 -7.146962990076332067e-01 -5.447708341583924474e-01 -3.107390168683240583e-01 -2.240772498014731440e-01 -7.399900096879188371e-01 1.491891236241336127e-01
-4.000000000000000000e+00 8.939851013082811271e-03 -6.271044966364473783e-02 3.275566928819444446e-01 -1.601641829841193021e-01 2.452991595752732762e-02 -1.970393414014496025e-01 -6.940312420688932171e-01 -3.398552473705868104e-01 -3.399888084522176834e-01 -1.670044971357730890e-01 -7.173595115911370890e-01 2.901870820968504572e-01
-3.500000000000000000e+00 2.556309617829498615e-01 1.801001800135882402e-01 4.999057863626818476e-01 1.104306808332472661e-01 2.653647695877787704e-01 4.023197940770946446e-03 -5.666142811657736145e-01 -2.650240778446468770e-01 -1.834526793636119812e-01 -5.678204560237967019e-02 -6.082494154643289797e-01 4.916586260703279532e-01
-3.000000000000000000e+00 4.652685205503143684e-01 3.394400792730097871e-01 6.098131612200162754e-01 3.020083309532148874e-01 4.271048853808936396e-01 1.778480959309279297e-01 -2.241913910264596854e-01 -1.347606435767674804e-01 -7.967684189663364058e-03 -3.468847612377617962e-03 -2.859210074848840266e-01 6.034021449179884922e-01
-2.500000000000000000e+00 6.098707975461051811e-01 4.915072405196591054e-01 7.413906956073126331e-01 4.334887134297447098e-01 5.579253205243964731e-01 2.926509245486435540e-01 -1.486215944399962019e-01 -1.896215009591530609e-01 3.521353731439914869e-02 1.016917418768453485e-01 -3.056776352634821281e-01 7.400445011568776987e-01
-2.000000000000000000e+00 6.636150844569075335e-01 5.489566629499407213e-01 7.585687485168730593e-01 4.553508416792317881e-01 5.562747464184571999e-01 3.075838126630433544e-01 -9.735776318203118174e-02 -2.119377984047746133e-01 8.296017956109759395e-02 2.071253568891656127e-01 -2.731562120782471959e-01 7.735218288020011546e-01
-1.500000000000000000e+00 7.483503679100631523e-01 6.880193290830415309e-01 7.711895886688793222e-01 5.868088197960665831e-01 6.646860163013532663e-01 4.623301053191542498e-01 -9.167590810188544492e-02 2.779670129860398881e-02 2.335283501019929375e-01 4.214112772559216458e-01 -3.279385812846886683e-01 8.412428278627366307e-01
-1.000000000000000000e+00 7.613614481111565802e-01 7.009808348470947248e-01 6.596849484032401012e-01 5.978845954124110129e-01 6.320572770801182738e-01 4.577398649007279330e-01 -5.600216580501548441e-02 9.718974540518868221e-02 2.696853935259875823e-01 4.788425716692767953e-01 -2.597370588693432847e-01 7.745498011170722785e-01
-5.000000000000000000e-01 8.145932252142810137e-01 8.251598790508842818e-01 6.374989091091965987e-01 7.609007452288440998e-01 8.972667790856858616e-01 6.815470852811225111e-01 2.214240285374135531e-01 3.949598545204610067e-01 2.929213204463654296e-01 5.426668910435303861e-01 -9.720151001938609481e-02 8.366631007015303823e-01
0.000000000000000000e+00 7.677103655362802481e-01 8.195565202416215111e-01 5.098849962712839190e-01 7.903041180018299805e-01 1.000000000000000000e+00 7.710519898690273433e-01 3.875337699460145169e-01 5.561408010519132139e-01 2.308959834578234449e-01 4.089389871172986468e-01 1.020497030192276944e-01 7.859761252946247945e-01
5.000000000000000000e-01 7.872597621073370577e-01 8.287888327551300449e-01 5.049728264370891839e-01 8.359733926199381937e-01 8.972667790856858616e-01 8.210304322633916740e-01 5.677824548897743018e-01 6.330470560156891136e-01 4.231756434694539659e-01 5.385731217823555017e-01 2.136086105306180816e-01 7.675537928133847609e-01
1.000000000000000000e+00 7.297583089206018947e-01 7.187162781975457992e-01 4.129079259736884167e-01 7.645581764865216901e-01 6.320572770801182738e-01 7.130079553881256693e-01 5.422392952507109065e-01 5.288942796333075957e-01 4.695472396630512302e-01 5.132811808655604047e-01 2.334480320742288173e-01 6.289929299520744532e-01
1.500000000000000000e+00 7.265093362828767276e-01 7.324507416911295588e-01 3.578995029138685169e-01 7.644178331301560991e-01 6.646860163013532663e-01 7.668019561754311209e-01 5.579150944715975946e-01 6.104451170051801157e-01 4.879388134726209691e-01 5.482254517121658566e-01 2.608184202775532534e-01 6.606008113702357409e-01
2.000000000000000000e+00 6.007607453289832700e-01 6.207495346809603909e-01 2.278165422656718841e-01 6.326411651271386383e-01 5.562747464184571999e-01 6.767300807374613258e-01 3.790593813183530392e-01 5.344175127342802867e-01 3.386638804494249144e-01 4.464816585364709267e-01 1.546906571750693571e-01 5.650203902668267109e-01
2.500000000000000000e+00 5.269660732389453983e-01 5.988893656969780377e-01 1.192944775859584861e-01 6.849797100987482512e-01 5.579253205243963620e-01 7.078282163804880955e-01 5.419924719120664536e-01 6.524490695995412981e-01 4.308017392948312319e-01 3.825820674440143510e-01 3.411320495203006842e-01 4.427267781909975386e-01
3.000000000000000000e+00 2.987915560855541885e-01 4.213388890838081213e-01 -7.512841077961929237e-02 5.502617773827345182e-01 4.271048853808936396e-01 5.749053492878826166e-01 5.401484654422195053e-01 5.673320887158816994e-01 3.015744988346233391e-01 2.473979579685131602e-01 4.400746563601402039e-01 1.542793462010675076e-01
3.500000000000000000e+00 2.105664600359466176e-01 3.291062877763396011e-01 -1.384347289332191755e-01 4.649018865163888625e-01 2.653647695877787704e-01 4.325730669596635214e-01 5.602594307028241349e-01 6.302033321304895130e-01 3.247149423360418119e-01 6.584605781251315348e-02 4.552339496163363419e-01 1.007302010439947021e-02
4.000000000000000000e+00 9.773952289367668356e-02 1.630671568773071622e-01 -1.811213395454363551e-01 2.393146185205615173e-01 2.452991595752734150e-02 1.708128701525025994e-01 3.871592305556496028e-01 4.684081495262122918e-01 2.422326765944844973e-01 -1.029567145031872744e-01 3.135944082839295932e-01 -1.638997931189595247e-01
4.500000000000000000e+00 4.518656110780894242e-03 4.617221177585170699e-02 -1.825788150827693523e-01 1.239105727502861909e-01 -1.625342076314068296e-01 2.220998766729552487e-02 1.413918694135139209e-01 4.183930604086584237e-01 2.978136974480899424e-01 -3.199202150444088177e-01 1.099532025565606586e-01 -2.358139918470369412e-01
5.000000000000000000e+00 -7.506972559568965420e-02 -3.754061338943160547e-02 -1.711070242099415883e-01 2.756067962446150099e-02 -2.688296674828630772e-01 -6.656428062415353786e-02 -1.640345218890256959e-02 3.311945029072833613e-01 3.307044792008516643e-01 -4.462590823555424024e-01 -2.424842384323111499e-03 -2.800758860799686945e-01
5.500000000000000000e+00 -9.628623204430332427e-02 -1.613431983869889064e-01 -1.688147569193845787e-01 -3.250680367051153596e-02 -2.961934129918236680e-01 -1.659628492633563046e-01 -2.112038511374310368e-02 1.752132895749005104e-01 3.135969193725403059e-01 -5.992076766092309104e-01 6.965680839096917432e-02 -3.116923808085806935e-01
6.000000000000000000e+00 -2.286756927609594481e-01 -3.432501185822914858e-01 -2.660727335869785826e-01 -2.169088232683695772e-01 -3.861744429562048442e-01 -3.259848803282665575e-01 -7.464662976318897636e-02 -5.003829492307985266e-02 1.471850922904219261e-01 -6.184641290361364563e-01 1.067407163975486739e-01 -4.399210990011644395e-01
6.500000000000000000e+00 -3.289463595613896230e-01 -4.140427408639794082e-01 -2.422779080495620352e-01 -2.691760227089693425e-01 -5.140549347152528759e-01 -4.102607149684409649e-01 -1.592837722499531872e-01 -1.383241067038813443e-01 1.026169284226497586e-01 -6.338875901582574635e-01 -2.190421252495037413e-02 -5.282559407411655528e-01
7.000000000000000000e+00 -4.734495969794852988e-01 -5.314147867848177942e-01 -3.254558104311655597e-01 -4.199118963778026847e-01 -6.240752625057661707e-01 -5.031671083343411954e-01 -2.655057103254029327e-01 -2.641182872559932893e-01 -4.668897958079654825e-02 -5.612160626165308974e-01 -1.473013184522578012e-01 -6.180196399480788472e-01
7.500000000000000000e+00 -4.886750524422708297e-01 -4.796559030462775874e-01 -2.738832033718934245e-01 -4.553422175526724569e-01 -6.692694334077315954e-01 -4.700887555746804947e-01 -3.737118084467979107e-01 -2.947381156745316200e-01 -1.681400852335704077e-01 -4.800885278333988371e-01 -2.722457283105611525e-01 -5.305550408988282118e-01
8.000000000000000000e+00 -4.994757987780784614e-01 -4.202275249577052674e-01 -2.731339483170240889e-01 -4.545717165001685878e-01 -6.007290686910948807e-01 -3.761629952759652507e-01 -3.831474597639277779e-01 -2.414248893955247555e-01 -2.673410119619129555e-01 -3.499309867631286708e-01 -2.913278654577096116e-01 -4.219189319110926428e-01
8.500000000000000000e+00 -4.785762198522017785e-01 -4.183198910286338723e-01 -2.805087836638560095e-01 -4.808356533654788434e-01 -4.653588368096087113e-01 -4.054782319303897875e-01 -4.811929471685223447e-01 -3.539533058024272316e-01 -4.337853127111149787e-01 -3.083224826168938226e-01 -4.652190891103599180e-01 -3.290143030903837085e-01
9.000000000000000000e+00 -5.066999694657070563e-01 -4.746748583164748236e-01 -3.429845243534933585e-01 -5.375437613335358744e-01 -3.951101038724139647e-01 -4.276272351341384725e-01 -5.088413234050865874e-01 -4.120705019850169348e-01 -6.099318644828991554e-01 -2.838232247735658076e-01 -5.002836429893753323e-01 -3.071178674453000634e-01
9.500000000000000000e+00 -4.601092860843577492e-01 -4.491482699026180803e-01 -2.023461002541191434e-01 -4.977836318881101452e-01 -3.853590114466701744e-01 -4.242545215401115621e-01 -4.744867755135514509e-01 -5.309485472024457753e-01 -5.533893017924524926e-01 -1.724609071755329182e-01 -4.716060380113844541e-01 -1.982649350723275639e-01
1.000000000000000000e+01 -4.434599366462123049e-01 -4.321300067447942928e-01 -9.445030134577032943e-02 -5.053411854842322359e-01 -3.912124291297397471e-01 -4.298794392237763606e-01 -5.300150743800482456e-01 -5.736130778106365291e-01 -5.492136683229191796e-01 -1.176735759406221660e-01 -5.126025621515124531e-01 -1.407832863540608992e-01
