# time shift (tau) 	 correlation coefficient 	 number of simulations: 10000	 FR: True	 RSS: True
-1.000000000000000000e+01 3.000000000000000000e+00
-9.000000000000000000e+00 0.000000000000000000e+00
-8.000000000000000000e+00 0.000000000000000000e+00
-7.000000000000000000e+00 0.000000000000000000e+00
-6.000000000000000000e+00 0.000000000000000000e+00
-5.000000000000000000e+00 2.000000000000000000e+00
-4.000000000000000000e+00 3.000000000000000000e+00
-3.000000000000000000e+00 2.000000000000000000e+00
-2.000000000000000000e+00 1.600000000000000000e+01
-1.000000000000000000e+00 2.300000000000000000e+01
0.000000000000000000e+00 1.040000000000000000e+02
1.000000000000000000e+00 4.464000000000000000e+03
2.000000000000000000e+00 2.352000000000000000e+03
3.000000000000000000e+00 1.442000000000000000e+03
4.000000000000000000e+00 8.450000000000000000e+02
5.000000000000000000e+00 3.720000000000000000e+02
6.000000000000000000e+00 2.090000000000000000e+02
7.000000000000000000e+00 7.200000000000000000e+01
8.000000000000000000e+00 3.600000000000000000e+01
9.000000000000000000e+00 1.600000000000000000e+01
1.000000000000000000e+01 8.000000000000000000e+00
1.100000000000000000e+01 1.000000000000000000e+00
1.200000000000000000e+01 0.000000000000000000e+00
1.300000000000000000e+01 1.000000000000000000e+00
1.400000000000000000e+01 1.100000000000000000e+01
1.500000000000000000e+01 1.800000000000000000e+01
