# time shift (tau) 	 correlation coefficient 	 number of simulations: 10000	 FR: True	 RSS: True
-1.000000000000000000e+01 2.400000000000000000e+02
-9.000000000000000000e+00 1.420000000000000000e+02
-8.000000000000000000e+00 5.300000000000000000e+01
-7.000000000000000000e+00 1.400000000000000000e+01
-6.000000000000000000e+00 5.200000000000000000e+01
-5.000000000000000000e+00 7.300000000000000000e+01
-4.000000000000000000e+00 1.220000000000000000e+02
-3.000000000000000000e+00 1.960000000000000000e+02
-2.000000000000000000e+00 1.730000000000000000e+02
-1.000000000000000000e+00 2.720000000000000000e+02
0.000000000000000000e+00 2.840000000000000000e+02
1.000000000000000000e+00 3.110000000000000000e+02
2.000000000000000000e+00 5.040000000000000000e+02
3.000000000000000000e+00 2.056000000000000000e+03
4.000000000000000000e+00 1.705000000000000000e+03
5.000000000000000000e+00 1.330000000000000000e+03
6.000000000000000000e+00 8.370000000000000000e+02
7.000000000000000000e+00 4.570000000000000000e+02
8.000000000000000000e+00 2.470000000000000000e+02
9.000000000000000000e+00 3.120000000000000000e+02
1.000000000000000000e+01 1.200000000000000000e+02
1.100000000000000000e+01 1.010000000000000000e+02
1.200000000000000000e+01 1.780000000000000000e+02
1.300000000000000000e+01 1.060000000000000000e+02
1.400000000000000000e+01 1.500000000000000000e+01
1.500000000000000000e+01 1.000000000000000000e+02
