# time shift (tau) 	 correlation coefficient 	 number of simulations: 10000	 FR: True	 RSS: True
-1.000000000000000000e+01 2.329000000000000000e+03
-9.000000000000000000e+00 1.630000000000000000e+02
-8.000000000000000000e+00 2.300000000000000000e+01
-7.000000000000000000e+00 8.000000000000000000e+00
-6.000000000000000000e+00 2.000000000000000000e+00
-5.000000000000000000e+00 8.000000000000000000e+00
-4.000000000000000000e+00 1.300000000000000000e+01
-3.000000000000000000e+00 3.500000000000000000e+01
-2.000000000000000000e+00 7.100000000000000000e+01
-1.000000000000000000e+00 9.300000000000000000e+01
0.000000000000000000e+00 7.200000000000000000e+01
1.000000000000000000e+00 1.280000000000000000e+02
2.000000000000000000e+00 1.480000000000000000e+02
3.000000000000000000e+00 1.830000000000000000e+02
4.000000000000000000e+00 8.800000000000000000e+01
5.000000000000000000e+00 1.520000000000000000e+02
6.000000000000000000e+00 3.590000000000000000e+02
7.000000000000000000e+00 3.550000000000000000e+02
8.000000000000000000e+00 8.440000000000000000e+02
9.000000000000000000e+00 1.034000000000000000e+03
1.000000000000000000e+01 3.060000000000000000e+02
1.100000000000000000e+01 2.880000000000000000e+02
1.200000000000000000e+01 2.020000000000000000e+02
1.300000000000000000e+01 2.370000000000000000e+02
1.400000000000000000e+01 6.020000000000000000e+02
1.500000000000000000e+01 1.992000000000000000e+03
