# # time shift (tau) HDelta HGamma HeII4685 HBeta HeI5875 HAlpha HeI5015 OI8446 HeI4471 HeI7065 OIII5007
-1.000000000000000000e+01 1.083755858000807482e-01 9.955621751216382764e-02 1.306103480991603893e-01 1.958302212116673768e-01 -2.284507760612713712e-01 -2.264530566110790621e-01 -1.142927716577713249e-01 4.436205256234684868e-02 1.968553842207431195e-02 9.491413903862938595e-02 -1.208047295412724570e-01
-9.000000000000000000e+00 -8.200149895308610215e-02 3.257696567389786746e-02 -1.055973167960954640e-01 1.548465719352960790e-01 -2.536868678004768340e-01 -1.777322530412789869e-01 -1.388590190421235271e-01 1.747029318013706423e-01 -8.714426803577643432e-02 1.343539535368789561e-01 -1.805292771678516373e-01
-8.000000000000000000e+00 -2.909785224762597711e-01 -1.188302539479323822e-01 -9.058931060897087995e-02 2.217290885153684610e-02 -2.870291185360100972e-01 -2.276453942678615672e-01 -2.174571330743416964e-01 1.118318450562906380e-01 -3.238111111333333847e-01 -4.123819104171032313e-02 -3.241577355931758442e-01
-7.000000000000000000e+00 -2.734418760233395806e-01 -2.642752751627241992e-01 4.560300812494022527e-02 -2.338409566753866242e-01 -4.618129276586191434e-01 -3.737236946713540231e-01 -4.164460168221695291e-01 -2.878994214720325129e-01 -5.228003213243095360e-01 -7.744145970848266558e-02 -5.206670706102397572e-01
-6.000000000000000000e+00 -1.547891888434055618e-01 -1.450434459363886819e-01 2.204763674364685622e-01 -8.937250150206291210e-02 -3.495193735885205877e-01 -2.991728070679920970e-01 -4.437464069595464800e-01 -2.828225084867078132e-01 -5.009787040019237914e-01 5.950677617004820202e-03 -5.213991171404310787e-01
-5.000000000000000000e+00 -2.196422222308502814e-02 5.528684906691960083e-03 3.795862560867752644e-01 1.210001953879982911e-01 -1.492590295353382057e-01 -1.346843115523080614e-01 -4.340673884808033955e-01 -1.943735790205805836e-01 -2.998492397360328909e-01 -5.089152896131785529e-03 -4.598728550843284579e-01
-4.000000000000000000e+00 6.348696258803648851e-02 4.383592383751629129e-02 3.625089014708300916e-01 5.010567600291356005e-02 -1.094580481443741954e-01 -2.555157919801015476e-01 -5.787319763983520549e-01 -2.921332293320147988e-01 -2.045553390469844190e-01 2.358879349534769021e-02 -6.108290595271461676e-01
-3.000000000000000000e+00 2.631295043862402760e-01 2.581071288860448121e-01 5.039196339439278027e-01 2.556541157283139798e-01 2.543943385797321488e-01 -7.665114389557772800e-02 -5.205227464293105122e-01 -1.663213508525432927e-01 -4.630505708570090140e-02 4.370496964334457529e-02 -6.078602834970316948e-01
-2.000000000000000000e+00 5.268942709809433245e-01 4.372741299490783273e-01 6.365540359975726536e-01 5.115761404007330704e-01 5.325105588103020704e-01 2.112547684972785333e-01 -3.310299538043206535e-01 -8.623888910002810992e-02 -9.739841370266205667e-03 1.241840806468161168e-01 -5.202276993201884192e-01
-1.000000000000000000e+00 7.482562051999158692e-01 6.179215598759395522e-01 7.155421816590832318e-01 6.377892339640596209e-01 6.069273045213754436e-01 4.360683267827971665e-01 -1.244363772886771941e-01 1.298921662830255785e-01 8.595857556222138984e-02 2.647422654840921874e-01 -4.293682351038803358e-01
0.000000000000000000e+00 8.399727134183502253e-01 8.526238329497984880e-01 7.855609272048201808e-01 7.958199968017640735e-01 7.810108992687128104e-01 7.655876908976578799e-01 1.701884935408857491e-01 5.398173726208868040e-01 2.606862343777682778e-01 3.887201457031317919e-01 -1.767835578887935744e-01
1.000000000000000000e+00 8.542475433098147830e-01 8.657290837902678060e-01 6.540595098061721124e-01 8.349039074444828401e-01 7.380022963283892068e-01 7.464008416617247121e-01 2.936526285124731461e-01 5.088984187977787510e-01 2.759578111635899722e-01 5.526719213239057460e-01 -7.006224587002143900e-02
2.000000000000000000e+00 7.518910572805305170e-01 8.250031468932197409e-01 5.169091200151451071e-01 8.265188442180766426e-01 7.114493323286941173e-01 6.685447947731448792e-01 2.900596866818329622e-01 5.146105926627148053e-01 4.846217747126908004e-01 5.780864755651891063e-01 -5.010872477636490324e-02
3.000000000000000000e+00 5.454326017709727470e-01 6.757739235425106461e-01 2.051576806760089522e-01 8.409938578691182887e-01 6.857776762691470962e-01 6.918968781064009921e-01 2.716927159819783055e-01 6.617160042890060101e-01 4.208778295734916242e-01 4.178254530373876063e-01 5.088705566642943989e-02
4.000000000000000000e+00 4.586767818280941267e-01 3.526643930435796048e-01 1.032903617525581796e-01 5.922713245629978029e-01 4.630741306995436180e-01 4.748638180153897936e-01 2.156640296534535206e-01 4.435231775848837432e-01 3.478640540322603947e-01 8.199684833266476791e-02 3.535295685795305370e-02
5.000000000000000000e+00 3.863376899848202095e-01 3.759818892523526523e-01 3.031668438838105439e-01 5.038775116387148589e-01 2.245428309606260497e-01 4.629083432327798509e-01 1.673153653332028201e-01 4.183343009147307834e-01 3.870664014671176822e-01 -8.641547573899718837e-02 -1.910750022651253044e-02
6.000000000000000000e+00 4.259192872754582471e-01 3.548973710534812920e-01 4.071373717487783983e-01 4.122708178732242268e-01 1.583303324686654023e-01 2.738415587945963736e-01 7.821954552953053197e-02 2.302503598343652591e-01 3.227005832481582570e-01 -1.617711335573688292e-01 -6.157255595276493743e-02
7.000000000000000000e+00 3.456388668514104312e-01 2.820043153751338183e-01 2.777396060053090587e-01 2.570062062602647690e-01 7.448736407184006203e-02 1.072057755161037462e-01 6.193837863405625421e-03 1.399754761038863038e-01 4.069247569237161022e-01 -2.692593828768091724e-01 -1.943065060692998891e-01
8.000000000000000000e+00 1.960904017470945226e-01 2.659600956047517006e-01 1.621115531764619755e-01 2.575360306830952739e-01 -7.766495988996795219e-02 1.210434948060882115e-01 -2.764545588225179873e-02 3.658206178377493289e-01 5.143690836496468410e-01 -3.482177751983973890e-02 -1.351256868974193281e-01
9.000000000000000000e+00 -4.821632057030543483e-02 -1.643606079680093035e-01 -1.719206911935202142e-01 -1.784149649446804820e-02 -9.084069054965951406e-02 -9.825731810845034220e-02 -2.307650213261517314e-01 -5.588015482477569351e-02 6.207725688154219768e-02 -2.910297604359034507e-01 -2.954076083260288588e-01
1.000000000000000000e+01 -3.455439943463370911e-01 -3.592509706808676428e-01 -1.636551118721879527e-01 -3.314380914697355185e-01 -2.405336772575114856e-01 -1.868411891036370620e-01 -2.589389465579331473e-01 -4.278853304349446995e-01 -3.592762383541516780e-01 -3.095599034675442646e-02 -3.027324206713858379e-01
1.100000000000000000e+01 -2.770913182979591882e-01 -1.801674835221009352e-01 1.524951644522749838e-02 -2.394277393521690167e-01 -1.050879372045105398e-01 -6.465765868601673627e-02 -3.962050291227319776e-01 -2.182984683517330826e-01 -7.232543229693753073e-01 2.768765212495545303e-01 -6.569588346323075312e-01
1.200000000000000000e+01 -1.317873982304738206e-02 -3.012649513551812069e-02 2.914230317839386908e-01 -1.616392150563526475e-01 7.642924012253898836e-02 -3.330385685997078876e-02 -2.427542762047000535e-01 -2.875130175384903453e-01 -5.669310264304232572e-01 -2.260403075031842263e-02 -4.623035223469059707e-01
1.300000000000000000e+01 1.783029198508126467e-01 2.743262990740424900e-01 5.704959626349583868e-01 8.261941534940495102e-02 1.830481196179857828e-01 2.990642625642572078e-02 -3.239905238699706258e-01 -4.861612038584279399e-03 -9.824187772332655666e-02 4.265252053421206835e-01 -3.753896038829851456e-01
1.400000000000000000e+01 3.990622524851578090e-01 2.888178919229035801e-01 5.819546040986177671e-01 3.264498021152918428e-01 4.681921817744157943e-01 4.160556445975788220e-02 -9.574724662581246548e-02 2.024487580537040476e-03 2.893976682318422089e-01 1.762694840469935242e-01 1.427195588503838430e-01
1.500000000000000000e+01 5.400262232570575138e-01 4.443642383448175304e-01 7.261443162847227573e-01 5.224161762210153270e-01 6.175607769727344820e-01 2.839433761776964937e-01 2.012642761889514298e-01 1.799824899462437039e-02 5.472417979664625509e-01 5.739768256225301624e-01 3.162226875558761252e-01
