# # time shift (tau) UVW2 Cont1150_not_optical_calibrated LyAlpha_not_optical_calibrated HBeta_not_optical_calibrated OI8446_not_optical_calibrated Cont1460_not_optical_calibrated
-1.000000000000000000e+01 -6.749414511123770222e-01 -2.924455960929028819e-01 -4.121411369597240970e-01 7.666665355622816203e-02 4.888542381479658028e-01 -2.881595408738044650e-01
-9.599999999999999645e+00 -5.399599742037246575e-01 -1.236102968771974342e-01 -3.840326104841925159e-01 1.133850513507060898e-01 5.390391411987975889e-01 -1.166355750298266325e-01
-9.199999999999999289e+00 -3.356613900689141561e-01 -2.690251910012525505e-02 -3.457319359886072974e-01 9.865148680372530510e-02 3.865924414345655036e-01 -1.194577689108875310e-02
-8.799999999999998934e+00 -2.189355721190754112e-01 5.259406538379179930e-02 -2.788655270635957972e-01 6.230310990996840159e-02 2.205732975764826964e-01 7.605035738935703171e-02
-8.399999999999998579e+00 2.736981727094808803e-02 2.020657967294583190e-01 -8.315189507551017101e-02 1.905669598020864608e-01 4.378830766865781099e-01 2.651767156441974249e-01
-7.999999999999998224e+00 1.759931797959866928e-02 2.811994284487151496e-01 2.535079305630780211e-03 2.299753095768527489e-01 4.110460746190943704e-01 3.538582015962820071e-01
-7.599999999999997868e+00 9.671768636046776391e-02 3.879122572399168467e-01 1.127623469862906735e-01 3.031685997900237517e-01 3.732704052847218845e-01 4.671065558309654975e-01
-7.199999999999997513e+00 2.146341693707078946e-01 4.078415910653770404e-01 1.242334522713716694e-01 4.042106250283910018e-01 3.170504856643450164e-01 4.816088313527568943e-01
-6.799999999999997158e+00 2.734827410389180091e-01 4.037381098675826285e-01 1.837984578609801467e-01 4.585411767171129194e-01 2.531009735361533508e-01 4.794922376195521196e-01
-6.399999999999996803e+00 3.546373335369250035e-01 3.885519387138848812e-01 2.504546191228000929e-01 5.052818135551372380e-01 3.299588603435281153e-01 4.579049671966832769e-01
-5.999999999999996447e+00 2.801922661618411192e-01 3.433856223257434337e-01 2.382154785663724572e-01 4.175310110217760329e-01 2.404582385634840280e-01 4.118973187212309206e-01
-5.599999999999996092e+00 2.781019635506991605e-01 3.169993092063602136e-01 2.436121077725432182e-01 3.945200481024032646e-01 2.349462170810072414e-01 3.668829083146191161e-01
-5.199999999999995737e+00 2.539814906073759038e-01 2.458669207513852206e-01 1.805866354628040682e-01 3.471179655284157839e-01 2.067740215623006805e-01 2.870703628087183379e-01
-4.799999999999995381e+00 2.520845934129523069e-01 1.525334142691418537e-01 6.744175677814746861e-02 2.235141838171391115e-01 9.530439299869267189e-02 1.682855056586096687e-01
-4.399999999999995026e+00 2.626049339053615483e-01 1.507135515177295271e-01 2.500926357243685519e-02 1.784981722699546802e-01 -7.228666033272193592e-02 1.613427225274435273e-01
-3.999999999999994671e+00 2.561017530710375523e-01 1.350617840273101722e-01 -3.273405775905590537e-02 9.403489839182364862e-02 -2.239312424214544572e-01 1.424048464771717204e-01
-3.599999999999994316e+00 2.839674304182616682e-01 2.316480289778470314e-01 -2.061744222362026091e-02 6.329292413200682255e-02 -2.755733702517298989e-01 2.218262466244387277e-01
-3.199999999999993960e+00 3.808932103054577523e-01 3.471182472130727170e-01 -3.238234112119433433e-02 1.627934882913793097e-02 -2.569467980202409518e-01 3.235973895054040650e-01
-2.799999999999993605e+00 4.925195557353599929e-01 4.910405407381697174e-01 4.726578440623562666e-02 6.021402292930052441e-02 -1.116249072669932979e-01 4.760604947846501789e-01
-2.399999999999993250e+00 5.499571629349162549e-01 6.563065343067759905e-01 1.934660957942761494e-01 7.509872451336616073e-02 -8.750839475448662919e-02 6.456317283822468056e-01
-1.999999999999992895e+00 6.822683309116739370e-01 7.594948360483126937e-01 3.400761462186910888e-01 1.170093501360567889e-01 -5.264623895658050723e-03 7.613304356081830315e-01
-1.599999999999992539e+00 7.563518785113667597e-01 8.543733879243113893e-01 4.959009649797732067e-01 2.891210389599216946e-01 1.117360070481338286e-01 8.674035736190424117e-01
-1.199999999999992184e+00 8.261934778309978356e-01 8.649144484356112716e-01 6.166490068580461337e-01 4.143988103320265237e-01 1.306198669923997191e-01 8.905175750225634568e-01
-7.999999999999918288e-01 8.517895391126399929e-01 8.318774509113111559e-01 7.487086757381047342e-01 5.959871793488186187e-01 2.699030108831023123e-01 8.729380815257703485e-01
-3.999999999999914735e-01 8.491302902311498313e-01 7.944602721393758671e-01 8.661564167289397265e-01 7.168198219240670133e-01 3.475864443298234407e-01 8.538429447256670191e-01
8.881784197001252323e-15 7.717466820904199665e-01 7.027738800405853858e-01 9.071362178617421446e-01 7.496775886965009184e-01 3.913914897286113748e-01 7.782690153787089615e-01
4.000000000000092371e-01 6.811846985555165546e-01 5.966584906761869256e-01 8.985248680634316809e-01 8.107208486168498984e-01 4.804183390348578664e-01 6.768430376434977358e-01
8.000000000000095923e-01 5.486608411805298235e-01 4.425448078597978840e-01 8.081543449336952012e-01 7.911524820078699172e-01 4.974990568714537931e-01 5.275214285207276976e-01
1.200000000000009948e+00 4.433420995453948299e-01 2.939464807162430193e-01 7.297865423557283737e-01 7.627231738039471631e-01 4.964505210127069801e-01 3.796256948344951532e-01
1.600000000000010303e+00 2.909038629384145258e-01 1.901576736970955750e-01 6.370646637829879833e-01 6.848456530346022086e-01 4.967118354167657790e-01 2.785538370686593268e-01
2.000000000000010658e+00 2.530864006339135219e-01 3.675396071622485938e-02 4.843220517510179457e-01 5.002762705307004509e-01 3.726284381686977287e-01 1.206422193722085923e-01
2.400000000000011013e+00 1.696299905630279659e-01 1.177347527061964327e-02 4.130332380068961751e-01 4.840005495975194250e-01 4.470619361832527949e-01 8.982992005316023376e-02
2.800000000000011369e+00 1.523473555381729128e-01 -9.465789347457610053e-03 3.146062106667242841e-01 4.336655034711786039e-01 4.354415799234633289e-01 6.137612494710726480e-02
3.200000000000011724e+00 1.291292464260117290e-01 3.681340609804807651e-02 2.494541536959773431e-01 3.925449386143855524e-01 3.872431232633503639e-01 9.158564598055529693e-02
3.600000000000012079e+00 1.000906359549214308e-01 8.724079138986132187e-02 2.583390004798358230e-01 3.521494628076416444e-01 2.642766692989476640e-01 1.410615036845815629e-01
4.000000000000012434e+00 2.181618219291849570e-01 1.131108385437809283e-01 2.117834801738385231e-01 1.913780445854421919e-01 2.772737585978177210e-02 1.622970376823956173e-01
4.400000000000012790e+00 1.929983559765832135e-01 2.044115503707947812e-01 1.770497047920245315e-01 1.729048458478175121e-01 2.948440738969218544e-02 2.509033081482598404e-01
4.800000000000013145e+00 2.593338526929572785e-01 2.684212713363279823e-01 1.148915418399726746e-01 1.310623509133865272e-01 5.225441914577214075e-02 3.068760370071836885e-01
5.200000000000013500e+00 2.485381971749363039e-01 3.869962818708364560e-01 1.509121651894775040e-01 2.318584878215055600e-01 1.857895097117385486e-01 3.988865861716429650e-01
5.600000000000013856e+00 2.710362853861187360e-01 4.535256124086114449e-01 1.501589742233644387e-01 2.933513557108286540e-01 2.852630913298628279e-01 4.398566206048439287e-01
6.000000000000014211e+00 2.762021409903439584e-01 4.259794757372512009e-01 1.247217561266881353e-01 2.639656425672132212e-01 2.683212057052833943e-01 3.950377784249083923e-01
6.400000000000012790e+00 2.533278556406806659e-01 4.179109800860819623e-01 1.345569731415309223e-01 2.939681757611194435e-01 3.330631839464970323e-01 3.746442071376185901e-01
6.800000000000014921e+00 2.277070585604651920e-01 3.583849527580771355e-01 1.244541684304445311e-01 2.769113948328303931e-01 3.034036563653629281e-01 3.081886310536512408e-01
7.200000000000017053e+00 1.461876934604900979e-01 2.689105470269210763e-01 1.006276918403113396e-01 3.205961576461417994e-01 3.600964322253960015e-01 2.158967138924630380e-01
7.600000000000015632e+00 5.979285222563861246e-02 1.936751639112930246e-01 1.299850456660161802e-01 4.034720764681857252e-01 4.140727770036387589e-01 1.527506102711265190e-01
8.000000000000014211e+00 -9.535032197078227578e-03 5.941814723371035417e-02 4.529620736061128888e-02 3.654841705680265118e-01 3.437059478911778099e-01 1.727226842696218123e-02
8.400000000000016342e+00 -2.666301901425681062e-02 5.190120939007009104e-02 -1.274463310574968505e-03 3.706246830512112678e-01 2.776858875628372969e-01 5.813743793275840538e-03
8.800000000000018474e+00 -7.016834868111394841e-02 -2.127812438104025039e-02 -7.519075976935125916e-02 3.360693352723295169e-01 1.406324909017948321e-01 -7.090020949317638044e-02
9.200000000000017053e+00 8.160622036137495094e-03 3.341162346289543172e-02 -6.145765658718428670e-02 2.494289539841763881e-01 1.208271825692057849e-01 -2.968062175638129518e-03
9.600000000000015632e+00 -2.693753475023353758e-02 8.322498321309582114e-02 -3.396023446349678843e-02 1.368890212012207896e-01 7.938764579464600846e-02 6.850455209229366904e-02
1.000000000000001776e+01 1.155434200549902007e-02 9.768139731396975611e-02 -2.062415150144403242e-02 -4.370418398527489701e-04 7.219458452637070311e-02 1.182136042564410905e-01
1.040000000000001990e+01 1.053150953448349220e-01 1.791509719502367703e-01 6.833215385785687546e-02 -1.019696412722579798e-01 8.162715211660578896e-02 2.366278295296455614e-01
1.080000000000001847e+01 1.180451667035609387e-01 1.893336874115697510e-01 8.924763567234550443e-02 -1.991485968457971101e-01 1.061869218700348116e-01 2.777243970991312150e-01
1.120000000000001705e+01 5.551238421459807337e-02 2.390317273674948950e-01 1.547152113509052129e-01 -2.462053222045439138e-01 -2.924569165765927500e-02 3.430315312584398812e-01
1.160000000000001918e+01 1.598740121783766843e-01 2.476407927000172093e-01 1.844114995798832868e-01 -2.545061240686331550e-01 -2.300474985659870797e-01 3.549836281476354549e-01
1.200000000000002132e+01 1.664012208961144490e-01 1.933302291909557435e-01 1.815163499274096703e-01 -3.322030841158131187e-01 -3.550447507314458129e-01 3.014478774700823926e-01
1.240000000000001990e+01 2.283574897653773417e-01 1.868678620437854709e-01 2.444176355046711324e-01 -2.375535394334662154e-01 -3.664220521931844665e-01 2.799790406452893343e-01
1.280000000000001847e+01 2.247687450575729939e-01 9.396452849138126062e-02 2.197372855967112959e-01 -1.801368146795906400e-01 -3.088409751570400097e-01 1.682723520881691526e-01
1.320000000000002061e+01 1.888372702451501794e-01 1.912612115322337991e-01 2.054993967673198751e-01 -7.273318533068090508e-02 -2.722926024673010814e-01 1.877750354445427705e-01
1.360000000000002274e+01 2.633860932946366917e-01 2.744071358285207762e-01 1.671610478044038839e-01 3.067526092817709008e-02 -1.496518983288009919e-01 1.905830176511969787e-01
1.400000000000002132e+01 2.902439057498483188e-01 3.310773478062482567e-01 1.525040197957075738e-01 9.873602330930796034e-02 -1.577148717223108565e-01 1.788129051261254931e-01
1.440000000000001990e+01 3.823724766997319002e-01 4.632325920539301367e-01 2.241366304719244751e-01 1.801707622096176409e-01 -1.508316663562550008e-01 2.713663582087738058e-01
1.480000000000002203e+01 4.609156601756986826e-01 4.866752608086033494e-01 2.927429888582896433e-01 2.330092993401093882e-01 -2.030722696146224082e-01 3.016414032558826230e-01
1.520000000000002416e+01 5.922496447632332739e-01 4.303209057700914664e-01 4.445343556911234284e-01 3.176192842855726228e-01 -9.647639770740169818e-02 3.262872077691882922e-01
