# # time shift (tau) HDelta HGamma HeII4685 HBeta HeI5875 HAlpha HeI5015 OI8446 HeI4471 HeI7065 OIII5007 LyALpha
-1.000000000000000000e+01 -2.296838584838593322e-01 6.865720205593894843e-02 -2.665278047137681350e-01 2.458141089422281600e-01 -9.445030134577031555e-02 -9.234083438642727570e-02 2.689936284889427737e-02 4.271529615858357110e-01 -1.950644512335914238e-01 1.154572175085934183e-01 -2.562776176216891022e-04 -4.070907235840368621e-01
-9.500000000000000000e+00 -2.564189792071727703e-01 -7.402382114218650222e-02 -2.492297994794336335e-01 5.815236235014246968e-02 -2.023461002541191434e-01 -2.325735540699566117e-01 -1.602211884305945466e-01 2.807120746212949935e-01 -3.194208634687892845e-01 -5.745021511424706906e-02 -2.058295853039251999e-01 -4.542328023706537765e-01
-9.000000000000000000e+00 -2.712029432148757024e-01 -2.387002360481529362e-01 -1.944723693547895649e-01 -1.582555394162072360e-01 -3.429845243534933585e-01 -4.082272542735528864e-01 -1.978891957213382291e-01 -2.894558798925097459e-02 -3.249436349697089610e-01 -2.310480576144819942e-01 -2.299018368666512491e-01 -4.431357180822290687e-01
-8.500000000000000000e+00 -1.287627987946697583e-01 -1.968037881597681782e-01 -1.315543592952915855e-02 -2.037400122424554705e-01 -2.805087836638560095e-01 -4.264508389059711302e-01 -3.307865032712632436e-01 -6.364343908903649649e-02 -4.511821421251764885e-01 -3.128955862062404170e-01 -3.806750471757044951e-01 -2.860286563676123217e-01
-8.000000000000000000e+00 -1.198529876922740933e-01 -1.613652853761612382e-01 1.214537359542232076e-01 -1.896290456443626704e-01 -2.731339483170240889e-01 -3.623201921191209762e-01 -4.208919826810283427e-01 -6.289445532792790894e-02 -4.698239059599470524e-01 -2.443746165451691488e-01 -4.747490709240008155e-01 -1.839653845181219161e-01
-7.500000000000000000e+00 -1.374606877210517164e-02 -7.533869616944227632e-02 2.737884474368492693e-01 -1.153187462161583271e-01 -2.738832033718934245e-01 -3.241544314869307386e-01 -4.247043545996614933e-01 -1.377379632570098211e-01 -4.822878941699124122e-01 -2.251160809610319724e-01 -4.826222286859714883e-01 -7.602351054928281615e-02
-7.000000000000000000e+00 5.413740084027825195e-02 -1.467289865328192527e-02 3.128532609150173616e-01 2.009825803066069352e-02 -3.254558104311655597e-01 -2.510048401349343483e-01 -2.093284364270211473e-01 -1.769874104357396227e-01 -3.236825276929337081e-01 -1.259655313906827834e-01 -2.705329501944205295e-01 -6.161051528446043202e-02
-6.500000000000000000e+00 1.722329079078204761e-01 1.106933397554019649e-01 3.940335037954109665e-01 1.230060903194558908e-01 -2.422779080495620352e-01 -2.099745389944990825e-01 -2.697185159138366650e-01 -1.580371381052333435e-01 -3.662100515003068324e-01 -1.533263775925232733e-02 -3.463592944824868125e-01 7.779101343146803405e-02
-6.000000000000000000e+00 1.206028334804934987e-01 1.476886708077039811e-01 3.964258596347393082e-01 1.183199629692242849e-01 -2.660727335869785826e-01 -1.930295008964704184e-01 -2.615026258432166517e-01 -1.437457030760528609e-01 -2.676139350556298035e-01 1.348076677697986336e-01 -3.533345490265951128e-01 9.503495524843794118e-02
-5.500000000000000000e+00 9.920272828840276391e-02 1.745451474588588237e-01 3.305165601813133680e-01 2.031494881844055911e-01 -1.688147569193846065e-01 -1.088756764564180607e-01 -3.145127755713409412e-01 -8.320333435241941689e-02 -1.743197959154231813e-01 2.356085203653308646e-01 -3.964751261560314211e-01 1.349673707963626734e-01
-5.000000000000000000e+00 -2.763139850765843758e-02 1.163014209838854895e-01 1.722772815204901831e-01 1.786842351265969242e-01 -1.711070242099415883e-01 -8.348562061975323134e-02 -2.675232809975793824e-01 -5.778160455984361621e-02 -5.400227511171040023e-02 2.934708338475546241e-01 -3.253217460232862845e-01 6.893921891927548562e-02
-4.500000000000000000e+00 -1.279217688839474343e-01 -8.670232942394929393e-03 3.140440388563812274e-02 1.935444666460818253e-01 -1.825788150827692968e-01 -7.417151763315577018e-02 -2.954984919983534297e-01 -9.909197009288052416e-02 -8.771886400960368646e-03 3.208310427332423664e-01 -3.370071759451146454e-01 9.898036290031893281e-03
-4.000000000000000000e+00 -1.903376033161415237e-01 -1.272032267697953967e-01 -4.807036112674300393e-02 1.362710625540481946e-01 -1.811213395454363551e-01 -1.616242953369537716e-01 -2.904836414780517240e-01 -1.998343634651199574e-01 -3.664682050065065644e-03 2.640663280656887490e-01 -3.171848004027100210e-01 -4.734703656061927529e-02
-3.500000000000000000e+00 -2.393247860223483570e-01 -2.024376653607756482e-01 -5.931516727280553014e-02 7.803892174597847065e-02 -1.384347289332192033e-01 -1.501686385733587981e-01 -4.384191893463056378e-01 -2.316822738619647715e-01 -5.719115244662867359e-02 1.184413768628943403e-01 -4.641396673400913775e-01 -3.082674678531919371e-02
-3.000000000000000000e+00 -2.935505392134503122e-01 -2.603807702290894532e-01 -6.010816753796985323e-02 -2.765227713874994497e-02 -7.512841077961922298e-02 -1.570008542143904728e-01 -4.786583658770211525e-01 -1.880776943991780970e-01 -1.709959108254280880e-01 -1.226967040475220178e-01 -5.128357398718272897e-01 -4.595105117325710281e-02
-2.500000000000000000e+00 -9.001986523134458684e-02 -8.383760298214060214e-02 1.474399630048303100e-01 1.338577241029369203e-02 1.192944775859585138e-01 -5.614574127997227354e-02 -5.865227486970712167e-01 -1.395248836690449190e-01 -2.990221428660552183e-01 -2.134924744895997373e-01 -6.739874833334782434e-01 1.458803956626317233e-01
-2.000000000000000000e+00 1.254399793895324411e-01 4.669639398979389538e-02 3.266868393505414914e-01 2.961887769421540917e-02 2.278165422656718564e-01 1.245348427860108048e-02 -5.882307556758270550e-01 -8.459704336633651345e-02 -3.706395838206850701e-01 -2.666295518324051095e-01 -6.731150789145339264e-01 3.284602014706031747e-01
-1.500000000000000000e+00 3.451881907916627412e-01 2.539897264880416894e-01 5.558898761835248115e-01 1.770839245998189759e-01 3.578995029138685169e-01 1.102048012547471451e-01 -4.953500573536739338e-01 -4.593520281140481276e-02 -3.170166620098153754e-01 -2.284383077119602201e-01 -6.745343560847463227e-01 4.900660665214768841e-01
-1.000000000000000000e+00 5.351687082945193463e-01 3.809353273393921713e-01 6.862972903088014887e-01 2.771884904881438683e-01 4.129079259736884167e-01 1.320496510606635199e-01 -2.309068208933079958e-01 -7.960726747887038324e-02 -2.375086244478435415e-01 -1.818517658384332936e-01 -4.492464004995218585e-01 5.683864107539107202e-01
-5.000000000000000000e-01 7.201534938678868514e-01 5.940857194943163222e-01 9.158919979011983514e-01 4.810255181520663448e-01 5.049728264370891839e-01 3.131315508489677657e-01 -7.479465264953927273e-02 5.077841585943052710e-02 2.577853329529048235e-02 5.564993403781896830e-02 -3.678227621010173864e-01 7.564255735237888079e-01
0.000000000000000000e+00 7.989507579331019960e-01 7.057066436303571777e-01 1.000000000000000000e+00 5.766132009077746812e-01 5.098849962712839190e-01 3.954832470390350352e-01 7.167121074144824910e-02 1.131010900546207121e-01 2.700381059527517946e-01 2.251920812948404738e-01 -1.632864682570417392e-01 8.267504830202963007e-01
5.000000000000000000e-01 8.533667664256396890e-01 7.989419919270464021e-01 9.158919979011983514e-01 6.885521955996469767e-01 6.374989091091964877e-01 5.243733148879543560e-01 1.174615946947853845e-01 2.648659651603202936e-01 3.645536480635210297e-01 4.810866986815930391e-01 -1.554814805953310675e-01 8.287895188556488879e-01
1.000000000000000000e+00 8.201107824163054172e-01 7.986400833978675173e-01 6.862972903088014887e-01 7.256440833198405382e-01 6.596849484032402122e-01 5.581994538692226504e-01 1.386108733641579494e-01 3.363910937282231783e-01 3.624612051982887273e-01 6.112695780350045904e-01 -9.219072606101981482e-02 7.178593354832323303e-01
1.500000000000000000e+00 8.049714685294154792e-01 8.414214684387828491e-01 5.558898761835248115e-01 8.209438532854711479e-01 7.711895886688793222e-01 6.711795134413042208e-01 3.499142772073864371e-01 5.191535779918861060e-01 5.969222499582480523e-01 7.291554364169908764e-01 8.273581014197874117e-02 7.236999536603259120e-01
2.000000000000000000e+00 6.648316086901133737e-01 7.664645514156614992e-01 3.266868393505414914e-01 7.817868349302767861e-01 7.585687485168732813e-01 6.526148140150938026e-01 3.818925224528258999e-01 5.700777585296890049e-01 6.005196255105768044e-01 7.223652172516594749e-01 1.345850426663602883e-01 6.216340403783648938e-01
2.500000000000000000e+00 5.390241851222837832e-01 7.044641913262166266e-01 1.474399630048303100e-01 7.828452897377050634e-01 7.413906956073125221e-01 7.062908895054880176e-01 4.346905302441496088e-01 6.923776708012848724e-01 4.860765172190093519e-01 7.035801586706492694e-01 1.320282175168010774e-01 5.524581122713432269e-01
3.000000000000000000e+00 3.350671187905273074e-01 5.262945134352527976e-01 -6.010816753796982548e-02 6.903967945136557649e-01 6.098131612200163865e-01 6.413205621661635103e-01 3.551799294624131687e-01 6.282416535791890411e-01 2.622263879003556841e-01 5.121433330731857136e-01 6.720077845383821968e-02 3.970617620862819108e-01
3.500000000000000000e+00 3.031346401880370411e-01 3.796642300828869665e-01 -5.931516727280553014e-02 5.801148295436779900e-01 4.999057863626819032e-01 5.658135699045965250e-01 2.959390882054316885e-01 5.110635298872131527e-01 1.950525041700442164e-01 3.421437236524622616e-01 8.788150200691010466e-03 3.823595286876150245e-01
4.000000000000000000e+00 2.189964504334849238e-01 1.731945308074512579e-01 -4.807036112674298312e-02 3.671414530214346383e-01 3.275566928819444446e-01 3.957643922960483174e-01 1.520041253730718966e-01 2.491188905813848664e-01 -3.990941928676161599e-03 1.426586138461851672e-01 -8.043146965332959031e-02 3.071111976373581687e-01
4.500000000000000000e+00 2.326552305214443783e-01 2.022530031400172901e-01 3.140440388563810192e-02 3.636714179684947812e-01 3.021907698684738741e-01 4.356309753197342705e-01 1.663537790189085208e-01 3.018306589348505042e-01 -9.171511357288737731e-02 1.610615221629196903e-02 -5.332558356840927383e-02 2.768560350679352133e-01
5.000000000000000000e+00 2.421006901520743881e-01 2.356044235982817092e-01 1.722772815204901831e-01 3.464691884152079071e-01 2.349276825702079075e-01 4.371967218799949206e-01 1.768102249762641132e-01 3.211770844217484711e-01 -7.017883021827410472e-02 -1.238033285971286424e-01 3.417403699544116491e-03 2.407422706605611695e-01
5.500000000000000000e+00 2.908689629538385724e-01 2.744862541626010843e-01 3.305165601813133680e-01 3.527330681501655851e-01 1.050442605021429110e-01 3.620613572875685526e-01 1.665989020423002398e-01 3.547463563474480552e-01 1.233250968982221585e-01 -2.628500266863644796e-01 5.095043914942935098e-02 2.061942726437475670e-01
6.000000000000000000e+00 3.133496586153113883e-01 2.688250033537047390e-01 3.964258596347392527e-01 2.645031767202604134e-01 -2.058589580295219074e-02 2.058818942349348591e-01 8.333483275578382199e-02 2.647296333013582359e-01 2.023044600815216698e-01 -2.985337865333805296e-01 4.997005927888885368e-02 1.405837671084025076e-01
6.500000000000000000e+00 3.172094651112314923e-01 2.494453410194472087e-01 3.940335037954110220e-01 1.949470740013037051e-01 -7.133416761913805026e-02 5.773499769744946247e-02 -4.912385600646669570e-02 1.700334671302294876e-01 3.207999943900098350e-01 -4.052507771023631244e-01 -4.759357502366099585e-02 8.857533338305109694e-02
7.000000000000000000e+00 2.612377406345713360e-01 2.129213315375547144e-01 3.128532609150173061e-01 1.067050071390343302e-01 -9.802997304638633169e-02 -9.092567772591511610e-02 -1.850801941270134587e-01 7.381163717126995594e-02 4.015409307954806994e-01 -3.713974824643125894e-01 -1.474954274101850371e-01 3.416646717217079743e-03
7.500000000000000000e+00 1.986225495533711083e-01 1.909039102234031393e-01 2.737884474368492693e-01 1.492049103791348030e-01 -6.199045384131980641e-02 -1.569709197861722250e-01 -1.235122198158002532e-01 3.834415826870159888e-02 5.886260082684138251e-01 -2.730388380199848530e-01 -5.682483488793419607e-02 1.339102417310805704e-04
8.000000000000000000e+00 5.478615894979355777e-02 6.722363560102030677e-02 1.214537359542232353e-01 8.656935000805082714e-02 -7.119550128384341536e-02 -2.536557214336760957e-01 -1.476766521155893352e-01 -4.571734583938939084e-02 5.839093857661918907e-01 -1.381171299598816515e-01 -2.712952136800383940e-02 -9.160848527463122393e-02
8.500000000000000000e+00 -8.760832640323528223e-03 -6.744272054258479421e-02 -1.315543592952914294e-02 7.723047977508895601e-02 -3.411924616301726526e-02 -2.519420504499987890e-01 -1.731847215627171643e-01 -1.619860529128441806e-01 4.520716410987211109e-01 -9.929072200504920898e-02 -1.209083674242159706e-01 -1.519673053783076044e-01
9.000000000000000000e+00 -7.463611874139862434e-02 -1.949052183596300947e-01 -1.944723693547895649e-01 3.540265921647917091e-02 -1.381377275393784465e-02 -1.884170405503565737e-01 -1.785485120374431800e-01 -1.983243190823095747e-01 2.705561444180737407e-01 -5.583294369030706444e-02 -2.079522323827914521e-01 -1.875268327467892182e-01
9.500000000000000000e+00 -1.044324299714117776e-01 -2.050767152423784156e-01 -2.492297994794335225e-01 -7.840663066897034239e-03 -3.542136011642291193e-02 -4.075625930055612467e-02 -1.547359404564414564e-01 -1.464758116719380721e-01 6.309663644705944263e-02 2.397076370569044268e-02 -3.053851288728702817e-01 -1.124310985914141192e-01
1.000000000000000000e+01 -1.309458445666150106e-01 -1.677837607956030874e-01 -2.665278047137681350e-01 -4.856969000738348141e-02 -5.054800877192025532e-02 1.291269588407500113e-01 -7.688210430514920424e-02 -1.465547145898104392e-02 -1.417041364122098024e-01 1.237322161876647508e-01 -3.300475837076763952e-01 -2.159330549944638716e-02
1.050000000000000000e+01 -8.829143593468594120e-02 -6.262363826686170865e-02 -1.592993522982253385e-01 -5.703503018730518570e-02 -1.135237078992688137e-02 2.626859652221591457e-01 -4.551241724173982206e-02 1.143837500049968425e-01 -3.721930619810633889e-01 2.305493404153610704e-01 -4.054043997713556724e-01 1.310632581716903999e-01
1.100000000000000000e+01 -8.460507555162791182e-02 -6.070088946897585908e-03 -9.322035397022336578e-02 -7.968992793552716336e-02 -1.337439067882009031e-02 2.950147654046725854e-01 3.015143240411481684e-02 1.764718254172875367e-01 -5.751385981931711466e-01 2.144265578920122595e-01 -3.879408588881528286e-01 1.902802110448913731e-01
1.150000000000000000e+01 -3.916905941401370439e-02 2.922444615624200312e-02 8.198976983476989611e-02 -9.735338823934984454e-02 -9.200060259723759348e-03 2.048193933344696072e-01 6.844903816683572950e-02 9.312102028953578303e-03 -6.044940590602174701e-01 8.160906126663533544e-02 -2.771600639296434299e-01 2.295567976790700571e-01
1.200000000000000000e+01 -4.437634195962344985e-02 1.829898287508963106e-02 1.881499898451400310e-01 -1.740020137082891050e-01 -7.334357631287623247e-02 3.772754505018614812e-02 -2.166158364419050811e-02 -1.432803816075925996e-01 -5.825184748746620178e-01 -5.587030250994686614e-02 -3.295456676031202625e-01 1.996351342684545838e-01
1.250000000000000000e+01 3.598102151455943865e-04 9.141616700694556175e-02 3.703456708199963643e-01 -1.229289646940306402e-01 -9.233111662913667805e-02 -6.797176181788652793e-02 -1.833237668729124636e-01 -1.941861780694434936e-01 -3.637688896118693727e-01 5.487308665106594568e-02 -3.215090990913707092e-01 2.371367802369626632e-01
1.300000000000000000e+01 -6.573155047145444463e-03 9.174711472349678099e-02 3.938515577318154604e-01 -9.189831763558242717e-02 -6.623558490164291324e-02 -1.940240801370239632e-01 -3.739839495077763587e-01 -1.995603551977364332e-01 -2.118498647565492388e-01 9.189075300429752624e-02 -4.302232740597842220e-01 1.781313369501304755e-01
1.350000000000000000e+01 5.119188153407115693e-02 8.393630394805262629e-02 3.279475981436188459e-01 1.928487213631047137e-02 1.326568646804947293e-01 -1.827697358102833014e-01 -3.123345140270481490e-01 -1.057095800914376882e-01 -4.887521527785718134e-02 -1.570852753564068449e-02 -1.255375584737037920e-01 1.481300994650647795e-01
1.400000000000000000e+01 8.093965877614445192e-02 1.446093685950836094e-02 2.947349136954325877e-01 6.496170657547772898e-02 2.202653643652600635e-01 -2.391835577210095765e-01 -3.139031444209343102e-01 -1.262753533688920626e-01 1.064892657478525018e-01 -1.345718531128643480e-01 2.927002011730894457e-02 1.034363282627854957e-01
1.450000000000000000e+01 1.990314316164741859e-01 3.051557193644449661e-02 3.861320759555489368e-01 1.567593526643936419e-01 3.121795393298102406e-01 -1.422550051371376523e-01 -1.391376490959099488e-01 -1.252194062824369958e-01 3.210408414824711953e-01 -3.796570749461516958e-02 2.189517229221057404e-01 1.913245847215191697e-01
1.500000000000000000e+01 2.423333210452940367e-01 5.473326221149079490e-02 4.930096302690338828e-01 1.967831773790412742e-01 3.295356455018241260e-01 -5.428167664137534959e-02 -1.255959071840458963e-01 -1.612942681562467562e-01 3.982945483508740780e-01 2.664967612292714616e-01 2.058469687660464398e-01 2.855408704371163453e-01
