# time shift (tau) 	 correlation coefficient 	 number of simulations: 10000	 FR: True	 RSS: True
-1.000000000000000000e+01 2.700000000000000000e+01
-9.000000000000000000e+00 5.000000000000000000e+00
-8.000000000000000000e+00 4.000000000000000000e+00
-7.000000000000000000e+00 1.000000000000000000e+00
-6.000000000000000000e+00 1.300000000000000000e+01
-5.000000000000000000e+00 1.800000000000000000e+01
-4.000000000000000000e+00 4.400000000000000000e+01
-3.000000000000000000e+00 5.500000000000000000e+01
-2.000000000000000000e+00 1.280000000000000000e+02
-1.000000000000000000e+00 1.720000000000000000e+02
0.000000000000000000e+00 1.960000000000000000e+02
1.000000000000000000e+00 3.070000000000000000e+02
2.000000000000000000e+00 3.262000000000000000e+03
3.000000000000000000e+00 3.430000000000000000e+03
4.000000000000000000e+00 1.281000000000000000e+03
5.000000000000000000e+00 7.060000000000000000e+02
6.000000000000000000e+00 2.020000000000000000e+02
7.000000000000000000e+00 7.600000000000000000e+01
8.000000000000000000e+00 4.200000000000000000e+01
9.000000000000000000e+00 8.000000000000000000e+00
1.000000000000000000e+01 2.000000000000000000e+00
1.100000000000000000e+01 0.000000000000000000e+00
1.200000000000000000e+01 0.000000000000000000e+00
1.300000000000000000e+01 6.000000000000000000e+00
1.400000000000000000e+01 1.000000000000000000e+01
1.500000000000000000e+01 5.000000000000000000e+00
