# time shift (tau) 	 correlation coefficient 	 number of simulations: 10000	 FR: True	 RSS: True
-1.000000000000000000e+01 2.800000000000000000e+01
-9.000000000000000000e+00 1.500000000000000000e+01
-8.000000000000000000e+00 6.000000000000000000e+00
-7.000000000000000000e+00 1.100000000000000000e+01
-6.000000000000000000e+00 2.400000000000000000e+01
-5.000000000000000000e+00 4.800000000000000000e+01
-4.000000000000000000e+00 1.010000000000000000e+02
-3.000000000000000000e+00 1.620000000000000000e+02
-2.000000000000000000e+00 1.730000000000000000e+02
-1.000000000000000000e+00 2.980000000000000000e+02
0.000000000000000000e+00 3.320000000000000000e+02
1.000000000000000000e+00 5.040000000000000000e+02
2.000000000000000000e+00 4.660000000000000000e+02
3.000000000000000000e+00 4.150000000000000000e+03
4.000000000000000000e+00 2.548000000000000000e+03
5.000000000000000000e+00 6.080000000000000000e+02
6.000000000000000000e+00 2.290000000000000000e+02
7.000000000000000000e+00 1.340000000000000000e+02
8.000000000000000000e+00 5.100000000000000000e+01
9.000000000000000000e+00 4.400000000000000000e+01
1.000000000000000000e+01 2.300000000000000000e+01
1.100000000000000000e+01 1.100000000000000000e+01
1.200000000000000000e+01 4.000000000000000000e+00
1.300000000000000000e+01 2.100000000000000000e+01
1.400000000000000000e+01 0.000000000000000000e+00
1.500000000000000000e+01 9.000000000000000000e+00
