# time shift (tau) 	 correlation coefficient 	 number of simulations: 10000	 FR: True	 RSS: True
-1.000000000000000000e+01 2.600000000000000000e+02
-9.000000000000000000e+00 6.050000000000000000e+02
-8.000000000000000000e+00 7.750000000000000000e+02
-7.000000000000000000e+00 5.390000000000000000e+02
-6.000000000000000000e+00 4.610000000000000000e+02
-5.000000000000000000e+00 4.030000000000000000e+02
-4.000000000000000000e+00 5.360000000000000000e+02
-3.000000000000000000e+00 5.700000000000000000e+02
-2.000000000000000000e+00 5.720000000000000000e+02
-1.000000000000000000e+00 5.730000000000000000e+02
0.000000000000000000e+00 6.370000000000000000e+02
1.000000000000000000e+00 5.730000000000000000e+02
2.000000000000000000e+00 5.870000000000000000e+02
3.000000000000000000e+00 3.690000000000000000e+02
4.000000000000000000e+00 3.570000000000000000e+02
5.000000000000000000e+00 2.640000000000000000e+02
6.000000000000000000e+00 1.900000000000000000e+02
7.000000000000000000e+00 1.310000000000000000e+02
8.000000000000000000e+00 4.300000000000000000e+02
9.000000000000000000e+00 3.090000000000000000e+02
1.000000000000000000e+01 3.170000000000000000e+02
1.100000000000000000e+01 2.360000000000000000e+02
1.200000000000000000e+01 1.970000000000000000e+02
1.300000000000000000e+01 7.500000000000000000e+01
1.400000000000000000e+01 4.000000000000000000e+00
1.500000000000000000e+01 3.000000000000000000e+01
