# time shift (tau) 	 correlation coefficient 	 number of simulations: 10000	 FR: True	 RSS: True
-1.000000000000000000e+01 1.030000000000000000e+02
-9.000000000000000000e+00 2.920000000000000000e+02
-8.000000000000000000e+00 7.000000000000000000e+01
-7.000000000000000000e+00 3.900000000000000000e+01
-6.000000000000000000e+00 4.000000000000000000e+01
-5.000000000000000000e+00 1.170000000000000000e+02
-4.000000000000000000e+00 1.440000000000000000e+02
-3.000000000000000000e+00 2.600000000000000000e+02
-2.000000000000000000e+00 3.000000000000000000e+02
-1.000000000000000000e+00 3.090000000000000000e+02
0.000000000000000000e+00 4.230000000000000000e+02
1.000000000000000000e+00 3.460000000000000000e+02
2.000000000000000000e+00 3.340000000000000000e+02
3.000000000000000000e+00 5.100000000000000000e+02
4.000000000000000000e+00 1.635000000000000000e+03
5.000000000000000000e+00 2.083000000000000000e+03
6.000000000000000000e+00 1.258000000000000000e+03
7.000000000000000000e+00 6.660000000000000000e+02
8.000000000000000000e+00 7.130000000000000000e+02
9.000000000000000000e+00 1.230000000000000000e+02
1.000000000000000000e+01 6.200000000000000000e+01
1.100000000000000000e+01 1.010000000000000000e+02
1.200000000000000000e+01 3.300000000000000000e+01
1.300000000000000000e+01 3.700000000000000000e+01
1.400000000000000000e+01 0.000000000000000000e+00
1.500000000000000000e+01 1.000000000000000000e+00
