# time shift (tau) 	 correlation coefficient 	 number of simulations: 10000	 FR: True	 RSS: True
-1.000000000000000000e+01 6.980000000000000000e+02
-9.000000000000000000e+00 1.090000000000000000e+02
-8.000000000000000000e+00 1.200000000000000000e+01
-7.000000000000000000e+00 7.000000000000000000e+00
-6.000000000000000000e+00 2.000000000000000000e+00
-5.000000000000000000e+00 3.000000000000000000e+00
-4.000000000000000000e+00 1.500000000000000000e+01
-3.000000000000000000e+00 4.700000000000000000e+01
-2.000000000000000000e+00 1.280000000000000000e+02
-1.000000000000000000e+00 1.600000000000000000e+02
0.000000000000000000e+00 1.500000000000000000e+02
1.000000000000000000e+00 1.340000000000000000e+02
2.000000000000000000e+00 1.750000000000000000e+02
3.000000000000000000e+00 1.700000000000000000e+02
4.000000000000000000e+00 1.260000000000000000e+02
5.000000000000000000e+00 1.970000000000000000e+02
6.000000000000000000e+00 5.480000000000000000e+02
7.000000000000000000e+00 1.236000000000000000e+03
8.000000000000000000e+00 2.287000000000000000e+03
9.000000000000000000e+00 2.288000000000000000e+03
1.000000000000000000e+01 6.740000000000000000e+02
1.100000000000000000e+01 3.840000000000000000e+02
1.200000000000000000e+01 7.400000000000000000e+01
1.300000000000000000e+01 6.400000000000000000e+01
1.400000000000000000e+01 1.540000000000000000e+02
1.500000000000000000e+01 1.560000000000000000e+02
