# time shift (tau) 	 correlation coefficient 	 number of simulations: 10000	 FR: True	 RSS: True
-1.000000000000000000e+01 3.000000000000000000e+00
-9.000000000000000000e+00 2.000000000000000000e+00
-8.000000000000000000e+00 1.900000000000000000e+01
-7.000000000000000000e+00 3.200000000000000000e+01
-6.000000000000000000e+00 3.600000000000000000e+01
-5.000000000000000000e+00 7.400000000000000000e+01
-4.000000000000000000e+00 1.200000000000000000e+02
-3.000000000000000000e+00 1.820000000000000000e+02
-2.000000000000000000e+00 2.020000000000000000e+02
-1.000000000000000000e+00 3.050000000000000000e+02
0.000000000000000000e+00 3.360000000000000000e+02
1.000000000000000000e+00 7.278000000000000000e+03
2.000000000000000000e+00 9.740000000000000000e+02
3.000000000000000000e+00 1.410000000000000000e+02
4.000000000000000000e+00 1.090000000000000000e+02
5.000000000000000000e+00 8.300000000000000000e+01
6.000000000000000000e+00 5.200000000000000000e+01
7.000000000000000000e+00 9.000000000000000000e+00
8.000000000000000000e+00 2.400000000000000000e+01
9.000000000000000000e+00 2.000000000000000000e+00
1.000000000000000000e+01 2.000000000000000000e+00
1.100000000000000000e+01 1.000000000000000000e+00
1.200000000000000000e+01 0.000000000000000000e+00
1.300000000000000000e+01 1.000000000000000000e+00
1.400000000000000000e+01 1.100000000000000000e+01
1.500000000000000000e+01 2.000000000000000000e+00
