# # time shift (tau) Cont4010 Cont4200 Cont4440 Cont4765 Cont5100 Cont5600 Cont6045 Cont6110 Cont6880 Cont7390 Cont8015 Cont8900 Cont1150
-1.000000000000000000e+01 -1.871808028329812190e-01 -7.018393230141899142e-02 1.209298078638854773e-02 -1.343004270816238604e-02 6.375626479403256885e-02 2.044373131091460627e-02 1.301996331696865239e-01 -9.745148863008169793e-02 -5.248916404866606905e-02 -1.103555284745641879e-01 -1.132810587208388786e-01 -1.170791319282554616e-01 -3.779676870172168912e-01
-9.000000000000000000e+00 6.348587398954355643e-02 1.237979650464489795e-01 9.860483262693157946e-02 5.137494737578771065e-02 1.283340271715017467e-01 3.575851191617343550e-02 5.877317546604675369e-02 -5.484337737218200615e-02 5.722074809803764928e-02 1.000573648969554780e-01 1.125932423511709773e-01 1.080934196569488803e-01 -1.630320730984178290e-01
-8.000000000000000000e+00 3.294472555492702903e-01 3.610208686622770058e-01 3.970338972616442863e-01 3.890407861989045868e-01 3.896194783858536459e-01 2.536565774825695341e-01 2.392475211552937409e-01 2.624554182603457408e-01 2.090655052846066564e-01 1.924246439273848419e-01 1.248143347123301244e-01 3.649367099229281625e-02 1.806627442853193377e-01
-7.000000000000000000e+00 4.580320239267809401e-01 5.274956911601051956e-01 5.381304220570407582e-01 5.581017033024433527e-01 5.380563908925497518e-01 4.601103831538608802e-01 5.159931698609290240e-01 4.703565469564783275e-01 4.081692029818358436e-01 3.150125553868685091e-01 1.937381756138489841e-01 1.699272034402859177e-01 2.661133048219982977e-01
-6.000000000000000000e+00 6.010905749248148799e-01 6.132285730724839068e-01 6.274842967899177948e-01 6.032857093560477502e-01 6.483286362706577322e-01 6.419606975310023778e-01 6.514514178652820453e-01 5.937143279605456847e-01 5.716883741686453746e-01 5.466529678162208583e-01 4.955932732084509795e-01 4.404576490458975702e-01 3.054549518983445955e-01
-5.000000000000000000e+00 5.564714618860220341e-01 5.611816174919157518e-01 5.701523776941844757e-01 5.318759007219473478e-01 5.862537379733592235e-01 5.935195579339677119e-01 6.130202940509615894e-01 5.028689759435068796e-01 5.316957123127001861e-01 4.457634221294484722e-01 4.929585595810094256e-01 3.940828046803935836e-01 3.428497835218827228e-01
-4.000000000000000000e+00 5.000789034500322527e-01 4.812542319135294511e-01 4.823858615176250808e-01 4.496306778791127612e-01 5.072493237607578198e-01 5.158576255184974535e-01 4.882339327785020222e-01 4.118230663379363055e-01 4.438646302073679384e-01 4.169308484831757977e-01 3.987543799039781067e-01 3.997984835098887801e-01 2.862945126738924984e-01
-3.000000000000000000e+00 5.526323320011855555e-01 4.982487174976216737e-01 5.183120937272752693e-01 4.682523236687441415e-01 4.998931989862586134e-01 4.952517487459385803e-01 4.818777046678905940e-01 4.431936543455531341e-01 4.287857357861926122e-01 3.989502800034979146e-01 3.620990864596829173e-01 3.840836339211447514e-01 3.638371950594529447e-01
-2.000000000000000000e+00 5.915520470526905994e-01 5.679979931396933468e-01 5.784275692534551760e-01 5.452524117177650620e-01 5.624549516521971659e-01 5.442842984283670082e-01 4.999242120652246379e-01 5.031629775851421682e-01 4.605130985531185606e-01 3.942281566677333648e-01 3.981529221540668906e-01 3.606944821964213621e-01 5.057989946124186176e-01
-1.000000000000000000e+00 7.486387422293427907e-01 7.445172640219279714e-01 7.441568747816366125e-01 7.127760652919694628e-01 7.333095038871858540e-01 7.428336626224797401e-01 6.257895507467239327e-01 6.572688482225428341e-01 6.497400168551221711e-01 5.961626683305204510e-01 5.875349037808579311e-01 5.704184331740167480e-01 7.308767377953671041e-01
0.000000000000000000e+00 9.067411411528938370e-01 8.971517231252146285e-01 8.807676204908398976e-01 9.019945858543272355e-01 8.670922956319954134e-01 8.542579868059884118e-01 7.844638465063619170e-01 8.545411586488114164e-01 8.316781497521765765e-01 7.779761756219707447e-01 7.667064042901543530e-01 7.290865454195168960e-01 9.999999999999997780e-01
1.000000000000000000e+00 7.955776369271156945e-01 7.818054835400871649e-01 8.061531372562269482e-01 8.269353392319367391e-01 8.140632994619192431e-01 8.461597198931801733e-01 8.252671528354150743e-01 8.291928934281184160e-01 7.884217621953043542e-01 7.254363856230219287e-01 6.865454253585568933e-01 6.919169216597860217e-01 7.602342893383329248e-01
2.000000000000000000e+00 6.784308155966691789e-01 6.631497577488285611e-01 6.814277514916533551e-01 6.619586917481605770e-01 6.960788923541241235e-01 6.987535070550484617e-01 7.401170303551516394e-01 7.161943770586842728e-01 7.620619551549672188e-01 7.569728587963013844e-01 7.700606901585745900e-01 7.738274159039405520e-01 4.645348829716463568e-01
3.000000000000000000e+00 4.509751711071834923e-01 4.550135290474742189e-01 4.846463869347963360e-01 4.046684998943768652e-01 4.736090743019201743e-01 4.451424332974457942e-01 5.325486169728516073e-01 5.052261513071800714e-01 5.814070980552774603e-01 6.156454670707003363e-01 6.784326020092673604e-01 6.432914684883966894e-01 2.650318274537899477e-01
4.000000000000000000e+00 2.897125148674142281e-01 3.360466798602481653e-01 3.368202072037399519e-01 2.784878441333005772e-01 3.142671707543741033e-01 3.000932550469437299e-01 4.028167702450350385e-01 3.805934493482563963e-01 4.504846889208228289e-01 5.355617215770003270e-01 4.789512341125076178e-01 5.476479290038632763e-01 1.211533788025087321e-01
5.000000000000000000e+00 3.358466785698948631e-01 3.718451759296905745e-01 3.601961478047625009e-01 3.313313192689668618e-01 3.192352864469960028e-01 3.331564612154979121e-01 3.921841078696215455e-01 4.207816599944276259e-01 4.444663686537131397e-01 5.400968967009203148e-01 4.618853030048989394e-01 5.357976963163514350e-01 2.434383128522860928e-01
6.000000000000000000e+00 1.953421300001159100e-01 2.396808546353417779e-01 2.242023548862478732e-01 2.258996402827008476e-01 2.187444579191684113e-01 2.296464864901990310e-01 2.907706913154927686e-01 2.846569496008704014e-01 2.512393300476854496e-01 2.541562894182512466e-01 2.362227694252806154e-01 2.574327009155705226e-01 1.603788056862917033e-01
7.000000000000000000e+00 1.191840009284913099e-01 2.006003685447069751e-01 1.668359885685347099e-01 1.910450778465511701e-01 1.997648965883945804e-01 2.252293938431561560e-01 1.912005527944171390e-01 1.784587601916178268e-01 2.146142032833608382e-01 1.747026135209039932e-01 1.933992758385009725e-01 2.309556868907965410e-01 1.702655001212208807e-01
8.000000000000000000e+00 -1.331087433828620492e-03 5.688578134755206683e-02 4.829996832142713359e-02 5.785163894048288985e-02 6.640309885592485251e-02 6.239910401135063955e-02 4.305835522357816247e-02 3.379059622614279113e-02 6.906264109593041045e-02 4.313784022482924918e-02 2.161457704778943500e-02 1.123304361681287666e-01 1.421493440062253089e-01
9.000000000000000000e+00 -2.097675378998538898e-01 -1.764021782033605434e-01 -1.272051347579252201e-01 -1.479078792306828816e-01 -1.486859455322477874e-01 -1.679457440640741983e-01 -1.609356334749334483e-01 -1.793526546611931283e-01 -1.644051981803509865e-01 -1.922186814340960392e-01 -2.375730807360624253e-01 -1.396460991421571984e-01 -1.223288339603628982e-01
1.000000000000000000e+01 -3.066011262477071342e-01 -3.021617905759760858e-01 -2.480254825931010321e-01 -3.128851964082952630e-01 -2.922389276963034965e-01 -3.112117666519190751e-01 -3.169458427928966149e-01 -3.293849075691364092e-01 -2.786254846640404681e-01 -2.537882471866749201e-01 -2.401888113770782596e-01 -1.812070849010271045e-01 -4.195903398165242715e-01
1.100000000000000000e+01 -2.870037320016616267e-01 -2.642949433565195405e-01 -2.485465486303238825e-01 -3.162563132877502792e-01 -3.409776669893465617e-01 -3.138306784003518368e-01 -3.599661254211472539e-01 -3.096633153416746831e-01 -2.610892677858671629e-01 -2.124348978779209141e-01 -1.689320571496322754e-01 -1.912824886583906481e-01 -2.734261173342917295e-01
1.200000000000000000e+01 -2.367257178751024926e-01 -1.958857341448246303e-01 -2.557397355708432296e-01 -2.277147004251989515e-01 -3.273569613774267029e-01 -2.233897263842073710e-01 -2.848262578015175461e-01 -2.213948512883843478e-01 -1.949147247246865999e-01 -1.497849809443979885e-01 -1.358244385861595849e-01 -1.701082062266829620e-01 -1.117273354653058048e-01
1.300000000000000000e+01 -1.795081707432415463e-01 -2.365881835192406024e-01 -2.812804246169689493e-01 -2.037717337285939179e-01 -2.834429386841449405e-01 -1.844194057172609813e-01 -2.283177226363901358e-01 -1.973534331557811883e-01 -2.253573286902950668e-01 -1.881967073065320961e-01 -2.066439618145943236e-01 -2.398515421811099890e-01 -1.475641653182062640e-01
1.400000000000000000e+01 -2.526203980442388031e-01 -3.798696051969393528e-01 -3.861223942494061978e-01 -3.156130969777997120e-01 -3.021959781833061798e-01 -3.390197366667603296e-01 -3.133150555919078095e-01 -3.271806906708362161e-01 -4.203111114157516148e-01 -4.774877937610236822e-01 -4.711598136686867555e-01 -5.394641095973136125e-01 -2.752221365927935426e-01
1.500000000000000000e+01 -2.128973642855464254e-01 -3.293710869529699048e-01 -3.130284547806043705e-01 -2.709663875196972604e-01 -1.270662629579367708e-01 -3.002407614842263484e-01 -2.063916841699215687e-01 -2.963739783656393900e-01 -3.937042690018508484e-01 -5.037093457643093686e-01 -4.792208199068613839e-01 -5.328015549758602365e-01 -3.713222463788489192e-01
