# # time shift (tau) UVW2 Cont1150_not_optical_calibrated LyAlpha_not_optical_calibrated HBeta_not_optical_calibrated OI8446_not_optical_calibrated Cont1460_not_optical_calibrated
-1.000000000000000000e+01 -5.108467152272450074e-02 1.260418147762463192e-01 -1.591790291731972617e-01 4.225788577392907142e-01 1.664537982921021619e-01 9.519553069438253801e-02
-9.599999999999999645e+00 -1.369198620760581908e-01 1.281123112079895210e-01 -2.278981956677152421e-01 3.192257143751570103e-01 1.059136931301811191e-01 9.374647309451253352e-02
-9.199999999999999289e+00 -1.188181986226660020e-02 1.722403281652967744e-01 -3.145603730987932556e-01 1.729562800511812992e-01 9.299889176414982694e-02 1.429221832892911825e-01
-8.799999999999998934e+00 1.206248695548972974e-02 1.957466663697846609e-01 -3.322725132130678327e-01 -4.369857127790382004e-03 6.437489794677433985e-02 1.773464888906834125e-01
-8.399999999999998579e+00 1.662117484342664486e-01 3.874624489300406149e-01 -2.244680157559361677e-01 -8.953253600020966499e-03 2.614932380245866828e-01 3.727346004522191780e-01
-7.999999999999998224e+00 2.155763401878089958e-01 4.961175519327817307e-01 -9.953782860657703346e-02 -1.722461514389674042e-02 3.257534510047110921e-01 4.787984152247216074e-01
-7.599999999999997868e+00 4.374436183194555516e-01 5.386041631341401681e-01 3.184448327442981203e-02 -7.107274141491227992e-02 1.470006863308278011e-01 5.350244328127546911e-01
-7.199999999999997513e+00 4.979400222948313637e-01 4.243791903415141675e-01 1.854394554687084085e-01 -9.401545047733862737e-02 -1.465109521848099727e-01 4.562494120673390441e-01
-6.799999999999997158e+00 5.706379492355732053e-01 2.881435646545404405e-01 2.603833824683435272e-01 -7.626963499680249059e-02 -3.207789529779174753e-01 3.301693558712641141e-01
-6.399999999999996803e+00 5.660825312976014434e-01 2.840449897911090371e-01 3.178494057994647459e-01 2.927279066258257206e-03 -4.674708197526440401e-01 3.416984992049874048e-01
-5.999999999999996447e+00 5.178953693969041705e-01 2.345454844544743178e-01 2.918076293306987035e-01 5.999221821028088292e-02 -4.415676799290616517e-01 2.980971789735972211e-01
-5.599999999999996092e+00 5.227140190473463788e-01 3.616457196906328608e-01 2.929725820965338734e-01 1.444540551862560918e-01 -3.960529758947928247e-01 3.910654429146265265e-01
-5.199999999999995737e+00 4.551540717015400972e-01 4.792571455299092786e-01 2.595258044963474342e-01 1.717805685166912122e-01 -2.219199943490954563e-01 4.732437844620066558e-01
-4.799999999999995381e+00 4.888113207294538798e-01 5.084403457857404884e-01 2.389127003979679975e-01 1.402241480075836766e-01 -3.115378864563879413e-02 4.908917048835145236e-01
-4.399999999999995026e+00 4.982448164302721860e-01 5.507739841827171690e-01 2.682705164500471251e-01 2.621905560102218841e-02 -1.009651589213645256e-01 5.258366548554543884e-01
-3.999999999999994671e+00 5.820356592786343208e-01 4.924724182415901597e-01 2.988127151669596193e-01 -7.176548402796753545e-02 -1.079312407108705407e-01 4.696732308879397744e-01
-3.599999999999994316e+00 6.514814340077834665e-01 4.887169514614740917e-01 5.512227263020710311e-01 1.836712956021253063e-01 5.576908855972184664e-02 5.218527129171535162e-01
-3.199999999999993960e+00 6.411413447231919527e-01 4.039892025384997365e-01 7.010935976070753473e-01 3.660504511920832371e-01 1.862465547757810036e-01 4.858132263328726608e-01
-2.799999999999993605e+00 5.918530185085606465e-01 3.764356993754964242e-01 7.602746718455666297e-01 5.337503985827545261e-01 2.267169382861583815e-01 4.704666470764848896e-01
-2.399999999999993250e+00 5.105748116397368364e-01 3.318802408194577169e-01 7.756672201422614155e-01 7.298254500862116911e-01 2.447183754778085030e-01 4.185206057985664252e-01
-1.999999999999992895e+00 4.454007690961417909e-01 2.363618743160037228e-01 6.665879796897000720e-01 7.461330851687664190e-01 1.642287869943858114e-01 3.044178002995164833e-01
-1.599999999999992539e+00 3.814363519962036264e-01 2.027719787260789386e-01 6.167205118401886121e-01 7.045742353480128894e-01 2.081864620251943354e-01 2.646603582781845709e-01
-1.199999999999992184e+00 2.894012864675979402e-01 1.311273090895932192e-01 4.739611012384387090e-01 5.473496375826092386e-01 1.816708487334411926e-01 1.899316897763494438e-01
-7.999999999999918288e-01 2.341556620800446797e-01 8.848232186799932786e-02 3.759877464711266493e-01 4.420444280514982949e-01 2.850589243862695632e-01 1.463134901362980189e-01
-3.999999999999914735e-01 1.146085102467759853e-01 8.086945076173060465e-02 3.274111256431476713e-01 4.071822698451139644e-01 6.022129383618120002e-01 1.408266283121059892e-01
8.881784197001252323e-15 6.050064260974200026e-02 7.821396730655560958e-02 2.366291435723379133e-01 3.002139851914661373e-01 7.060240708696696732e-01 1.277344787733123155e-01
4.000000000000092371e-01 -4.955445651044926292e-02 4.940517231317035490e-02 2.034372924061253474e-01 3.213672482316636270e-01 6.463533119375703961e-01 9.717731338716863176e-02
8.000000000000095923e-01 -4.425573791582063099e-02 2.809285550600298942e-02 1.875150980610464924e-01 3.370849851223900462e-01 3.953134838216323388e-01 6.803445909715086226e-02
1.200000000000009948e+00 -5.744099969769669856e-03 -5.937264207713241482e-02 1.075987460213391894e-01 2.327589066861752709e-01 2.458894368141473497e-01 -2.668293452222457451e-02
1.600000000000010303e+00 -1.101196097295761706e-01 -1.175002008476807303e-01 1.154763986180438323e-01 2.145718744208768847e-01 1.870693623055111610e-01 -6.193099880524896572e-02
2.000000000000010658e+00 -1.529802860925568997e-01 -2.016751885464647120e-01 1.052706828626875923e-03 3.353648501735233267e-02 9.660705719384793388e-03 -1.532126441856451748e-01
2.400000000000011013e+00 -2.266117166283771189e-01 -1.149640855880288415e-01 -1.224798254160261168e-01 9.219808621864845899e-02 9.278643900028642200e-02 -1.021773406247938054e-01
2.800000000000011369e+00 -2.599030036071874328e-01 5.768197603933301887e-03 -2.505721432848815322e-01 1.096572113200803555e-01 1.821502399014086893e-01 -2.986218310791718261e-02
3.200000000000011724e+00 -2.888557120165993197e-01 4.298703228619552702e-02 -4.002869616638579098e-01 -3.823297522615752564e-03 1.587489555090500493e-01 -2.579411197775341100e-02
3.600000000000012079e+00 -2.132489632871250596e-01 8.533010068156852979e-02 -4.773875433178852434e-01 -1.731286210358921607e-01 -2.874158311589166542e-02 -4.299780278502612907e-04
4.000000000000012434e+00 -1.345759422693368623e-01 4.730317203169248641e-02 -4.575769802430255662e-01 -2.785923674427630559e-01 -1.144997587048672272e-01 -2.977068925907631891e-02
4.400000000000012790e+00 -2.363869845091094365e-02 2.537345434234891672e-02 -3.461828981677523287e-01 -2.029996746762562920e-01 1.743969583262676148e-01 -3.991847271669045349e-02
4.800000000000013145e+00 -6.512746070953218114e-02 -2.730378849880226930e-02 -1.456722410798114709e-01 -7.705131935303172197e-02 3.713186159170925871e-01 -6.241810519226647508e-02
5.200000000000013500e+00 -1.022860594679576712e-01 -4.746354452752938463e-02 -1.272301074196116322e-01 -7.168279518522108207e-02 2.819149144499331072e-01 -6.183098104590375316e-02
5.600000000000013856e+00 -1.441969307593135297e-01 -3.612321610544075301e-02 -7.536667245227900158e-02 -2.497722254566411837e-02 -2.825410981713386352e-03 -2.928632682025397727e-02
6.000000000000014211e+00 -1.833818245798590485e-01 -6.667371272373288915e-02 -1.049523795792540320e-01 -4.765572200213497034e-02 -2.027023459809153549e-01 -5.554402892889485910e-02
6.400000000000012790e+00 -1.586131749334662444e-01 -6.208039542409062722e-02 -1.942114064651056515e-01 -8.090587030284390746e-02 -3.629371618300826219e-01 -6.997910419255615189e-02
6.800000000000014921e+00 -1.677453501218450493e-01 -1.080107259318123236e-01 -2.519679096305694754e-01 -1.290468284635482854e-01 -3.897189739098744221e-01 -1.287071168308791813e-01
7.200000000000017053e+00 5.815501784639031529e-03 -5.976777265625941860e-02 -2.499332103147695050e-01 -1.982290236938100692e-01 -3.319208280690823520e-01 -8.599224029182456208e-02
7.600000000000015632e+00 1.019100933955915667e-01 3.072350716947839372e-02 -1.635383616868004986e-01 -2.193118796295909223e-01 -6.119756310337701177e-02 1.068655646942404114e-02
8.000000000000014211e+00 1.081271774665413521e-01 1.477193474109071147e-01 -1.833348632727541117e-02 -1.126060174011644793e-01 1.870851967058482779e-01 1.437234858311108310e-01
8.400000000000016342e+00 1.119074455049990369e-01 2.301651916757027072e-01 7.744015370706786028e-02 -1.402499097836890640e-01 1.076250543521082015e-01 2.404302422684098384e-01
8.800000000000018474e+00 1.713556826305306369e-01 3.003706711763292625e-01 1.048634389575550246e-01 -1.732940066323944706e-01 -3.263364713773812820e-02 3.044566033304892394e-01
9.200000000000017053e+00 1.788443181181200992e-01 2.504076396343038469e-01 2.075844576223994653e-01 -1.926248735385194810e-01 -2.730658804111605331e-01 3.031484424132294686e-01
9.600000000000015632e+00 2.700108172827532238e-01 1.483296540458645674e-01 3.075832114656193994e-01 -1.595136691536251927e-01 -4.882381410812371980e-01 2.506318642695089527e-01
1.000000000000001776e+01 2.853945705525365861e-01 5.605805655464762838e-02 2.820579967093885809e-01 -2.060955360375997247e-01 -6.092537484466975517e-01 1.499319933360247215e-01
1.040000000000001990e+01 3.675145549796904332e-01 1.037385122564215001e-01 2.613730621322502001e-01 -9.465546737009211675e-02 -4.937266927006850881e-01 1.642511096341811583e-01
1.080000000000001847e+01 3.402041796069495416e-01 8.703989746294402141e-02 1.896928524102400870e-01 1.631337387462587080e-02 -2.531249728500981622e-01 1.160287271513955332e-01
1.120000000000001705e+01 3.603020900649153146e-01 3.481589219007495961e-01 2.837123748890504338e-01 1.953929927524008237e-01 -2.190088084766221854e-01 2.975230839973266872e-01
1.160000000000001918e+01 4.294181741981896172e-01 4.780120777210423721e-01 1.813537183641268646e-01 1.869706679177339792e-01 -1.814104376084855752e-01 3.310936434623588664e-01
1.200000000000002132e+01 4.731528432745000234e-01 5.402303712818243842e-01 2.371032364952584404e-01 3.235345989536551059e-01 -2.266324411470325637e-02 3.810309397395829079e-01
1.240000000000001990e+01 5.235576519232890691e-01 5.212338502832184473e-01 3.896139325093898043e-01 4.516922154186723271e-01 3.227124411987368213e-01 4.144286560605622283e-01
1.280000000000001847e+01 5.189007609331269810e-01 4.923144501017030494e-01 4.341121823141945724e-01 4.756631488764158089e-01 5.255047785527645621e-01 4.201396579603917658e-01
1.320000000000002061e+01 4.672879924331354018e-01 4.300909815982845164e-01 5.431818612255362444e-01 6.160819523908784845e-01 5.256628947687786990e-01 4.080045442257395072e-01
1.360000000000002274e+01 4.251907218682469125e-01 2.840376661728699625e-01 5.329051455210391808e-01 6.132402113791777243e-01 3.629032126649101020e-01 3.203798476876512646e-01
1.400000000000002132e+01 3.977987078798830844e-01 3.241089687293278176e-01 5.717591446500092101e-01 5.881323874221188186e-01 2.932110426177076956e-01 4.418111379137166228e-01
1.440000000000001990e+01 2.871766524746427462e-01 3.772236297111681846e-01 4.772878730211573828e-01 5.502722612918784506e-01 1.444639917723760381e-01 4.922313237159883226e-01
1.480000000000002203e+01 3.072763612971275426e-01 3.387086168044302070e-01 3.233629139372131700e-01 3.859178786156892693e-01 -6.587495134103429906e-02 4.647907165856400291e-01
1.520000000000002416e+01 2.670385274291422473e-01 3.370152682563527513e-01 2.705308919985129901e-01 4.038493235834857975e-01 2.937220450463756127e-01 4.336277959898784395e-01
