# # time shift (tau) HDelta HGamma HeII4685 HBeta HeI5875 HAlpha HeI5015 OI8446 HeI4471 HeI7065 OIII5007 LyALpha
-1.000000000000000000e+01 -1.558931407521993162e-01 -3.516280148116298632e-01 -1.465547145898106821e-02 -1.447282244850952304e-01 -5.613113140980918736e-01 -5.467626514626622303e-01 -4.531122844682402007e-01 -4.979640019956739772e-01 2.751989669775515845e-01 -1.032374644618553605e-01 -3.809950601639534584e-01 -4.428048562340369254e-01
-9.500000000000000000e+00 -1.767103497089515529e-01 -3.574370866161158955e-01 -1.464758116719380721e-01 -7.493406888927095499e-02 -5.192763134934716973e-01 -3.661904717676217058e-01 -4.721008713565470472e-01 -3.563948552016791282e-01 1.845827887652421173e-01 -1.974633805300269815e-02 -4.172664290151222310e-01 -4.537444563642029083e-01
-9.000000000000000000e+00 -2.503430114911714410e-01 -3.046591828322980922e-01 -1.983243190823095747e-01 -2.673083597461817229e-02 -3.895340595913400206e-01 -2.302958213644528962e-01 -3.268976259397006756e-01 -9.946820991701868508e-02 7.973213944827713118e-02 -6.275152021078393705e-02 -3.487045401320585380e-01 -4.126506787371261864e-01
-8.500000000000000000e+00 -3.321963101304513666e-01 -2.733943835647765219e-01 -1.619860529128442361e-01 -8.167359330826970409e-02 -3.375355465279293865e-01 -1.263048183989184114e-01 -2.880692692555401613e-01 5.552415894997291684e-02 -1.287472390259748467e-01 -1.458334621986733248e-01 -3.569956447679116796e-01 -2.953216238714586606e-01
-8.000000000000000000e+00 -3.963079185124432913e-01 -1.729988880516614980e-01 -4.571734583938939084e-02 -1.167087812577430328e-01 -2.480719424185605371e-01 4.713587343511780464e-02 -2.054005469113591997e-01 1.561654814965963700e-01 -2.327662057545063501e-01 -1.897439395664746176e-01 -2.906129126186124401e-01 -1.159845821113527214e-01
-7.500000000000000000e+00 -3.683578014885397489e-01 -2.649409165130799937e-01 3.834415826870159888e-02 -3.774777681020418107e-01 -3.494066027387139339e-01 -1.267464872565114975e-01 -4.136767652709714138e-01 -1.707947640196378902e-01 -4.213887112857400696e-01 -1.712720205617020430e-01 -5.232293594145904780e-01 1.095804357204032548e-03
-7.000000000000000000e+00 -1.895139836287185742e-01 -2.894786313929722521e-01 7.381163717126994206e-02 -5.172103477381160275e-01 -3.730284164195750152e-01 -3.470716460928907621e-01 -4.790303697128129312e-01 -4.991846252032319242e-01 -5.188876263870909611e-01 -5.265326666311333920e-02 -5.950501956067433262e-01 1.216042064574778259e-01
-6.500000000000000000e+00 -8.949118524203084069e-02 -1.852661960444264844e-01 1.700334671302295153e-01 -3.042641959291626508e-01 -2.677882416491606521e-01 -2.812969720207665336e-01 -4.066696010714962450e-01 -5.620230619605728339e-01 -3.955852785118076920e-01 4.534438906681920872e-02 -4.950843043169710356e-01 2.335469980152129754e-01
-6.000000000000000000e+00 -6.016191407678529030e-02 -7.397012246241338462e-02 2.647296333013582359e-01 -8.144032853295930796e-02 -1.398179379702817193e-01 -1.788914665173690077e-01 -2.339129470340603756e-01 -4.687581549382218160e-01 -1.628078271899231488e-01 7.388959442457915250e-02 -2.877594022257450312e-01 2.577444556075177418e-01
-5.500000000000000000e+00 3.859277165238970964e-02 3.552034229191954051e-02 3.547463563474481107e-01 1.242353745037491630e-01 8.185305809704354618e-02 -4.499218598588276830e-02 -2.670518587004513389e-01 -3.316666556178050618e-01 -9.071117113196552895e-02 4.433068680493920666e-02 -2.656508459916364639e-01 2.946122524671029308e-01
-5.000000000000000000e+00 9.033769688278429910e-02 1.170106852319593022e-01 3.211770844217485266e-01 2.400480944496354574e-01 2.707543426602042058e-01 1.168374948808661440e-01 -2.927737422116238886e-01 -3.340554565415407295e-02 -1.046265803196145261e-01 -2.040693474760334886e-03 -2.309573497604341386e-01 2.691262337198797594e-01
-4.500000000000000000e+00 1.533540332148735086e-01 1.341037283313990247e-01 3.018306589348505042e-01 8.029284026084342052e-02 3.407685239836328872e-01 5.173050051884500733e-02 -4.291925201932766942e-01 -4.549137922172837717e-02 -1.431954432085444651e-01 -8.813311699360001916e-02 -3.926434703564011253e-01 2.916030857765137263e-01
-4.000000000000000000e+00 3.286518423966990343e-01 1.454692474713261685e-01 2.491188905813848942e-01 -4.763281580264162873e-02 3.918535352271330652e-01 1.275587148623466560e-02 -3.940848245454254828e-01 -4.372964129325228322e-02 -1.611063310757224476e-01 -1.766458202429125046e-01 -4.083232564385541608e-01 3.383951082243179531e-01
-3.500000000000000000e+00 5.566867652835343350e-01 4.862752415627665803e-01 5.110635298872131527e-01 2.507853670536561719e-01 5.826640292278628674e-01 1.826280708385041862e-01 -2.313079070355180400e-01 5.533904692454810759e-02 -1.781518907304107877e-02 3.248892078596111316e-02 -3.031296299689859586e-01 6.458008465684639265e-01
-3.000000000000000000e+00 6.086801228249202333e-01 6.349720814743774477e-01 6.282416535791890411e-01 4.336006103764513675e-01 5.647007119592998281e-01 3.244765716110710185e-01 8.941734113965937869e-02 1.497997023379788462e-01 1.360689509330952895e-01 2.053574807002854219e-01 -1.245729275046818588e-02 7.558610944384602792e-01
-2.500000000000000000e+00 7.249242215705078429e-01 6.763332879362594641e-01 6.923776708012848724e-01 6.329675910737138089e-01 6.718375033277450559e-01 4.150557889720952742e-01 2.144942380155225592e-01 7.900287159631166900e-02 1.997596333763302645e-01 3.169295965352167954e-01 3.189013950513241991e-02 7.702151368469234427e-01
-2.000000000000000000e+00 6.807742745192179035e-01 5.654270154669009951e-01 5.700777585296890049e-01 6.442328868810037745e-01 5.853564485734523704e-01 3.862598510431387577e-01 2.250120018479944695e-01 -2.523825064973768406e-02 2.389964193549631855e-01 3.910009038258955849e-01 6.040283717083604065e-02 6.164489910724544330e-01
-1.500000000000000000e+00 7.380592491699197177e-01 6.471110035252179982e-01 5.191535779918862170e-01 7.176204056098576256e-01 6.491333569947246307e-01 5.762501545048240859e-01 3.158471588020140275e-01 2.140422233836415944e-01 3.668871653771713648e-01 5.381907590730279356e-01 6.477047222061582676e-02 6.123180814694919594e-01
-1.000000000000000000e+00 6.697972148689925742e-01 6.112056020590077576e-01 3.363910937282231783e-01 6.363371721817504545e-01 5.450936425129713214e-01 6.002331673158950442e-01 3.009938647254136734e-01 3.227430266075554388e-01 3.737240275347132323e-01 5.374148840065937627e-01 7.748117198742063283e-02 4.655201623612151285e-01
-5.000000000000000000e-01 6.414105180226443714e-01 7.391222874734250103e-01 2.648659651603202381e-01 7.423074936148161829e-01 6.702361167080133075e-01 8.039422661000049652e-01 4.494544058670139064e-01 7.959238392603147361e-01 4.305779957187132467e-01 5.914110493397842783e-01 1.695442551061853709e-01 5.172480305974180848e-01
0.000000000000000000e+00 4.610801740004192295e-01 6.812971138901916524e-01 1.131010900546206566e-01 6.703531641794593376e-01 6.126957288578532834e-01 8.064878328200756341e-01 4.115874109780408019e-01 1.000000000000000000e+00 3.260461554727791533e-01 4.190272714139062771e-01 2.035686230239994177e-01 4.441151442354137058e-01
5.000000000000000000e-01 4.152641956723129857e-01 5.405988914878414597e-01 5.077841585943054792e-02 5.967170745185229608e-01 4.640777070183972342e-01 6.605153348245291767e-01 5.411171158934863223e-01 7.959238392603147361e-01 4.036158596089629569e-01 2.833024869583247174e-01 3.055327033151847838e-01 3.539445833010125275e-01
1.000000000000000000e+00 2.566358998675437597e-01 2.332161410200597751e-01 -7.960726747887039711e-02 3.299706259399612929e-01 1.710138659306554010e-01 3.091540677209951293e-01 4.013239499323305592e-01 3.227430266075554388e-01 2.527576023913037373e-01 4.158584696491428312e-02 2.399439815936622589e-01 1.236840012143060330e-01
1.500000000000000000e+00 1.854330035686252431e-01 1.839540989586962438e-01 -4.593520281140482664e-02 2.657743074582377685e-01 9.698921797976096937e-02 2.084798631572686300e-01 3.138769908872668379e-01 2.140422233836415666e-01 2.212320073891355932e-01 3.858437427298605504e-03 1.632452033649915146e-01 1.373352962706936575e-01
2.000000000000000000e+00 -6.128304939239900134e-02 -3.144411926694838655e-02 -8.459704336633647181e-02 -9.235733629749651175e-03 -1.410855608441778375e-01 -5.437628477638062341e-02 3.926217321504921198e-02 -2.523825064973768406e-02 1.854228525373073644e-02 -6.356422357308096072e-02 -2.160974384502369755e-02 -2.042083887134224507e-02
2.500000000000000000e+00 -1.066723047845765104e-01 -7.781034053415225582e-02 -1.395248836690449190e-01 7.117326157029926770e-02 -1.185536828316817309e-01 -1.623418329534252053e-02 5.636320685787004486e-02 7.900287159631166900e-02 8.485725757230683231e-02 -1.465322250380175773e-01 1.072778559545234378e-01 -1.698893775663553873e-01
3.000000000000000000e+00 -1.719314652629866380e-01 -1.653669248498026711e-01 -1.880776943991780970e-01 4.977429808207460560e-02 -1.109769522940022290e-01 -2.101324941271551922e-03 5.106899927830060859e-02 1.497997023379788739e-01 4.867259971627945631e-02 -2.167522855741446375e-01 2.018003155232031276e-01 -3.299519681178156860e-01
3.500000000000000000e+00 -1.909339083491343736e-01 -2.743452888004606627e-01 -2.316822738619647715e-01 -1.022555627858834360e-01 -2.426683735600241032e-01 -1.270150937412408698e-01 5.956379618647814067e-02 5.533904692454810759e-02 -3.054308267176530575e-02 -4.542749372709497524e-01 1.877558180732110393e-01 -4.491358469231161443e-01
4.000000000000000000e+00 -1.505537987774058228e-01 -2.737441595351671753e-01 -1.998343634651199019e-01 -2.223246823076358014e-01 -3.250251584378901493e-01 -1.902498217980178874e-01 2.481674248286483420e-02 -4.372964129325228322e-02 -4.479608604596888033e-02 -4.626860168196254008e-01 1.102952233542970617e-01 -4.298081292402573528e-01
4.500000000000000000e+00 -2.498979279446864599e-01 -2.500799575059680646e-01 -9.909197009288053803e-02 -3.300248987669993639e-01 -5.783455802356139985e-01 -3.100802191688022402e-01 -2.232447237230665293e-01 -4.549137922172835635e-02 8.730544139202436882e-02 -4.132749373339149601e-01 -1.110826239313293107e-01 -3.651782784656290026e-01
5.000000000000000000e+00 -2.885042730412484824e-01 -1.764347024083895987e-01 -5.778160455984363009e-02 -3.269166999630190862e-01 -5.580743342925857942e-01 -3.181591245754333830e-01 -3.116386727365942910e-01 -3.340554565415408683e-02 1.045957762508046979e-01 -2.162886078759700959e-01 -2.127209846425817119e-01 -2.455149230269175198e-01
5.500000000000000000e+00 -2.921709005776716994e-01 -2.717806175617812348e-01 -8.320333435241938913e-02 -3.347237697244799248e-01 -3.972631089817644789e-01 -4.400572849495154037e-01 -3.454763838688104105e-01 -3.316666556178050618e-01 -7.606017741942663890e-02 -2.551539698800017186e-01 -2.047084386831291014e-01 -2.447514219725804852e-01
6.000000000000000000e+00 -2.934274730689473420e-01 -3.293946461030263229e-01 -1.437457030760528887e-01 -3.089276207599420676e-01 -2.117534652852856025e-01 -4.567866508756063815e-01 -2.624544172200034553e-01 -4.687581549382219270e-01 -2.183150405115162618e-01 -2.654536361929635824e-01 -1.328747725728267048e-01 -2.509752565602963448e-01
6.500000000000000000e+00 -3.468766604541491105e-01 -3.738110407183294348e-01 -1.580371381052333157e-01 -2.902630301107372857e-01 -2.158579763432058596e-01 -4.581757042289066884e-01 -2.343648251749706479e-01 -5.620230619605728339e-01 -1.918972674850982219e-01 -2.281392373926851569e-01 -2.101722104517471101e-01 -3.345154606204636671e-01
7.000000000000000000e+00 -3.649273040989547967e-01 -3.833237449759480109e-01 -1.769874104357396782e-01 -2.926973880613805146e-01 -2.426936703859752520e-01 -3.996427673171860095e-01 -2.223902110410412858e-01 -4.991846252032318687e-01 -1.939741881287816994e-01 -1.243934611416276786e-01 -2.268578075133054761e-01 -3.431002815434465725e-01
7.500000000000000000e+00 -2.972794822717031993e-01 -2.592269917282716274e-01 -1.377379632570098211e-01 -2.580582685563667100e-01 -2.726728569054709395e-01 -1.984778707679031862e-01 -3.758437636853078634e-01 -1.707947640196378902e-01 -2.934151751146856224e-01 8.911234094375801440e-02 -3.681648291405216211e-01 -1.981645100145545402e-01
8.000000000000000000e+00 -1.418759814553717247e-01 -8.868107043865006145e-02 -6.289445532792788118e-02 -9.892983558812512568e-02 -1.693279103719634027e-01 6.474717922253037106e-02 -3.383297277720501706e-01 1.561654814965963700e-01 -2.208127424905901026e-01 1.483536232485910822e-01 -3.443784327105820497e-01 1.712587523388734573e-02
8.500000000000000000e+00 -7.798894016103902205e-02 -1.164783425868615580e-01 -6.364343908903649649e-02 -1.200075166823045963e-01 -4.111238484541927113e-03 8.886662751973789520e-02 -2.692878311334477859e-01 5.552415894997296542e-02 -3.983641428659004946e-01 -5.541590392265593329e-02 -3.202245310606814388e-01 1.224841518692916520e-01
9.000000000000000000e+00 -7.784264852710062743e-02 -1.476863583009450365e-01 -2.894558798925097459e-02 -1.640328322471113764e-01 4.625259913280475865e-02 4.093578675619444218e-02 -1.461683047227502197e-01 -9.946820991701865733e-02 -5.098462743933463992e-01 -1.707739655936836298e-01 -1.736826133956392848e-01 1.417291452139601282e-01
9.500000000000000000e+00 -4.950801864649332501e-02 -5.748305602086684757e-02 2.807120746212949935e-01 -1.585644336515571462e-01 -3.484815679681806111e-02 -3.255097967417767968e-02 -6.042642373535019734e-02 -3.563948552016790727e-01 -3.449489112458075102e-01 6.659912558072597633e-02 -8.931004170841247425e-02 2.615252745023772807e-01
1.000000000000000000e+01 -8.322084767502202496e-02 -3.345109413937059906e-02 4.271529615858357110e-01 -2.111955804975063355e-01 -1.131391855254817724e-01 -1.941463130448677632e-01 -2.153170201403110384e-01 -4.979640019956741437e-01 -2.973755169618746974e-01 2.393857453745286412e-01 -2.200254976131422180e-01 2.120593145380355593e-01
1.050000000000000000e+01 -2.051895235220171920e-02 8.814549394742422772e-02 4.202107823324494618e-01 -5.916843855239604932e-02 5.801153186483725549e-02 -1.545079924167468699e-01 -4.415768753567836935e-01 -3.192875419682951743e-01 -3.704990700754173805e-01 4.242927279744552749e-01 -4.965129579541527338e-01 1.920793179973550591e-01
1.100000000000000000e+01 1.749878507003558847e-01 2.594671782188212594e-01 4.495147282007289635e-01 1.920058951367422939e-01 2.980047714431149908e-01 -5.310259020174554201e-03 -2.971752194055429230e-01 -8.649308211477950425e-02 -1.351490907496252780e-01 3.903009386252173640e-01 -3.706827621584102284e-01 2.615845523719587118e-01
1.150000000000000000e+01 3.346838364868555127e-01 2.702372394273818701e-01 4.047896545628881793e-01 2.918257596379085772e-01 4.896374837562679772e-01 1.262920357442778585e-01 1.172949683452509384e-03 4.638130051532852322e-02 1.437141852537369702e-01 1.019044038734613217e-01 2.502780863044024723e-02 2.614795615326356293e-01
1.200000000000000000e+01 4.409226329781208986e-01 3.260192528871839190e-01 3.786792719947061903e-01 4.250127075677100352e-01 5.741173483034966996e-01 2.371712415788678752e-01 1.896708379752779228e-01 1.907710771108234171e-01 4.043954399426585855e-01 8.287119493051205155e-02 2.770092605354429471e-01 2.818685302716067431e-01
1.250000000000000000e+01 5.876028667494925806e-01 5.367723842218570240e-01 4.777910551597885913e-01 5.601061332991575936e-01 5.635197573407189076e-01 4.578838309408291840e-01 2.197324643824883350e-01 5.204880389525308182e-01 5.740339777931604548e-01 4.928965188735193181e-01 2.148226441700125111e-01 4.669194269277159304e-01
1.300000000000000000e+01 5.929079917662871679e-01 5.156204352642347333e-01 4.153263361924716124e-01 5.687815363648947020e-01 4.472831099747858197e-01 5.352194657716070614e-01 2.248404983386781963e-01 5.460836367160707416e-01 6.482804154510795058e-01 5.656955349422851942e-01 2.038990720427562575e-01 5.243544479583241991e-01
1.350000000000000000e+01 5.277468207746069950e-01 4.037048732000345641e-01 3.537691575427311941e-01 5.136568785160015027e-01 3.903281322980265422e-01 4.153687742182471387e-01 2.519430407123695037e-01 3.207854468578770768e-01 5.429339723407804463e-01 3.693663807588465908e-01 2.154026328742856822e-01 4.820392655236913626e-01
1.400000000000000000e+01 4.942510767486248957e-01 4.143971193818191678e-01 3.057527887581822368e-01 5.006105086929369952e-01 4.415489223088239212e-01 4.786440242994345340e-01 4.158277574084933703e-01 2.594510897611806977e-01 4.153874351085610206e-01 3.325211063519712962e-01 3.741809134030555928e-01 5.399835208094625472e-01
1.450000000000000000e+01 4.679014433128428352e-01 4.788485516023332500e-01 2.945458037053712008e-01 5.331196505133327657e-01 5.347267585913363375e-01 5.528586927804877149e-01 6.299999095183306252e-01 1.828852590199810946e-01 3.659890931394931823e-01 3.760355850367608221e-01 4.858381018476033986e-01 4.608960816527901683e-01
1.500000000000000000e+01 4.282946194179030885e-01 5.249184067960935840e-01 2.895099264254000770e-01 4.957614982841194728e-01 5.143313974953396261e-01 5.491880458475668636e-01 6.560243080721095410e-01 2.432111792963008723e-01 2.707966162148539024e-01 4.892587944487696294e-01 3.868991143445793535e-01 4.006760541809235576e-01
