# # time shift (tau) HDelta HGamma HeII4685 HBeta HeI5875 HAlpha HeI5015 OI8446 HeI4471 HeI7065 OIII5007
-1.000000000000000000e+01 4.971300358393776486e-02 -6.476240589390906688e-02 -2.787773479852468511e-02 1.708016791223123665e-01 -2.882412397247594016e-01 -1.219012278495175683e-01 4.607053684107938196e-02 1.827622017068253890e-01 2.852828284487458621e-01 1.169621258130161823e-01 -4.484820047367692880e-02
-9.000000000000000000e+00 -8.691340659866560181e-02 -1.409161952767604697e-01 -1.361420586381094089e-01 -2.142277023006516901e-02 -2.308878238579819553e-01 -1.555771084251643677e-01 -1.518940738895830644e-01 1.865644745655492820e-01 1.489561397056710645e-01 1.042381382294757693e-02 -2.500529012071009971e-01
-8.000000000000000000e+00 -1.493336466528415174e-01 -1.563498008898358826e-01 -3.220102399497680457e-02 -5.322525453360535397e-02 -2.104628064614411098e-01 -1.623561137406988597e-01 -1.926302368425914513e-01 8.594177191539009719e-02 -7.005899770601552168e-02 -9.406639309846208385e-02 -3.361163445538499772e-01
-7.000000000000000000e+00 -6.730722962511183349e-02 -9.345546658667715223e-02 1.908264038979989030e-01 -1.225271553540362018e-01 -3.091719426044227115e-01 -2.007094803957473195e-01 -2.482999108275005806e-01 -1.663700622241659210e-01 -2.041465919821168762e-01 -1.078494375126800298e-01 -4.344038918604848920e-01
-6.000000000000000000e+00 2.276709986431165594e-02 1.169288003203343695e-01 3.195959478082760485e-01 3.288663447839604292e-02 -3.160747790611426744e-01 -9.459852895626770508e-02 -2.642077618605774281e-01 -1.759618602550660216e-01 -1.743694257540404080e-01 9.629763728259983779e-02 -4.389917945897902629e-01
-5.000000000000000000e+00 2.131057941357653723e-02 2.279728305987690773e-01 3.676173256173531634e-01 2.248356893658384204e-01 -1.831887282437691389e-01 -5.905821072630998772e-03 -2.913305959802464096e-01 -9.055955075230261164e-02 -7.624816784840618422e-02 1.682375304711493103e-01 -4.177455802767192639e-01
-4.000000000000000000e+00 -3.465243285060139872e-02 1.697472078566218678e-01 2.499644834477093291e-01 2.519294632102815346e-01 -2.558903825047488256e-01 -5.511030654192924233e-02 -3.328207985751536757e-01 -1.726376402980542013e-01 -2.686993801257316072e-03 2.101360919199721511e-01 -4.378056801725398461e-01
-3.000000000000000000e+00 -2.283245439036624830e-02 2.068224765240877505e-01 2.727117118374162708e-01 2.238019876928524776e-01 4.999677201708121327e-02 -2.900402002242077892e-03 -5.025890179909860978e-01 -1.015221581423891434e-01 -1.049421757061269056e-01 1.062320481732132588e-01 -6.002266111981722219e-01
-2.000000000000000000e+00 2.555814777069224664e-01 3.087262821986270223e-01 4.562357909874332762e-01 3.382706283595907637e-01 2.754560486680687204e-01 1.829371085020781718e-01 -4.331579689421702906e-01 -1.046346769906616042e-01 -1.213857789811389060e-01 2.482879378149871127e-02 -6.080530195543840666e-01
-1.000000000000000000e+00 5.471426428686740895e-01 5.658424364234208026e-01 7.011672876893768613e-01 4.886793037741276047e-01 3.739748914954874603e-01 3.681133129402518467e-01 -2.646932917770687399e-01 4.249146902256248359e-02 -6.815657052252521719e-02 7.696389412737336677e-02 -5.549198444918583828e-01
0.000000000000000000e+00 7.529131085204820995e-01 7.684484079001516754e-01 8.520872397556779054e-01 6.937113674416093279e-01 3.744438956751956482e-01 6.104683716561557505e-01 3.159106678115483624e-02 2.853602171356282580e-01 2.576389575535845688e-01 2.362636713139732447e-01 -3.210792639401666149e-01
1.000000000000000000e+00 8.215715940623371516e-01 8.540228855114031514e-01 7.851441133734307076e-01 7.878773227890909503e-01 4.547613377569651449e-01 7.001996844096690653e-01 1.580788367304957753e-01 3.891713468712053592e-01 3.744088116714556769e-01 4.736647950745842550e-01 -2.015029649663366840e-01
2.000000000000000000e+00 7.172120201422655938e-01 7.697206054673850772e-01 5.708765142815787064e-01 8.541861311802206869e-01 3.796585748835353824e-01 6.998526432539966535e-01 1.732839339166003245e-01 4.827682581565025943e-01 5.573699098789115514e-01 6.151524983514597977e-01 -1.844339572654861981e-01
3.000000000000000000e+00 5.570094449008998749e-01 6.108007155831878254e-01 2.925839496350530755e-01 8.426366419787728601e-01 5.887516064493505397e-01 7.212137250504894181e-01 2.109817534607855982e-01 5.606853606321440253e-01 4.401999891534231768e-01 5.000365650392211148e-01 -1.005352044438015263e-01
4.000000000000000000e+00 4.834182058442266783e-01 3.713171797302446953e-01 2.463716200555919889e-01 6.845678313346179600e-01 5.113784749304397526e-01 6.467855451737147821e-01 1.648805793476944836e-01 4.743162158644103066e-01 1.714087649040199612e-01 3.121454434126064714e-01 -1.485688971316306561e-01
5.000000000000000000e+00 5.594577078269569181e-01 4.680412307879416867e-01 4.779563041325748940e-01 6.333815687929439386e-01 3.814128655312293836e-01 6.797355249790544285e-01 2.348234069735251062e-01 4.609996469433096378e-01 1.360844826592300105e-01 9.410003515916373629e-02 -7.420758549458045250e-02
6.000000000000000000e+00 6.414854581578698367e-01 6.254314995508877262e-01 6.533174205705691850e-01 6.111542418399569243e-01 2.458568617937995082e-01 5.717969313258015607e-01 1.907395225267004835e-01 4.190917944254677341e-01 1.911601133104993133e-01 7.439921527650579514e-02 -6.677962570119702623e-02
7.000000000000000000e+00 6.441816309609873503e-01 6.692696217335155628e-01 6.125133767015610298e-01 5.097773536262557581e-01 1.793664996932770039e-01 3.420602906591286296e-01 1.550269699591345640e-01 3.786769199093540372e-01 4.489679581203275260e-01 -1.042353829826764000e-01 -2.252985114943341360e-02
8.000000000000000000e+00 5.303190625662934643e-01 5.782099680268597552e-01 4.127304004109529356e-01 4.856126676721909119e-01 1.388884352579830561e-01 1.864542595948258108e-01 7.854027173879846169e-02 3.844322903402732639e-01 8.161671231417402250e-01 5.615350186761623730e-02 1.911191333424167027e-02
9.000000000000000000e+00 2.557009487043603868e-01 9.502752443519214831e-02 -8.067388837887060071e-02 3.442769575694792916e-01 9.226646303455687814e-02 5.687101095424886010e-02 -4.121952495279834761e-02 1.618139486492704560e-01 7.379600683850451315e-01 -5.154241325219831998e-02 -7.481286900566290476e-02
1.000000000000000000e+01 3.982542526401899874e-02 -1.764343705170911547e-01 -2.678198418680657888e-01 1.201620626757386318e-01 8.631303334823178797e-02 1.841131690421652922e-01 1.090632515183278944e-01 2.162602843446135778e-02 2.902920942016395944e-01 1.266709985406755112e-01 -8.232898327635179703e-02
1.100000000000000000e+01 -1.063239209215727510e-01 -7.685622885745255206e-02 -2.292366539112090096e-01 -3.920097125267906629e-02 3.464834679368229697e-02 2.996846981177211378e-01 2.263179462800748998e-01 1.631141861626564660e-01 -4.558922461878367471e-01 1.967659043104008909e-01 -2.924214781392380780e-01
1.200000000000000000e+01 -3.947479967207103563e-02 8.394852188907572788e-02 1.538755994253008241e-01 -1.708226630351715736e-01 -1.230618257274996435e-01 1.434851970333023419e-01 1.541967469558894188e-01 8.666500460878922424e-03 -6.590228357304623863e-01 2.427405376643931856e-03 -3.777733353459538090e-01
1.300000000000000000e+01 -1.187508528028894395e-01 1.653320600887459024e-01 2.543866165801276780e-01 -1.272842470407984095e-01 -8.054778270374624016e-02 -1.100689077435628715e-01 -1.557179995536573103e-01 -6.351803913422504611e-02 -4.088072448560695626e-01 -6.286019288937622074e-02 -3.294731739675617055e-01
1.400000000000000000e+01 -1.053528581206642639e-01 -5.220834269993555876e-02 2.791087814698460789e-01 -6.683053612727118953e-02 -8.432685166636151586e-03 -3.697823006168459714e-01 -4.687497669950840273e-01 -2.449142034252767830e-01 -3.577691801127241833e-02 -2.178309510512572711e-01 -9.559501006556267444e-02
1.500000000000000000e+01 5.385021511357248464e-03 -1.641160275210479247e-01 2.640926174622864053e-01 4.223797714839223894e-02 2.685594552538190793e-01 -2.353099641749661353e-01 -4.280691723964257234e-01 -3.201171263621672702e-01 1.815416091981652547e-01 4.859839133478814632e-02 1.127426463084668234e-01
