# # time shift (tau) Cont4010 Cont4200 Cont4440 Cont4765 Cont5100 Cont5600 Cont6045 Cont6110 Cont6880 Cont7390 Cont8015 Cont8900 Cont1150
-1.000000000000000000e+01 8.253842672454786422e-02 1.544722861660481339e-01 2.093632530879357412e-01 1.953609120568808588e-01 2.542701197264133350e-01 1.661147907789733980e-01 1.915214191854529846e-01 4.200759379299548457e-02 2.888272434050258297e-02 -7.757719220600142740e-02 -4.435675496156385456e-02 -9.727011242681113390e-02 -7.726841862283549689e-02
-9.000000000000000000e+00 1.076959837113125595e-01 1.484019551210684629e-01 1.846486211180237147e-01 1.521757156492856145e-01 1.976802515468550347e-01 1.431154591575042045e-01 9.372269896308192683e-02 -2.782655428633688810e-02 2.475327492297219045e-02 -1.613915647616774585e-02 -4.566159315595322288e-02 -5.534278330592160011e-02 -5.435279233314191383e-02
-8.000000000000000000e+00 4.247105823201766661e-01 4.063201994344417534e-01 4.232665182711225493e-01 3.644768152280936091e-01 3.963889271822759186e-01 3.299190949488690627e-01 2.403756205938764046e-01 2.326766350551154883e-01 2.221309664374327142e-01 1.901095229747659654e-01 1.718951353843865548e-01 8.511513390614507124e-02 1.952741284322957460e-01
-7.000000000000000000e+00 5.401274015582054888e-01 5.266357425851129204e-01 5.706600925811942115e-01 5.309209992690946400e-01 5.283775264369945379e-01 4.909669260736871932e-01 4.924389572057137343e-01 4.404791906471932084e-01 3.603407351706057749e-01 2.442449636445465644e-01 2.381754677160394240e-01 1.072400394973885007e-01 3.203798759684197694e-01
-6.000000000000000000e+00 6.617499890457928524e-01 6.443693421061696958e-01 6.448094956823721136e-01 6.132400976044449781e-01 6.427566604737782185e-01 6.781992566063721473e-01 5.963994376933371422e-01 5.577046228168904829e-01 5.422800725472851635e-01 4.783130537297357598e-01 4.278227167023877509e-01 3.551986064431807977e-01 3.985110033210072511e-01
-5.000000000000000000e+00 7.800249405692598614e-01 7.331012882451083401e-01 7.188006167040075223e-01 6.678067976839300313e-01 7.175752016195710015e-01 7.492502402641324499e-01 6.713016069056273460e-01 6.365704141757178025e-01 6.403100818356328716e-01 5.591744406906933307e-01 6.062327884269606004e-01 4.957301876499158322e-01 6.031783630950999786e-01
-4.000000000000000000e+00 7.546215577350847692e-01 7.185820131417031131e-01 7.233501106851909501e-01 7.107569885800066878e-01 7.324294900145810194e-01 7.338454292567855308e-01 6.847604257256951765e-01 6.705164469696434093e-01 6.337871750532878545e-01 5.429794579526033838e-01 5.300936615876390423e-01 4.793968496186757910e-01 6.406422591028462232e-01
-3.000000000000000000e+00 8.606571838330578927e-01 8.314587294955341212e-01 8.338218952570911613e-01 8.269709257112500822e-01 8.458823786533248290e-01 8.314248518929399090e-01 7.818500400866106315e-01 7.940335277420546012e-01 7.771627337908596500e-01 7.184124707617483008e-01 6.639179276089619552e-01 6.822137667064545052e-01 7.090169955745063701e-01
-2.000000000000000000e+00 9.169873946769773188e-01 9.039501611699070072e-01 9.217240204721907082e-01 8.946728113561098761e-01 9.176810480332895370e-01 8.699003869662313981e-01 8.738961588716382956e-01 8.974392491442642061e-01 8.636426202327566193e-01 8.132853222685393346e-01 8.011981669242207449e-01 7.692047400282394642e-01 8.262560617955544418e-01
-1.000000000000000000e+00 8.616732797849963044e-01 8.846185311931034079e-01 9.104066489190880684e-01 8.642894036677837288e-01 8.939262106679276565e-01 9.057031110972961763e-01 9.025999641765666270e-01 8.877244107013192442e-01 8.992621732718086847e-01 8.599321459685240754e-01 8.472404448506462016e-01 8.464799598036290007e-01 7.647125750608781969e-01
0.000000000000000000e+00 8.825396028894618716e-01 9.057974521365100840e-01 8.949162114366097098e-01 8.700920882116094379e-01 8.849415384209485813e-01 8.936845857003552496e-01 9.165630219806710777e-01 9.150821528851085240e-01 9.661602068909491692e-01 9.867159135172322015e-01 9.754630222258112715e-01 9.999999999999998890e-01 7.290865454195168960e-01
1.000000000000000000e+00 6.688630190446704926e-01 6.985684476612741278e-01 7.119157037487718886e-01 6.752620196027510069e-01 6.959845964862816370e-01 7.270831830003210428e-01 7.711291986774909679e-01 7.510338294041637441e-01 7.858582845933106409e-01 8.088037774244053457e-01 7.831099006772418436e-01 8.161823945956396820e-01 5.276315871494878795e-01
2.000000000000000000e+00 4.912970036303819787e-01 5.431439709249710202e-01 5.418508058834458074e-01 5.112788750667153215e-01 5.357993273050309924e-01 5.483194784653031562e-01 6.087378413504943575e-01 5.733480792214068478e-01 6.396802385094357835e-01 6.634926020927889301e-01 6.239691569553673656e-01 7.100836878665733876e-01 2.581271746047021920e-01
3.000000000000000000e+00 3.856698775273860180e-01 4.249600464410369094e-01 4.543609772919040002e-01 3.835992309632667574e-01 4.270759875781149906e-01 3.967451363829132549e-01 4.566199859286008689e-01 4.478477115999199842e-01 4.956334992573284137e-01 5.343038894745388845e-01 5.229057070207219216e-01 5.704043582227965592e-01 2.171545830698278501e-01
4.000000000000000000e+00 1.960839631016473850e-01 2.989571240920155248e-01 2.850916154922520929e-01 2.484203513543793707e-01 2.635338253942602904e-01 2.316638820749887251e-01 2.831710287980493956e-01 2.627673004304204030e-01 2.769279676920219924e-01 2.595275094966380536e-01 1.960302952311346880e-01 2.437306603772439462e-01 2.175661923843594803e-01
5.000000000000000000e+00 3.191304268721842918e-01 3.731697636204042712e-01 3.434714339238277847e-01 3.460380527415633511e-01 3.408585254626946281e-01 3.831641377224807021e-01 3.162161258497508953e-01 3.182622989388277368e-01 3.542836579402940944e-01 3.684682596131650389e-01 3.198605677841893646e-01 4.047733706900006334e-01 3.411898046285651853e-01
6.000000000000000000e+00 2.228169086327309589e-01 2.224146890136152743e-01 2.385971148114310325e-01 2.530523258432064160e-01 2.185375430470892222e-01 2.412837073497983431e-01 2.022757514260606626e-01 2.109105719738439411e-01 1.880082657995255646e-01 1.597632757250241897e-01 1.434387306772153536e-01 2.059190075275306453e-01 2.871783678356361613e-01
7.000000000000000000e+00 3.896836536941976348e-02 9.759792234835734659e-02 8.551534665518889522e-02 1.241087463274119923e-01 9.249652964115437359e-02 1.054452280440983103e-01 2.398550690570230848e-02 4.122018932956038328e-02 5.263694266600738719e-02 -2.753641011367178454e-02 -3.043886259549440088e-03 1.391143462372238654e-02 1.359936823333507960e-01
8.000000000000000000e+00 6.326620591850648512e-02 6.574484629229782051e-02 8.941619235439192404e-02 5.581602350973634274e-02 5.947715657548471868e-02 6.408144568822328468e-02 7.650477623618007206e-03 1.026600100347181688e-02 6.164607947770181506e-02 4.360874467522263265e-02 8.015152968032338010e-02 9.829157700918174367e-02 8.584354549734628248e-02
9.000000000000000000e+00 7.509633609060789583e-03 -1.957345239988958485e-02 3.877680544099666726e-02 -1.705027641984291353e-02 -5.075023261568058219e-02 -4.866144887325581092e-02 -8.431287146450971992e-02 -4.263710055777984731e-02 -4.237085496976994436e-02 -4.075226559467140519e-02 -3.183564730452134728e-02 -8.199594139976332241e-02 1.047687927486393444e-01
1.000000000000000000e+01 -2.119069351554669217e-02 -7.937913004137002460e-02 -1.074209737291773326e-01 -7.024230571333371642e-02 -1.155520165705823943e-01 -8.571811711288920832e-02 -1.045280796466386553e-01 -8.953696991901857749e-02 -1.127705124308284457e-01 -8.073441924935978453e-02 -7.887978583130242360e-02 -1.378439220547530708e-01 -9.513733762354101287e-02
1.100000000000000000e+01 1.840312208741264333e-01 8.051620614508085694e-02 6.194610487375284968e-02 9.320481645901933232e-02 7.967851835907038827e-02 1.103259484336954754e-01 8.399498158096799227e-02 1.019354705328746891e-01 4.903160033367695569e-02 7.201657217697896018e-02 9.714388428998048386e-02 5.133939376856605508e-03 7.935260151100159698e-02
1.200000000000000000e+01 2.472125690391327180e-01 2.039384697357251031e-01 1.660533257980260080e-01 2.257844745139863385e-01 2.063872902611509352e-01 1.910330339034071179e-01 1.955896660472381809e-01 2.115879943811418418e-01 1.526031124133689632e-01 9.095744852262516167e-02 1.285211617428224928e-01 1.557238837676411594e-02 2.934395834109607137e-01
1.300000000000000000e+01 3.475898089250831213e-01 2.838860011659005700e-01 2.740022816343920531e-01 3.245299044096454644e-01 3.827855742547408013e-01 3.248966952573940636e-01 3.607812122889755280e-01 3.194634309992758214e-01 2.561442979289232369e-01 2.055271173987744393e-01 2.025775659234846371e-01 1.467689604417683480e-01 2.598923309280130600e-01
1.400000000000000000e+01 5.003612815918943024e-01 4.180182783512948475e-01 4.777731510397006387e-01 4.457356128871703960e-01 5.026296531041166693e-01 4.048221739195544955e-01 4.851378280782259744e-01 4.432987024685730026e-01 3.899860481855092487e-01 3.478934937524712501e-01 2.959212793955610654e-01 2.815539270054744359e-01 4.627194658349688128e-01
1.500000000000000000e+01 5.653133453579500811e-01 4.952669694289424385e-01 4.833205678173533304e-01 4.929734766658755429e-01 5.741827387672846505e-01 4.997135803776865393e-01 5.353879352119756962e-01 4.891717796905197257e-01 4.285021326475206283e-01 4.028697176262134305e-01 4.170879319119186190e-01 3.721382180893802460e-01 3.832530413500208066e-01
