# Cont8900 timestamps [MJD], fluxes [ergs/s/cm2/A], fluxerrs [ergs/s/cm2/A]
5.758166000000000349e+04 1.476089093652140874e-15 1.619431898334687065e-17
5.758266000000000349e+04 1.507336910531661208e-15 1.721356653065858682e-17
5.758365000000000146e+04 1.424207616260807945e-15 1.308809482798957588e-17
5.758377999999999884e+04 1.444788358539064761e-15 1.647476393573396436e-17
5.758458000000000175e+04 1.507695796694424702e-15 2.075819962673584818e-17
5.758556999999999971e+04 1.418757140415165588e-15 1.474807541975173905e-17
5.758654000000000087e+04 1.342822107520209050e-15 1.687657125447615449e-17
5.758755999999999767e+04 1.366721830277267565e-15 1.332340284688589892e-17
5.758848000000000320e+04 1.356967432876149694e-15 2.129580842484290433e-17
5.758941000000000349e+04 1.438947065720201191e-15 1.810290772369100796e-17
5.759041000000000349e+04 1.505685166348053932e-15 1.962573745228611299e-17
5.759140000000000146e+04 1.401310754071867426e-15 1.343399354801338308e-17
5.759238999999999942e+04 1.476431018235863875e-15 1.422782626225618270e-17
5.759338999999999942e+04 1.425481666896022392e-15 1.851966548683806769e-17
5.759431999999999971e+04 1.477059393536041689e-15 1.432645841722411439e-17
5.759530999999999767e+04 1.515279046917564485e-15 1.672811268995271748e-17
5.759643000000000029e+04 1.352655571471882298e-15 1.444850823397548866e-17
5.759741999999999825e+04 1.375635874380651457e-15 1.654968797198262535e-17
5.759829000000000087e+04 1.405457077733112636e-15 2.242515500247131200e-17
5.759927999999999884e+04 1.345625393161209778e-15 1.988961352366125850e-17
5.760020999999999913e+04 1.341749201694887481e-15 2.004657575439982238e-17
5.760219999999999709e+04 1.209254032410019903e-15 1.784408537227707063e-17
5.760319000000000233e+04 1.179435524577243040e-15 1.739599225281800995e-17
5.760418000000000029e+04 1.144035266788024055e-15 1.486642332636120361e-17
5.760523999999999796e+04 1.141561814883173471e-15 1.174759838524508566e-17
5.760616999999999825e+04 1.193582274496768417e-15 1.158355061325284593e-17
