# Cont1150 timestamps [MJD], fluxes [ergs/s/cm2/A], fluxerrs [ergs/s/cm2/A]
5.758166000000000349e+04 1.001338224276265381e-14 4.035869723845200518e-16
5.758266000000000349e+04 1.139741591592398772e-14 4.227189574489012235e-16
5.758365000000000146e+04 8.400167603700084846e-15 2.585829202729480129e-16
5.758377999999999884e+04 7.733677797002492126e-15 4.830936682279428545e-16
5.758458000000000175e+04 6.870589505737324993e-15 4.151270964331991234e-16
5.758556999999999971e+04 6.407079758568127543e-15 3.665673523532568261e-16
5.758654000000000087e+04 7.274488161031340908e-15 4.117579589606643009e-16
5.758755999999999767e+04 1.037303489592599921e-14 3.581008011313872636e-16
5.758848000000000320e+04 1.067538029182667712e-14 4.002849526700431726e-16
5.758941000000000349e+04 1.143290970836542803e-14 4.478203783691670229e-16
5.759041000000000349e+04 1.290591225719477384e-14 8.396628865009599190e-16
5.759140000000000146e+04 9.165962066525481046e-15 2.848356825023157979e-16
5.759238999999999942e+04 8.114208125005388027e-15 1.689366784781778802e-16
5.759338999999999942e+04 9.123510968845748625e-15 1.058848547342991933e-16
5.759431999999999971e+04 9.794805241891673827e-15 5.063831490915165046e-16
5.759530999999999767e+04 9.379629454733825538e-15 4.226147424882482032e-16
5.759643000000000029e+04 7.904329549434621494e-15 5.565829234598171511e-16
5.759741999999999825e+04 7.073158708954881748e-15 3.303313793316919146e-16
5.759829000000000087e+04 6.861605837792194321e-15 4.923030049357968630e-16
5.759927999999999884e+04 7.655093843366278148e-15 2.895383544838187941e-16
5.760020999999999913e+04 5.124631348465476571e-15 2.066612460979971650e-16
5.760219999999999709e+04 5.930895811406951725e-15 2.676756785988919010e-16
5.760319000000000233e+04 4.856012288229482337e-15 2.735361959479311059e-16
5.760418000000000029e+04 5.199264819935115324e-15 2.858654016849617694e-16
5.760523999999999796e+04 4.612005569983261736e-15 2.127337791395312493e-16
5.760616999999999825e+04 5.638064816668290806e-15 2.361285923683191076e-16
