# Cont1450_not_optical_calibrated timestamps [MJD], fluxes [ergs/s/cm2/A], fluxerrs [ergs/s/cm2/A]
5.758166000000000349e+04 9.882530807690137889e-15 3.451033216390292407e-16
5.758266000000000349e+04 1.079674445867308506e-14 1.885429819755761746e-17
5.758365000000000146e+04 8.352742629233265498e-15 2.590500331233386913e-16
5.758377999999999884e+04 7.990375654957676308e-15 2.665752648842464945e-16
5.758458000000000175e+04 7.116104708863188075e-15 1.180243302374857889e-16
5.758556999999999971e+04 6.055493236549739654e-15 2.239573487244344761e-16
5.758654000000000087e+04 6.600099608630584182e-15 1.267993582397229584e-16
5.758755999999999767e+04 9.594892692353472939e-15 1.972962795723948900e-16
5.758848000000000320e+04 1.037260315517401955e-14 1.716792309772467828e-16
5.758941000000000349e+04 1.055895994035821140e-14 4.174122452994448475e-16
5.759041000000000349e+04 1.102483301670916967e-14 7.705719609444665125e-17
5.759140000000000146e+04 8.722930459368395993e-15 1.265375791011962881e-16
5.759238999999999942e+04 8.095294816409919034e-15 1.903497652527967087e-16
5.759338999999999942e+04 8.365680066790492463e-15 1.491054869574833901e-16
5.759431999999999971e+04 8.780570144544384495e-15 1.945831002884085157e-16
5.759530999999999767e+04 8.438975419625514862e-15 2.432863541616810863e-16
5.759643000000000029e+04 6.974629167143346565e-15 1.887537245430882683e-16
5.759741999999999825e+04 6.639055960412223393e-15 2.570744589383660214e-16
5.759829000000000087e+04 6.162798926879177976e-15 2.479191713141745690e-16
5.759927999999999884e+04 6.597467858904509538e-15 1.745480925651477275e-16
5.760020999999999913e+04 5.509122399270973636e-15 2.624845913314646195e-16
5.760219999999999709e+04 5.545659577816718924e-15 1.112302238126916331e-16
5.760319000000000233e+04 4.880681242129466938e-15 3.349393132944647768e-16
5.760418000000000029e+04 5.178302900042559068e-15 2.125219215020943806e-16
5.760523999999999796e+04 4.818540124622476786e-15 1.563164591678096181e-16
5.760616999999999825e+04 5.163855593756944010e-15 1.310243483798347738e-16
