# HAlpha timestamps [MJD], fluxes [ergs/s/cm2/A], fluxerrs [ergs/s/cm2/A]
5.758166000000000349e+04 1.451935968210807353e-12 4.920861947077589537e-16
5.758266000000000349e+04 1.496161436769091801e-12 4.954576838738898079e-16
5.758365000000000146e+04 1.490924660632467039e-12 1.639330308690696494e-16
5.758377999999999884e+04 1.514392851560274077e-12 4.360913833533245475e-16
5.758458000000000175e+04 1.510097264590303212e-12 4.551718177847006174e-16
5.758556999999999971e+04 1.524584447507604947e-12 6.732743305086497238e-16
5.758654000000000087e+04 1.451894725670972206e-12 4.739669929429364620e-16
5.758755999999999767e+04 1.432025111534147802e-12 3.222071571427564333e-16
5.758848000000000320e+04 1.412059779230482174e-12 4.538604415331523158e-16
5.758941000000000349e+04 1.460902220726922116e-12 3.346559618101792364e-16
5.759041000000000349e+04 1.497497230248470725e-12 3.384139876921848403e-16
5.759140000000000146e+04 1.423496159748716048e-12 5.284878342782786817e-16
5.759238999999999942e+04 1.491189263683289751e-12 5.454907996374392015e-16
5.759338999999999942e+04 1.513296843933527083e-12 3.305779238479192025e-16
5.759431999999999971e+04 1.509838796559001626e-12 2.814239774720043808e-16
5.759530999999999767e+04 1.553046462209226940e-12 2.603138352182884457e-16
5.759643000000000029e+04 1.452195363303145281e-12 3.592328517480696189e-16
5.759741999999999825e+04 1.459068465366036311e-12 3.498023862648912766e-16
5.759829000000000087e+04 1.501324110568405497e-12 4.284770925630334314e-16
5.759927999999999884e+04 1.490263692814252603e-12 4.401247136414340829e-16
5.760020999999999913e+04 1.469146043423165707e-12 4.961817840655313289e-16
5.760219999999999709e+04 1.436984190232513399e-12 2.355893890949461052e-16
5.760319000000000233e+04 1.380308221368941651e-12 2.714379133073706982e-16
5.760418000000000029e+04 1.367987260464695390e-12 4.707360103682489103e-16
5.760523999999999796e+04 1.353775301249816012e-12 2.860105882609485706e-16
5.760616999999999825e+04 1.395264124001008776e-12 3.958226568014748164e-16
