# HBeta timestamps [MJD], fluxes [ergs/s/cm2/A], fluxerrs [ergs/s/cm2/A]
5.758166000000000349e+04 4.215828152691784616e-13 4.904978542128928060e-16
5.758266000000000349e+04 4.190013630297083200e-13 2.615992246158079190e-16
5.758365000000000146e+04 4.424514055770700953e-13 5.089290303866781643e-16
5.758377999999999884e+04 4.512392385139801162e-13 2.945627172572130206e-16
5.758458000000000175e+04 4.423077412154556665e-13 3.727725203043918220e-16
5.758556999999999971e+04 4.327133947536686851e-13 4.132550038281262166e-16
5.758654000000000087e+04 4.229431024517614529e-13 3.904436913206229363e-16
5.758755999999999767e+04 4.195299078463428426e-13 3.314293708731119979e-16
5.758848000000000320e+04 4.063675064510986823e-13 3.521910661407619586e-16
5.758941000000000349e+04 4.237949572057802762e-13 3.703097133144700900e-16
5.759041000000000349e+04 4.421802795012515306e-13 3.598604283467581839e-16
5.759140000000000146e+04 4.118230949045218150e-13 4.731486215407924299e-16
5.759238999999999942e+04 4.291442025247519052e-13 2.069308178343681292e-16
5.759338999999999942e+04 4.469110560115637899e-13 4.217329772006485936e-16
5.759431999999999971e+04 4.172503202404861096e-13 2.470314690311852045e-16
5.759530999999999767e+04 4.263840560965500857e-13 1.720985169684775489e-16
5.759643000000000029e+04 4.320287641323650269e-13 2.172741973039252565e-16
5.759741999999999825e+04 4.340809371194409686e-13 4.693013666855313917e-16
5.759829000000000087e+04 4.363909637839757292e-13 2.065545609136485104e-16
5.759927999999999884e+04 4.232705582734863738e-13 2.559251546619220076e-16
5.760020999999999913e+04 4.139541776591510104e-13 4.855061426010562166e-16
5.760219999999999709e+04 4.003214425802722838e-13 3.301331670790853409e-16
5.760319000000000233e+04 3.906379806520152473e-13 3.835616919356506395e-16
5.760418000000000029e+04 3.849111125077222629e-13 2.017168957798277024e-16
5.760523999999999796e+04 3.838112707973871092e-13 3.881278648270985492e-16
5.760616999999999825e+04 3.802673398794184364e-13 3.589931240689292867e-16
