# HDelta timestamps [MJD], fluxes [ergs/s/cm2/A], fluxerrs [ergs/s/cm2/A]
5.758166000000000349e+04 1.016137087863161632e-13 2.157886659720792203e-16
5.758266000000000349e+04 9.725407133046407702e-14 2.604688178900194739e-16
5.758365000000000146e+04 1.026930070563454287e-13 2.238422885577903296e-16
5.758377999999999884e+04 1.090620964186280912e-13 4.617809612419249299e-16
5.758458000000000175e+04 9.641568104849113693e-14 2.498057321990034555e-16
5.758556999999999971e+04 8.758789380815464089e-14 2.210616980199336392e-16
5.758654000000000087e+04 8.258113714190037893e-14 3.520413598091466400e-16
5.758755999999999767e+04 7.718650025448223291e-14 3.674667385927642236e-16
5.758848000000000320e+04 9.556418826328780699e-14 2.412528211586102279e-16
5.758941000000000349e+04 9.328594101193136777e-14 1.267117543163218602e-16
5.759041000000000349e+04 9.470900711885503781e-14 2.407286675343477554e-16
5.759140000000000146e+04 9.649344729738222683e-14 1.754298068972385886e-16
5.759238999999999942e+04 9.443651887805605253e-14 1.156607213039286843e-16
5.759338999999999942e+04 9.100048534893704440e-14 3.605219500332993797e-16
5.759431999999999971e+04 9.470852455961173696e-14 1.557545448094735369e-16
5.759530999999999767e+04 9.722260827791718499e-14 2.944527792707682767e-16
5.759643000000000029e+04 9.527066520024373996e-14 2.453236581313985915e-16
5.759741999999999825e+04 9.826639218264929479e-14 5.201166334671906770e-16
5.759829000000000087e+04 9.426169907649354233e-14 1.077186481335695562e-16
5.759927999999999884e+04 9.810050111728294007e-14 6.003024983512057227e-16
5.760020999999999913e+04 8.472087635360352852e-14 2.180608199687852055e-16
5.760219999999999709e+04 8.368500089489763057e-14 1.386693104187882529e-16
5.760319000000000233e+04 7.918932345309451998e-14 3.365668077342088557e-16
5.760418000000000029e+04 7.152262956214225044e-14 2.276201834581538136e-16
5.760523999999999796e+04 7.235909895956971594e-14 1.866558617342773371e-16
5.760616999999999825e+04 7.935484274613301468e-14 2.632361615008641426e-16
