# HeI4471 timestamps [MJD], fluxes [ergs/s/cm2/A], fluxerrs [ergs/s/cm2/A]
5.758166000000000349e+04 3.593966956121514771e-14 2.207336718566989634e-16
5.758266000000000349e+04 3.588917025650499290e-14 2.329219540345685450e-16
5.758365000000000146e+04 4.272347099061909945e-14 2.488692328883076882e-16
5.758377999999999884e+04 4.123412952893028355e-14 2.921668169865220588e-16
5.758458000000000175e+04 4.156743303251465793e-14 1.868028364882979736e-16
5.758556999999999971e+04 4.169826655587178169e-14 2.619154157885000618e-16
5.758654000000000087e+04 3.596646629257799817e-14 2.399392401263885319e-16
5.758755999999999767e+04 3.777125177715238080e-14 1.731847647284093561e-16
5.758848000000000320e+04 3.572352158421370214e-14 2.983866358625331848e-16
5.758941000000000349e+04 3.997784337155480598e-14 2.890847887521564808e-16
5.759041000000000349e+04 4.260956158273571382e-14 2.216976586063201148e-16
5.759140000000000146e+04 3.770699671329690587e-14 3.007817655034980224e-16
5.759238999999999942e+04 4.224490349104610920e-14 1.613710749781357102e-16
5.759338999999999942e+04 3.847428957547970704e-14 2.872135580926943584e-16
5.759431999999999971e+04 3.472051934175298828e-14 1.596673385812110560e-16
5.759530999999999767e+04 3.426682568768492429e-14 1.269531822404325825e-16
5.759643000000000029e+04 3.847707810667210625e-14 8.393289540709057213e-17
5.759741999999999825e+04 4.534812346649100385e-14 2.145679886672113861e-16
5.759829000000000087e+04 4.377259765864608295e-14 2.214520386598343148e-16
5.759927999999999884e+04 4.237906897311281393e-14 2.401960555826040594e-16
5.760020999999999913e+04 3.912433911027591633e-14 3.851059927442847242e-16
5.760219999999999709e+04 3.525232726890244871e-14 2.322894741925748505e-16
5.760319000000000233e+04 3.854509247593733842e-14 2.566711601661394076e-16
5.760418000000000029e+04 3.505401715209861349e-14 9.779192935282523601e-17
5.760523999999999796e+04 3.500799824930077224e-14 1.648898617282560238e-16
5.760616999999999825e+04 3.157499701197433530e-14 2.960520998247682220e-16
