# HeI5015 timestamps [MJD], fluxes [ergs/s/cm2/A], fluxerrs [ergs/s/cm2/A]
5.758166000000000349e+04 1.541032619710358807e-13 3.696443733389312666e-16
5.758266000000000349e+04 1.515304540505504523e-13 2.024704520975265995e-16
5.758365000000000146e+04 1.605122060874567134e-13 3.835343027405413965e-16
5.758377999999999884e+04 1.588586561462405808e-13 2.257804809663260669e-16
5.758458000000000175e+04 1.577589466128031068e-13 2.885154603436228123e-16
5.758556999999999971e+04 1.543396229589268022e-13 3.198477655257914905e-16
5.758654000000000087e+04 1.553268189985183844e-13 3.021924503653005197e-16
5.758755999999999767e+04 1.536093252967456960e-13 2.540385404469095711e-16
5.758848000000000320e+04 1.502003635721129000e-13 2.699522500529799158e-16
5.758941000000000349e+04 1.512702173155488057e-13 2.838400798212219605e-16
5.759041000000000349e+04 1.570099954611527740e-13 2.758307682296803602e-16
5.759140000000000146e+04 1.505720697783249632e-13 3.662037433535146446e-16
5.759238999999999942e+04 1.554891577158787718e-13 1.559452540432479397e-16
5.759338999999999942e+04 1.562030670874351367e-13 3.232556900559058208e-16
5.759431999999999971e+04 1.556975451736213578e-13 1.861655291266468331e-16
5.759530999999999767e+04 1.571959802320012593e-13 1.296952635184437180e-16
5.759643000000000029e+04 1.571012774112122611e-13 1.665393136838040345e-16
5.759741999999999825e+04 1.558979745358027035e-13 3.597165631653568748e-16
5.759829000000000087e+04 1.560919969541843288e-13 1.583227794172918877e-16
5.759927999999999884e+04 1.584957341320329541e-13 1.961650308259953225e-16
5.760020999999999913e+04 1.572796638807190786e-13 3.721374225810578631e-16
5.760219999999999709e+04 1.582348895704712591e-13 2.530450083435572678e-16
5.760319000000000233e+04 1.521929274186609427e-13 2.939976385737539547e-16
5.760418000000000029e+04 1.532215768459006695e-13 1.546147393406710132e-16
5.760523999999999796e+04 1.543635178255469281e-13 2.974975815441546393e-16
5.760616999999999825e+04 1.503667267096074107e-13 2.705410171312357467e-16
