# HeI5875 timestamps [MJD], fluxes [ergs/s/cm2/A], fluxerrs [ergs/s/cm2/A]
5.758166000000000349e+04 1.206395148674412742e-13 7.697668022201410593e-17
5.758266000000000349e+04 1.379481261538237664e-13 3.533240754081979453e-16
5.758365000000000146e+04 1.107824763063578605e-13 2.093109905275112010e-16
5.758377999999999884e+04 1.144413386774406905e-13 1.971986956409213014e-16
5.758458000000000175e+04 1.146699878647750613e-13 9.281078523048616721e-17
5.758556999999999971e+04 1.070292810676469267e-13 3.062299448862724953e-16
5.758654000000000087e+04 1.232034099053038743e-13 1.537465025458747487e-16
5.758755999999999767e+04 1.082036251315940965e-13 1.488868618695066315e-16
5.758848000000000320e+04 1.103544117080716900e-13 2.098134914133558016e-16
5.758941000000000349e+04 1.088798769879636635e-13 5.071191953803856881e-17
5.759041000000000349e+04 1.149281766620748486e-13 9.032610907983064887e-17
5.759140000000000146e+04 1.139431061485603060e-13 2.382773886890674226e-16
5.759238999999999942e+04 1.284199019602796059e-13 2.499727139712514254e-16
5.759338999999999942e+04 1.268829515618594429e-13 1.097866041560246621e-16
5.759431999999999971e+04 1.162085960100603539e-13 1.242765867236532075e-16
5.759530999999999767e+04 1.298151140564564701e-13 1.606349210401665347e-16
5.759643000000000029e+04 1.192327319491932690e-13 1.238085922524415603e-16
5.759741999999999825e+04 1.200702562638252948e-13 2.951344409294921147e-17
5.759829000000000087e+04 1.264565096968606290e-13 2.045408463306352043e-16
5.759927999999999884e+04 1.175457186159318309e-13 1.434804727023346181e-16
5.760020999999999913e+04 1.062464252145290776e-13 3.594880849165432490e-16
5.760219999999999709e+04 1.176267355763698108e-13 2.058233205175511823e-16
5.760319000000000233e+04 8.542762702721968957e-14 4.903539555502704651e-17
5.760418000000000029e+04 1.145734899379934384e-13 2.552272397896666201e-16
5.760523999999999796e+04 1.061973379565186346e-13 3.597136316140879346e-17
5.760616999999999825e+04 1.068613705027683727e-13 1.484729511676430430e-17
