# HeI7065 timestamps [MJD], fluxes [ergs/s/cm2/A], fluxerrs [ergs/s/cm2/A]
5.758166000000000349e+04 3.755023798898266420e-14 2.421706688648578289e-16
5.758266000000000349e+04 3.819539150071769670e-14 2.790967180500601255e-16
5.758365000000000146e+04 4.644284399035298332e-14 2.179323074232911428e-16
5.758377999999999884e+04 4.416408471278210051e-14 3.484906306471099504e-16
5.758458000000000175e+04 4.776303413430865517e-14 3.881566914702418637e-16
5.758556999999999971e+04 4.953260560162358545e-14 4.873413452228727312e-16
5.758654000000000087e+04 4.068856503286828181e-14 2.568092049513598927e-16
5.758755999999999767e+04 3.204319345396190491e-14 3.213876842688567979e-16
5.758848000000000320e+04 3.504456285714597413e-14 3.633813069270274094e-16
5.758941000000000349e+04 3.667292398625093737e-14 2.906082248533789861e-16
5.759041000000000349e+04 3.932408990404150678e-14 2.074117849778776295e-16
5.759140000000000146e+04 4.118562154754480631e-14 3.776352530278300619e-16
5.759238999999999942e+04 4.370545636939418626e-14 2.244485677896234678e-16
5.759338999999999942e+04 4.492328278387868239e-14 2.892298359262161811e-16
5.759431999999999971e+04 3.890626741640430405e-14 3.499069972331353059e-16
5.759530999999999767e+04 4.595716276033977205e-14 3.184699409837719053e-16
5.759643000000000029e+04 3.943270747486882014e-14 3.227205440831443387e-16
5.759741999999999825e+04 4.213601149068706733e-14 3.610676630154798715e-16
5.759829000000000087e+04 4.031003819788222410e-14 2.543491671766767627e-16
5.759927999999999884e+04 3.793341725768174833e-14 2.361779100974547970e-16
5.760020999999999913e+04 4.187278174000538010e-14 3.003988157124637957e-16
5.760219999999999709e+04 3.480464373819156555e-14 3.455312893610479403e-16
5.760319000000000233e+04 3.794720305602642602e-14 1.815386404982367931e-16
5.760418000000000029e+04 3.371150762447043593e-14 2.075648596347650449e-16
5.760523999999999796e+04 3.885504054332086251e-14 2.020242386106835680e-16
5.760616999999999825e+04 4.117841930910746069e-14 2.093778255107466712e-16
