# HeII4685 timestamps [MJD], fluxes [ergs/s/cm2/A], fluxerrs [ergs/s/cm2/A]
5.758166000000000349e+04 1.600186657371725077e-13 4.832112914497430137e-16
5.758266000000000349e+04 1.695395421558652043e-13 3.863217659569090466e-16
5.758365000000000146e+04 1.574799058163782286e-13 5.474949150362229649e-16
5.758377999999999884e+04 1.670479191200506270e-13 1.195414359848666883e-16
5.758458000000000175e+04 1.620131326636815032e-13 3.467885937461404166e-16
5.758556999999999971e+04 1.302017572060405690e-13 4.754761520027587747e-16
5.758654000000000087e+04 1.254512860142793101e-13 4.146876939184795979e-16
5.758755999999999767e+04 1.450254043385926901e-13 3.548730897610348740e-16
5.758848000000000320e+04 1.572874352192788887e-13 3.003543620876026909e-16
5.758941000000000349e+04 1.646703958624293209e-13 4.168113595469187885e-16
5.759041000000000349e+04 1.755967233757271483e-13 4.654062334911130984e-16
5.759140000000000146e+04 1.480020594608714125e-13 4.822218965725749155e-16
5.759238999999999942e+04 1.523888435307984341e-13 3.595928643670282831e-16
5.759338999999999942e+04 1.441039263953510085e-13 5.066584595682593989e-16
5.759431999999999971e+04 1.467120939678929088e-13 4.341368884298323294e-16
5.759530999999999767e+04 1.617230606268345005e-13 1.668526494864529368e-16
5.759643000000000029e+04 1.606658922128000315e-13 3.609755311232133054e-16
5.759741999999999825e+04 1.559903581634540984e-13 3.748365446398425696e-16
5.759829000000000087e+04 1.307645123471196855e-13 3.884286943400636887e-16
5.759927999999999884e+04 1.392390522770115381e-13 2.349280016197281789e-16
5.760020999999999913e+04 1.308341539084892630e-13 5.892772357639323952e-16
5.760219999999999709e+04 1.261418733489577236e-13 6.279874946878215416e-16
5.760319000000000233e+04 1.342091158404882842e-13 4.169904719964762582e-16
5.760418000000000029e+04 1.185727580869711846e-13 3.738885660594812256e-16
5.760523999999999796e+04 1.336199864955741641e-13 4.791814533780377485e-16
5.760616999999999825e+04 1.265415007286776001e-13 4.947280335351338271e-16
