# HGamma timestamps [MJD], fluxes [ergs/s/cm2/A], fluxerrs [ergs/s/cm2/A]
5.758166000000000349e+04 2.263224401992920422e-13 5.652058311233204058e-16
5.758266000000000349e+04 2.323759429945046511e-13 5.403924570178824733e-16
5.758365000000000146e+04 2.280778672693853818e-13 5.781346132353515300e-16
5.758377999999999884e+04 2.312603532387895056e-13 4.912242273406726298e-16
5.758458000000000175e+04 2.270981158160775193e-13 4.247441988524334984e-16
5.758556999999999971e+04 2.166440319218733918e-13 5.513210633250443369e-16
5.758654000000000087e+04 2.208957619370952378e-13 6.932334418784835084e-16
5.758755999999999767e+04 2.089341383865965958e-13 6.936164757286608210e-16
5.758848000000000320e+04 2.137675106779673965e-13 4.362001187090260680e-16
5.758941000000000349e+04 2.235901145168043891e-13 3.350848418598689375e-16
5.759041000000000349e+04 2.441597433218005907e-13 5.986946419013083378e-16
5.759140000000000146e+04 2.273261845457272414e-13 2.905668603100628433e-16
5.759238999999999942e+04 2.276364031195248470e-13 4.616102447612102026e-16
5.759338999999999942e+04 2.160870170349680120e-13 6.985078846798882031e-16
5.759431999999999971e+04 2.134069037866128964e-13 4.955614286631955696e-16
5.759530999999999767e+04 2.406112422896657235e-13 4.718783589040344473e-16
5.759643000000000029e+04 2.262429067848297605e-13 5.557535879012494186e-16
5.759741999999999825e+04 2.283977752474205498e-13 6.686339141674896118e-16
5.759829000000000087e+04 2.235421147067251473e-13 4.692171224356959891e-16
5.759927999999999884e+04 2.102596124238321431e-13 4.220658284409526320e-16
5.760020999999999913e+04 2.158899536695573221e-13 4.889966701097855416e-16
5.760219999999999709e+04 2.104033828744672592e-13 5.483431568253176147e-16
5.760319000000000233e+04 2.044382921258438524e-13 5.502682105241787371e-16
5.760418000000000029e+04 1.885658093037150223e-13 5.772980300026263082e-16
5.760523999999999796e+04 1.914890365442124918e-13 4.920248188064681191e-16
5.760616999999999825e+04 2.058876755354891222e-13 5.539102458578137746e-16
