# LyAlpha timestamps [MJD], fluxes [ergs/s/cm2/A], fluxerrs [ergs/s/cm2/A]
5.758166000000000349e+04 8.573667620203545559e-13 1.254428944166024875e-15
5.758266000000000349e+04 9.479872464895875615e-13 1.604141298784787615e-15
5.758365000000000146e+04 8.543384397071349481e-13 1.051021439973787981e-16
5.758377999999999884e+04 9.156354974283461156e-13 5.620753410472212385e-16
5.758458000000000175e+04 9.075449002521558816e-13 9.267757139104598566e-16
5.758556999999999971e+04 7.708008610117573824e-13 5.110966040430543148e-16
5.758654000000000087e+04 7.743385504413628362e-13 2.420334830890519777e-15
5.758755999999999767e+04 7.420777421590783525e-13 1.298150894484632081e-15
5.758848000000000320e+04 8.182006760697877518e-13 1.084158155005403092e-15
5.758941000000000349e+04 8.205878250124199238e-13 3.832388474167357825e-16
5.759041000000000349e+04 8.629208699978114650e-13 7.628672166479905991e-16
5.759140000000000146e+04 8.572513214652070941e-13 1.847137234109221795e-15
5.759238999999999942e+04 9.204938025871208820e-13 8.033602872670458247e-17
5.759338999999999942e+04 8.758057466297576593e-13 1.386759051378508448e-15
5.759431999999999971e+04 8.844631559901103469e-13 9.149647057282337127e-16
5.759530999999999767e+04 9.478307096945083230e-13 4.375915433716636855e-16
5.759643000000000029e+04 8.622916264949068980e-13 2.887153012028522525e-15
5.759741999999999825e+04 8.229836069659895999e-13 5.714087835855300667e-16
5.759829000000000087e+04 7.946590188001072407e-13 1.070557298429373085e-15
5.759927999999999884e+04 7.941613579463223609e-13 7.942295227718523908e-16
5.760020999999999913e+04 7.824480375745612053e-13 4.425153091916666022e-16
5.760219999999999709e+04 6.867524964858796838e-13 7.005493379143723980e-16
5.760319000000000233e+04 7.313606137882173565e-13 2.422509614385013864e-16
5.760418000000000029e+04 6.822136720801393554e-13 2.388838900835999665e-16
5.760523999999999796e+04 6.824217978443813220e-13 1.186853140436518326e-15
5.760616999999999825e+04 6.909493124644771832e-13 8.305096120950273390e-16
