# OI8446 timestamps [MJD], fluxes [ergs/s/cm2/A], fluxerrs [ergs/s/cm2/A]
5.758166000000000349e+04 8.587565295082850994e-14 4.716444346440227678e-16
5.758266000000000349e+04 9.005752329856581092e-14 4.272588860308820685e-16
5.758365000000000146e+04 8.441605894670189829e-14 3.980805378320029132e-16
5.758377999999999884e+04 8.696971554723349310e-14 4.900167531024471725e-16
5.758458000000000175e+04 8.899574360664900778e-14 4.324142699677770337e-16
5.758556999999999971e+04 9.027407942539386869e-14 3.768041711791897918e-16
5.758654000000000087e+04 9.016089659960488839e-14 3.829808780395160768e-16
5.758755999999999767e+04 8.582568207721878564e-14 3.009694038418948471e-16
5.758848000000000320e+04 8.022167927125622640e-14 4.981496817523511378e-16
5.758941000000000349e+04 8.515433287992103626e-14 3.640014658688691314e-16
5.759041000000000349e+04 8.729318063822156170e-14 5.506572901274409259e-16
5.759140000000000146e+04 8.353315783111086082e-14 4.303211756586212464e-16
5.759238999999999942e+04 8.580726579252381617e-14 4.746492084821075462e-16
5.759338999999999942e+04 8.702330443012644913e-14 3.874316883928088190e-16
5.759431999999999971e+04 8.615923775519230988e-14 4.738799337559419302e-16
5.759530999999999767e+04 9.157881014482355230e-14 4.247574720465122005e-16
5.759643000000000029e+04 8.459910602301923627e-14 2.853830330339196098e-16
5.759741999999999825e+04 8.550675901953530379e-14 4.220275342559545556e-16
5.759829000000000087e+04 9.360734175930344561e-14 4.274475301019895830e-16
5.759927999999999884e+04 8.779705989273897521e-14 3.633132215746773428e-16
5.760020999999999913e+04 8.652830796107268049e-14 4.565855855081382402e-16
5.760219999999999709e+04 8.751176225542516753e-14 4.167460791085937673e-16
5.760319000000000233e+04 8.551585461632531210e-14 3.886228567980560558e-16
5.760418000000000029e+04 7.985571490975976028e-14 4.097851709650925604e-16
5.760523999999999796e+04 7.800077202519420610e-14 3.085968637387034112e-16
5.760616999999999825e+04 8.249588329896961665e-14 2.773403075484629598e-16
