# OIII5007 timestamps [MJD], fluxes [ergs/s/cm2/A], fluxerrs [ergs/s/cm2/A]
5.758166000000000349e+04 1.318742825908301573e-13 2.789268438349870468e-16
5.758266000000000349e+04 1.300243433757763456e-13 1.454426822527600349e-16
5.758365000000000146e+04 1.358078562620950964e-13 2.894079290307017380e-16
5.758377999999999884e+04 1.348120655910272460e-13 1.675062354102597817e-16
5.758458000000000175e+04 1.342430700655559887e-13 2.140492323028855629e-16
5.758556999999999971e+04 1.328171363400521062e-13 2.297595350269447226e-16
5.758654000000000087e+04 1.329632735374945365e-13 2.241961728199296629e-16
5.758755999999999767e+04 1.319900266983959107e-13 1.884708517638661170e-16
5.758848000000000320e+04 1.303799611180748287e-13 2.002772115347202696e-16
5.758941000000000349e+04 1.308782786609703595e-13 2.105805737764001496e-16
5.759041000000000349e+04 1.347639287553330020e-13 2.046384762700750175e-16
5.759140000000000146e+04 1.291843894568135700e-13 2.716860650653008226e-16
5.759238999999999942e+04 1.331258978887441603e-13 1.176734198019164820e-16
5.759338999999999942e+04 1.335693611338177071e-13 2.398229620402231490e-16
5.759431999999999971e+04 1.331488815170404514e-13 1.404770834224328301e-16
5.759530999999999767e+04 1.345342950177501769e-13 9.786565986864545741e-17
5.759643000000000029e+04 1.349357884468007744e-13 1.235552930155329419e-16
5.759741999999999825e+04 1.343593184211734473e-13 2.668732348016059641e-16
5.759829000000000087e+04 1.354495443581428507e-13 1.137296304799642678e-16
5.759927999999999884e+04 1.359818095637259991e-13 1.455345727503377954e-16
5.760020999999999913e+04 1.339312950735030463e-13 2.673213021757217006e-16
5.760219999999999709e+04 1.351338112144622526e-13 1.877337516315628352e-16
5.760319000000000233e+04 1.330176349174250450e-13 2.111903474663434444e-16
5.760418000000000029e+04 1.345534151787672807e-13 1.147084673353897006e-16
5.760523999999999796e+04 1.346742696870415082e-13 2.207130559507950013e-16
5.760616999999999825e+04 1.309507542876564408e-13 2.041452744287589350e-16
