# time shift (tau) 	 correlation coefficient 	 number of simulations: 15000	 FR: True	 RSS: True
-1.000000000000000000e+01 8.000000000000000000e+00
-9.500000000000000000e+00 2.000000000000000000e+00
-9.000000000000000000e+00 4.000000000000000000e+00
-8.500000000000000000e+00 4.000000000000000000e+00
-8.000000000000000000e+00 6.000000000000000000e+00
-7.500000000000000000e+00 3.000000000000000000e+00
-7.000000000000000000e+00 2.000000000000000000e+00
-6.500000000000000000e+00 3.000000000000000000e+00
-6.000000000000000000e+00 5.000000000000000000e+00
-5.500000000000000000e+00 4.000000000000000000e+00
-5.000000000000000000e+00 7.000000000000000000e+00
-4.500000000000000000e+00 1.200000000000000000e+01
-4.000000000000000000e+00 1.100000000000000000e+01
-3.500000000000000000e+00 8.000000000000000000e+00
-3.000000000000000000e+00 1.500000000000000000e+01
-2.500000000000000000e+00 2.100000000000000000e+01
-2.000000000000000000e+00 3.200000000000000000e+01
-1.500000000000000000e+00 2.900000000000000000e+01
-1.000000000000000000e+00 3.200000000000000000e+01
-5.000000000000000000e-01 6.200000000000000000e+01
0.000000000000000000e+00 2.910000000000000000e+02
5.000000000000000000e-01 1.001000000000000000e+03
1.000000000000000000e+00 2.013000000000000000e+03
1.500000000000000000e+00 1.851000000000000000e+03
2.000000000000000000e+00 8.490000000000000000e+02
2.500000000000000000e+00 3.780000000000000000e+02
3.000000000000000000e+00 7.230000000000000000e+02
3.500000000000000000e+00 5.340000000000000000e+02
4.000000000000000000e+00 4.650000000000000000e+02
4.500000000000000000e+00 5.260000000000000000e+02
5.000000000000000000e+00 5.190000000000000000e+02
5.500000000000000000e+00 5.190000000000000000e+02
6.000000000000000000e+00 4.850000000000000000e+02
6.500000000000000000e+00 4.270000000000000000e+02
7.000000000000000000e+00 3.760000000000000000e+02
7.500000000000000000e+00 3.070000000000000000e+02
8.000000000000000000e+00 3.870000000000000000e+02
8.500000000000000000e+00 2.960000000000000000e+02
9.000000000000000000e+00 1.700000000000000000e+02
9.500000000000000000e+00 1.220000000000000000e+02
1.000000000000000000e+01 1.440000000000000000e+02
1.050000000000000000e+01 2.010000000000000000e+02
1.100000000000000000e+01 1.230000000000000000e+02
1.150000000000000000e+01 1.330000000000000000e+02
1.200000000000000000e+01 2.500000000000000000e+01
1.250000000000000000e+01 2.800000000000000000e+01
1.300000000000000000e+01 4.900000000000000000e+01
1.350000000000000000e+01 1.190000000000000000e+02
1.400000000000000000e+01 1.730000000000000000e+02
1.450000000000000000e+01 1.018000000000000000e+03
1.500000000000000000e+01 4.780000000000000000e+02
