# # time shift (tau) HDelta HGamma HeII4685 HBeta HeI5875 HAlpha HeI5015 OI8446 HeI4471 HeI7065 OIII5007 LyALpha
-1.000000000000000000e+01 -2.127674954670765728e-01 -2.481868257376403375e-01 -4.856969000738346753e-02 -1.041518653182051113e-01 -5.053411854842322359e-01 -5.540814411716671328e-01 -2.976786658525779616e-01 -2.111955804975063633e-01 -4.892062918369580876e-02 -2.365750510337735757e-01 -3.086826706283866684e-01 -5.162353157612273868e-01
-9.500000000000000000e+00 -1.319121585108205541e-01 -2.315344421650271101e-01 -7.840663066897001279e-03 -4.379032898289236114e-02 -4.977836318881100341e-01 -4.090203527850752030e-01 -3.499894469904497596e-01 -1.585644336515571740e-01 -9.291753214121731275e-02 -1.694460970576672221e-01 -3.751263379966732758e-01 -4.146288755019099659e-01
-9.000000000000000000e+00 -1.855973720202312993e-01 -2.621896451180326104e-01 3.540265921647917785e-02 -6.308020939621046541e-02 -5.375437613335358744e-01 -4.046792765936421121e-01 -3.018066642306369562e-01 -1.640328322471114042e-01 -3.743485846830866409e-02 -1.512374769938917562e-01 -3.284227392347514596e-01 -3.933059395809588299e-01
-8.500000000000000000e+00 -1.757554107808803889e-01 -2.497354376896037120e-01 7.723047977508894213e-02 -1.193424014111129777e-01 -4.808356533654788434e-01 -3.340855808014979722e-01 -3.993786218571561686e-01 -1.200075166823045547e-01 -2.235368408820484210e-01 -1.776900049643227175e-01 -4.512075098886683677e-01 -2.709332221645842642e-01
-8.000000000000000000e+00 -2.395393288774601004e-01 -2.269209452071401789e-01 8.656935000805085489e-02 -1.654058949294281988e-01 -4.545717165001686433e-01 -2.372468652998187544e-01 -4.782778698852342414e-01 -9.892983558812511180e-02 -2.692408459733739989e-01 -1.357087429355442743e-01 -5.280098813086713250e-01 -2.175322655661421356e-01
-7.500000000000000000e+00 -2.331635890744931383e-01 -1.882369140975046484e-01 1.492049103791348308e-01 -2.409874707125836402e-01 -4.553422175526725124e-01 -2.699034382035241375e-01 -5.743270728203861974e-01 -2.580582685563667100e-01 -4.199726960975692647e-01 -7.150096412758615017e-02 -6.533617384636269954e-01 -9.394242779703013135e-02
-7.000000000000000000e+00 -2.067020726959561405e-01 -1.377815328238529979e-01 1.067050071390343580e-01 -2.011572003374713091e-01 -4.199118963778026292e-01 -2.996921940399999151e-01 -4.354406878330061570e-01 -2.926973880613805146e-01 -4.390629976851906369e-01 1.402886710117269564e-02 -5.531049135726272548e-01 -4.294752251851823716e-02
-6.500000000000000000e+00 -1.234796482438488413e-01 -4.072853767532487457e-02 1.949470740013037051e-01 -5.675682498680047205e-02 -2.691760227089693425e-01 -2.648110792615058218e-01 -4.339715565928655150e-01 -2.902630301107372857e-01 -4.502520289857201430e-01 6.926788259283828131e-02 -5.573047503736754393e-01 1.132058317702196171e-01
-6.000000000000000000e+00 -1.619012449359154282e-01 -6.501186265645431117e-02 2.645031767202604134e-01 -3.436286986599827037e-02 -2.169088232683696882e-01 -2.627368466797628810e-01 -3.443484942061904586e-01 -3.089276207599420121e-01 -3.313003820110956288e-01 3.701808535760066354e-02 -4.641137899314804471e-01 1.623925651126385539e-01
-5.500000000000000000e+00 -3.237044384643696093e-02 -3.570077442290488928e-02 3.527330681501655851e-01 4.419667023154157798e-02 -3.250680367051150821e-02 -1.924750983079060451e-01 -4.738720886891502615e-01 -3.347237697244798693e-01 -2.993510277262272923e-01 2.400105723388379353e-02 -5.531520111783542193e-01 2.712818705967383615e-01
-5.000000000000000000e+00 1.866657679384678414e-02 -4.154580128609563355e-02 3.464691884152079071e-01 1.840253616622295613e-02 2.756067962446150099e-02 -1.308491446761669841e-01 -5.618013276681350643e-01 -3.269166999630190862e-01 -3.088650593318452708e-01 4.240566117495100928e-02 -5.822192208588750084e-01 2.982839028742575449e-01
-4.500000000000000000e+00 8.115847156316363664e-02 2.344027201577655872e-02 3.636714179684947812e-01 4.512890190016490000e-02 1.239105727502861770e-01 -1.013156250662180929e-01 -6.636643480565567188e-01 -3.300248987669993639e-01 -3.306355287488312311e-01 4.470107490152511187e-02 -6.908375861916699057e-01 3.464399667601039123e-01
-4.000000000000000000e+00 2.158841188576823278e-01 1.083491199666204441e-01 3.671414530214346383e-01 9.596644329073472646e-02 2.393146185205615450e-01 -4.699068726686267405e-02 -5.623408070541404680e-01 -2.223246823076358014e-01 -3.136585808594746227e-01 2.043184958589717992e-02 -6.040204208312618395e-01 4.031097459904245395e-01
-3.500000000000000000e+00 4.289147502711658233e-01 3.900448745852556076e-01 5.801148295436779900e-01 3.799977096653852637e-01 4.649018865163889180e-01 1.506205692456063505e-01 -4.449313444045264188e-01 -1.022555627858834360e-01 -1.747645077876388842e-01 9.762088323887817276e-02 -5.307834843203691477e-01 6.221615439512694357e-01
-3.000000000000000000e+00 5.058472017533059972e-01 5.209295401425479977e-01 6.903967945136556539e-01 5.015260849769161977e-01 5.502617773827345182e-01 2.876303542343997544e-01 -1.681526503150858054e-01 4.977429808207459866e-02 -7.306746226419810752e-02 7.840540089052067119e-02 -2.872128104825823480e-01 6.938903662083053536e-01
-2.500000000000000000e+00 6.809466827745386253e-01 6.474560733881257191e-01 7.828452897377051745e-01 6.114483188148644999e-01 6.849797100987482512e-01 3.916817008453484794e-01 -1.210700399283787254e-01 7.117326157029928158e-02 -1.978749496336045660e-02 1.762291271718992580e-01 -3.466058932789261027e-01 7.839462295576529183e-01
-2.000000000000000000e+00 7.808469667162452055e-01 6.542588211321476166e-01 7.817868349302767861e-01 5.720289291498810158e-01 6.326411651271386383e-01 3.340286168902066866e-01 -1.396220085235421182e-01 -9.235733629749692808e-03 3.604975467206291556e-02 2.488017851451397866e-01 -3.550469494101963219e-01 7.870221156803358653e-01
-1.500000000000000000e+00 8.805018755272051578e-01 8.025437484929104359e-01 8.209438532854711479e-01 7.273224090162921929e-01 7.644178331301559881e-01 5.498007564976084005e-01 -6.723473512931812945e-02 2.657743074582377130e-01 1.945499212196909466e-01 4.182765943427956268e-01 -3.815362648678148894e-01 8.765578623399732372e-01
-1.000000000000000000e+00 8.895497772142749726e-01 8.277856606117826033e-01 7.256440833198405382e-01 7.693469061298605638e-01 7.645581764865216901e-01 6.145015349088702727e-01 4.580941690316851084e-02 3.299706259399612929e-01 2.706253824291330323e-01 5.036463081370325945e-01 -2.487550508105942360e-01 8.496079147981709934e-01
-5.000000000000000000e-01 9.021662628540521034e-01 9.166863959636351034e-01 6.885521955996470878e-01 9.422778286212952770e-01 8.359733926199381937e-01 7.964850664225451293e-01 3.641740843582967901e-01 5.967170745185230718e-01 4.885367978947017242e-01 6.204652783299933194e-01 -1.495250413245708537e-02 8.350720165350327129e-01
0.000000000000000000e+00 8.314338478824253587e-01 8.947535348436095326e-01 5.766132009077746812e-01 1.000000000000000000e+00 7.903041180018299805e-01 8.455446380182001231e-01 5.609260286962044484e-01 6.703531641794592266e-01 5.907625009951327222e-01 5.610041361686888273e-01 2.643061921420537530e-01 7.473294255744449277e-01
5.000000000000000000e-01 7.879118205182465973e-01 8.314996349720104041e-01 4.810255181520664003e-01 9.422778286212951659e-01 7.609007452288440998e-01 8.479125074765074821e-01 5.511303526284710985e-01 7.423074936148161829e-01 6.119365296537234711e-01 5.730315341395981754e-01 1.992778632225297997e-01 7.033898570890264601e-01
1.000000000000000000e+00 6.504988013355433862e-01 6.614503779813756257e-01 2.771884904881438683e-01 7.693469061298605638e-01 5.978845954124110129e-01 7.186904571993704138e-01 3.551857488207622038e-01 6.363371721817505655e-01 4.792440833381285126e-01 4.516038553557843449e-01 4.702552542815129771e-02 5.433361124273936582e-01
1.500000000000000000e+00 5.761192659626954704e-01 6.490667842218016403e-01 1.770839245998190314e-01 7.273224090162921929e-01 5.868088197960665831e-01 7.493642449377706516e-01 3.638438834604511563e-01 7.176204056098575146e-01 5.318139091495139859e-01 4.547755754835980380e-01 4.701429351731175460e-02 5.215922659985424703e-01
2.000000000000000000e+00 4.186998285133256559e-01 5.378072356443563962e-01 2.961887769421540223e-02 5.720289291498811268e-01 4.553508416792317881e-01 6.520883886683026542e-01 2.189975289127472080e-01 6.442328868810036635e-01 3.620112193867079387e-01 3.693078899955918315e-01 -3.839215457462236136e-02 4.076289164881204963e-01
2.500000000000000000e+00 3.666640670696290627e-01 4.769500481107340484e-01 1.338577241029368509e-02 6.114483188148644999e-01 4.334887134297447098e-01 5.743027880605711122e-01 3.659395032342660503e-01 6.329675910737138089e-01 3.138741360810884951e-01 1.905917224848359681e-01 9.861433852907067199e-02 3.457395206065911886e-01
3.000000000000000000e+00 1.970851895679119337e-01 2.718635282291947952e-01 -2.765227713874993110e-02 5.015260849769163087e-01 3.020083309532148874e-01 3.670551672826822265e-01 3.427507778025878360e-01 4.336006103764513675e-01 9.688798826001872311e-02 -7.593818744973963863e-02 1.454678710669590758e-01 1.595323778186327202e-01
3.500000000000000000e+00 1.550373783714389941e-01 1.297649504094886830e-01 7.803892174597845677e-02 3.799977096653852637e-01 1.104306808332472800e-01 2.348415292900782880e-01 2.513848392144342747e-01 2.507853670536561719e-01 1.977283042474346497e-01 -3.526980402749798627e-01 6.861671172322267309e-02 4.945970619162597115e-02
4.000000000000000000e+00 5.875918276853095423e-02 -6.435611790439491053e-02 1.362710625540481946e-01 9.596644329073471258e-02 -1.601641829841192743e-01 -2.531897043554137694e-03 -8.691949647351135400e-03 -4.763281580264165649e-02 1.332454799981667160e-01 -4.981332612329482101e-01 -9.938068933762234103e-02 -1.274706475507351444e-01
4.500000000000000000e+00 1.433743127884437307e-01 2.282015586093499859e-02 1.935444666460818808e-01 4.512890190016487224e-02 -2.207837223575331853e-01 3.150156509556883977e-03 -1.824517447611254950e-01 8.029284026084342052e-02 1.668420480546001783e-01 -4.525726434828623579e-01 -1.877554501262601039e-01 -3.720233250123471808e-02
5.000000000000000000e+00 1.369166279090759109e-01 1.009322745514815434e-01 1.786842351265969242e-01 1.840253616622298388e-02 -2.163289549957749802e-01 2.200330549369289984e-02 -2.394923768428951494e-01 2.400480944496354574e-01 2.051842111808643010e-01 -2.953967110747864333e-01 -1.857003112144602064e-01 -6.123761481238304549e-04
5.500000000000000000e+00 1.244771377833327752e-01 5.312381789855191716e-02 2.031494881844055356e-01 4.419667023154160573e-02 -1.833642150676804417e-01 -6.775489911628057582e-02 -1.662032203564146049e-01 1.242353745037491491e-01 3.232258968614182271e-01 -3.876000439475104642e-01 -9.351943422742833856e-02 -4.742485639809501663e-02
6.000000000000000000e+00 6.720345808301532442e-03 -6.513619123848068959e-02 1.183199629692242849e-01 -3.436286986599825649e-02 -1.900564061070295629e-01 -2.148568186379364309e-01 -8.064020249001438434e-02 -8.144032853295930796e-02 2.651521189592326300e-01 -4.108575731239351159e-01 1.774540854096564452e-02 -1.440526716948311581e-01
6.500000000000000000e+00 -1.059214851227237991e-01 -9.311489259719935019e-02 1.230060903194558353e-01 -5.675682498680044430e-02 -2.773615812477041587e-01 -3.019520427909898053e-01 -5.290521695576294592e-02 -3.042641959291626508e-01 2.735915718757339077e-01 -2.973876925103382529e-01 2.740590024108077727e-05 -1.817646966979948320e-01
7.000000000000000000e+00 -2.334829746486640767e-01 -2.170605524681260556e-01 2.009825803066066924e-02 -2.011572003374712536e-01 -3.507848128456480530e-01 -4.442888836435042732e-01 -2.820946861308754605e-01 -5.172103477381160275e-01 1.303011240979054519e-01 -1.160405253378389984e-01 -2.627397908665510817e-01 -2.392152875379003341e-01
7.500000000000000000e+00 -2.484771377927159630e-01 -2.271074685101818480e-01 -1.153187462161583410e-01 -2.409874707125836402e-01 -2.299654731564700350e-01 -3.990573199104099356e-01 -5.383294512036519430e-01 -3.774777681020418107e-01 -8.255362910978651658e-02 1.046061076535420298e-01 -5.559205737096216682e-01 -1.660980055188725490e-01
8.000000000000000000e+00 -2.222258140942736659e-01 -1.789944522657439530e-01 -1.896290456443626149e-01 -1.654058949294281988e-01 -5.069176581530097231e-02 -1.710038198143087329e-01 -4.958453813918569653e-01 -1.167087812577430050e-01 -1.924100817771959848e-01 2.158212293718639319e-01 -5.411753986103386982e-01 -5.700236195498220582e-02
8.500000000000000000e+00 -1.460586211482270413e-01 -1.743595097974218189e-01 -2.037400122424554705e-01 -1.193424014111129916e-01 1.213444366220566978e-01 3.101563055308392478e-02 -1.564386753769211325e-01 -8.167359330826970409e-02 -2.986929621678182656e-01 8.497834785927654844e-02 -2.736047615227313878e-01 2.295251024155506997e-02
9.000000000000000000e+00 -9.472532548563718235e-02 -1.548678594131203956e-01 -1.582555394162072360e-01 -6.308020939621043766e-02 1.407567505365772131e-01 1.611794135135886652e-01 7.521275713128111606e-02 -2.673083597461818617e-02 -4.106733887485093937e-01 3.271901119173740990e-03 -8.187155194938669500e-02 7.548268792767549862e-02
9.500000000000000000e+00 -8.040878233227574667e-02 -8.572442598262437763e-02 5.815236235014246968e-02 -4.379032898289237502e-02 -5.328124890742454850e-02 1.448666375537822071e-01 -4.992873297851924130e-02 -7.493406888927096887e-02 -4.321630702375631738e-01 2.292781382402911405e-01 -2.147145113200099598e-01 1.690187534783686440e-01
1.000000000000000000e+01 -4.087818861576329732e-02 -2.337719676324959833e-02 2.458141089422281877e-01 -1.041518653182051668e-01 -1.663843457297794481e-01 7.971217461521248882e-02 -2.428987986311211822e-01 -1.447282244850952582e-01 -4.370905851544042431e-01 2.541408633972997433e-01 -4.470983931914060960e-01 2.528252618153051245e-01
1.050000000000000000e+01 1.883920569682047408e-02 2.211085050793012638e-02 3.013274843501585476e-01 -1.110892363068207850e-01 -2.875215507021997713e-02 6.295123144617824351e-02 -3.395743609067621294e-01 -1.749058361074048717e-01 -4.731385594026423225e-01 1.008043735661406648e-01 -4.928396530030305089e-01 2.977556097481973696e-01
1.100000000000000000e+01 9.802653135988682875e-02 1.690731450552538373e-01 3.895747473283538986e-01 -8.775719956753171014e-03 1.716005431599506026e-01 7.851352016345475304e-02 -2.683755028575065538e-01 -7.940474533844187055e-02 -4.287612870512158558e-01 1.558783697614466446e-01 -3.390614832260847589e-01 3.573970489987527976e-01
1.150000000000000000e+01 1.769484779446314215e-01 2.773199111892301061e-01 4.652238292125710495e-01 1.104927539510366791e-01 3.644574342240223253e-01 1.204988749269641224e-01 8.277848002026570728e-02 7.240003496326349874e-03 -2.147483731732262036e-01 1.949075757000841569e-01 1.772915472978105478e-01 3.408288535276634557e-01
1.200000000000000000e+01 1.892449021600522141e-01 2.221815011627681358e-01 4.583727030604148323e-01 1.470357179700325645e-01 3.777664679712848805e-01 -1.706951760246974703e-02 9.393482451935519784e-02 -1.058810158365521420e-01 9.976376481277693387e-04 1.486995598487299286e-01 2.543582691190995337e-01 2.257735690766068948e-01
1.250000000000000000e+01 2.962676951334456410e-01 2.572237241529296004e-01 5.126943442954139396e-01 2.058150521593853366e-01 2.608102210807980992e-01 -8.494481481990177885e-02 -1.445880452510976411e-01 -3.983492392143121730e-02 2.713582460373698546e-01 2.834557058103651661e-01 -9.559562486243652901e-02 2.190009921684591687e-01
1.300000000000000000e+01 4.552731148467500932e-01 3.506996311486479945e-01 5.516155977728472992e-01 3.795937706221183539e-01 2.873739376358091513e-01 5.333605986197836879e-02 -1.731564923400842892e-01 9.029277018442870284e-02 5.718109583943843388e-01 3.894150807760425881e-01 -1.386572497896844114e-01 3.324631605580876670e-01
1.350000000000000000e+01 4.893536107812841429e-01 3.538589866331948164e-01 4.313263103237866547e-01 4.728688401830121180e-01 4.003073538418793209e-01 1.950404202904216788e-01 -7.167491504024312010e-02 1.345081072454325788e-01 5.950101462361263582e-01 3.352992281761181248e-01 5.693294153079491576e-03 3.424781199708022417e-01
1.400000000000000000e+01 5.273934852871774437e-01 4.358237197261666251e-01 2.957826772806700921e-01 5.893015055430450566e-01 5.819843097211614413e-01 4.509602408900607595e-01 2.111308835724199917e-01 3.504777244949244808e-01 6.013239755462543856e-01 3.569253526175316660e-01 3.688947340835898037e-01 4.565659982641204762e-01
1.450000000000000000e+01 4.710470759590222878e-01 4.452021723960095656e-01 1.045676613239078373e-01 6.210931938974468824e-01 6.798437664609592312e-01 5.918266449636664372e-01 5.691468589383806842e-01 4.759247013406913140e-01 5.651324125259702402e-01 3.342927307115647895e-01 6.421818828202049412e-01 4.115225055094433593e-01
1.500000000000000000e+01 4.597884787101136350e-01 4.152779029689802059e-01 1.604585994634484813e-01 5.236489476996453174e-01 6.012404130470622166e-01 5.922996110253133661e-01 6.797011408069268956e-01 3.762663057313159198e-01 4.508921586836101558e-01 4.418117629806316282e-01 6.522753179898305165e-01 4.325237922879544561e-01
