# time shift (tau) 	 correlation coefficient 	 number of simulations: 15000	 FR: True	 RSS: True
-1.000000000000000000e+01 7.400000000000000000e+01
-9.500000000000000000e+00 1.000000000000000000e+01
-9.000000000000000000e+00 3.000000000000000000e+00
-8.500000000000000000e+00 8.000000000000000000e+00
-8.000000000000000000e+00 3.600000000000000000e+01
-7.500000000000000000e+00 2.300000000000000000e+01
-7.000000000000000000e+00 2.000000000000000000e+00
-6.500000000000000000e+00 3.000000000000000000e+00
-6.000000000000000000e+00 1.000000000000000000e+00
-5.500000000000000000e+00 0.000000000000000000e+00
-5.000000000000000000e+00 0.000000000000000000e+00
-4.500000000000000000e+00 0.000000000000000000e+00
-4.000000000000000000e+00 1.000000000000000000e+00
-3.500000000000000000e+00 0.000000000000000000e+00
-3.000000000000000000e+00 9.000000000000000000e+00
-2.500000000000000000e+00 1.000000000000000000e+00
-2.000000000000000000e+00 0.000000000000000000e+00
-1.500000000000000000e+00 0.000000000000000000e+00
-1.000000000000000000e+00 0.000000000000000000e+00
-5.000000000000000000e-01 3.000000000000000000e+00
0.000000000000000000e+00 1.323000000000000000e+03
5.000000000000000000e-01 2.488000000000000000e+03
1.000000000000000000e+00 7.090000000000000000e+02
1.500000000000000000e+00 2.573000000000000000e+03
2.000000000000000000e+00 1.416000000000000000e+03
2.500000000000000000e+00 6.470000000000000000e+02
3.000000000000000000e+00 9.500000000000000000e+01
3.500000000000000000e+00 1.400000000000000000e+01
4.000000000000000000e+00 2.000000000000000000e+00
4.500000000000000000e+00 1.500000000000000000e+01
5.000000000000000000e+00 5.600000000000000000e+01
5.500000000000000000e+00 2.000000000000000000e+00
6.000000000000000000e+00 2.000000000000000000e+00
6.500000000000000000e+00 2.000000000000000000e+00
7.000000000000000000e+00 6.000000000000000000e+00
7.500000000000000000e+00 3.000000000000000000e+00
8.000000000000000000e+00 8.000000000000000000e+00
8.500000000000000000e+00 4.000000000000000000e+00
9.000000000000000000e+00 8.000000000000000000e+00
9.500000000000000000e+00 3.000000000000000000e+01
1.000000000000000000e+01 3.400000000000000000e+01
1.050000000000000000e+01 5.800000000000000000e+01
1.100000000000000000e+01 5.200000000000000000e+01
1.150000000000000000e+01 1.120000000000000000e+02
1.200000000000000000e+01 3.100000000000000000e+01
1.250000000000000000e+01 9.700000000000000000e+01
1.300000000000000000e+01 1.380000000000000000e+02
1.350000000000000000e+01 2.340000000000000000e+02
1.400000000000000000e+01 4.850000000000000000e+02
1.450000000000000000e+01 2.245000000000000000e+03
1.500000000000000000e+01 1.937000000000000000e+03
