# time shift (tau) 	 correlation coefficient 	 number of simulations: 10000	 FR: True	 RSS: True
-1.000000000000000000e+01 0.000000000000000000e+00
-9.000000000000000000e+00 0.000000000000000000e+00
-8.000000000000000000e+00 0.000000000000000000e+00
-7.000000000000000000e+00 1.000000000000000000e+00
-6.000000000000000000e+00 2.000000000000000000e+00
-5.000000000000000000e+00 8.000000000000000000e+00
-4.000000000000000000e+00 9.300000000000000000e+01
-3.000000000000000000e+00 1.020000000000000000e+02
-2.000000000000000000e+00 1.080000000000000000e+02
-1.000000000000000000e+00 2.000000000000000000e+02
0.000000000000000000e+00 3.691000000000000000e+03
1.000000000000000000e+00 1.996000000000000000e+03
2.000000000000000000e+00 6.530000000000000000e+02
3.000000000000000000e+00 7.870000000000000000e+02
4.000000000000000000e+00 8.530000000000000000e+02
5.000000000000000000e+00 7.190000000000000000e+02
6.000000000000000000e+00 3.940000000000000000e+02
7.000000000000000000e+00 2.410000000000000000e+02
8.000000000000000000e+00 1.030000000000000000e+02
9.000000000000000000e+00 2.400000000000000000e+01
1.000000000000000000e+01 1.400000000000000000e+01
1.100000000000000000e+01 2.000000000000000000e+00
1.200000000000000000e+01 0.000000000000000000e+00
1.300000000000000000e+01 0.000000000000000000e+00
1.400000000000000000e+01 3.000000000000000000e+00
1.500000000000000000e+01 6.000000000000000000e+00
