# time shift (tau) 	 correlation coefficient 	 number of simulations: 10000	 FR: True	 RSS: True
-1.000000000000000000e+01 6.000000000000000000e+00
-9.000000000000000000e+00 1.000000000000000000e+00
-8.000000000000000000e+00 0.000000000000000000e+00
-7.000000000000000000e+00 0.000000000000000000e+00
-6.000000000000000000e+00 0.000000000000000000e+00
-5.000000000000000000e+00 4.000000000000000000e+00
-4.000000000000000000e+00 9.000000000000000000e+00
-3.000000000000000000e+00 7.000000000000000000e+00
-2.000000000000000000e+00 2.200000000000000000e+01
-1.000000000000000000e+00 5.000000000000000000e+01
0.000000000000000000e+00 5.300000000000000000e+01
1.000000000000000000e+00 1.910000000000000000e+02
2.000000000000000000e+00 4.790000000000000000e+03
3.000000000000000000e+00 3.265000000000000000e+03
4.000000000000000000e+00 9.200000000000000000e+02
5.000000000000000000e+00 3.650000000000000000e+02
6.000000000000000000e+00 1.520000000000000000e+02
7.000000000000000000e+00 6.600000000000000000e+01
8.000000000000000000e+00 2.200000000000000000e+01
9.000000000000000000e+00 3.000000000000000000e+01
1.000000000000000000e+01 8.000000000000000000e+00
1.100000000000000000e+01 3.000000000000000000e+00
1.200000000000000000e+01 1.000000000000000000e+00
1.300000000000000000e+01 0.000000000000000000e+00
1.400000000000000000e+01 6.000000000000000000e+00
1.500000000000000000e+01 2.900000000000000000e+01
