# time shift (tau) 	 correlation coefficient 	 number of simulations: 10000	 FR: True	 RSS: True
-1.000000000000000000e+01 2.700000000000000000e+01
-9.000000000000000000e+00 1.400000000000000000e+01
-8.000000000000000000e+00 4.000000000000000000e+00
-7.000000000000000000e+00 3.000000000000000000e+00
-6.000000000000000000e+00 0.000000000000000000e+00
-5.000000000000000000e+00 5.000000000000000000e+00
-4.000000000000000000e+00 2.000000000000000000e+00
-3.000000000000000000e+00 1.000000000000000000e+00
-2.000000000000000000e+00 0.000000000000000000e+00
-1.000000000000000000e+00 0.000000000000000000e+00
0.000000000000000000e+00 1.000000000000000000e+00
1.000000000000000000e+00 4.900000000000000000e+01
2.000000000000000000e+00 5.440000000000000000e+02
3.000000000000000000e+00 1.040000000000000000e+02
4.000000000000000000e+00 2.400000000000000000e+01
5.000000000000000000e+00 7.000000000000000000e+00
6.000000000000000000e+00 1.700000000000000000e+01
7.000000000000000000e+00 7.500000000000000000e+01
8.000000000000000000e+00 6.502000000000000000e+03
9.000000000000000000e+00 1.300000000000000000e+03
1.000000000000000000e+01 1.560000000000000000e+02
1.100000000000000000e+01 8.000000000000000000e+00
1.200000000000000000e+01 3.000000000000000000e+00
1.300000000000000000e+01 1.000000000000000000e+00
1.400000000000000000e+01 2.100000000000000000e+01
1.500000000000000000e+01 1.132000000000000000e+03
