# time shift (tau) 	 correlation coefficient 	 number of simulations: 10000	 FR: True	 RSS: True
-1.000000000000000000e+01 6.910000000000000000e+02
-9.000000000000000000e+00 2.130000000000000000e+02
-8.000000000000000000e+00 1.200000000000000000e+02
-7.000000000000000000e+00 4.400000000000000000e+01
-6.000000000000000000e+00 1.000000000000000000e+01
-5.000000000000000000e+00 1.200000000000000000e+01
-4.000000000000000000e+00 7.000000000000000000e+00
-3.000000000000000000e+00 2.000000000000000000e+00
-2.000000000000000000e+00 1.000000000000000000e+00
-1.000000000000000000e+00 0.000000000000000000e+00
0.000000000000000000e+00 2.300000000000000000e+01
1.000000000000000000e+00 3.100000000000000000e+01
2.000000000000000000e+00 5.730000000000000000e+02
3.000000000000000000e+00 3.191000000000000000e+03
4.000000000000000000e+00 7.250000000000000000e+02
5.000000000000000000e+00 1.685000000000000000e+03
6.000000000000000000e+00 6.150000000000000000e+02
7.000000000000000000e+00 1.710000000000000000e+02
8.000000000000000000e+00 2.260000000000000000e+02
9.000000000000000000e+00 5.070000000000000000e+02
1.000000000000000000e+01 1.500000000000000000e+02
1.100000000000000000e+01 2.130000000000000000e+02
1.200000000000000000e+01 3.850000000000000000e+02
1.300000000000000000e+01 2.390000000000000000e+02
1.400000000000000000e+01 1.900000000000000000e+01
1.500000000000000000e+01 1.470000000000000000e+02
