# # time shift (tau) Cont4010 Cont4200 Cont4440 Cont4765 Cont5100 Cont5600 Cont6045 Cont6110 Cont6880 Cont7390 Cont8015 Cont8900 Cont1150
-1.000000000000000000e+01 -9.259641745168852717e-03 3.695702316272095334e-02 1.235332624002079549e-01 2.941410103051010985e-02 1.835738644562256994e-01 1.260319311968193523e-01 1.806486244962403342e-01 1.325975640447938850e-02 1.095583897749099686e-02 -1.395168960654427637e-02 -8.019167172154920142e-02 -6.183327056998733778e-02 -2.623456510432252697e-01
-9.000000000000000000e+00 7.979203573323867538e-02 1.157948074252984072e-01 1.669499014598232467e-01 6.724743987366454956e-02 1.897483461603655108e-01 1.150400424677031075e-01 1.197450873287069228e-01 -1.612964069866538314e-02 3.128238196119220715e-02 3.961198771343698438e-02 -3.211189309709985840e-02 -6.228646695547970791e-03 -1.551394585601389986e-01
-8.000000000000000000e+00 3.271712128152633459e-01 3.331397137482925430e-01 3.816308264186402677e-01 3.075919009107433988e-01 3.761296300112672575e-01 2.952291651225020241e-01 2.436995338364165153e-01 1.952539549162798371e-01 1.773362039851356098e-01 1.699388378796604926e-01 6.790945165548187279e-02 3.514501349394977270e-02 9.237187399629662177e-02
-7.000000000000000000e+00 4.927297632191983690e-01 5.137385826899510954e-01 5.434948487486435109e-01 5.085331406544207900e-01 5.432470252080809914e-01 4.893584602210903078e-01 4.774359486780964668e-01 4.126841821366029617e-01 3.599904670366150250e-01 2.867049102110975634e-01 1.821986103149049741e-01 1.349563843204584779e-01 2.533168136479557742e-01
-6.000000000000000000e+00 6.214537896993673760e-01 6.359745851492715207e-01 6.657536643854660152e-01 6.224795431862428785e-01 6.685958806009179023e-01 6.539025941038481005e-01 6.106351275525008226e-01 5.615477866334119827e-01 5.267597959281227205e-01 4.554939065146620947e-01 3.691353843803434343e-01 3.143269348744256453e-01 3.420996006266020517e-01
-5.000000000000000000e+00 6.794212297929936861e-01 6.636773440843311000e-01 6.921964089167129686e-01 6.429623631457818123e-01 6.810423640269229750e-01 7.009698919957156882e-01 6.679161492103042885e-01 5.943555138783396252e-01 5.928974274007554612e-01 4.981065416204316643e-01 4.839574879427161469e-01 4.245774485115716423e-01 4.393388832336674876e-01
-4.000000000000000000e+00 6.310067013012463644e-01 6.021471276724017496e-01 6.293627459667685553e-01 5.953281148075634244e-01 6.255624174357031775e-01 6.515830378446356708e-01 5.975040085674465651e-01 5.387448890510651012e-01 5.343255067641792255e-01 4.624177701614387015e-01 4.282381384152523784e-01 4.070174538414219612e-01 4.066891337327018241e-01
-3.000000000000000000e+00 7.048783934144686736e-01 6.673534862363070808e-01 6.760096829009750730e-01 6.549803989793456793e-01 6.682599427936934955e-01 6.706537112903299125e-01 6.100023115127950479e-01 5.852890506125513204e-01 5.938715972678626498e-01 5.427288015572635516e-01 4.977182535631622939e-01 5.099043021633985484e-01 5.123114092544228670e-01
-2.000000000000000000e+00 8.202620993588098930e-01 7.985183297915341427e-01 8.048559133014121514e-01 7.953300836417136477e-01 7.968872505125409456e-01 7.612910935557135605e-01 7.193243214766165128e-01 7.312684397663232749e-01 7.051623949571199645e-01 6.495019434597335550e-01 6.283541345166629988e-01 5.996297079891663717e-01 7.045577272466745367e-01
-1.000000000000000000e+00 8.981909113524408905e-01 8.959638685354114340e-01 9.056804724972251641e-01 8.977974662043972653e-01 8.978646994443968410e-01 8.875818709377856219e-01 8.370504856808942407e-01 8.479154982189363032e-01 8.350214025004447649e-01 7.813095112750857441e-01 7.516424721358092587e-01 7.337877631008129509e-01 8.072931911460214938e-01
0.000000000000000000e+00 9.912904739970417323e-01 1.000000000000000000e+00 9.902581878925331704e-01 9.891651695752906592e-01 9.871972810849254376e-01 9.761979937458665768e-01 9.601290025328055311e-01 9.813820153390175882e-01 9.728844772825637754e-01 9.406370771511026740e-01 9.213105296439939584e-01 9.037751408883608617e-01 8.968135380466107920e-01
1.000000000000000000e+00 8.921209300600576597e-01 8.959638685354114340e-01 9.178710685900722810e-01 8.959246949678325578e-01 9.158204669755271032e-01 9.404819304378830847e-01 9.457995869779700637e-01 9.291719002008570483e-01 9.300495629279437182e-01 8.953349270157842099e-01 8.738214359173752666e-01 8.773097609115766415e-01 7.348783674358990714e-01
2.000000000000000000e+00 7.905485109785908016e-01 7.985183297915341427e-01 8.210172967077395967e-01 7.737561900939646797e-01 8.194812183320321353e-01 8.245767644137804719e-01 8.572386568098726567e-01 8.279223967059581302e-01 8.777518006144184870e-01 8.767947653048144829e-01 8.507842413161281758e-01 8.909134519019361598e-01 5.303676820182494644e-01
3.000000000000000000e+00 6.620480859630003545e-01 6.673534862363070808e-01 6.970982837255146336e-01 6.285442699087466778e-01 6.825716927516016774e-01 6.571059919570926278e-01 7.144807173392446753e-01 6.922671287419290831e-01 7.537461735309228805e-01 7.794611656943472022e-01 7.651199262799499579e-01 8.043845758465035800e-01 4.300436536649488994e-01
4.000000000000000000e+00 5.523070927427049526e-01 6.021471276724017496e-01 6.091454417860587833e-01 5.518719141032624176e-01 5.844906760845924865e-01 5.453792013693790075e-01 6.150561748682712437e-01 6.045431058707102512e-01 6.375697978854244496e-01 6.703540056492338639e-01 6.020372017058049918e-01 6.660591456573715652e-01 3.906782223454445258e-01
5.000000000000000000e+00 6.157635983225773213e-01 6.636773440843311000e-01 6.561293495233182504e-01 6.165098247100421203e-01 6.229612351797465530e-01 6.128908109388311320e-01 6.461804553256466077e-01 6.613538265468642541e-01 6.844167663022651116e-01 7.095753893161638182e-01 6.724141421911065120e-01 7.095876235369233953e-01 5.332141357107010871e-01
6.000000000000000000e+00 5.898701363115281815e-01 6.359745851492715207e-01 6.224182152072335050e-01 6.075909695911019259e-01 5.994516605439192958e-01 6.016528214531586816e-01 6.384266262062844310e-01 6.488033334332297120e-01 6.159687523178715152e-01 5.928667509873304375e-01 5.919848951367812084e-01 6.048578416238938882e-01 5.780177511195192519e-01
7.000000000000000000e+00 4.872323237937161156e-01 5.137385826899510954e-01 4.994724989058615394e-01 5.059509203419956247e-01 5.040233669139781991e-01 5.403120376716943341e-01 4.796800872967404428e-01 4.940991973691176153e-01 5.038459655276472660e-01 4.391205266867027612e-01 4.504255709600072932e-01 4.862845944522058428e-01 5.096524108773603512e-01
8.000000000000000000e+00 3.561634544095513277e-01 3.331397137482925430e-01 3.528997847385307862e-01 3.339078193834673636e-01 3.579820490294238766e-01 3.537771347638404285e-01 3.234302419245747573e-01 3.142702351628334778e-01 3.349078352558240157e-01 2.825066616743064363e-01 2.904975100850381575e-01 3.707738582732107435e-01 3.607957504397197868e-01
9.000000000000000000e+00 1.541478114811990485e-01 1.157948074252984072e-01 2.077196759046190944e-01 1.525988460959887272e-01 1.701378329715865501e-01 1.241454396826743023e-01 1.265742753316813074e-01 1.148977569776762908e-01 1.260797353063350668e-01 8.655668313610220821e-02 5.110093039528143533e-02 1.163176198310671289e-01 1.264765189606697759e-01
1.000000000000000000e+01 3.055008748035963756e-02 3.695702316272095334e-02 6.984680174256549523e-02 4.068359886351669702e-03 1.950611779459099360e-02 -4.240876824531857742e-02 1.406876894225227853e-02 -2.061353663346591342e-02 5.133389812155552540e-02 7.864433400644404992e-02 6.571388822218073023e-02 9.875981957776283626e-02 -8.523343176910533336e-02
1.100000000000000000e+01 9.628176120074796729e-02 9.902242524992371786e-02 1.086405910269647446e-01 6.642364217257171188e-02 2.094572203780784708e-02 3.354569439812566528e-02 3.354450599153596668e-02 7.055778258250247625e-02 9.566177974965078823e-02 1.678816691236991732e-01 1.915925931371644797e-01 1.173916159708019991e-01 9.136524668265721960e-02
1.200000000000000000e+01 1.365911427459867433e-01 1.516191504683815361e-01 7.900657285714017541e-02 1.498579142272926101e-01 9.043249221956156311e-03 1.214543029626705684e-01 9.313069569796658675e-02 1.396855432310758482e-01 1.298348966614555344e-01 1.463519004056859640e-01 1.594273621871505620e-01 8.759629574738629632e-02 2.389482097311155240e-01
1.300000000000000000e+01 1.415756819992435855e-01 1.134614193726864451e-01 5.270259676267050053e-02 1.709429316837226820e-01 8.582639487215387719e-02 1.502588873907087230e-01 1.053557952292436539e-01 1.486924527808738405e-01 8.310199025013406682e-02 7.324211881490265419e-02 8.319545910281488099e-02 2.086771937938967231e-02 1.468196928933196976e-01
1.400000000000000000e+01 1.046578154688183465e-01 1.970311579961237999e-02 4.817159171766725867e-02 1.236433932469380714e-01 1.062818782623269620e-01 8.671798670081656835e-02 7.624583251307182064e-02 6.132486164379048754e-02 -3.683054046143081905e-02 -1.512867332565379364e-01 -1.429087052893104892e-01 -1.872847428354849908e-01 1.550987064028498952e-01
1.500000000000000000e+01 1.916053720261704507e-01 1.328964054692876595e-01 1.717447188975414762e-01 2.195709048298757349e-01 3.336651772514318548e-01 1.780678570133941152e-01 2.249912898750819346e-01 1.358334678867120227e-01 3.089112980311789491e-02 -5.948822970695866186e-02 -6.169188105674563993e-02 -9.711481884872474879e-02 1.276374460806324884e-01
