# # time shift (tau) HDelta HGamma HeII4685 HBeta HeI5875 HAlpha HeI5015 OI8446 HeI4471 HeI7065 OIII5007 LyALpha
-1.000000000000000000e+01 5.603512702888768793e-02 1.121329597724863569e-01 2.150524308359018366e-02 2.317895988866019163e-01 -1.782349835643871616e-01 -1.933697257207739884e-01 -3.530555615944091369e-02 1.380732680679019331e-01 -4.133993113864412039e-02 1.393821852990795307e-01 -6.006102487788608779e-02 -2.654764132956879408e-01
-9.000000000000000000e+00 -1.287498723058174421e-01 -8.700120495805388487e-03 -1.169986089083495384e-01 1.015045535157883400e-01 -2.209784180678438792e-01 -1.920901697310432032e-01 -1.628252518933601123e-01 1.915425167540348028e-01 -2.051920309441975232e-01 5.539125687187781977e-02 -2.085017528338655168e-01 -3.281622546574836097e-01
-8.000000000000000000e+00 -2.367617852968128545e-01 -1.309544854776825140e-01 -5.147854077687046004e-02 -1.639753531270274345e-02 -3.086199660422354052e-01 -2.616625657318399911e-01 -2.430805262093699848e-01 5.143271840874194534e-02 -3.935430848433363327e-01 -7.361987861518329290e-02 -3.376220178614228185e-01 -2.846711281697159590e-01
-7.000000000000000000e+00 -1.742593369921984492e-01 -1.750905093061208839e-01 1.463211219718459910e-01 -1.626592719977864032e-01 -4.283270569819328522e-01 -3.621179837132066370e-01 -3.601652446437075827e-01 -2.367805389450285958e-01 -4.982589858546894179e-01 -1.028442923447394908e-01 -4.603202205863184404e-01 -1.258998988273822284e-01
-6.000000000000000000e+00 -5.242750626439924427e-02 -1.346398780481319543e-02 3.211704924157040564e-01 -3.788745456364187025e-02 -2.792019933964189349e-01 -2.741580727008343654e-01 -4.550702271950518574e-01 -2.013337208177489179e-01 -4.967362302178317535e-01 7.543310188729467070e-03 -5.309317857457911405e-01 6.562997026040920390e-02
-5.000000000000000000e+00 7.056952520614720448e-02 9.733654445973215219e-02 3.830586159895750242e-01 1.705651134517696121e-01 -1.162390560617918844e-01 -1.776384386266087467e-01 -3.977694749225531012e-01 -1.864487760754556800e-01 -2.941091132243879303e-01 8.536448723880893374e-02 -4.573154532203097533e-01 1.570747283926135218e-01
-4.000000000000000000e+00 6.099723502622916849e-02 8.120785583784284611e-02 3.389626669594856812e-01 2.014157168843697943e-01 -1.166259347229042787e-01 -1.971886901270335501e-01 -4.188578028010531695e-01 -2.393403831351653133e-01 -1.018545708004862105e-01 1.607985796552788837e-01 -4.783036109447084128e-01 1.658008936335715888e-01
-3.000000000000000000e+00 1.220668210287659816e-01 1.346830419563814496e-01 3.464407645920572487e-01 2.457156855249855998e-01 1.416327792332389701e-01 -4.250966659694802030e-02 -5.249481736983580005e-01 -1.422654576733458909e-01 -7.712407341291287188e-02 1.216906435660689567e-01 -5.980028574894076243e-01 3.178514579658055506e-01
-2.000000000000000000e+00 3.626934263027924432e-01 2.998786606507032326e-01 4.689475481909614607e-01 3.791935993745185196e-01 4.059653687880294681e-01 1.515452682956617281e-01 -4.487005695661593352e-01 -7.314590959400250891e-02 -1.318905337505428543e-01 7.443733753361136962e-02 -6.253263387012000241e-01 4.854105010773016593e-01
-1.000000000000000000e+00 6.143783542999998737e-01 5.404092280345086374e-01 6.936230190168415355e-01 5.453492067597631721e-01 5.462375425490632042e-01 3.466494212780808493e-01 -2.126872738276038843e-01 1.161520389996181513e-01 -5.619158807227560976e-02 8.894247586589312804e-02 -5.036022944813288715e-01 6.762014353463916549e-01
0.000000000000000000e+00 8.225336523260179389e-01 7.665332332728684861e-01 8.621941009248194066e-01 7.188369594331479595e-01 6.877621270071245796e-01 6.065433071360462058e-01 4.887800272207025454e-02 3.514598573614646226e-01 2.129025386974934264e-01 2.400185651106594709e-01 -2.841126600586762474e-01 8.804609852308074025e-01
1.000000000000000000e+00 9.081182668512781664e-01 8.580813834981704247e-01 7.829893369737839226e-01 8.138225684403465054e-01 7.057100444052849531e-01 6.764480875188532139e-01 1.898541503524162621e-01 4.003729392838171197e-01 3.305658723101230212e-01 5.252885958121715770e-01 -1.457259303313646892e-01 8.645058645132684960e-01
2.000000000000000000e+00 8.172737649540550153e-01 8.972732729941357288e-01 6.164090942830464659e-01 9.138183026967567901e-01 7.768784670251940305e-01 7.322380998060132873e-01 2.816635056281346361e-01 5.599963308803789230e-01 5.996392329526232245e-01 6.568465510827605769e-01 -3.088192971459331748e-02 8.097006361471610347e-01
3.000000000000000000e+00 6.141590495218786083e-01 7.349732113312368309e-01 2.341897152404162352e-01 8.667380474365193876e-01 7.507752546952015660e-01 7.137550868574455976e-01 2.492830483407774966e-01 6.225225553489130981e-01 4.396488862359196892e-01 5.138440453239040417e-01 -3.750771444219930945e-02 5.852822574520960552e-01
4.000000000000000000e+00 4.950527132898108196e-01 4.807879474588246937e-01 1.451795712131054850e-01 6.588677501727364660e-01 5.946409584124363601e-01 5.812004733467789341e-01 2.241962055952585464e-01 4.975474736224169137e-01 3.124683509077229582e-01 2.763029952225738994e-01 -6.649631794389516959e-02 5.051325869810496805e-01
5.000000000000000000e+00 4.766955650762981778e-01 4.428673800044617970e-01 3.262197507968279675e-01 6.263754369043921244e-01 4.187301980457134309e-01 5.989819908707216811e-01 2.462393198551043327e-01 4.617886706430840427e-01 2.796003563520207402e-01 1.487646638404083177e-02 -1.656013694234589190e-02 4.680259082827609718e-01
6.000000000000000000e+00 5.455246613594149085e-01 4.261273493976153737e-01 4.842591241819036996e-01 4.983877397528133080e-01 2.350528892502798950e-01 4.373524698504202002e-01 1.307452451176095432e-01 2.972485775060698665e-01 2.842729367005047414e-01 -1.221266127180452160e-01 -5.394939751960031726e-02 3.815741657041028523e-01
7.000000000000000000e+00 4.830629300820662442e-01 4.783084236629653319e-01 4.252177987270778781e-01 3.810173825217065824e-01 1.692454202931495677e-01 2.957852027688043783e-01 7.515095101903786212e-02 3.921590740106877804e-01 4.483443295469276002e-01 -1.868214903637511470e-01 -8.410685471191250984e-02 2.275613190841256350e-01
8.000000000000000000e+00 3.297862917670887350e-01 3.611391288260080712e-01 3.038547798422664981e-01 3.223897766804775245e-01 4.280649593666995684e-02 7.163935009314671698e-02 7.810087222705451582e-02 3.077513187858920141e-01 6.669474734562771401e-01 -1.144503330178682082e-01 2.154624961708344333e-02 1.205630383331893762e-01
9.000000000000000000e+00 5.720310173964955613e-02 -6.256120643620408095e-02 -6.430239505984237935e-02 9.460410942015579083e-02 -4.826086853263150678e-02 -1.845779922831659592e-01 -2.255430488637569231e-01 -1.435304686868549562e-01 4.084225781910431063e-01 -1.697626031362303167e-01 -2.820416061167007049e-01 -7.461363180905616899e-02
1.000000000000000000e+01 -1.986957503230923627e-01 -2.282135863757256689e-01 -2.715826793555871643e-01 -6.683560448960035316e-02 -5.864489643682344044e-02 -1.117153376208126700e-02 -1.280951091876313952e-01 -1.257558339691861871e-01 -2.772936854752350300e-02 6.866886444079146889e-02 -2.115545294750034166e-01 -6.679806971758348033e-02
1.100000000000000000e+01 -1.904232938364739947e-01 -1.701372530971173858e-01 -2.088840448725272081e-01 -1.294231799688036200e-01 -2.043555819530706516e-02 1.705976600690107814e-01 -1.571258486416766270e-02 3.227426578457611578e-02 -5.772812820478985252e-01 1.286593613810925740e-01 -3.372384579036764030e-01 4.906380377030335194e-02
1.200000000000000000e+01 -7.211188786898732606e-02 -2.936243138340037875e-02 1.721563670127592149e-01 -2.343228392198990484e-01 -1.438480096064131408e-01 6.805168688114075770e-02 -1.367332820205453825e-01 -1.582689934812709920e-01 -6.175438161398487669e-01 5.095622340037740672e-02 -5.264518435018523679e-01 2.146907133968464221e-01
1.300000000000000000e+01 9.546635846572434914e-03 1.582170711897384896e-01 3.953619487643107444e-01 -7.575688765908719646e-02 1.093997151134330249e-02 -7.142231267339471668e-02 -2.945964230128924610e-01 -1.107879222918128070e-01 -3.632468120018457758e-01 1.950537454633404222e-01 -4.103248675768297327e-01 2.733650747877087728e-01
1.400000000000000000e+01 1.242192608876506593e-01 7.206261811648900784e-02 4.055501081921648598e-01 7.795097889196131447e-02 2.401147214255988371e-01 -2.330017297675920362e-01 -2.032301848758921170e-01 -1.864862443379456391e-01 6.960254641139916598e-02 -1.283046246153645986e-01 4.713385782027989385e-02 1.553844150113335432e-01
1.500000000000000000e+01 3.350471617729577356e-01 1.976536261983606324e-01 6.198258838562484829e-01 2.807165616799394137e-01 3.424642657617405495e-01 -1.963662048921796521e-02 -2.014869162207670317e-01 -5.879270636989222809e-02 4.740999720456593458e-01 3.362466332252700973e-01 6.677513206199764406e-02 3.614345185912001268e-01
