# time shift (tau) 	 correlation coefficient 	 number of simulations: 10000	 FR: True	 RSS: True
-1.000000000000000000e+01 9.500000000000000000e+01
-9.000000000000000000e+00 2.000000000000000000e+00
-8.000000000000000000e+00 6.000000000000000000e+00
-7.000000000000000000e+00 5.000000000000000000e+00
-6.000000000000000000e+00 1.600000000000000000e+01
-5.000000000000000000e+00 2.500000000000000000e+01
-4.000000000000000000e+00 1.080000000000000000e+02
-3.000000000000000000e+00 1.240000000000000000e+02
-2.000000000000000000e+00 1.880000000000000000e+02
-1.000000000000000000e+00 3.300000000000000000e+02
0.000000000000000000e+00 3.590000000000000000e+02
1.000000000000000000e+00 3.810000000000000000e+02
2.000000000000000000e+00 1.155000000000000000e+03
3.000000000000000000e+00 5.170000000000000000e+03
4.000000000000000000e+00 1.595000000000000000e+03
5.000000000000000000e+00 2.650000000000000000e+02
6.000000000000000000e+00 7.900000000000000000e+01
7.000000000000000000e+00 3.100000000000000000e+01
8.000000000000000000e+00 5.100000000000000000e+01
9.000000000000000000e+00 9.000000000000000000e+00
1.000000000000000000e+01 2.000000000000000000e+00
1.100000000000000000e+01 2.000000000000000000e+00
1.200000000000000000e+01 0.000000000000000000e+00
1.300000000000000000e+01 0.000000000000000000e+00
1.400000000000000000e+01 0.000000000000000000e+00
1.500000000000000000e+01 2.000000000000000000e+00
