# time shift (tau) 	 correlation coefficient 	 number of simulations: 10000	 FR: True	 RSS: True
-1.000000000000000000e+01 5.000000000000000000e+00
-9.000000000000000000e+00 0.000000000000000000e+00
-8.000000000000000000e+00 0.000000000000000000e+00
-7.000000000000000000e+00 1.000000000000000000e+00
-6.000000000000000000e+00 1.000000000000000000e+00
-5.000000000000000000e+00 1.000000000000000000e+00
-4.000000000000000000e+00 1.100000000000000000e+01
-3.000000000000000000e+00 1.100000000000000000e+01
-2.000000000000000000e+00 1.500000000000000000e+01
-1.000000000000000000e+00 3.200000000000000000e+01
0.000000000000000000e+00 5.600000000000000000e+01
1.000000000000000000e+00 4.700000000000000000e+01
2.000000000000000000e+00 4.910000000000000000e+02
3.000000000000000000e+00 4.580000000000000000e+02
4.000000000000000000e+00 2.610000000000000000e+02
5.000000000000000000e+00 7.700000000000000000e+02
6.000000000000000000e+00 1.166000000000000000e+03
7.000000000000000000e+00 6.640000000000000000e+02
8.000000000000000000e+00 1.878000000000000000e+03
9.000000000000000000e+00 3.706000000000000000e+03
1.000000000000000000e+01 3.440000000000000000e+02
1.100000000000000000e+01 3.900000000000000000e+01
1.200000000000000000e+01 2.400000000000000000e+01
1.300000000000000000e+01 1.000000000000000000e+00
1.400000000000000000e+01 1.000000000000000000e+00
1.500000000000000000e+01 1.700000000000000000e+01
