# # time shift (tau) Cont4010 Cont4200 Cont4440 Cont4765 Cont5100 Cont5600 Cont6045 Cont6110 Cont6880 Cont7390 Cont8015 Cont8900 Cont1150
-1.000000000000000000e+01 2.424301373825632488e-02 1.156040855719191185e-01 1.765687344344087917e-01 1.595635354958517271e-01 2.278887547532901514e-01 1.557143346819145902e-01 2.256395373176608155e-01 4.241621998987344516e-02 5.575380944363730190e-02 -2.920096621673340387e-02 -1.111904378170741614e-03 -4.690757345195865902e-02 -1.553111547155818783e-01
-9.000000000000000000e+00 6.574624429948104642e-02 1.167518010507537368e-01 1.299990932039520319e-01 1.010809952928305028e-01 1.539082184502361117e-01 9.362279842902933302e-02 7.367138923551692919e-02 -5.498000865198443554e-02 2.632615895034903786e-02 2.380321065824211879e-02 -1.035419560558144270e-02 1.979568616946175696e-04 -1.187141548898359850e-01
-8.000000000000000000e+00 3.434940115173858999e-01 3.253857700757893934e-01 3.479776781808091579e-01 2.939008127658727654e-01 3.222546016892827159e-01 2.575995505722065149e-01 1.880228376017678560e-01 1.684644643283726984e-01 1.448051436047280704e-01 1.256668940638114018e-01 1.016670140324442972e-01 1.753544057513861665e-02 1.252418593358233800e-01
-7.000000000000000000e+00 4.891416977478162398e-01 4.894091029556835171e-01 5.263805143956148402e-01 5.021709664166038589e-01 4.924690168343391905e-01 4.395658032109418523e-01 4.536428500739763114e-01 4.006236134269335336e-01 3.119963229268555294e-01 1.990584027249416854e-01 1.726936245371540335e-01 6.274350326206074024e-02 2.623801855864050792e-01
-6.000000000000000000e+00 6.475099189935601407e-01 6.416159863590654711e-01 6.422116967445236080e-01 6.095320426345472997e-01 6.443891658487953533e-01 6.705957828186669412e-01 5.756888274586922094e-01 5.390938753027827435e-01 5.221283644374470345e-01 4.504558442542769825e-01 4.036828334974250643e-01 3.165940122411136093e-01 4.018348451561695178e-01
-5.000000000000000000e+00 7.714456324917527974e-01 7.327095341966048947e-01 7.195119857399928653e-01 6.710503698376879544e-01 7.160868552110615237e-01 7.423722043695836215e-01 6.619673625872893874e-01 6.237648117985125085e-01 6.218892765357565411e-01 5.254156403607163073e-01 5.702493827922019420e-01 4.589948065555403689e-01 6.162803805616694497e-01
-4.000000000000000000e+00 7.498567246358929239e-01 7.124199889766704707e-01 7.209577684067661751e-01 7.126973754641959813e-01 7.313012698693703850e-01 7.448300391586044622e-01 6.808973441113370662e-01 6.603496056231041855e-01 6.278403061335887658e-01 5.359979301954214126e-01 5.226208951794573121e-01 4.760315184334320548e-01 6.296886374877259662e-01
-3.000000000000000000e+00 8.410701585625067755e-01 8.057389486265376100e-01 8.078228253185433250e-01 7.996066645222149605e-01 8.175265147707279079e-01 8.017581310980425036e-01 7.573315707660687179e-01 7.617917857080727106e-01 7.467627202126054797e-01 6.876277678774457280e-01 6.389421900345382266e-01 6.563933262048333717e-01 6.831240070128843378e-01
-2.000000000000000000e+00 9.086434980355319047e-01 8.918999045134787806e-01 9.126566528789997745e-01 8.812310976449024835e-01 9.069449583530314607e-01 8.614794634059186329e-01 8.470495048586896836e-01 8.733517112783427683e-01 8.405244204875849112e-01 7.864206301711101910e-01 7.825211457465914844e-01 7.352557574215563552e-01 8.120819760832211909e-01
-1.000000000000000000e+00 8.837210935060051398e-01 9.017963959801265084e-01 9.248008454003646683e-01 8.839042749354157902e-01 9.086412333479069181e-01 9.107384450979114643e-01 9.045128838016340822e-01 8.969435231453967150e-01 9.030885389943255070e-01 8.647754512683381023e-01 8.496822501979508502e-01 8.432871436123356990e-01 7.879992472176777785e-01
0.000000000000000000e+00 9.197362940664419728e-01 9.418418033587859783e-01 9.301585746371711094e-01 9.161940056446147285e-01 9.253389197104581188e-01 9.274758046058486638e-01 9.412437475510168072e-01 9.528777624608193442e-01 9.851032428492971782e-01 1.000000000000000000e+00 9.780692556934570403e-01 9.867159135172322015e-01 7.779761756219707447e-01
1.000000000000000000e+00 7.317096756839001070e-01 7.538670216025464832e-01 7.640894742780230953e-01 7.341886611577583821e-01 7.567982418492991137e-01 7.850933556724720708e-01 8.396059546627001602e-01 8.074301222714489468e-01 8.337616394205114023e-01 8.440588552722669835e-01 8.182789338508138499e-01 8.411292197339429455e-01 5.716009296919959404e-01
2.000000000000000000e+00 5.599768418120120161e-01 5.989133884447402911e-01 6.047384420084970236e-01 5.707366522869852243e-01 6.115904846708628551e-01 6.204215899928995359e-01 6.842017315110359155e-01 6.365896256364600436e-01 6.987211434943717547e-01 7.187848371395151315e-01 6.946731003901528423e-01 7.559524788432442355e-01 2.967160658541763141e-01
3.000000000000000000e+00 4.398246108127198406e-01 4.800839602063310396e-01 5.026685523635890940e-01 4.365866628931145410e-01 4.848212931079615151e-01 4.489941155301520603e-01 5.238316682225432341e-01 4.978949515479558219e-01 5.573583719937771352e-01 5.919996701406426975e-01 5.734318105483786621e-01 6.300501209757096710e-01 2.482088473931020334e-01
4.000000000000000000e+00 2.884227725064806291e-01 3.840543411229078163e-01 3.732199025779988633e-01 3.285526409085210986e-01 3.589981279522532764e-01 3.180216108938422881e-01 3.734580946563318959e-01 3.509017628076815942e-01 3.676600415910380448e-01 3.656405558919115784e-01 2.914949675353490921e-01 3.532087114177508980e-01 2.577806446416833208e-01
5.000000000000000000e+00 4.088975461102584696e-01 4.580794173818100723e-01 4.478531066748246414e-01 4.320470250496201148e-01 4.244923133070317434e-01 4.537133145538382317e-01 4.043275582430884141e-01 4.091032575467409282e-01 4.374297209824816179e-01 4.470371906905243886e-01 3.909543975873170374e-01 4.798384174260642010e-01 4.028262902149681302e-01
6.000000000000000000e+00 3.262801746421130078e-01 3.482554729882733069e-01 3.527249076782512649e-01 3.665873402771118172e-01 3.325325353081722279e-01 3.544464037012028390e-01 3.107433193467031285e-01 3.253185944003423868e-01 3.027223961508200833e-01 2.717891858103868574e-01 2.626300866240572907e-01 3.099345019024841719e-01 3.892568939361048530e-01
7.000000000000000000e+00 1.771854539820994778e-01 2.413848631518877019e-01 2.221928108580845662e-01 2.630671287229187083e-01 2.208831942857268915e-01 2.542261619728595212e-01 1.572443761703534726e-01 1.794093215591455182e-01 1.994107199618301574e-01 1.234526908935428546e-01 1.441349492063742632e-01 1.672118529893191763e-01 2.909487343626410150e-01
8.000000000000000000e+00 1.591681043717879107e-01 1.658300798805619203e-01 1.811325789059570757e-01 1.631879291171802193e-01 1.556271938282841882e-01 1.724639898177149633e-01 1.051259053198040777e-01 1.102009373264515313e-01 1.549953990969457074e-01 1.247854670871489380e-01 1.581851983637395653e-01 1.787166292804069079e-01 2.179489741592266494e-01
9.000000000000000000e+00 5.086896674109220307e-02 1.038297921112721345e-02 8.122503041029227600e-02 3.400625320452206612e-02 6.705764789544377269e-04 -5.963214023722102075e-03 -4.264146522121184391e-02 -6.238237291263576401e-03 -1.139866472546216536e-02 -2.347383145084816491e-02 -1.361617676122539589e-02 -5.434740784477820608e-02 1.234140591857904867e-01
1.000000000000000000e+01 1.020631935008706193e-02 -5.316457103996934108e-02 -6.693660614927163244e-02 -4.888900905097771921e-02 -7.626150414919433129e-02 -7.084607104487433693e-02 -8.046237079335574749e-02 -7.098432636264942475e-02 -9.339620320962949140e-02 -7.243629962831381330e-02 -6.238005430169593635e-02 -1.322684155507262704e-01 -8.702885214923475332e-02
1.100000000000000000e+01 2.581374147986025269e-01 1.568338894420665264e-01 1.461728699819760391e-01 1.565289606193110972e-01 1.435419233448292642e-01 1.663335737865000441e-01 1.359405239777395913e-01 1.651558676439543183e-01 1.190224838274827196e-01 1.476568427801898120e-01 1.831070954897965897e-01 7.050433585614571119e-02 1.608826072356842607e-01
1.200000000000000000e+01 3.570987201673447298e-01 3.032941239641396836e-01 2.573166151988647843e-01 3.207117250481701931e-01 2.877857504934864252e-01 2.975183420024526404e-01 2.951574862802099908e-01 3.117970305043490375e-01 2.506268277153694268e-01 2.060566118616224407e-01 2.368329888284529117e-01 1.176644833623577691e-01 3.914548602194435900e-01
1.300000000000000000e+01 4.734827578343810406e-01 3.984044583632066483e-01 3.719239398734522917e-01 4.466195024386188095e-01 4.790152794218272558e-01 4.427129796230869219e-01 4.618249415813125425e-01 4.391021467824787750e-01 3.670771382011571160e-01 3.244442916935913468e-01 3.244145489029186535e-01 2.542731515096552930e-01 3.929541285869290745e-01
1.400000000000000000e+01 5.738438905063335538e-01 4.787695005192180164e-01 5.227798376425752958e-01 5.161714053002112168e-01 5.753384925760740565e-01 4.826350800111118278e-01 5.628192152416932048e-01 5.136106210444119080e-01 4.419478078987961744e-01 3.753114162927651543e-01 3.388704582561426482e-01 3.087667236939779514e-01 5.159858709324429693e-01
1.500000000000000000e+01 6.528988500493507763e-01 5.832125458615469160e-01 5.861343407929779925e-01 5.964158663884703282e-01 6.886169423347097140e-01 5.860159924925926189e-01 6.343597750734799590e-01 5.846388709829154484e-01 5.186250240226786268e-01 4.646308508405265769e-01 4.841524396191085877e-01 4.303695885951610567e-01 4.850872784626303891e-01
