# # time shift (tau) Cont4010 Cont4200 Cont4440 Cont4765 Cont5100 Cont5600 Cont6045 Cont6110 Cont6880 Cont7390 Cont8015 Cont8900
-1.000000000000000000e+01 -2.392834059306721967e-02 9.064655263895021742e-02 1.429422078416382469e-01 1.338186531474068186e-01 2.194261706039534743e-01 1.557945996659224897e-01 2.501128059224788092e-01 5.604944606426353476e-02 4.463119168921159119e-02 -4.497671912467619132e-02 -5.599353397749034372e-02 -6.534258299802414571e-02
-9.000000000000000000e+00 -2.018615444589056535e-02 7.720013080271448391e-02 1.052027223916601334e-01 7.047944284038806795e-02 1.541718033714280789e-01 9.671547159739710131e-02 1.191810123076741529e-01 -3.679080229618832132e-02 9.319677176477449143e-03 -3.567843735168899078e-03 -3.354103187114319817e-02 -2.157518806993314470e-02
-8.000000000000000000e+00 2.789268143806296618e-01 2.990787705484061476e-01 3.203592653260653456e-01 2.684083307829767673e-01 3.098674830464548391e-01 2.485589111139536733e-01 1.852561477979259574e-01 1.419851643921154483e-01 1.615320062781681609e-01 1.559481466109416958e-01 1.147935859271530940e-01 6.687995525829107391e-02
-7.000000000000000000e+00 4.261382275077011395e-01 4.469551120043147030e-01 4.585632317815910852e-01 4.372735257719675417e-01 4.461055929447114154e-01 3.956544426576391049e-01 3.844095446561003326e-01 3.384272140781157678e-01 2.585085370606507449e-01 1.734159838695124856e-01 1.268007066990979315e-01 3.265627314088152822e-02
-6.000000000000000000e+00 5.837761263530916178e-01 5.739773066896978193e-01 5.926082915724522060e-01 5.590854562582332488e-01 5.878477677741895668e-01 6.173255583963639381e-01 5.408715575881966053e-01 4.928544809878157573e-01 4.394287627591393908e-01 3.462382767119097093e-01 2.884576056730541738e-01 2.164757832130423387e-01
-5.000000000000000000e+00 6.970020157789738047e-01 6.565623991314886165e-01 6.466063821696961256e-01 6.009531890192605363e-01 6.429424210503748016e-01 6.694235510784259935e-01 6.230453792224016629e-01 5.592225875885949993e-01 5.488388479153623045e-01 4.354201166850849569e-01 4.830671205450484673e-01 3.681937348223384143e-01
-4.000000000000000000e+00 6.457045211883998270e-01 5.944438966161781357e-01 6.085202227758992333e-01 5.759946136659677141e-01 6.141093573347669032e-01 6.336323624145088207e-01 5.260245040475364231e-01 4.980438299417462300e-01 4.814754227469127956e-01 3.750383306478309309e-01 3.933816736242958245e-01 3.012537828942923324e-01
-3.000000000000000000e+00 8.199760703121705685e-01 7.742869533968677054e-01 7.697166305225577876e-01 7.655403647821793500e-01 7.681812794412222756e-01 7.344022389709734533e-01 6.610355752909977678e-01 6.916601697766906476e-01 6.831714039081960843e-01 6.185384278214280940e-01 5.769938846199396121e-01 5.776420967718245425e-01
-2.000000000000000000e+00 8.802343303193755908e-01 8.593459910014458192e-01 8.868588349136830029e-01 8.748368154418724174e-01 8.778984756035907999e-01 8.259091750317431035e-01 8.125690201787504341e-01 8.544250707407374801e-01 7.925813399963177464e-01 7.236988798873651429e-01 6.922457232514219738e-01 6.563686656766019034e-01
-1.000000000000000000e+00 8.596420098310680880e-01 8.779652233179353615e-01 9.038794010788813171e-01 8.601398204634810307e-01 8.879868239412109787e-01 8.938011323721494206e-01 8.916090434880812321e-01 8.791689746605566569e-01 8.792554182812910568e-01 8.263561179003203749e-01 8.043836523386257431e-01 7.980779605353182093e-01
0.000000000000000000e+00 9.085466706878732035e-01 9.208723478517641947e-01 9.119866748212669405e-01 8.845882422844925097e-01 9.059598814052470805e-01 9.122606113078330914e-01 9.207004418106492505e-01 9.247994399686646494e-01 9.697389755436035541e-01 9.780692556934570403e-01 1.000000000000000000e+00 9.754630222258112715e-01
1.000000000000000000e+00 7.225655714959035025e-01 7.506672266931535553e-01 7.587671161234735839e-01 7.301735405669078638e-01 7.524771380200447890e-01 7.750521112196964157e-01 8.207805568257492412e-01 7.926101114899930522e-01 8.232418244734316382e-01 8.356423020129606360e-01 8.043836523386257431e-01 8.339212221870628827e-01
2.000000000000000000e+00 6.037213332702553448e-01 6.427752168145862699e-01 6.357575702450088961e-01 6.170913938849114100e-01 6.368490209320926132e-01 6.331858857722816314e-01 6.986192996480411477e-01 6.795282816871918152e-01 7.214244543976613411e-01 7.553373499963954574e-01 6.922457232514219738e-01 7.764943043949392720e-01
3.000000000000000000e+00 4.891448063363607601e-01 5.200320572756174098e-01 5.561966114713663423e-01 4.883119105029624651e-01 5.333357076221985071e-01 4.807816659775775991e-01 5.890341051452299137e-01 5.584845825798824270e-01 5.743370051788947439e-01 5.890880839390501000e-01 5.769938846199396121e-01 6.161544734947952406e-01
4.000000000000000000e+00 3.545637389862765221e-01 4.590813929530695447e-01 4.645504355213184722e-01 4.076817408101003903e-01 4.405980822038044753e-01 3.894664556178077941e-01 4.423626117188228513e-01 4.245776944066885772e-01 4.522721103904711049e-01 4.338304602821206335e-01 3.933816736242958245e-01 4.360516138665884722e-01
5.000000000000000000e+00 4.381313050367451334e-01 5.086005365489507657e-01 4.830381752134039752e-01 4.648252717654278721e-01 4.592828700871697256e-01 4.829969988431762618e-01 4.524725424703993637e-01 4.603126843931709677e-01 5.061685788313612377e-01 5.316727827070102386e-01 4.830671205450484673e-01 5.682789169726407685e-01
6.000000000000000000e+00 3.549507339581328136e-01 3.806693408643602172e-01 3.915615496536447582e-01 4.062329191010682905e-01 3.670640625368574161e-01 3.895432754779809548e-01 3.866582694014404353e-01 3.885708273585773420e-01 3.557534298425085728e-01 3.346552621654065307e-01 2.884576056730541738e-01 3.627257682592461285e-01
7.000000000000000000e+00 1.466141752850844138e-01 1.988683033813627432e-01 1.992284324375371840e-01 2.283345405759453217e-01 2.017777219658109245e-01 2.179517500096674332e-01 1.575351711965173873e-01 1.557191987601288519e-01 1.801188016279289261e-01 1.180508442544085795e-01 1.268007066990979315e-01 1.827550099785331117e-01
8.000000000000000000e+00 8.865587204944092026e-02 1.002125612550684164e-01 1.296814085912756931e-01 7.828303768930008899e-02 1.024374160369822540e-01 7.267436829288331790e-02 4.135632169167677979e-02 4.204033663784059044e-02 8.692905463776554043e-02 5.927288896693076042e-02 1.147935859271530940e-01 1.270514513627163944e-01
9.000000000000000000e+00 -2.048704926242377738e-02 -3.182092997559810010e-03 6.044968857603525564e-02 -1.756322726530486211e-03 -4.688364237079813840e-02 -5.569265064164981988e-02 -7.092542476443919330e-02 -2.888195686731399869e-02 -1.986818393490078632e-02 -3.108790219357420587e-02 -3.354103187114319817e-02 -6.234918901320335438e-02
1.000000000000000000e+01 -2.789232658302813819e-02 -6.564722884654783375e-02 -8.825160916659000043e-02 -7.530300832589781335e-02 -1.224338353785179717e-01 -9.323066682519144666e-02 -8.768296688827423302e-02 -8.297333451677879612e-02 -8.813754358095669816e-02 -3.082025575324918998e-02 -5.599353397749034372e-02 -7.764576973563540319e-02
1.100000000000000000e+01 8.610159305549300313e-02 -5.180758151527489752e-02 -5.624473830544910596e-02 -3.784377087320826838e-02 -5.268272251779873572e-02 -7.595340395066541017e-03 -5.618940736453472556e-02 -2.470647783005502571e-02 -8.546981842346657032e-02 -5.266003951919549786e-02 -2.046690573265453478e-02 -1.369205887690428114e-01
1.200000000000000000e+01 1.037860111712446132e-01 5.257833611103092386e-02 -1.420855403342941373e-02 7.936990306728994304e-02 5.933125641475188450e-02 6.178415072559503840e-02 5.303704586982317670e-02 6.077733902717585845e-02 -3.992557255983283926e-03 -6.946383386337988408e-02 -1.637772346243611399e-02 -1.322254826580627207e-01
1.300000000000000000e+01 2.262042233654348866e-01 1.746933478010208318e-01 1.465096661970935188e-01 2.287373764447899749e-01 2.650201873479959280e-01 2.331873027605942950e-01 2.322166523217193135e-01 2.193171898455394953e-01 1.730416626389461587e-01 1.309938822941112135e-01 1.306115161637969313e-01 8.000088668907662237e-02
1.400000000000000000e+01 4.004182036517468513e-01 3.105180791301717091e-01 3.669267939951712520e-01 3.408446550544757536e-01 3.895237256220338562e-01 2.988115453707088642e-01 3.742929279971050072e-01 3.445058301794537980e-01 2.874043989812728461e-01 2.278795529598513225e-01 1.645282824718257153e-01 1.482774587763189822e-01
1.500000000000000000e+01 5.604592377728252472e-01 4.362734584910884506e-01 4.532133020020791547e-01 4.490043451886872594e-01 5.484060489203763655e-01 4.566820509698613639e-01 5.078000614162014870e-01 4.402929727481154076e-01 3.668183239356956893e-01 3.483025803764698836e-01 3.715183056100299641e-01 3.275957031876985948e-01
