# # time shift (tau) HDelta HGamma HeII4685 HBeta HeI5875 HAlpha HeI5015 OI8446
-1.000000000000000000e+01 1.330574617025737927e-01 2.501924397769951791e-01 1.334802914308352295e-01 2.128974949573381736e-01 -2.389324679441453547e-01 -2.248890255268236882e-01 -4.365124583258746249e-02 -1.318375038954201217e-01
-9.000000000000000000e+00 -3.418049749593145281e-02 1.238197164035300113e-01 -6.683122585412862304e-02 1.468797692456510484e-01 -3.227309940434888724e-01 -1.583127984546700007e-01 -1.554200528369338308e-01 1.384402682488569680e-02
-8.000000000000000000e+00 -2.582944773720814435e-01 -1.353974134000551430e-02 -1.027202322788897948e-01 -5.263933427929714387e-03 -2.830679980600401269e-01 -1.508030951913350015e-01 -3.129874829588185081e-01 9.993590331478555133e-02
-7.000000000000000000e+00 -2.686457690425903544e-01 -1.664178929325997869e-01 3.935248396431995088e-02 -1.709518338543181415e-01 -4.484822702239043002e-01 -2.615116080330396331e-01 -3.705689011119025489e-01 -2.034875510099873330e-01
-6.000000000000000000e+00 -1.793607065905333253e-01 -1.345689171479499402e-01 2.491166205762121444e-01 -1.173769029343798287e-01 -3.770697157646868969e-01 -2.549764060879078365e-01 -4.257910534639547384e-01 -1.949985830844263024e-01
-5.000000000000000000e+00 -3.234700211309417262e-02 -5.381921569006688916e-02 3.659331184494268863e-01 6.410636169648689653e-02 -1.943750618582809897e-01 -1.323999836398615793e-01 -4.214620888455007375e-01 -1.535930400037275878e-01
-4.000000000000000000e+00 1.269426048371566362e-02 -1.830405883438970815e-02 2.959744649361665259e-01 5.072944195430766079e-02 -1.548258213960624907e-01 -2.431411722832305666e-01 -5.738763409488845113e-01 -1.339570969130606248e-01
-3.000000000000000000e+00 1.896293240510403266e-01 1.905324483473046782e-01 4.598899806109190691e-01 2.390211333821609663e-01 2.438148460633487169e-01 -7.264121472609698371e-02 -5.246818073795946891e-01 9.814798369996692584e-02
-2.000000000000000000e+00 5.000437601987814951e-01 3.743366149572882606e-01 6.052700127072607739e-01 4.687506352696804712e-01 4.866435628981934935e-01 1.592490595271979226e-01 -3.260368048106916938e-01 -3.090148756096441907e-02
-1.000000000000000000e+00 7.424539560723895093e-01 5.523489793867049080e-01 7.576789186990207092e-01 6.175812201610568763e-01 5.733317320211683832e-01 4.027143859319231023e-01 -1.395015743043513945e-01 5.315452265352754724e-02
0.000000000000000000e+00 8.207367586452286590e-01 8.148045239736474432e-01 7.835933336888090128e-01 8.025425134004364747e-01 7.613968745262783555e-01 7.792824211164044446e-01 8.665633408166784069e-02 4.878354802971763271e-01
1.000000000000000000e+00 8.352857606623882436e-01 8.450559749909978269e-01 5.781723505784159833e-01 8.203018137928347331e-01 7.399147456030266135e-01 7.479856670731011015e-01 1.825231735701939306e-01 5.242512940597467974e-01
2.000000000000000000e+00 7.297219687060585436e-01 8.063244173684551708e-01 4.723770276601703677e-01 7.901273667165310544e-01 7.365761327139190850e-01 6.637024228664138992e-01 2.550519265463193075e-01 5.703973618171942483e-01
3.000000000000000000e+00 5.624233836729591873e-01 6.252472572637460813e-01 2.116131515452985834e-01 7.949414917292876304e-01 6.256951798357079930e-01 6.033590455034318900e-01 1.710472838498895976e-01 4.849881545349063461e-01
4.000000000000000000e+00 5.040732295716003897e-01 3.405280323329265002e-01 1.312016926839701947e-01 5.737115450818385254e-01 4.687393503147729845e-01 4.483437892244033218e-01 1.349777553121046803e-01 2.559261475228689076e-01
5.000000000000000000e+00 4.178820348110002247e-01 4.618072315034406072e-01 2.877022362936072497e-01 5.624902865377302552e-01 3.446327602015501479e-01 5.586980987370278040e-01 2.677074741783368461e-01 5.442192261966465328e-01
6.000000000000000000e+00 4.597349012139584357e-01 3.982395957050496871e-01 3.492847751140325530e-01 3.687736909903855942e-01 1.661336383609697820e-01 2.368058028904722612e-01 9.557770465273937588e-02 2.413846440860641374e-01
7.000000000000000000e+00 3.354836542409198596e-01 3.250763544918341408e-01 2.391101613243109825e-01 1.888253942119060835e-01 8.887181386309980780e-02 4.081325307616470721e-02 6.410284126689530515e-02 -2.905872812841639452e-02
8.000000000000000000e+00 1.356413845229515747e-01 2.795661069778452856e-01 2.853460038544632094e-02 2.754346452426215675e-01 -2.346034597318591430e-02 9.235330359427935953e-02 4.509579158614784866e-02 3.155121046636973903e-01
9.000000000000000000e+00 -5.132143478874169606e-02 -1.632669330665386109e-01 -3.156389782567444735e-01 -5.316533973678997521e-02 -1.085962086013719935e-01 -1.744762107502683540e-02 -1.363275795931810919e-01 5.624422576757064085e-02
1.000000000000000000e+01 -3.423827482342853834e-01 -3.659578120614287444e-01 -1.835001277608278025e-01 -3.474775672106608093e-01 -3.385452191880792272e-01 -5.443546883719455054e-02 -2.870267637754427281e-01 -1.164803461102040250e-01
1.100000000000000000e+01 -3.468329177209205083e-01 -3.091909524515134011e-01 -1.343091835434018395e-02 -3.104341289825803818e-01 -1.931261953407507614e-01 -1.499593224214859077e-01 -3.948129977096861420e-01 -2.514118548320337654e-01
1.200000000000000000e+01 -1.768962691488328298e-01 -2.074373684928119688e-01 2.335905028393758243e-01 -2.730541466494146863e-01 -3.202125918590726511e-02 -2.223916536972012636e-01 -1.680929900156121204e-01 -4.509674827316465517e-01
1.300000000000000000e+01 3.895719958332907740e-02 8.674760862879622725e-02 3.589887086054833754e-01 4.229620277049567223e-03 5.389630586722891914e-02 -4.141292349777520032e-02 -4.560426793143355639e-01 1.646871603612188872e-01
1.400000000000000000e+01 2.858084021057920032e-01 1.090175237475926318e-01 3.621702472926138228e-01 2.227404695900060960e-01 3.287975237203735746e-01 -3.533853722469899872e-02 -5.774044174751644803e-02 6.558858065091990874e-02
1.500000000000000000e+01 2.946338051556279258e-01 2.289054818003571912e-01 6.275653163025302073e-01 3.400586590491991301e-01 3.240243508358579549e-01 5.334968787626928610e-02 1.495154090798400115e-01 -2.215939749212958165e-01
