# time shift (tau) 	 correlation coefficient 	 number of simulations: 10000	 FR: True	 RSS: True
-1.000000000000000000e+01 2.400000000000000000e+01
-9.000000000000000000e+00 6.000000000000000000e+00
-8.000000000000000000e+00 1.000000000000000000e+00
-7.000000000000000000e+00 1.000000000000000000e+00
-6.000000000000000000e+00 2.000000000000000000e+00
-5.000000000000000000e+00 8.000000000000000000e+00
-4.000000000000000000e+00 1.000000000000000000e+01
-3.000000000000000000e+00 2.200000000000000000e+01
-2.000000000000000000e+00 2.500000000000000000e+01
-1.000000000000000000e+00 3.100000000000000000e+01
0.000000000000000000e+00 5.800000000000000000e+01
1.000000000000000000e+00 8.400000000000000000e+01
2.000000000000000000e+00 2.680000000000000000e+02
3.000000000000000000e+00 2.307000000000000000e+03
4.000000000000000000e+00 3.920000000000000000e+03
5.000000000000000000e+00 2.748000000000000000e+03
6.000000000000000000e+00 3.380000000000000000e+02
7.000000000000000000e+00 5.600000000000000000e+01
8.000000000000000000e+00 3.800000000000000000e+01
9.000000000000000000e+00 1.400000000000000000e+01
1.000000000000000000e+01 7.000000000000000000e+00
1.100000000000000000e+01 1.200000000000000000e+01
1.200000000000000000e+01 1.500000000000000000e+01
1.300000000000000000e+01 5.000000000000000000e+00
1.400000000000000000e+01 0.000000000000000000e+00
1.500000000000000000e+01 0.000000000000000000e+00
