# time shift (tau) 	 correlation coefficient 	 number of simulations: 10000	 FR: True	 RSS: True
-1.000000000000000000e+01 7.110000000000000000e+02
-9.000000000000000000e+00 7.000000000000000000e+01
-8.000000000000000000e+00 2.000000000000000000e+00
-7.000000000000000000e+00 1.000000000000000000e+01
-6.000000000000000000e+00 8.000000000000000000e+00
-5.000000000000000000e+00 3.000000000000000000e+00
-4.000000000000000000e+00 1.000000000000000000e+00
-3.000000000000000000e+00 0.000000000000000000e+00
-2.000000000000000000e+00 0.000000000000000000e+00
-1.000000000000000000e+00 0.000000000000000000e+00
0.000000000000000000e+00 0.000000000000000000e+00
1.000000000000000000e+00 8.100000000000000000e+01
2.000000000000000000e+00 1.510000000000000000e+02
3.000000000000000000e+00 8.910000000000000000e+02
4.000000000000000000e+00 8.670000000000000000e+02
5.000000000000000000e+00 1.566000000000000000e+03
6.000000000000000000e+00 1.658000000000000000e+03
7.000000000000000000e+00 1.129000000000000000e+03
8.000000000000000000e+00 6.440000000000000000e+02
9.000000000000000000e+00 5.880000000000000000e+02
1.000000000000000000e+01 1.920000000000000000e+02
1.100000000000000000e+01 9.760000000000000000e+02
1.200000000000000000e+01 3.130000000000000000e+02
1.300000000000000000e+01 1.180000000000000000e+02
1.400000000000000000e+01 1.300000000000000000e+01
1.500000000000000000e+01 8.000000000000000000e+00
