# time shift (tau) 	 correlation coefficient 	 number of simulations: 10000	 FR: True	 RSS: True
-1.000000000000000000e+01 3.750000000000000000e+02
-9.000000000000000000e+00 8.320000000000000000e+02
-8.000000000000000000e+00 2.030000000000000000e+02
-7.000000000000000000e+00 1.800000000000000000e+01
-6.000000000000000000e+00 1.600000000000000000e+01
-5.000000000000000000e+00 5.600000000000000000e+01
-4.000000000000000000e+00 3.200000000000000000e+01
-3.000000000000000000e+00 2.000000000000000000e+00
-2.000000000000000000e+00 3.000000000000000000e+00
-1.000000000000000000e+00 1.000000000000000000e+00
0.000000000000000000e+00 1.500000000000000000e+01
1.000000000000000000e+00 1.600000000000000000e+01
2.000000000000000000e+00 7.600000000000000000e+01
3.000000000000000000e+00 5.580000000000000000e+02
4.000000000000000000e+00 2.187000000000000000e+03
5.000000000000000000e+00 2.471000000000000000e+03
6.000000000000000000e+00 4.600000000000000000e+02
7.000000000000000000e+00 4.840000000000000000e+02
8.000000000000000000e+00 1.543000000000000000e+03
9.000000000000000000e+00 1.220000000000000000e+02
1.000000000000000000e+01 1.000000000000000000e+02
1.100000000000000000e+01 2.300000000000000000e+02
1.200000000000000000e+01 9.400000000000000000e+01
1.300000000000000000e+01 9.600000000000000000e+01
1.400000000000000000e+01 4.000000000000000000e+00
1.500000000000000000e+01 6.000000000000000000e+00
