# velocity space (km/s) 	 normalized flux
-1.977755701442540521e+04 2.571281488661524006e-02
-1.917613337131988374e+04 -2.694333637448851834e-02
-1.857470972821436226e+04 -5.034187547016886338e-02
-1.797328608510884078e+04 -2.026549232731903599e-02
-1.737186244200331566e+04 2.414960987823207630e-02
-1.677043879889779782e+04 -1.335554428375936541e-02
-1.616901515579227453e+04 -2.962212257365014374e-03
-1.556759151268675123e+04 1.631775654112450555e-02
-1.496616786958123157e+04 1.307238169507137556e-03
-1.436474422647570827e+04 -6.149033715995522870e-02
-1.376332058337018680e+04 -2.857764250506037232e-02
-1.316189694026466532e+04 -3.266855671453510607e-02
-1.256047329715914384e+04 8.271101920533162344e-02
-1.195904965405362236e+04 -3.917728134397795159e-02
-1.135762601094809906e+04 -1.409162096745815093e-02
-1.075620236784257759e+04 5.633005584993736568e-03
-1.015477872473705611e+04 4.457486598523460047e-02
-9.553355081631532812e+03 1.013812244957250919e-01
-8.951931438526011334e+03 6.048978081135934076e-02
-8.350507795420489856e+03 6.766547634699988933e-02
-7.749084152314968378e+03 1.208443820892614873e-01
-7.147660509209446900e+03 9.478656089798873086e-02
-6.546236866103925422e+03 1.412949977634772591e-01
-5.944813222998403035e+03 3.269651452238551692e-01
-5.343389579892881557e+03 4.297807055751137195e-01
-4.741965936787359169e+03 4.130648837662536654e-01
-4.140542293681837691e+03 3.819217542778077235e-01
-3.539118650576316213e+03 4.943179184343483579e-01
-2.937695007470793826e+03 4.654466782162820504e-01
-2.336271364365272348e+03 4.794111132061754099e-01
-1.734847721259750642e+03 7.823629922869770326e-01
-1.133424078154228710e+03 9.294417120879032712e-01
-5.320004350487068905e+02 7.911093905830129946e-01
6.942320805681495699e+01 4.571174906608819755e-01
6.708468511623367476e+02 1.000000000000000000e+00
1.272270494267858567e+03 7.838402250482052747e-01
1.873694137373380499e+03 8.172425334865661695e-01
2.475117780478902205e+03 7.820130240535271282e-01
3.076541423584423683e+03 6.446176387207055436e-01
3.677965066689946070e+03 5.164454169653022175e-01
4.279388709795467548e+03 3.856979809679312310e-01
4.880812352900989026e+03 2.254250105117425740e-01
5.482235996006510504e+03 1.595941666847834894e-01
6.083659639112032892e+03 7.103616840195646487e-02
6.685083282217555279e+03 7.557613824058467822e-02
7.286506925323076757e+03 -3.028541133717066111e-02
7.887930568428599145e+03 7.490672788927486836e-02
8.489354211534120623e+03 1.097739546623910101e-01
9.090777854639642101e+03 -9.328107783998505764e-02
9.692201497745163579e+03 8.876244336023864090e-02
1.029362514085068506e+04 1.158876641118795486e-01
1.089504878395620835e+04 1.624079730652064624e-01
1.149647242706172801e+04 2.320782992187326865e-01
1.209789607016725131e+04 2.172575550377486009e-01
1.269931971327277461e+04 2.063542249191809286e-01
1.330074335637829427e+04 1.618122363328140800e-01
1.390216699948381756e+04 2.224810769040519165e-01
1.450359064258933722e+04 2.544863023231594967e-01
1.510501428569486052e+04 2.433509542274095161e-01
1.570643792880038200e+04 2.238424465780135542e-01
1.630786157190590347e+04 2.080848693791975124e-01
1.690928521501142677e+04 2.985064804166826513e-01
1.751070885811694825e+04 3.943726248796125544e-01
1.811213250122246973e+04 2.482091358266196035e-01
1.871355614432799121e+04 1.287019301288505058e-01
1.931497978743351268e+04 1.107363475287462956e-01
1.991640343053903416e+04 1.684641004039644785e-01
