# velocity space (km/s) 	 normalized flux
-1.978809367714788823e+04 -2.773168028605573106e-03
-1.914896583468273093e+04 -6.761400247578668379e-03
-1.851102912851099245e+04 -6.058363679903183870e-03
-1.787428458699992188e+04 -3.560629935764348872e-03
-1.723873319987023206e+04 -2.081365161413907799e-03
-1.660437591853906633e+04 8.645260179800961543e-04
-1.597121365646122103e+04 1.216839143433873661e-03
-1.533924728946886717e+04 3.380872311706279755e-03
-1.470847765610950228e+04 3.286141045114000011e-03
-1.407890555798218884e+04 6.863082641093762662e-03
-1.345053176007213733e+04 2.591705874746556490e-02
-1.282335699108366862e+04 6.099764967122829618e-02
-1.219738194377141554e+04 6.536217886846920622e-02
-1.157260727526973096e+04 3.295989993911283694e-02
-1.094903360742054974e+04 1.883665539684105730e-02
-1.032666152709948983e+04 2.104976572751153865e-02
-9.705491586540110802e+03 2.526584796687245810e-02
-9.085524303656529810e+03 2.891055627210143905e-02
-8.466760162364540520e+03 3.290482994468609673e-02
-7.849199612900430111e+03 4.678161918633585298e-02
-7.232843072138767639e+03 5.555427129497739203e-02
-6.617690923907881370e+03 5.585524608004819452e-02
-6.003743519303835456e+03 1.236902902956787259e-01
-5.391001177002722216e+03 1.684050282192160741e-01
-4.779464183571109970e+03 2.289198012916671410e-01
-4.169132793774687343e+03 3.031418354511395408e-01
-3.560007230885304580e+03 3.764974267716755252e-01
-2.952087686986199060e+03 4.077474950494297534e-01
-2.345374323275392271e+03 4.004342302692832090e-01
-1.739867270367398987e+03 5.706546246876496031e-01
-1.135566628593230689e+03 7.573417460026061754e-01
-5.324724682985932986e+02 8.215485334498445757e-01
6.941516985976990384e+01 8.366880362590158882e-01
6.700962746193133626e+02 1.000000000000000000e+00
1.269570863818772295e+03 8.097605597445052261e-01
1.867838984107062515e+03 5.604350049679521772e-01
2.464900710653909755e+03 4.209766702032560759e-01
3.060756146862004243e+03 3.163169132478373946e-01
3.655405424081437559e+03 2.285419221457205552e-01
4.248848701325256116e+03 1.701485408545853339e-01
4.841086164987294978e+03 1.298035928621969759e-01
5.432118028561531901e+03 1.021688368109836959e-01
6.021944532363168037e+03 7.531198851582515674e-02
6.610565943251523095e+03 5.701232705103000814e-02
7.197982554354763124e+03 4.643109898306603534e-02
7.784194684796201727e+03 3.962333053578290937e-02
8.369202679422447545e+03 3.322767522134488505e-02
8.953006908533334354e+03 1.053042072137086102e-02
9.535607767613588294e+03 3.938927726393718493e-02
1.011700567706598849e+04 4.242325254824535347e-02
1.069720108194679233e+04 3.711981874491060429e-02
1.127619445170225299e+04 4.273704709895929932e-02
1.185398627990741625e+04 4.001187768809368051e-02
1.243057708400636875e+04 4.200059280163435244e-02
1.300596740505422531e+04 4.622066194503247905e-02
1.358015780746088058e+04 5.051012573472599826e-02
1.415314887873656699e+04 5.232951583290120640e-02
1.472494122923894429e+04 4.970227940818668783e-02
1.529553549192208629e+04 5.793147138972794263e-02
1.586493232208703012e+04 6.449923265456133925e-02
1.643313239713410076e+04 9.268963810227374978e-02
1.700013641631698556e+04 1.341271911952471307e-01
1.756594510049836390e+04 9.556022655972981616e-02
1.813055919190741042e+04 7.065520476411503437e-02
1.869397945389879169e+04 5.231845648803328669e-02
1.925620667071353819e+04 4.495569342464560136e-02
1.981724164724144794e+04 3.520483233431711406e-02
