# velocity space (km/s) 	 normalized flux
-1.988304528731140090e+04 5.084401480061511922e-03
-1.974121238013972470e+04 2.299071314422046312e-03
-1.959937947296804850e+04 -9.331603681468238556e-03
-1.945754656579637231e+04 -5.062921510116564182e-03
-1.931571365862469611e+04 2.033851052886151336e-03
-1.917388075145301991e+04 -8.821887946902742025e-04
-1.903204784428134371e+04 1.189860404387648590e-02
-1.889021493710966752e+04 7.134520138423163654e-03
-1.874838202993799132e+04 2.797854127705229864e-03
-1.860654912276631512e+04 2.152022852265711959e-03
-1.846471621559463892e+04 -3.151478601292484211e-04
-1.832288330842296273e+04 1.423514810272948940e-02
-1.818105040125128653e+04 4.097015860649112773e-02
-1.803921749407961033e+04 4.381583316070693235e-02
-1.789738458690793414e+04 3.209982081484809985e-02
-1.775555167973625794e+04 1.943456509955998959e-02
-1.761371877256458174e+04 1.164321453686617200e-02
-1.747188586539290554e+04 1.419990872524825101e-02
-1.733005295822122935e+04 1.142579692724353044e-02
-1.718822005104955315e+04 5.335861462218703319e-03
-1.704638714387787695e+04 -1.252818803625503109e-02
-1.690455423670620075e+04 -1.269695451468393424e-02
-1.676272132953452456e+04 -7.408039687388534057e-03
-1.662088842236284836e+04 -2.165631613395900545e-02
-1.647905551519117216e+04 -9.056205495006708697e-03
-1.633722260801949415e+04 1.195106947600051497e-02
-1.619538970084781795e+04 9.323727558736328441e-03
-1.605355679367614175e+04 8.594963821298862855e-03
-1.591172388650446555e+04 1.322639539096302254e-02
-1.576989097933278936e+04 2.241932068794522028e-03
-1.562805807216111316e+04 -5.405777742224787338e-03
-1.548622516498943696e+04 -1.735532100200579131e-02
-1.534439225781776076e+04 -2.130150840002718524e-02
-1.520255935064608457e+04 4.616395303958755435e-03
-1.506072644347440837e+04 1.945055898337820846e-02
-1.491889353630273217e+04 -7.731089814601217226e-03
-1.477706062913105598e+04 -5.634203658125683245e-03
-1.463522772195937978e+04 -3.279547678715237068e-03
-1.449339481478770176e+04 -1.258642862448702132e-02
-1.435156190761602556e+04 -6.451202695582945040e-03
-1.420972900044434937e+04 1.961937139230166341e-02
-1.406789609327267317e+04 1.177457684056571613e-02
-1.392606318610099697e+04 -4.140692623664533716e-03
-1.378423027892932078e+04 7.371427239671034595e-03
-1.364239737175764458e+04 1.977236051159891872e-02
-1.350056446458596838e+04 2.873835250811740752e-02
-1.335873155741429400e+04 2.646878172656885742e-02
-1.321689865024261780e+04 1.340065378782678493e-02
-1.307506574307094161e+04 3.111960699250671675e-04
-1.293323283589926541e+04 7.665830188125168001e-04
-1.279139992872758921e+04 3.504204363810486424e-03
-1.264956702155591302e+04 5.851456566431034560e-03
-1.250773411438423682e+04 5.162419834008439255e-03
-1.236590120721256062e+04 -1.569214348056375370e-03
-1.222406830004088442e+04 -6.195635600566134701e-03
-1.208223539286920823e+04 -7.519813834439848139e-03
-1.194040248569753203e+04 1.045026697844677818e-02
-1.179856957852585583e+04 2.675415322895658213e-02
-1.165673667135417963e+04 1.520957045742654667e-02
-1.151490376418250344e+04 -3.190098786283817288e-03
-1.137307085701082724e+04 -6.350395969777691309e-03
-1.123123794983915104e+04 -1.943251493202435278e-03
-1.108940504266747485e+04 1.715130892918982630e-02
-1.094757213549579683e+04 2.435999500187754213e-02
-1.080573922832412063e+04 1.610347759119650640e-02
-1.066390632115244443e+04 1.115870427302286839e-02
-1.052207341398076824e+04 2.786010406742466319e-02
-1.038024050680909204e+04 3.032697648854379424e-02
-1.023840759963741584e+04 1.094889476578275733e-02
-1.009657469246573964e+04 2.400345335714244854e-02
-9.954741785294063448e+03 2.732324054278041647e-02
-9.812908878122387250e+03 3.300106187004268974e-03
-9.671075970950711053e+03 4.155991105467254226e-04
-9.529243063779034856e+03 2.474190934215144203e-02
-9.387410156607358658e+03 1.581975701251189109e-02
-9.245577249435682461e+03 1.994833355348081191e-02
-9.103744342264006264e+03 1.600799704133961179e-02
-8.961911435092330066e+03 -4.251175235428094820e-03
-8.820078527920653869e+03 3.442394323531233584e-03
-8.678245620748977672e+03 1.554320659270079508e-02
-8.536412713577301474e+03 3.728159121899014827e-02
-8.394579806405625277e+03 3.973098406015588419e-02
-8.252746899233947261e+03 3.538623722718623604e-02
-8.110913992062271973e+03 3.891551686048002473e-02
-7.969081084890595776e+03 4.557881533555759729e-02
-7.827248177718919578e+03 3.903241842771890818e-02
-7.685415270547243381e+03 2.166717972707265724e-02
-7.543582363375566274e+03 1.961589147083201909e-02
-7.401749456203890077e+03 5.226276804722040925e-02
-7.259916549032213879e+03 6.298950043779420749e-02
-7.118083641860537682e+03 5.102021436034900187e-02
-6.976250734688862394e+03 3.894800527271566337e-02
-6.834417827517186197e+03 4.887463532516254233e-02
-6.692584920345510000e+03 6.205880420867713326e-02
-6.550752013173833802e+03 4.642981636481485069e-02
-6.408919106002157605e+03 4.367053645107359106e-02
-6.267086198830481408e+03 5.426242507579396440e-02
-6.125253291658805210e+03 6.083191273542114946e-02
-5.983420384487129013e+03 4.505834632053166977e-02
-5.841587477315451906e+03 3.938528796929967324e-02
-5.699754570143775709e+03 4.012816040441797433e-02
-5.557921662972099512e+03 3.425532778448611010e-02
-5.416088755800423314e+03 4.256176781666947545e-02
-5.274255848628747117e+03 4.571434847080482061e-02
-5.132422941457070920e+03 5.727957184209644254e-02
-4.990590034285394722e+03 5.589470021721897053e-02
-4.848757127113718525e+03 6.754455586307381298e-02
-4.706924219942042328e+03 6.079386093303587590e-02
-4.565091312770366130e+03 5.447234930605729386e-02
-4.423258405598689023e+03 6.974965284613247885e-02
-4.281425498427012826e+03 8.321594127173327637e-02
-4.139592591255336629e+03 8.612278235489205513e-02
-3.997759684083660431e+03 9.260619534183665846e-02
-3.855926776911984689e+03 9.102644686489104464e-02
-3.714093869740308492e+03 9.209339194264028194e-02
-3.572260962568632294e+03 7.534645473404720517e-02
-3.430428055396956097e+03 7.254944834151622057e-02
-3.288595148225279445e+03 7.920684166437719220e-02
-3.146762241053603248e+03 6.743584078042250129e-02
-3.004929333881927050e+03 8.084366632099680705e-02
-2.863096426710250853e+03 9.783734540078940778e-02
-2.721263519538574656e+03 9.689207337728443503e-02
-2.579430612366898004e+03 9.056645544547006765e-02
-2.437597705195221806e+03 9.116270070030839390e-02
-2.295764798023546064e+03 9.861233662321808313e-02
-2.153931890851869412e+03 8.269102067137994172e-02
-2.012098983680193442e+03 8.347534506198682480e-02
-1.870266076508517017e+03 1.154936855012289182e-01
-1.728433169336840820e+03 1.884089015567617098e-01
-1.586600262165164395e+03 2.674129435398151511e-01
-1.444767354993488198e+03 2.924252901017821982e-01
-1.302934447821812228e+03 3.268667186344871856e-01
-1.161101540650135803e+03 3.636844117198271831e-01
-1.019268633478459606e+03 4.164626817272392145e-01
-8.774357263067832946e+02 4.571068855023080468e-01
-7.356028191351069836e+02 4.967723662749879421e-01
-5.937699119634307863e+02 5.546988232966941768e-01
-4.519370047917544753e+02 6.117988751685385918e-01
-3.101040976200782779e+02 6.361981994065755153e-01
-1.682711904484020238e+02 7.012131601055355823e-01
-2.643828327672575185e+01 7.736033007289488950e-01
1.153946238949504988e+02 9.109384634813122439e-01
2.572275310666267387e+02 9.840814951038048264e-01
3.990604382383029929e+02 1.000000000000000000e+00
5.408933454099792471e+02 9.430471458222811076e-01
6.827262525816554444e+02 8.707083572377585234e-01
8.245591597533317554e+02 8.253647313467776803e-01
9.663920669250080664e+02 8.206646376214935534e-01
1.108224974096684264e+03 8.445329827222816110e-01
1.250057881268360461e+03 9.217640385306804518e-01
1.391890788440036886e+03 9.241373663255958437e-01
1.533723695611713083e+03 9.038815670269261249e-01
1.675556602783389280e+03 8.539277644613009199e-01
1.817389509955065705e+03 7.992077909356745113e-01
1.959222417126741675e+03 7.392617183368096478e-01
2.101055324298417872e+03 6.519520027397656126e-01
2.242888231470094070e+03 5.718029926648821037e-01
2.384721138641770722e+03 4.869830777588872728e-01
2.526554045813446919e+03 3.901272457933707694e-01
2.668386952985122662e+03 3.214618463575422136e-01
2.810219860156799314e+03 2.793443527500522050e-01
2.952052767328475511e+03 2.570349961170479425e-01
3.093885674500151708e+03 2.670798896756889640e-01
3.235718581671827906e+03 1.750259909132493852e-01
3.377551488843504103e+03 1.182352774877636070e-01
3.519384396015180755e+03 1.302561439573020619e-01
3.661217303186856952e+03 9.276254362206137749e-02
3.803050210358533150e+03 7.405872603583868452e-02
3.944883117530209347e+03 8.580360297336564468e-02
4.086716024701885544e+03 8.436037403174839744e-02
4.228548931873561742e+03 7.037381265098677230e-02
4.370381839045237939e+03 8.099301838344215299e-02
4.512214746216914136e+03 9.264178110155059376e-02
4.654047653388590334e+03 8.614336784560741589e-02
4.795880560560266531e+03 7.343673684730199491e-02
4.937713467731942728e+03 5.149934241846470390e-02
5.079546374903618926e+03 5.075654498769154033e-02
5.221379282075296032e+03 5.918909542907282301e-02
5.363212189246972230e+03 5.149600038545546626e-02
5.505045096418647518e+03 4.314249607330985364e-02
5.646878003590323715e+03 4.418109527570095868e-02
5.788710910761999912e+03 3.899369248864040932e-02
5.930543817933676110e+03 2.630299692568630748e-02
6.072376725105352307e+03 2.225251005530062831e-02
6.214209632277029414e+03 2.234566547380861454e-02
6.356042539448705611e+03 1.793113214927804719e-02
6.497875446620381808e+03 3.446079551326169249e-02
6.639708353792058006e+03 5.068083202176140722e-02
6.781541260963734203e+03 3.922307490502831284e-02
6.923374168135410400e+03 1.844053166697293827e-02
7.065207075307086598e+03 5.371443902168606364e-03
7.207039982478762795e+03 1.718440958509071664e-02
7.348872889650438992e+03 1.685981164725800646e-02
7.490705796822115190e+03 1.987530802170323768e-02
7.632538703993792296e+03 3.211090980279303342e-02
7.774371611165468494e+03 2.449633600284757337e-02
7.916204518337144691e+03 1.235594842819142530e-02
8.058037425508820888e+03 2.582046628920677423e-03
8.199870332680497086e+03 5.033809487582827612e-03
8.341703239852173283e+03 9.806249247709328265e-03
8.483536147023849480e+03 3.165218192391177666e-03
8.625369054195525678e+03 1.589358555352432577e-03
8.767201961367201875e+03 2.424006797697077914e-03
8.909034868538878072e+03 7.413420637983053965e-03
9.050867775710554270e+03 2.007034086650040430e-03
9.192700682882230467e+03 -2.254969572735907035e-02
9.334533590053906664e+03 -1.344717818033825882e-02
9.476366497225582862e+03 9.648721804666858179e-03
9.618199404397259059e+03 7.342857861359508402e-03
9.760032311568935256e+03 -2.399291905797293952e-03
9.901865218740611454e+03 -1.003451085789772330e-02
1.004369812591228765e+04 -1.062391727904251661e-02
1.018553103308396385e+04 -5.089288250885141626e-03
1.032736394025564186e+04 3.762920571625550173e-03
1.046919684742731806e+04 -5.840091605634843870e-03
1.061102975459899426e+04 4.929747542439315636e-03
1.075286266177067046e+04 1.609587605862316043e-02
1.089469556894234665e+04 -1.135476164908534808e-03
1.103652847611402285e+04 -8.917352061544064901e-03
1.117836138328569905e+04 4.783071606843270797e-03
1.132019429045737525e+04 8.948411812516557373e-03
1.146202719762905144e+04 1.245795278785240441e-02
1.160386010480072764e+04 5.741282240795272940e-03
1.174569301197240384e+04 -3.920750543281145521e-03
1.188752591914407822e+04 -1.335228058926470063e-02
1.202935882631575441e+04 -1.379725573989820132e-02
1.217119173348743061e+04 -4.926835750624418593e-03
1.231302464065910681e+04 1.771279515106837996e-02
1.245485754783078301e+04 1.666242143158658262e-02
1.259669045500245920e+04 7.647972098477279559e-03
1.273852336217413540e+04 -7.421778574789116012e-03
1.288035626934581160e+04 5.963553654670967520e-03
1.302218917651748779e+04 1.424352915219079946e-02
1.316402208368916581e+04 -1.339698456250293683e-03
1.330585499086084201e+04 5.158753614286931298e-04
1.344768789803251821e+04 2.512305375225838949e-03
1.358952080520419440e+04 1.615601839479762760e-03
1.373135371237587060e+04 6.088451634239866288e-03
1.387318661954754680e+04 2.260375580161059356e-02
1.401501952671922299e+04 1.333573075858281512e-02
1.415685243389089919e+04 5.549886098040630704e-03
1.429868534106257539e+04 5.096668545305375018e-03
1.444051824823425159e+04 5.403211683987697205e-04
1.458235115540592778e+04 -3.369465061356911612e-03
1.472418406257760398e+04 4.167180857267477855e-03
1.486601696974928018e+04 -1.743808954297571207e-03
1.500784987692095638e+04 -7.553916863335042274e-03
1.514968278409263257e+04 -1.651509159397572405e-03
1.529151569126430877e+04 -1.138465298932597215e-02
1.543334859843598497e+04 -1.430774892660677255e-02
1.557518150560766117e+04 -1.125401591221487918e-02
1.571701441277933736e+04 -8.064196875143020589e-04
1.585884731995101356e+04 1.759414319395629159e-02
1.600068022712269158e+04 1.726235017271841171e-02
1.614251313429436777e+04 1.267403829659908589e-02
1.628434604146604397e+04 1.280672229036081480e-02
1.642617894863772017e+04 -5.174429905323521366e-03
1.656801185580939637e+04 -4.241379357965780264e-03
1.670984476298107256e+04 3.433483041693106974e-02
1.685167767015274876e+04 2.414455577040037354e-02
1.699351057732442496e+04 -8.877339897589956938e-03
1.713534348449610115e+04 -3.288017600948134334e-02
1.727717639166777735e+04 -2.463842870582154052e-02
1.741900929883945355e+04 -7.277826338357393796e-04
1.756084220601112975e+04 -2.584455318321304904e-03
1.770267511318280594e+04 -6.653556893104323709e-03
1.784450802035448214e+04 -8.092372427126409348e-03
1.798634092752615834e+04 -3.198828895164524885e-03
1.812817383469783454e+04 -1.826912878263788715e-03
1.827000674186951073e+04 1.075382817184023084e-03
1.841183964904118693e+04 1.342086369498959875e-02
1.855367255621286313e+04 9.854984871428535895e-03
1.869550546338453933e+04 -6.152311668679403232e-03
1.883733837055621552e+04 -1.705212921166183657e-02
1.897917127772789172e+04 -2.140412905898030765e-02
1.912100418489956792e+04 -6.699014284340119689e-03
1.926283709207124411e+04 -3.094900013856790970e-03
1.940466999924292031e+04 -1.961832841151273446e-02
1.954650290641459651e+04 -1.572060384259872309e-02
1.968833581358627271e+04 -1.983260367373487678e-03
1.983016872075794890e+04 6.352355827484759167e-03
1.997200162792962510e+04 -6.353162921297417567e-03
