# velocity space (km/s) 	 normalized flux
-1.993659466083934240e+04 -1.718798644717123118e-03
-1.978569761595863747e+04 1.351884752251665447e-04
-1.963486675732400181e+04 3.465933557571392737e-03
-1.948410209912860955e+04 4.120077204388915282e-03
-1.933340365544431188e+04 3.326339389411150666e-03
-1.918277144022174252e+04 2.569497853647481709e-03
-1.903220546729059788e+04 3.819856711045475917e-03
-1.888170575035998991e+04 4.595717575683256305e-03
-1.873127230301859890e+04 4.137210309587594816e-03
-1.858090513873487362e+04 3.270357015851530370e-03
-1.843060427085749325e+04 2.315336648709111038e-03
-1.828036971261541476e+04 1.606552927862213735e-03
-1.813020147711814207e+04 1.907579054408617110e-03
-1.798009957735614444e+04 2.670397023866524777e-03
-1.783006402620090739e+04 4.072054542393252138e-03
-1.768009483640531471e+04 3.551280576543135691e-03
-1.753019202060380485e+04 1.811629878902040920e-03
-1.738035559131268747e+04 1.000628149308663457e-03
-1.723058556093039442e+04 -7.428030776843675071e-04
-1.708088194173762531e+04 -2.961878143190629312e-03
-1.693124474589782403e+04 -9.244135713425954276e-04
-1.678167398545708784e+04 3.438978296742489175e-04
-1.663216967234476033e+04 -4.899999719715510105e-05
-1.648273181837344237e+04 1.397651115828254511e-03
-1.633336043523934313e+04 2.936545843912222262e-03
-1.618405553452253116e+04 3.636761085002427046e-03
-1.603481712768710531e+04 3.459786428400501556e-03
-1.588564522608151674e+04 3.885656424317098304e-03
-1.573653984093881263e+04 5.878159664481932140e-03
-1.558750098337680902e+04 6.118971796307918001e-03
-1.543852866439841637e+04 5.624456138765991653e-03
-1.528962289489187424e+04 6.401259101230041132e-03
-1.514078368563092590e+04 5.846776896080935725e-03
-1.499201104727514030e+04 4.031189754045024463e-03
-1.484330499037016307e+04 3.623223246785772442e-03
-1.469466552534786024e+04 4.431185218553404352e-03
-1.454609266252666930e+04 6.167718060952027265e-03
-1.439758641211179747e+04 6.071313567844363601e-03
-1.424914678419550364e+04 5.875717496302080081e-03
-1.410077378875724389e+04 6.933455065292255803e-03
-1.395246743566404075e+04 7.426630549835126251e-03
-1.380422773467060688e+04 7.252008082029765684e-03
-1.365605469541967068e+04 7.594223716726787067e-03
-1.350794832744218547e+04 8.464964467690785574e-03
-1.335990864015761690e+04 8.972279104197554769e-03
-1.321193564287407753e+04 7.579529816913677109e-03
-1.306402934478869611e+04 7.714328071769921934e-03
-1.291618975498770487e+04 9.849893387207779918e-03
-1.276841688244689794e+04 1.038630047542681012e-02
-1.262071073603167133e+04 1.137650950178991163e-02
-1.247307132449729033e+04 1.372352877859839802e-02
-1.232549865648928608e+04 1.614644155813087234e-02
-1.217799274054352099e+04 1.812266618888967035e-02
-1.203055358508644531e+04 1.938700117834073200e-02
-1.188318119843547720e+04 1.652873461591652937e-02
-1.173587558879908102e+04 1.236789945475477021e-02
-1.158863676427710197e+04 1.120948308655693275e-02
-1.144146473286092987e+04 1.016152139303866907e-02
-1.129435950243379921e+04 8.875316532623470783e-03
-1.114732108077103294e+04 8.786496309237099012e-03
-1.100034947554016253e+04 9.149279004626706749e-03
-1.085344469430140271e+04 9.462574034492786737e-03
-1.070660674450756233e+04 1.127990972878895916e-02
-1.055983563350459008e+04 1.297720615739311224e-02
-1.041313136853160358e+04 1.334849284681517007e-02
-1.026649395672121318e+04 1.287685145322705824e-02
-1.011992340509977657e+04 1.266805470412893375e-02
-9.973419720587538905e+03 1.393699901159672384e-02
-9.826982909998976538e+03 1.689318324345020009e-02
-9.680612980042902564e+03 2.115976823421411579e-02
-9.534309937322886981e+03 2.580350103814347401e-02
-9.388073788337327642e+03 2.879906856589517158e-02
-9.241904539479677624e+03 3.096265830139253300e-02
-9.095802197038854501e+03 3.407754363942880338e-02
-8.949766767199267633e+03 3.548051594820174348e-02
-8.803798256041203786e+03 3.460309668416548801e-02
-8.657896669540927178e+03 3.137107669245894903e-02
-8.512062013571015996e+03 2.716900969763036758e-02
-8.366294293900578850e+03 2.346052817844736932e-02
-8.220593516195411212e+03 2.202428558386835405e-02
-8.074959686018306456e+03 2.141595690865906801e-02
-7.929392808829257774e+03 2.098016345065397206e-02
-7.783892889985713737e+03 2.018503808375330874e-02
-7.638459934742736550e+03 1.952155322683527677e-02
-7.493093948253324925e+03 2.058793358798434447e-02
-7.347794935568524124e+03 2.060824680244408708e-02
-7.202562901637857067e+03 1.950705148826974156e-02
-7.057397851309267025e+03 1.930414639658743076e-02
-6.912299789329636042e+03 1.963828480927131900e-02
-6.767268720344802205e+03 2.082791008860123902e-02
-6.622304648899889798e+03 2.281741078069959155e-02
-6.477407579439543042e+03 2.512043193019958959e-02
-6.332577516308063423e+03 2.785106962637084668e-02
-6.187814463749730749e+03 2.929282702254294712e-02
-6.043118425909021425e+03 3.006635335470493262e-02
-5.898489406830747612e+03 3.125709194632375620e-02
-5.753927410460381907e+03 3.253364508202568478e-02
-5.609432440644264716e+03 3.387867750710113479e-02
-5.465004501129734308e+03 3.633074035288584580e-02
-5.320643595565561554e+03 3.867463540256433491e-02
-5.176349727501880807e+03 4.137477175358870302e-02
-5.032122900390710129e+03 4.637584983199603134e-02
-4.887963117585957662e+03 5.113266092788218420e-02
-4.743870382343784513e+03 5.570665539559133128e-02
-4.599844697822694798e+03 6.152667655465874491e-02
-4.455886067083964917e+03 6.647514271678223174e-02
-4.311994493091581717e+03 7.010206685471621901e-02
-4.168169978712753618e+03 7.440027025514664438e-02
-4.024412526717924720e+03 7.926137681095078713e-02
-3.880722139781094484e+03 8.455080357298211391e-02
-3.737098820480052382e+03 8.993940619402895909e-02
-3.593542571296506139e+03 9.560755892855178628e-02
-3.450053394616392325e+03 1.030901500640358653e-01
-3.306631292730095083e+03 1.107777539797236560e-01
-3.163276267832583926e+03 1.178609407223561584e-01
-3.019988322023717046e+03 1.263478504242373235e-01
-2.876767457308459598e+03 1.346718453586263076e-01
-2.733613675597024667e+03 1.419299871004372215e-01
-2.590526978705172951e+03 1.523747572950962803e-01
-2.447507368354429673e+03 1.657214174412279528e-01
-2.304554846172199632e+03 1.814469757701003549e-01
-2.161669413692196031e+03 2.027349439144623122e-01
-2.018851072354368625e+03 2.314676652914338384e-01
-1.876099823505411905e+03 2.714121871323683655e-01
-1.733415668398771459e+03 3.181524668344379303e-01
-1.590798608194993676e+03 3.694966131783007368e-01
-1.448248643961810103e+03 4.241922885850454294e-01
-1.305765776674565814e+03 4.792059889922635207e-01
-1.163350007216145968e+03 5.339720701677813652e-01
-1.021001336377480015e+03 5.912048868914364652e-01
-8.787197648575498761e+02 6.543348803925206347e-01
-7.365052932637078129e+02 7.243599940389991998e-01
-5.943579221118930036e+02 7.967855263126011334e-01
-4.522776518267675101e+02 8.645738206013459104e-01
-3.102644827420095908e+02 9.219800686617126706e-01
-1.683184151005275453e+02 9.688828087911041109e-01
-2.643944905459571970e+01 9.998570877394848955e-01
1.153724153338534961e+02 1.000000000000000000e+00
2.571171780930168325e+02 9.718423651245865491e-01
3.987948393410844119e+02 9.223150532696030579e-01
5.404053992859495565e+02 8.696202483128653293e-01
6.819488582250218087e+02 8.266661902300032061e-01
8.234252165449897802e+02 7.969004694713545112e-01
9.648344747216855239e+02 7.743339702120428658e-01
1.106176633319770417e+03 7.456624981077178971e-01
1.247451692992628068e+03 7.059808581545499173e-01
1.388659654482073393e+03 6.522830859051395036e-01
1.529800518618171054e+03 5.939350926087288984e-01
1.670874286318996155e+03 5.401265660979138739e-01
1.811880958590503496e+03 4.898709629070196470e-01
1.952820536526215164e+03 4.427799731525721150e-01
2.093693021307136860e+03 3.994238209520989402e-01
2.234498414201372725e+03 3.574192385959346629e-01
2.375236716564067592e+03 3.170333910634452468e-01
2.515907929837200300e+03 2.773615789915505059e-01
2.656512055549220349e+03 2.401297586672731521e-01
2.797049095314994247e+03 2.078752438293192395e-01
2.937519050835597227e+03 1.847245523079270035e-01
3.077921923897954912e+03 1.594331360442770851e-01
3.218257716374811025e+03 1.255177491493492947e-01
3.358526430224397245e+03 1.034295756784717329e-01
3.498728067490324975e+03 8.983551299302697246e-02
3.638862630301307490e+03 7.786340591849426340e-02
3.778930120870947121e+03 6.811665791437880590e-02
3.918930541497615195e+03 5.976402285509702095e-02
4.058863894564161455e+03 4.994284363215623773e-02
4.198730182537740802e+03 4.484680855056297905e-02
4.338529407969580461e+03 4.477771234944388085e-02
4.478261573494853110e+03 4.294533961695105873e-02
4.617926681832370377e+03 4.023868586412194387e-02
4.757524735784506447e+03 3.795827207978822587e-02
4.897055738236816978e+03 3.747496017553586523e-02
5.036519692157989994e+03 3.702511062145220910e-02
5.175916600599637604e+03 3.589939715315576541e-02
5.315246466695948584e+03 3.551055830759679982e-02
5.454509293663633798e+03 3.457309570224906259e-02
5.593705084801724297e+03 3.205634717206539558e-02
5.732833843491222069e+03 2.840712341083225997e-02
5.871895573195040015e+03 2.514221052423104216e-02
6.010890277457818229e+03 2.486322314367077693e-02
6.149817959905555654e+03 2.365229261710204492e-02
6.288678624245590981e+03 2.104488341180713387e-02
6.427472274266283421e+03 2.145982372784916922e-02
6.566198913836904467e+03 2.285363092332409057e-02
6.704858546907365053e+03 2.402423142091566349e-02
6.843451177508025467e+03 2.445174864790991900e-02
6.981976809749579843e+03 2.492771613699612185e-02
7.120435447822675087e+03 2.554631284755857351e-02
7.258827095997971810e+03 2.626926442183819682e-02
7.397151758625685943e+03 2.641789144859344948e-02
7.535409440135580553e+03 2.546209837285523872e-02
7.673600145036671165e+03 2.421200369503891114e-02
7.811723877917031132e+03 2.225395299823582085e-02
7.949780643443667032e+03 1.844532206904398938e-02
8.087770446362223083e+03 1.439369424056428405e-02
8.225693291496914753e+03 1.070409546073913983e-02
8.363549183750144948e+03 7.674604456340597923e-03
8.501338128102472183e+03 5.428674005104924816e-03
8.639060129612409582e+03 4.169415168729139268e-03
8.776715193416082911e+03 2.579593710042455638e-03
8.914303324727201471e+03 1.565851797556130996e-03
9.051824528836748868e+03 1.520477424118929759e-03
9.189278811112886615e+03 1.849614329157007282e-03
9.326666177000683092e+03 2.248132204613810178e-03
9.463986632021920741e+03 2.409038903825611640e-03
9.601240181774979646e+03 2.954427389936271561e-03
9.738426831934566508e+03 3.475861131859322734e-03
9.875546588251550929e+03 1.546231398038512431e-03
1.001259945655274350e+04 3.207222592518924249e-04
1.014958544274078849e+04 8.763497315946121562e-04
1.028650455279384914e+04 1.114755292204219848e-03
1.042335679276557494e+04 7.997333425026616031e-04
1.056014216878470870e+04 2.018891844421706204e-04
1.069686068705505750e+04 -2.972277935881299489e-04
1.083351235385526888e+04 -5.898577268753216284e-06
1.097009717553860355e+04 1.395404001983174087e-03
1.110661515853275887e+04 9.141737039092696351e-04
1.124306630933965971e+04 -2.190438262984050616e-04
1.137945063453534385e+04 8.147138324873482395e-05
1.151576814076969458e+04 3.245052747584988278e-04
1.165201883476625881e+04 2.947944398667345315e-04
1.178820272332212153e+04 2.801000492318253001e-04
1.192431981330766030e+04 8.232505789231972298e-04
1.206037011166636148e+04 2.580326322690967671e-03
1.219635362541462928e+04 2.546239939592733533e-03
1.233227036164165838e+04 1.528941050286107767e-03
1.246812032750915023e+04 8.628970095153261919e-04
1.260390353025122749e+04 2.422869717250519767e-05
1.273961997717417398e+04 -1.018434072186330617e-03
1.287526967565627820e+04 -1.503139841599528690e-03
1.301085263314760596e+04 -9.951035585446410970e-04
1.314636885716991310e+04 2.215025598656689566e-04
1.328181835531633624e+04 1.498284378854745870e-03
1.341720113525132729e+04 1.734196042679654647e-03
1.355251720471038425e+04 1.330315906059387340e-03
1.368776657149989660e+04 -2.311913917526631896e-04
1.382294924349692701e+04 -8.560185348414782371e-04
1.395806522864911858e+04 6.324031685548382959e-04
1.409311453497442017e+04 3.693763547533540073e-04
1.422809717056091358e+04 -6.775306162918748190e-04
1.436301314356669900e+04 -9.151054970125793546e-04
1.449786246221964575e+04 -3.246031598636794457e-04
1.463264513481720496e+04 1.449830140488543963e-04
1.476736116972630043e+04 -4.924492255849410817e-04
1.490201057538307577e+04 -7.143760607489370957e-04
1.503659336029273436e+04 -5.126680019441431750e-04
1.517110953302933922e+04 -6.795576933002333165e-04
1.530555910223570754e+04 -4.925557588140865332e-04
1.543994207662311601e+04 2.013758755542502518e-04
1.557425846497123712e+04 8.350149574805582975e-04
1.570850827612788453e+04 5.426949506301396347e-04
1.584269151900883844e+04 -9.222582829056381708e-04
1.597680820259766733e+04 -1.262817362628503460e-03
1.611085833594560609e+04 5.602378394765116301e-04
1.624484192817128132e+04 4.012934617532407273e-03
1.637875898846066593e+04 2.749782801891881984e-03
1.651260952606670980e+04 -2.011543466756212804e-04
1.664639355030934166e+04 2.697192034478287578e-04
1.678011107057524350e+04 6.733273546252813288e-04
1.691376209631757592e+04 3.865798588944943854e-04
1.704734663705591083e+04 5.916960317388948861e-04
1.718086470237608228e+04 6.712381241102278453e-04
1.731431630192983721e+04 6.408185950248317369e-04
1.744770144543483548e+04 9.686744526839381753e-04
1.758102014267443519e+04 1.882950476624754843e-03
1.771427240349742351e+04 3.757661682428425215e-03
1.784745823781795843e+04 3.367822907384972631e-03
1.798057765561530687e+04 2.226525681988483080e-03
1.811363066693375004e+04 2.726919819208974052e-03
1.824661728188234702e+04 2.916926056659329813e-03
1.837953751063477830e+04 2.796746982158938941e-03
1.851239136342916026e+04 3.623839789098384952e-03
1.864517885056791420e+04 3.955598657160235357e-03
1.877789998241753710e+04 4.336538290790090816e-03
1.891055476940848166e+04 5.196606363860983326e-03
1.904314322203495976e+04 6.106731183616900122e-03
1.917566535085474243e+04 6.872681044036300056e-03
1.930812116648901792e+04 6.934690725087595299e-03
1.944051067962223897e+04 7.251116049349200232e-03
1.957283390100192264e+04 8.889423209477909441e-03
1.970509084143844666e+04 8.404213801592459732e-03
1.983728151180496934e+04 7.014114040584250483e-03
1.996940592303718950e+04 6.839573465729579735e-03
