# velocity space (km/s) 	 normalized flux
-1.999882323461231135e+04 2.037779311177444486e-01
-1.979509026736329906e+04 2.122879860167896648e-01
-1.959147792381537147e+04 2.095738610524477685e-01
-1.938798623885591951e+04 1.949223881339188225e-01
-1.918461524696927881e+04 1.972369863537425660e-01
-1.898136498223784292e+04 2.069448455107085472e-01
-1.877823547834325655e+04 2.071168360106139528e-01
-1.857522676856757607e+04 2.098987814376286620e-01
-1.837233888579421910e+04 2.199749733797363715e-01
-1.816957186250925588e+04 2.214692650659274842e-01
-1.796692573080255534e+04 2.193881085816036247e-01
-1.776440052236870542e+04 2.122361493375236607e-01
-1.756199626850833010e+04 2.039755967006519344e-01
-1.735971300012916981e+04 1.931569214912960408e-01
-1.715755074774714012e+04 1.793523705811679303e-01
-1.695550954148748497e+04 1.699215241634100260e-01
-1.675358941108584986e+04 1.648847618515426605e-01
-1.655179038588946423e+04 1.645681285419091922e-01
-1.635011249485826374e+04 1.635248445549338236e-01
-1.614855576656583435e+04 1.587898432879910615e-01
-1.594712022920071104e+04 1.668195551897506956e-01
-1.574580591056744015e+04 1.658429687225177473e-01
-1.554461283808752887e+04 1.561664090872813826e-01
-1.534354103880082585e+04 1.467248584328566252e-01
-1.514259053936632336e+04 1.418511642902317016e-01
-1.494176136606348882e+04 1.465712624953936505e-01
-1.474105354479320158e+04 1.388815367453279104e-01
-1.454046710107896979e+04 1.426740587513291858e-01
-1.434000206006794542e+04 1.457622733898107370e-01
-1.413965844653200293e+04 1.541279553050520224e-01
-1.393943628486892158e+04 1.650584515327035706e-01
-1.373933559910338408e+04 1.633760634481037921e-01
-1.353935641288806983e+04 1.631478870801841285e-01
-1.333949874950480807e+04 1.530022140273528397e-01
-1.313976263186558754e+04 1.365140757286388284e-01
-1.294014808251363866e+04 1.319265654240059926e-01
-1.274065512362456320e+04 1.371037839485713672e-01
-1.254128377700743113e+04 1.258018843099778794e-01
-1.234203406410571370e+04 1.024620145696763518e-01
-1.214290600599851678e+04 8.471874603451692853e-02
-1.194389962340154852e+04 9.339113949670047043e-02
-1.174501493666826900e+04 1.094315887755739625e-01
-1.154625196579086696e+04 1.221213927237670832e-01
-1.134761073040146221e+04 1.403343100335307514e-01
-1.114909124977296779e+04 1.475402743739080147e-01
-1.095069354282033055e+04 1.437134661561098314e-01
-1.075241762810154978e+04 1.301901254510321737e-01
-1.055426352381869037e+04 1.064660040640412336e-01
-1.035623124781894512e+04 8.803359705072151542e-02
-1.015832081759575885e+04 7.719227563754005317e-02
-9.960532250289805233e+03 7.110037677069760975e-02
-9.762865562690052684e+03 5.691608364893997740e-02
-9.565320771234868516e+03 5.056230763458168659e-02
-9.367897892013006640e+03 5.610468595985545343e-02
-9.170596940764653482e+03 5.549136902843573860e-02
-8.973417932882541209e+03 4.099339722777416151e-02
-8.776360883412893600e+03 3.202809671551364729e-02
-8.579425807056568374e+03 2.869660908922146494e-02
-8.382612718170015796e+03 2.196116406682121006e-02
-8.185921630766330964e+03 1.574980432585829093e-02
-7.989352558516340650e+03 1.449257116815132716e-02
-7.792905514749583745e+03 2.354638966359591523e-02
-7.596580512455332610e+03 1.207046693267387581e-02
-7.400377564283698121e+03 2.276618965869195606e-03
-7.204296682546588272e+03 4.985180712635668872e-03
-7.008337879218729540e+03 1.268388388045054707e-03
-6.812501165938769191e+03 -1.444707694325494170e-04
-6.616786554010199325e+03 3.850375682917659987e-03
-6.421194054402471920e+03 4.160500285398721285e-03
-6.225723677751950163e+03 -1.160367684254612645e-03
-6.030375434362924352e+03 1.564867698997236128e-03
-5.835149334208698747e+03 -1.924218088236162572e-04
-5.640045386932531983e+03 -2.483296521531106350e-03
-5.445063601848653889e+03 1.110850631357545052e-03
-5.250203987943342327e+03 1.027540614058172590e-02
-5.055466553875862701e+03 2.039928804288386813e-02
-4.860851307979474768e+03 3.586116367205201966e-02
-4.666358258262504933e+03 4.977259974462616698e-02
-4.471987412409258468e+03 5.709035062143349298e-02
-4.277738777781114550e+03 6.778055067197319428e-02
-4.083612361417453030e+03 8.035576763532127631e-02
-3.889608170036650790e+03 9.048482468984177240e-02
-3.695726210037150850e+03 1.048132798943255811e-01
-3.501966487498385504e+03 1.201710378354629433e-01
-3.308329008181764493e+03 1.318602150663525097e-01
-3.114813777531740925e+03 1.450072339443712055e-01
-2.921420800676722592e+03 1.653952098038284635e-01
-2.728150082430064685e+03 1.763927315267175000e-01
-2.535001627291098430e+03 1.869800425559471624e-01
-2.341975439446136988e+03 2.000628594167404850e-01
-2.149071522769315834e+03 2.110877014629851667e-01
-1.956289880823735530e+03 2.562955634568461760e-01
-1.763630516862324839e+03 3.112996006545324934e-01
-1.571093433828905518e+03 3.769804934739648949e-01
-1.378678634359075659e+03 4.542449235900053450e-01
-1.186386120781296995e+03 5.242376500798232586e-01
-9.942158951177003701e+02 5.892136247874217858e-01
-8.021679590851952071e+02 6.661013639462116664e-01
-6.102423140964132244e+02 7.395342720906925571e-01
-4.184389612606247510e+02 8.275294997539769382e-01
-2.267579013847011140e+02 9.173693727497757022e-01
-3.519913497414722769e+01 9.929961885373593811e-01
1.562373377660112510e+02 1.000000000000000000e+00
3.475515169302701679e+02 9.174300984635702649e-01
5.387434029116211605e+02 8.448995104700807168e-01
7.298129964006685668e+02 7.945721316522705857e-01
9.207602983846782081e+02 7.396018144833905739e-01
1.111585310146556139e+03 7.080755266840427220e-01
1.302288033263996795e+03 6.857628967038265078e-01
1.492868469608416490e+03 6.663016128788739056e-01
1.683326621344198657e+03 6.367399444831797206e-01
1.873662490927493764e+03 6.025465892934545042e-01
2.063876081105534922e+03 5.700434115200943008e-01
2.253967394915537170e+03 5.054459850093402373e-01
2.443936435683758646e+03 4.272794156250949160e-01
2.633783207024705462e+03 3.695686754896801429e-01
2.823507712840060321e+03 3.284993639785138142e-01
3.013109957317773478e+03 2.776939345139242676e-01
3.202589944931178707e+03 2.230022446176687101e-01
3.391947680438042426e+03 1.915684118468685138e-01
3.581183168879664208e+03 1.711551945064328506e-01
3.770296415579898166e+03 1.427521207117277702e-01
3.959287426144217989e+03 1.442427424813476078e-01
4.148156206458927954e+03 1.350113166796328423e-01
4.336902762690105192e+03 1.423076536094369793e-01
4.525527101282689728e+03 1.471191966490819070e-01
4.714029228959698230e+03 1.513989606339966598e-01
4.902409152721184000e+03 1.395972929600682866e-01
5.090666879843333845e+03 1.339668845559227883e-01
5.278802417877619519e+03 1.499478619048776051e-01
5.466815774649860032e+03 1.806255735017825992e-01
5.654706958259334897e+03 2.539606551629579601e-01
5.842475977077840071e+03 3.908722264798021317e-01
6.030122839748764818e+03 5.233084464326288598e-01
6.217647555186319551e+03 4.466794337241327684e-01
6.405050132574505369e+03 2.584448120656608339e-01
6.592330581366222759e+03 1.425618212238469740e-01
6.779488911282523986e+03 9.835878342754603154e-02
6.966525132311479865e+03 7.739992039350450381e-02
7.153439254707535838e+03 5.473525875732355300e-02
7.340231288990434223e+03 4.878703732973757590e-02
7.526901245944451148e+03 5.507902080945765999e-02
7.713449136617414297e+03 6.551092825935087016e-02
7.899874972319882545e+03 8.882947070083715979e-02
8.086178764624270116e+03 1.316676030040927203e-01
8.272360525363896159e+03 2.016763710674459031e-01
8.458420266632174389e+03 3.947106596491474217e-01
8.644358000781738156e+03 7.810495098444024675e-01
8.830173740423488198e+03 1.253451772902742123e+00
9.015867498425799567e+03 1.334471723948447819e+00
9.201439287913648513e+03 8.778673897582427443e-01
9.386889122267664789e+03 4.041662696320116321e-01
9.572217015123360397e+03 2.130172383362630983e-01
9.757422980370183723e+03 1.748712034701523643e-01
9.942507032150706436e+03 1.504743634278200015e-01
1.012746918485976676e+04 1.382684639212350686e-01
1.031230945314354358e+04 1.309603539101578118e-01
1.049702785189877613e+04 1.192624857252807397e-01
1.068162439627187268e+04 1.292248627666164884e-01
1.086609910165803194e+04 1.368168105908369458e-01
1.105045198370044818e+04 1.403716499138907003e-01
1.123468305828938355e+04 1.265007462520128523e-01
1.141879234156137863e+04 1.026816643638571031e-01
1.160277984989841025e+04 8.341622402634701894e-02
1.178664559992698196e+04 6.975291785930434751e-02
1.197038960851732736e+04 5.921794094090888916e-02
1.215401189278259699e+04 4.024357120129761628e-02
1.233751247007792517e+04 3.079003359198172543e-02
1.252089135799967153e+04 1.744827813360625562e-02
1.270414857438457693e+04 8.481158609076258972e-03
1.288728413730886314e+04 8.951644414368579300e-03
1.307029806508750153e+04 1.934172364495097361e-03
1.325319037627324178e+04 2.079847855304997085e-03
1.343596108965598796e+04 1.571512943977919005e-03
1.361861022426170894e+04 -4.063284900755604126e-03
1.380113779935186358e+04 -1.515474861896088949e-03
1.398354383442241306e+04 3.904812986977975928e-04
1.416582834920302048e+04 2.244335162113393536e-03
1.434799136365632512e+04 3.426624226160798065e-03
1.453003289797701655e+04 -2.718742969894538501e-03
1.471195297259104700e+04 5.079076920754734686e-04
1.489375160815483468e+04 1.728154353498651766e-03
1.507542882555443612e+04 1.568815023661556968e-03
1.525698464590477670e+04 7.231771158289922521e-03
1.543841909054875759e+04 1.013275380209757888e-02
1.561973218105646811e+04 9.808483077305200221e-03
1.580092393922447445e+04 1.315956269081106599e-02
1.598199438707490117e+04 1.494219178825658204e-02
1.616294354685463259e+04 1.669715362781772072e-02
1.634377144103462160e+04 2.939725737097113184e-02
1.652447809230898929e+04 4.361688170813612930e-02
1.670506352359420634e+04 5.836508703253133479e-02
1.688552775802839096e+04 8.623372949669819154e-02
1.706587081897045573e+04 8.839847521965416011e-02
1.724609272999933819e+04 1.031476997651695343e-01
1.742619351491319685e+04 1.072456967042672432e-01
1.760617319772856717e+04 1.200565470457020667e-01
1.778603180267972130e+04 1.214973446307101163e-01
1.796576935421773669e+04 1.373805834509083668e-01
1.814538587700975768e+04 1.483984193445191113e-01
1.832488139593824599e+04 1.553615668053943133e-01
1.850425593610015858e+04 1.693477043018114248e-01
1.868350952280623460e+04 1.664815215726620223e-01
1.886264218158010044e+04 1.723470646113009208e-01
1.904165393815762218e+04 1.580764181790800527e-01
1.922054481848603609e+04 1.433862612768720124e-01
1.939931484872323563e+04 1.481494925607032553e-01
1.957796405523698922e+04 1.444021066717313118e-01
1.975649246460413269e+04 1.397792197517265522e-01
1.993490010360985980e+04 1.447782386281040168e-01
