# velocity space (km/s) 	 normalized flux
-1.994861157551458018e+04 -8.354753407790171948e-02
-1.975713643602715092e+04 -1.187891005628069346e-01
-1.956566129653972166e+04 -2.048330190476433388e-01
-1.937418615705229604e+04 -1.779111589922941217e-01
-1.918271101756486678e+04 -1.641618879016779053e-01
-1.899123587807743752e+04 -1.411140697870292837e-01
-1.879976073859000826e+04 -1.469822060297856503e-01
-1.860828559910258264e+04 -1.245999840050707047e-01
-1.841681045961515338e+04 -1.126071052171438713e-01
-1.822533532012772412e+04 -6.741950310663269441e-02
-1.803386018064029486e+04 -1.009285733545083469e-01
-1.784238504115286560e+04 -1.031707603923094213e-01
-1.765090990166543997e+04 -6.618140118379765846e-02
-1.745943476217801071e+04 -1.365157716340498553e-02
-1.726795962269058145e+04 -1.123707193580582644e-02
-1.707648448320315219e+04 1.725155106796786176e-03
-1.688500934371572657e+04 5.376962742407744716e-02
-1.669353420422829731e+04 -2.011231739795332416e-02
-1.650205906474086805e+04 1.941298142803303539e-02
-1.631058392525343879e+04 5.775224334890593364e-02
-1.611910878576601135e+04 1.038030127482619941e-01
-1.592763364627858209e+04 1.453538333401620253e-01
-1.573615850679115465e+04 7.487377708421169564e-02
-1.554468336730372539e+04 3.389779918998150204e-02
-1.535320822781629795e+04 -2.027574924062702528e-03
-1.516173308832886869e+04 9.776954418275705938e-02
-1.497025794884144125e+04 9.625890432734596214e-02
-1.477878280935401199e+04 9.158323447348266921e-02
-1.458730766986658273e+04 2.528574571197849674e-01
-1.439583253037915529e+04 2.309178456815771663e-01
-1.420435739089172603e+04 1.643275142179955461e-01
-1.401288225140429859e+04 2.015342625509382590e-01
-1.382140711191686933e+04 2.286868865121801375e-01
-1.362993197242944188e+04 2.639941075513643209e-01
-1.343845683294201444e+04 3.024864479751370738e-01
-1.324698169345458518e+04 3.329702879262284032e-01
-1.305550655396715774e+04 3.551049324215063141e-01
-1.286403141447972848e+04 3.364863944435705911e-01
-1.267255627499230104e+04 3.399225399477253107e-01
-1.248108113550487178e+04 3.587234274310873161e-01
-1.228960599601744434e+04 3.964467152381870307e-01
-1.209813085653001508e+04 3.417942905012360533e-01
-1.190665571704258582e+04 2.601603759671658467e-01
-1.171518057755515838e+04 3.206431853283941424e-01
-1.152370543806772912e+04 3.989336939831475970e-01
-1.133223029858030168e+04 4.392938396545364443e-01
-1.114075515909287242e+04 4.135901912559086235e-01
-1.094928001960544498e+04 4.745973264695905747e-01
-1.075780488011801572e+04 3.913642670414336777e-01
-1.056632974063058828e+04 4.824485326801307705e-01
-1.037485460114315902e+04 4.805210127720626612e-01
-1.018337946165572976e+04 4.345645703750907751e-01
-9.991904322168302315e+03 3.621091697213620897e-01
-9.800429182680873055e+03 4.268106854422640817e-01
-9.608954043193445614e+03 2.947777822837505668e-01
-9.417478903706016354e+03 2.281886685402099713e-01
-9.226003764218588913e+03 2.574272202081375194e-01
-9.034528624731159653e+03 2.315459186994930085e-01
-8.843053485243732212e+03 1.362056208845857097e-01
-8.651578345756304770e+03 1.829542855167735904e-01
-8.460103206268875510e+03 9.376623510703718800e-02
-8.268628066781448069e+03 3.671321902646406538e-02
-8.077152927294018809e+03 1.346227016433303447e-01
-7.885677787806590459e+03 8.451533730560062407e-02
-7.694202648319162108e+03 1.446907976742100033e-01
-7.502727508831733758e+03 1.197413384098376388e-01
-7.311252369344305407e+03 2.342832440215796355e-02
-7.119777229856877057e+03 6.601292448251159205e-03
-6.928302090369448706e+03 6.161296689780896424e-02
-6.736826950882020355e+03 2.073165723077242950e-02
-6.545351811394591095e+03 3.487299305982889674e-02
-6.353876671907162745e+03 4.066182412626569154e-02
-6.162401532419734394e+03 2.007403940000959675e-02
-5.970926392932306044e+03 9.382644245590954571e-03
-5.779451253444877693e+03 2.703447738892608351e-02
-5.587976113957449343e+03 2.360615214067426481e-03
-5.396500974470020992e+03 -3.877773684858412673e-02
-5.205025834982592642e+03 -6.913431565148440983e-02
-5.013550695495164291e+03 -8.629470768449356427e-03
-4.822075556007735031e+03 2.886273927762635430e-02
-4.630600416520306680e+03 7.802119615596468660e-02
-4.439125277032879239e+03 5.123618851948159858e-02
-4.247650137545450889e+03 4.494119582309506755e-02
-4.056174998058022538e+03 8.920611791522096989e-02
-3.864699858570593733e+03 9.532921815964072454e-02
-3.673224719083165382e+03 9.739670415736470521e-02
-3.481749579595737032e+03 8.313694314875873237e-02
-3.290274440108308681e+03 3.775122960400052047e-02
-3.098799300620879876e+03 1.260215932967302839e-02
-2.907324161133451526e+03 4.852623719739859731e-02
-2.715849021646023175e+03 1.413657518385381950e-01
-2.524373882158594824e+03 1.908722317183020878e-01
-2.332898742671166474e+03 1.828186720899148132e-01
-2.141423603183738123e+03 1.391469746516463546e-01
-1.949948463696309773e+03 1.257875261311945658e-01
-1.758473324208881195e+03 2.067740293765829018e-01
-1.566998184721452844e+03 3.318245127813730933e-01
-1.375523045234024494e+03 3.864030463192278386e-01
-1.184047905746596143e+03 4.480463605452337794e-01
-9.925727662591676790e+02 4.964441864991193665e-01
-8.010976267717393284e+02 5.617408138037534027e-01
-6.096224872843108642e+02 6.122112099242537075e-01
-4.181473477968825136e+02 6.997595944418897318e-01
-2.266722083094541063e+02 8.216584961944618515e-01
-3.519706882202569176e+01 8.136213262484632835e-01
1.562780706654027085e+02 1.000000000000000000e+00
3.477532101528311159e+02 9.522515772166356696e-01
5.392283496402594665e+02 8.765627229483744509e-01
7.307034891276879307e+02 8.767061777632167985e-01
9.221786286151162813e+02 8.133760323380688773e-01
1.113653768102544745e+03 8.633719600703243513e-01
1.305128907589973096e+03 8.276373257721629795e-01
1.496604047077401447e+03 9.100054805585263695e-01
1.688079186564829797e+03 9.680913049558249606e-01
1.879554326052258148e+03 9.183588269414366678e-01
2.071029465539686498e+03 8.745890016934585454e-01
2.262504605027115304e+03 7.106706427369452461e-01
2.453979744514543654e+03 4.268945793450262260e-01
2.645454884001972005e+03 2.795219736580451531e-01
2.836930023489400355e+03 3.199357522211400684e-01
3.028405162976828706e+03 1.628220334712285056e-01
3.219880302464257056e+03 1.624365441397719600e-01
3.411355441951685407e+03 1.551915029274519575e-01
3.602830581439114212e+03 8.038296891022850277e-02
3.794305720926542563e+03 7.825192175000909856e-02
3.985780860413970458e+03 1.214037621967083563e-01
4.177255999901399264e+03 1.366615063455559609e-01
4.368731139388827614e+03 9.091454329607230600e-02
4.560206278876255965e+03 6.389653059051185469e-02
4.751681418363684315e+03 8.643181930892286646e-02
4.943156557851112666e+03 6.506649996703212091e-02
5.134631697338541017e+03 5.738360382617563316e-02
5.326106836825969367e+03 4.955076755854641996e-02
5.517581976313397718e+03 1.317561932666762581e-01
5.709057115800826068e+03 1.282459154093500975e-01
5.900532255288255328e+03 1.076226423518331782e-01
6.092007394775683679e+03 1.514844171952020868e-01
6.283482534263112029e+03 1.049121733148761504e-01
6.474957673750540380e+03 2.190632402490775080e-02
6.666432813237968730e+03 -4.704925407300498269e-02
6.857907952725396171e+03 -1.356256600100661826e-02
7.049383092212825431e+03 4.777451008825765039e-02
7.240858231700253782e+03 1.359357824734282703e-02
7.432333371187682133e+03 -7.562682615881934252e-04
7.623808510675111393e+03 -1.604997266915145909e-02
7.815283650162539743e+03 -1.442958187972053288e-02
8.006758789649968094e+03 4.065059362389499692e-02
8.198233929137395535e+03 5.736604687310026263e-02
8.389709068624822976e+03 5.833584806883260893e-02
8.581184208112252236e+03 3.357692339739263426e-02
8.772659347599679677e+03 1.075388302488429482e-01
8.964134487087108937e+03 6.044309061130799521e-02
9.155609626574536378e+03 2.427670385100513528e-01
9.347084766061965638e+03 2.904870812358897880e-02
9.538559905549394898e+03 1.129618028222004467e-01
9.730035045036822339e+03 1.099303914175116109e-01
9.921510184524251599e+03 1.378441158739946715e-01
1.011298532401167904e+04 1.170274648721483512e-01
1.030446046349910830e+04 7.408644950139531282e-02
1.049593560298653574e+04 8.973429217277686942e-02
1.068741074247396500e+04 1.125345766906944434e-01
1.087888588196139244e+04 1.373650315831122237e-01
1.107036102144882170e+04 1.521870160651436765e-01
1.126183616093625096e+04 1.477535341095910781e-01
1.145331130042367840e+04 1.393121448349681213e-01
1.164478643991110766e+04 2.331593451695992691e-01
1.183626157939853510e+04 2.160344837765182657e-01
1.202773671888596436e+04 1.568504291759132419e-01
1.221921185837339181e+04 8.813245669284018591e-02
1.241068699786082107e+04 1.021279694412512845e-01
1.260216213734824851e+04 1.175145066730002019e-01
1.279363727683567777e+04 1.194479537461387852e-01
1.298511241632310703e+04 1.286015216687518281e-01
1.317658755581053447e+04 1.629097803713520920e-01
1.336806269529796373e+04 1.732313587986774872e-01
1.355953783478539117e+04 1.224552402308189264e-01
1.375101297427282043e+04 1.095088341956302752e-01
1.394248811376024605e+04 1.030122583651562757e-01
1.413396325324767531e+04 1.238910581275448480e-01
1.432543839273510457e+04 7.383438944344215826e-02
1.451691353222253201e+04 1.487235535775327799e-01
1.470838867170996127e+04 1.338696157996825953e-01
1.489986381119738871e+04 1.509436457211359162e-01
1.509133895068481797e+04 8.110277541869542750e-02
1.528281409017224541e+04 1.310924641206371588e-01
1.547428922965967467e+04 7.054665121198018529e-02
1.566576436914710393e+04 1.010770139494726050e-01
1.585723950863453138e+04 1.032609642924956078e-01
1.604871464812196064e+04 6.783895483890363398e-02
1.624018978760938808e+04 8.755410512006724100e-02
1.643166492709681552e+04 1.026092837038387745e-01
1.662314006658424478e+04 8.587872093347502511e-02
1.681461520607167404e+04 1.238892785051310397e-01
1.700609034555910330e+04 1.370609800039888915e-01
1.719756548504652892e+04 9.836953513715696040e-02
1.738904062453395818e+04 1.062106843489465519e-01
1.758051576402138744e+04 1.376689568356404547e-01
1.777199090350881670e+04 1.537950218294386329e-01
1.796346604299624596e+04 9.516206491757991937e-02
1.815494118248367158e+04 1.338419738272381976e-01
1.834641632197110084e+04 1.223988958769959695e-01
1.853789146145853010e+04 5.734418185290529602e-02
1.872936660094595936e+04 1.457568283951203025e-01
1.892084174043338498e+04 1.234466825735390655e-01
1.911231687992081424e+04 1.227603118257637738e-01
1.930379201940824350e+04 1.127522564405440686e-01
1.949526715889567276e+04 1.113088024308462737e-01
1.968674229838310202e+04 1.236271224137878016e-01
1.987821743787052765e+04 1.711552908924579841e-01
