# velocity space (km/s) 	 normalized flux
-1.986602422940120232e+04 4.773484304261528810e-01
-1.963909033309270308e+04 5.175460639748545866e-01
-1.941215643678420383e+04 9.716099273430787164e-01
-1.918522254047570823e+04 9.603079783874125530e-01
-1.895828864416720899e+04 7.843293480124983175e-01
-1.873135474785870974e+04 7.289574343145013291e-01
-1.850442085155021050e+04 5.943092649341347178e-01
-1.827748695524171126e+04 6.015460233996977601e-01
-1.805055305893321565e+04 8.353183023210810632e-01
-1.782361916262471641e+04 7.507556318246708660e-01
-1.759668526631621717e+04 5.330857255744257950e-01
-1.736975137000771792e+04 5.465781507462738054e-01
-1.714281747369921868e+04 2.411596725572768829e-01
-1.691588357739072308e+04 4.713376516808107652e-01
-1.668894968108222383e+04 2.654988597967761210e-01
-1.646201578477372459e+04 5.775172768636486209e-01
-1.623508188846522899e+04 9.266024870861873097e-01
-1.600814799215672974e+04 1.415602961503595214e+00
-1.578121409584823050e+04 1.273758059580047286e+00
-1.555428019953973308e+04 8.286614660209080663e-01
-1.532734630323123383e+04 7.084943393663160061e-01
-1.510041240692273641e+04 6.138722314584359463e-01
-1.487347851061423717e+04 3.969541447354129060e-01
-1.464654461430573792e+04 4.543624158137539171e-01
-1.441961071799724050e+04 5.626987842793552685e-01
-1.419267682168874126e+04 4.681737027824698361e-01
-1.396574292538024383e+04 5.628364130400189680e-01
-1.373880902907174459e+04 4.704605374195353629e-01
-1.351187513276324535e+04 5.331063051100939365e-01
-1.328494123645474792e+04 3.375119629758591144e-01
-1.305800734014624868e+04 2.865009732955898780e-01
-1.283107344383775308e+04 8.653562955730983997e-02
-1.260413954752925383e+04 1.394541151914821808e-01
-1.237720565122075641e+04 -1.147727667335774089e-02
-1.215027175491225717e+04 5.418889775849508594e-02
-1.192333785860375792e+04 2.754202055224959020e-02
-1.169640396229526050e+04 -7.194311174711613688e-02
-1.146947006598676126e+04 -4.234282170879442864e-02
-1.124253616967826383e+04 -1.553389093597693227e-01
-1.101560227336976459e+04 -1.753115284569670140e-02
-1.078866837706126535e+04 4.340876115062290708e-02
-1.056173448075276792e+04 1.534035946246237458e-01
-1.033480058444426868e+04 6.587900203761042073e-02
-1.010786668813577126e+04 3.370530762920365686e-01
-9.880932791827272013e+03 2.358027997513485741e-01
-9.653998895518774589e+03 9.402589727033688893e-02
-9.427064999210275346e+03 3.728814416384787500e-01
-9.200131102901776103e+03 4.676547872328375433e-01
-8.973197206593278679e+03 2.547978654310721347e-01
-8.746263310284779436e+03 3.882526453603818428e-01
-8.519329413976282012e+03 2.312550859122434466e-01
-8.292395517667782769e+03 2.968064716817774840e-01
-8.065461621359284436e+03 4.489621974736423549e-01
-7.838527725050787012e+03 3.154056788577536130e-01
-7.611593828742287769e+03 2.901639500930275894e-01
-7.384659932433789436e+03 6.822443225552639046e-01
-7.157726036125291103e+03 4.007433927249232086e-01
-6.930792139816792769e+03 3.702087509937982551e-02
-6.703858243508294436e+03 1.164596452731929410e-02
-6.476924347199796102e+03 -4.866683962669417218e-02
-6.249990450891296859e+03 5.416442505306462429e-02
-6.023056554582798526e+03 3.560109650381412250e-01
-5.796122658274300193e+03 3.341252847396131709e-01
-5.569188761965801859e+03 2.266858785908821838e-01
-5.342254865657303526e+03 2.235108933271156006e-01
-5.115320969348805193e+03 1.273590113793396372e-01
-4.888387073040305950e+03 4.977096498127758784e-02
-4.661453176731807616e+03 2.339295693655713271e-01
-4.434519280423310192e+03 3.106917756139724318e-01
-4.207585384114811859e+03 2.576052574050649580e-01
-3.980651487806312616e+03 4.302690366948249689e-01
-3.753717591497814283e+03 5.362462548720999811e-01
-3.526783695189316404e+03 2.861433941772846268e-01
-3.299849798880817616e+03 5.502030579383707654e-01
-3.072915902572319283e+03 6.583333810837836975e-01
-2.845982006263820949e+03 5.393536451653617725e-01
-2.619048109955322161e+03 3.639638925309523487e-01
-2.392114213646823828e+03 4.791549103464929904e-01
-2.165180317338325494e+03 7.507378974213827494e-01
-1.938246421029827161e+03 6.216296094639232050e-01
-1.711312524721328600e+03 5.757277620288570041e-01
-1.484378628412830267e+03 5.576194336400711604e-01
-1.257444732104331706e+03 5.724230697855066108e-01
-1.030510835795833373e+03 5.956931696734150128e-01
-8.035769394873349256e+02 5.851424185929734456e-01
-5.766430431788364785e+02 7.480172225772195871e-01
-3.497091468703380883e+02 8.517602082344265524e-01
-1.227752505618396413e+02 8.780302960695880454e-01
1.041586457466587916e+02 9.834822683997147541e-01
3.310925420551572529e+02 7.582005300760134014e-01
5.580264383636556431e+02 7.245870233053229859e-01
7.849603346721540902e+02 7.173011817752948938e-01
1.011894230980652537e+03 8.335973082094957354e-01
1.238828127289150871e+03 1.000000000000000000e+00
1.465762023597649431e+03 8.226373252517422685e-01
1.692695919906147992e+03 8.398768353881604920e-01
1.919629816214646098e+03 9.013534194088802520e-01
2.146563712523144659e+03 8.007726957893647191e-01
2.373497608831642992e+03 7.372756342882268443e-01
2.600431505140141780e+03 3.339255204373569597e-01
2.827365401448640114e+03 3.585961965742989199e-01
3.054299297757137992e+03 4.250230231043863327e-01
3.281233194065636781e+03 3.707990678625035508e-01
3.508167090374135114e+03 2.267792722735242628e-01
3.735100986682633447e+03 1.981599443237071767e-01
3.962034882991132235e+03 1.640593573226357405e-01
4.188968779299631024e+03 4.279656332546084158e-02
4.415902675608129357e+03 -6.095408184679210195e-02
4.642836571916627690e+03 -1.317342348321834111e-01
4.869770468225126024e+03 -6.325300995602942122e-02
5.096704364533624357e+03 3.035504207062576787e-02
5.323638260842122691e+03 9.059301633554381339e-02
5.550572157150621024e+03 1.873791431239542858e-03
5.777506053459119357e+03 -6.397911089043034627e-02
6.004439949767617691e+03 9.923174775470827713e-02
6.231373846076116024e+03 -3.031595519918452164e-02
6.458307742384614357e+03 -3.053103220314622862e-02
6.685241638693112691e+03 6.717030659577789831e-02
6.912175535001611934e+03 1.281021058358671784e-02
7.139109431310110267e+03 -1.339987119730806087e-01
7.366043327618608600e+03 3.759564200143087394e-03
7.592977223927106934e+03 -1.024243672664824495e-01
7.819911120235605267e+03 -7.549235859513085678e-02
8.046845016544104510e+03 1.034511438239290454e-01
8.273778912852601934e+03 1.111582581230568662e-01
8.500712809161099358e+03 9.354647168756667630e-02
8.727646705469598601e+03 5.185414953893238699e-02
8.954580601778097844e+03 1.060711851560577380e-02
9.181514498086595268e+03 5.465245251072076149e-02
9.408448394395094510e+03 2.125345090420499919e-03
9.635382290703591934e+03 -5.131245605573660912e-02
9.862316187012091177e+03 6.414979475760938799e-02
1.008925008332059042e+04 1.557949553489597627e-01
1.031618397962908784e+04 2.684201479703471338e-01
1.054311787593758709e+04 3.083988138203720974e-01
1.077005177224608451e+04 3.315463775596546037e-01
1.099698566855458375e+04 2.030736107347343444e-01
1.122391956486308118e+04 6.910653797546224830e-02
1.145085346117158042e+04 1.326461377272950548e-01
1.167778735748007966e+04 2.313343963983586771e-01
1.190472125378857709e+04 2.480070226583677151e-01
1.213165515009707633e+04 2.492095649624819220e-01
1.235858904640557375e+04 2.512349266893112443e-01
1.258552294271407300e+04 3.446820369219659175e-01
1.281245683902257224e+04 5.725138812758473472e-01
1.303939073533106966e+04 5.689183054798856443e-01
1.326632463163956891e+04 5.526793949325372601e-01
1.349325852794806633e+04 4.768898688648848805e-01
1.372019242425656557e+04 5.026634070512598917e-01
1.394712632056506300e+04 5.338037645299286149e-01
1.417406021687356042e+04 5.226175383452231760e-01
1.440099411318205966e+04 6.561448325265821779e-01
1.462792800949055709e+04 7.055417232017967555e-01
1.485486190579905633e+04 7.107499068185818558e-01
1.508179580210755375e+04 7.139555804143176143e-01
1.530872969841605300e+04 7.466516891088863517e-01
1.553566359472455224e+04 7.138400781857173749e-01
1.576259749103304966e+04 7.673202578192620527e-01
1.598953138734154891e+04 7.889035354974536229e-01
1.621646528365004633e+04 9.096123171241093930e-01
1.644339917995854557e+04 8.924005539901819217e-01
1.667033307626704482e+04 1.031700713140197401e+00
1.689726697257554406e+04 1.003205033125586620e+00
1.712420086888403966e+04 1.130394089352301679e+00
1.735113476519253891e+04 1.037222585861758972e+00
1.757806866150103815e+04 1.248105879266861784e+00
1.780500255780953739e+04 1.442771172167103266e+00
1.803193645411803664e+04 1.498378613445111363e+00
1.825887035042653224e+04 1.362101622843902016e+00
1.848580424673503148e+04 1.233680134280088048e+00
1.871273814304353073e+04 1.351315006049263356e+00
1.893967203935202997e+04 1.352122233094360304e+00
1.916660593566052921e+04 1.429791209147941666e+00
1.939353983196902482e+04 1.444674164096734659e+00
1.962047372827752406e+04 1.235572597211591628e+00
1.984740762458602330e+04 1.036975443857799828e+00
