# velocity space (km/s) 	 normalized flux
-1.986602422940120232e+04 7.643447079667693433e-01
-1.963909033309270308e+04 7.866640500827052351e-01
-1.941215643678420383e+04 9.597438723530239413e-01
-1.918522254047570823e+04 9.923189821004571032e-01
-1.895828864416720899e+04 9.190226628931514874e-01
-1.873135474785870974e+04 8.568208051977336259e-01
-1.850442085155021050e+04 7.999655254415598549e-01
-1.827748695524171126e+04 7.529436397661125602e-01
-1.805055305893321565e+04 7.759147949817302159e-01
-1.782361916262471641e+04 8.109362493427854091e-01
-1.759668526631621717e+04 8.617271038301683728e-01
-1.736975137000771792e+04 1.069868837843143794e+00
-1.714281747369921868e+04 1.439181647022063748e+00
-1.691588357739072308e+04 1.661937343037407588e+00
-1.668894968108222383e+04 1.326299009759549730e+00
-1.646201578477372459e+04 9.444659783906678152e-01
-1.623508188846522899e+04 7.902330678970060918e-01
-1.600814799215672974e+04 8.595866909344819229e-01
-1.578121409584823050e+04 9.828562545573429343e-01
-1.555428019953973308e+04 1.177499388105969880e+00
-1.532734630323123383e+04 1.247732837752166590e+00
-1.510041240692273641e+04 1.170632456916523179e+00
-1.487347851061423717e+04 9.671413371030015416e-01
-1.464654461430573792e+04 7.848669702529600389e-01
-1.441961071799724050e+04 6.421856554188006827e-01
-1.419267682168874126e+04 6.418590719897102614e-01
-1.396574292538024383e+04 6.420633158922075534e-01
-1.373880902907174459e+04 6.341075814137439037e-01
-1.351187513276324535e+04 6.645166977693605093e-01
-1.328494123645474792e+04 6.868884404431758739e-01
-1.305800734014624868e+04 6.464527492374582129e-01
-1.283107344383775308e+04 5.826140862294905132e-01
-1.260413954752925383e+04 5.447187004165922053e-01
-1.237720565122075641e+04 5.070762746590012915e-01
-1.215027175491225717e+04 5.264441053933995862e-01
-1.192333785860375792e+04 4.742274272540317748e-01
-1.169640396229526050e+04 4.769367846466528449e-01
-1.146947006598676126e+04 4.754916295134627435e-01
-1.124253616967826383e+04 5.191858043910582143e-01
-1.101560227336976459e+04 6.510599516448064561e-01
-1.078866837706126535e+04 6.886905891178169981e-01
-1.056173448075276792e+04 6.984420930725211418e-01
-1.033480058444426868e+04 6.917829337686974833e-01
-1.010786668813577126e+04 8.535794332650483707e-01
-9.880932791827272013e+03 1.018730943335450556e+00
-9.653998895518774589e+03 1.068184976137882991e+00
-9.427064999210275346e+03 9.256394710868154352e-01
-9.200131102901776103e+03 7.906082389978481562e-01
-8.973197206593278679e+03 6.699693211042171415e-01
-8.746263310284779436e+03 6.092445090491365178e-01
-8.519329413976282012e+03 5.847699994247852473e-01
-8.292395517667782769e+03 5.280598614375129340e-01
-8.065461621359284436e+03 4.749344122983036320e-01
-7.838527725050787012e+03 4.044708383421104503e-01
-7.611593828742287769e+03 2.676994179703676702e-01
-7.384659932433789436e+03 2.094147098615570801e-01
-7.157726036125291103e+03 1.628849228139386263e-01
-6.930792139816792769e+03 8.747958186018969795e-02
-6.703858243508294436e+03 4.095054824445908820e-02
-6.476924347199796102e+03 4.559600062719027652e-02
-6.249990450891296859e+03 2.709462193095380639e-02
-6.023056554582798526e+03 -1.497725066078891241e-02
-5.796122658274300193e+03 3.193405831230020867e-03
-5.569188761965801859e+03 3.637702633107091420e-04
-5.342254865657303526e+03 3.537485968087836826e-03
-5.115320969348805193e+03 -3.537485968088045860e-03
-4.888387073040305950e+03 3.943121378576398134e-02
-4.661453176731807616e+03 7.533452380029570516e-02
-4.434519280423310192e+03 8.941194126630637451e-02
-4.207585384114811859e+03 1.041182295630862370e-01
-3.980651487806312616e+03 1.168874682493819955e-01
-3.753717591497814283e+03 1.461865038785993831e-01
-3.526783695189316404e+03 1.523737222652578882e-01
-3.299849798880817616e+03 1.844305439720705653e-01
-3.072915902572319283e+03 1.954520049843329332e-01
-2.845982006263820949e+03 1.923304094936931219e-01
-2.619048109955322161e+03 2.502262624268446478e-01
-2.392114213646823828e+03 3.009463472189577438e-01
-2.165180317338325494e+03 3.562539215468509823e-01
-1.938246421029827161e+03 3.480710401969511758e-01
-1.711312524721328600e+03 3.466456858595814428e-01
-1.484378628412830267e+03 3.962792516068299187e-01
-1.257444732104331706e+03 4.652758632597127630e-01
-1.030510835795833373e+03 5.183043547797294703e-01
-8.035769394873349256e+02 5.959148145414264741e-01
-5.766430431788364785e+02 6.977948818869862402e-01
-3.497091468703380883e+02 8.358971772909840059e-01
-1.227752505618396413e+02 9.669036034670560609e-01
1.041586457466587916e+02 1.000000000000000000e+00
3.310925420551572529e+02 9.410432036024264368e-01
5.580264383636556431e+02 8.492237628207098821e-01
7.849603346721540902e+02 7.170446605466879175e-01
1.011894230980652537e+03 6.936596745981009615e-01
1.238828127289150871e+03 7.087686017661488647e-01
1.465762023597649431e+03 6.414883655211406355e-01
1.692695919906147992e+03 5.945404956423236964e-01
1.919629816214646098e+03 5.319599224944082660e-01
2.146563712523144659e+03 4.362025997920789822e-01
2.373497608831642992e+03 3.823250761086697813e-01
2.600431505140141780e+03 2.899864311807506811e-01
2.827365401448640114e+03 2.416261333973153680e-01
3.054299297757137992e+03 1.683705578119374657e-01
3.281233194065636781e+03 9.274081796148830881e-02
3.508167090374135114e+03 5.552342844683935685e-02
3.735100986682633447e+03 7.822404364044473202e-03
3.962034882991132235e+03 1.222561852310418036e-02
4.188968779299631024e+03 3.765399597045101382e-02
4.415902675608129357e+03 -6.781355962699217414e-03
4.642836571916627690e+03 -6.598595489904879319e-02
4.869770468225126024e+03 -1.774365013703867178e-02
5.096704364533624357e+03 1.196812638532152029e-02
5.323638260842122691e+03 1.769987067319433310e-02
5.550572157150621024e+03 2.934126177462628715e-02
5.777506053459119357e+03 3.471010598888041310e-02
6.004439949767617691e+03 3.799771278995305729e-02
6.231373846076116024e+03 2.515066712098477930e-02
6.458307742384614357e+03 5.479841559001260264e-03
6.685241638693112691e+03 2.183865335921995193e-02
6.912175535001611934e+03 3.614813969748375405e-02
7.139109431310110267e+03 1.949014110959354160e-02
7.366043327618608600e+03 2.085659543522616968e-02
7.592977223927106934e+03 -8.373613335050393916e-03
7.819911120235605267e+03 -2.119176264954456337e-02
8.046845016544104510e+03 1.279925689664592045e-03
8.273778912852601934e+03 9.513183667189296575e-03
8.500712809161099358e+03 -2.157446991707947723e-02
8.727646705469598601e+03 -1.202432466123476255e-02
8.954580601778097844e+03 3.146813433480488958e-03
9.181514498086595268e+03 5.148140565589066908e-02
9.408448394395094510e+03 6.132232304754466762e-02
9.635382290703591934e+03 7.397215747795231333e-02
9.862316187012091177e+03 8.637795221885707919e-02
1.008925008332059042e+04 6.609937146007408004e-02
1.031618397962908784e+04 8.480783370761797724e-02
1.054311787593758709e+04 1.467962080582339568e-01
1.077005177224608451e+04 1.721821459983663150e-01
1.099698566855458375e+04 1.730636704984881702e-01
1.122391956486308118e+04 1.624991363879977335e-01
1.145085346117158042e+04 1.813346868238863985e-01
1.167778735748007966e+04 1.900033928219068968e-01
1.190472125378857709e+04 1.925469712984645976e-01
1.213165515009707633e+04 2.108357756942346728e-01
1.235858904640557375e+04 2.260594746704377989e-01
1.258552294271407300e+04 2.389496017003817641e-01
1.281245683902257224e+04 2.638444037491769478e-01
1.303939073533106966e+04 3.011270019680839516e-01
1.326632463163956891e+04 3.725113219163350142e-01
1.349325852794806633e+04 4.196264490401011016e-01
1.372019242425656557e+04 4.262394388107421106e-01
1.394712632056506300e+04 4.383539266394264056e-01
1.417406021687356042e+04 4.750016703992659406e-01
1.440099411318205966e+04 5.600927579510589505e-01
1.462792800949055709e+04 5.997999554387056786e-01
1.485486190579905633e+04 6.051898329172015201e-01
1.508179580210755375e+04 6.469193148874532451e-01
1.530872969841605300e+04 6.829514039477229126e-01
1.553566359472455224e+04 7.253948545298042339e-01
1.576259749103304966e+04 8.385223581903491485e-01
1.598953138734154891e+04 9.569853524402236467e-01
1.621646528365004633e+04 1.094064166959197948e+00
1.644339917995854557e+04 1.165129875375719770e+00
1.667033307626704482e+04 1.300170720502957789e+00
1.689726697257554406e+04 1.447495416288148373e+00
1.712420086888403966e+04 1.602539160400644924e+00
1.735113476519253891e+04 1.698636309807237676e+00
1.757806866150103815e+04 1.751103084088214024e+00
1.780500255780953739e+04 1.671166302289403660e+00
1.803193645411803664e+04 1.586169732248327247e+00
1.825887035042653224e+04 1.540425620700061282e+00
1.848580424673503148e+04 1.529435817223929517e+00
1.871273814304353073e+04 1.595112454915954103e+00
1.893967203935202997e+04 1.732306874356954296e+00
1.916660593566052921e+04 1.781958225733673018e+00
1.939353983196902482e+04 1.595119521395393258e+00
1.962047372827752406e+04 1.356145482108008782e+00
1.984740762458602330e+04 1.194720597272096674e+00
