# velocity space (km/s) 	 normalized flux
-1.979776179194474025e+04 8.556014792047799133e-01
-1.955645440061849149e+04 6.880825444413350978e-01
-1.931531650300858382e+04 6.361823243124650196e-01
-1.907434815634722690e+04 5.082845226592506149e-01
-1.883354941707439502e+04 5.164036314697435515e-01
-1.859292034084054103e+04 7.416892996215330713e-01
-1.835246098250912473e+04 6.618055817801430374e-01
-1.811217139615935230e+04 4.543196214563058333e-01
-1.787205163508876285e+04 4.684356777311800002e-01
-1.763210175181582963e+04 1.768302141316197840e-01
-1.739232179808260844e+04 3.986702340302369363e-01
-1.715271182485735699e+04 2.025260818030437671e-01
-1.691327188233713969e+04 5.028218171116682900e-01
-1.667400201995038151e+04 8.386513526792295226e-01
-1.643490228635960011e+04 1.308609595583237750e+00
-1.619597272946380690e+04 1.173812700835229039e+00
-1.595721339640129554e+04 7.483058708222449784e-01
-1.571862433355207941e+04 6.342902109987224035e-01
-1.548020558654054366e+04 5.447630897424410312e-01
-1.524195720023801914e+04 3.379978555089046544e-01
-1.500387921876534892e+04 3.942135045402950788e-01
-1.476597168549541493e+04 4.992509880510465070e-01
-1.452823464305574271e+04 4.098168804281173139e-01
-1.429066813333107530e+04 5.017462151563880646e-01
-1.405327219746585070e+04 4.143724274539514751e-01
-1.381604687586681575e+04 4.756089629076941661e-01
-1.357899220820554183e+04 2.892855747709727199e-01
-1.334210823342098411e+04 2.415659213919578441e-01
-1.310539498972196088e+04 5.105230570365505011e-02
-1.286885251458973289e+04 1.029638559556192295e-01
-1.263248084478050259e+04 -4.054373349081538680e-02
-1.239628001632795895e+04 2.358829198806030800e-02
-1.216025006454572576e+04 -7.748896696902356261e-04
-1.192439102402992830e+04 -9.496391239275606133e-02
-1.168870292866169621e+04 -6.540617357578931701e-02
-1.145318581160960639e+04 -1.725473712214411204e-01
-1.121783970533222600e+04 -3.925736497773973238e-02
-1.098266464158058079e+04 2.034386676393122248e-02
-1.074766065140067076e+04 1.269712251823234272e-01
-1.051282776513585122e+04 4.424808318281975988e-02
-1.027816601242947036e+04 3.053886988912699052e-01
-1.004367542222713018e+04 2.095075340226460747e-01
-9.809356022779342311e+03 7.477582642472833940e-02
-9.575207841643852589e+03 3.432802252252166730e-01
-9.341230905688153143e+03 4.353156196804043310e-01
-9.107425241091930729e+03 2.324435904113360263e-01
-8.873790873349502363e+03 3.615606486515451357e-01
-8.640327827272221839e+03 2.122377736384066516e-01
-8.407036126990946286e+03 2.762597578363514272e-01
-8.173915795958487251e+03 4.233043360576533298e-01
-7.940966856951955378e+03 2.964530371341076997e-01
-7.708189332075247876e+03 2.734368903775266091e-01
-7.475583242761436850e+03 6.504834122840450483e-01
-7.243148609775194018e+03 3.818063251019104265e-01
-7.010885453215141752e+03 3.430813609373869338e-02
-6.778793792516307803e+03 1.116431560719395241e-02
-6.546873646452509092e+03 -4.547245170092722999e-02
-6.315125033138671824e+03 5.428760579918086304e-02
-6.083547970033342608e+03 3.448321482553493023e-01
-5.852142473940953096e+03 3.250332519190122782e-01
-5.620908561014194674e+03 2.232189248708263130e-01
-5.389846246756494111e+03 2.213568944856107168e-01
-5.158955546024248179e+03 1.303632669430507818e-01
-4.928236473029252011e+03 5.716571961959749509e-02
-4.697689041341054690e+03 2.348896147928314915e-01
-4.467313263889247537e+03 3.096587670547066851e-01
-4.237109152965867906e+03 2.599494239860927203e-01
-4.007076720227707483e+03 4.266538922235993958e-01
-3.777215976698669692e+03 5.294297941949348552e-01
-3.547526932772039800e+03 2.908522279638732777e-01
-3.318009598212863693e+03 5.451726679865340763e-01
-3.088663982160258456e+03 6.500126277130963137e-01
-2.859490093129677007e+03 5.371352510173097450e-01
-2.630487939015262327e+03 3.701808394355743936e-01
-2.401657527092136206e+03 4.817894805812172887e-01
-2.172998864018708900e+03 7.433220974650763813e-01
-1.944511955838903987e+03 6.207350611406313723e-01
-1.716196807984563748e+03 5.779132482430718865e-01
-1.488053425277627412e+03 5.617354816792733407e-01
-1.260081811932426263e+03 5.771085204138146629e-01
-1.032281971557968745e+03 6.005978704316422556e-01
-8.046539071602763897e+02 5.916651180612321204e-01
-5.771976211444753062e+02 7.489854593313740594e-01
-3.499131153172368158e+02 8.496195312348451267e-01
-1.228003908888771747e+02 8.759847969556908698e-01
1.041405515242293660e+02 9.782571759774945086e-01
3.309097118976764591e+02 7.634741905409946350e-01
5.575070907964246771e+02 7.324325022646279715e-01
7.839326893729363519e+02 7.266296306837609631e-01
1.010186509364717722e+03 8.392976758289614203e-01
1.236268553092098500e+03 1.000000000000000000e+00
1.462178823456216605e+03 8.311542615903539932e-01
1.687917323936607318e+03 8.488624324602276339e-01
1.913484058589000824e+03 9.089781388523463512e-01
2.138879032043351344e+03 8.137388358157898738e-01
2.364102249501280767e+03 7.540495043413920628e-01
2.589153716734248064e+03 3.685626206247509251e-01
2.814033440081107983e+03 3.933946224460826424e-01
3.038741426446089008e+03 4.582558412925015756e-01
3.263277683296489613e+03 4.074561028350249803e-01
3.487642218660607341e+03 2.705742627623072272e-01
3.711835041125576481e+03 2.443202061521884128e-01
3.935856159835107064e+03 2.128115821054746282e-01
4.159705584487429405e+03 9.774556909013233652e-02
4.383383325333144967e+03 -5.325552120902939893e-04
4.606889393172988093e+03 -6.720376712546174969e-02
4.830223799355808296e+03 -3.731148787798054542e-04
5.053386555776317437e+03 9.054517973170531087e-02
5.276377674873047908e+03 1.494735022712047612e-01
5.499197169626233517e+03 6.560513505712116389e-02
5.721845053555594859e+03 3.657394639519764411e-03
5.944321340718320243e+03 1.612998921627287752e-01
6.166626045706954756e+03 3.829161398311525105e-02
6.388759183647204736e+03 3.926707721238589799e-02
6.610720770195932346e+03 1.341093701562990070e-01
6.832510821539060089e+03 8.317912138143586376e-02
7.054129354389391665e+03 -5.637649411475596783e-02
7.275576385984655644e+03 7.686607817529622633e-02
7.496851934085289940e+03 -2.374469758652071952e-02
7.717956016972475481e+03 3.255113525981471936e-03
7.938888653446062563e+03 1.759795907354231581e-01
8.159649862822412615e+03 1.845496026000406631e-01
8.380239664932434607e+03 1.688478422155332004e-01
8.600658080119530496e+03 1.300614588218116374e-01
8.820905129237458823e+03 9.170195038965771317e-02
9.040980833648374755e+03 1.351073210893359577e-01
9.260885215220801911e+03 8.593425293238173002e-02
9.480618296327498683e+03 3.588815513901508908e-02
9.700180099843561038e+03 1.477568117418128213e-01
9.919570649144268828e+03 2.367933953583317708e-01
1.013878996810315766e+04 3.459423276328696950e-01
1.035783808109001984e+04 3.854492177442720990e-01
1.057671501296878887e+04 4.088210994121537212e-01
1.079542078909563861e+04 2.868433006035938093e-01
1.101395543531697695e+04 1.595984270628646728e-01
1.123231897796736484e+04 2.216918278460936476e-01
1.145051144386765191e+04 3.174802240436903622e-01
1.166853286032283904e+04 3.346449559829360321e-01
1.188638325512033771e+04 3.369794092150599774e-01
1.210406265652767433e+04 3.401026520490557092e-01
1.232157109329085324e+04 4.308666610288066079e-01
1.253890859463213201e+04 6.504575766163152029e-01
1.275607519024824433e+04 6.481923503058660829e-01
1.297307091030830816e+04 6.338066869838876460e-01
1.318989578545199220e+04 5.623332775407752226e-01
1.340654984678744404e+04 5.882225297051060231e-01
1.362303312588952940e+04 6.192566424986607476e-01
1.383934565479776211e+04 6.097146967370228321e-01
1.405548746601435596e+04 7.389012702152355505e-01
1.427145859250240210e+04 7.874368701566619722e-01
1.448725906768393179e+04 7.936113010668018886e-01
1.470288892543791189e+04 7.978660409260960318e-01
1.491834820009842042e+04 8.303915628287755757e-01
1.513363692645277661e+04 8.001186059275406937e-01
1.534875513973949273e+04 8.525686198738557930e-01
1.556370287564652790e+04 8.744409105679729066e-01
1.577848017030936899e+04 9.913391141615119917e-01
1.599308706030906069e+04 9.760208330825098644e-01
1.620752358267043928e+04 1.110741519799399057e+00
1.642178977486016083e+04 1.084605997345002848e+00
1.663588567478489858e+04 1.207716467057559306e+00
1.684981132078945302e+04 1.119579956729067627e+00
1.706356675165494016e+04 1.322923272434840314e+00
1.727715200659684342e+04 1.510719324903706751e+00
1.749056712526316551e+04 1.565208622098923641e+00
1.770381214773274041e+04 1.435749363330282913e+00
1.791688711451323616e+04 1.313820722037997157e+00
1.812979206653931760e+04 1.427772145249673441e+00
1.834252704517091115e+04 1.429727632505586765e+00
1.855509209219132390e+04 1.505366052767064700e+00
1.876748724980545376e+04 1.520815129871136095e+00
1.897971256063793408e+04 1.321543143123909303e+00
1.919176806773127464e+04 1.132341132775578574e+00
1.940365381454423186e+04 1.080757660542393195e+00
1.961536984494984063e+04 7.133950447343279100e-01
1.982691620323361349e+04 8.793967169503701387e-01
