# velocity space (km/s) 	 normalized flux
-1.986602422940120232e+04 5.883060574982273971e-01
-1.963909033309270308e+04 6.262818778850057777e-01
-1.941215643678420383e+04 1.065811011541496045e+00
-1.918522254047570823e+04 1.053819411306268661e+00
-1.895828864416720899e+04 8.820504185763778926e-01
-1.873135474785870974e+04 8.272999772400549956e-01
-1.850442085155021050e+04 6.956318247226225271e-01
-1.827748695524171126e+04 7.016273876149077271e-01
-1.805055305893321565e+04 9.274188223568518019e-01
-1.782361916262471641e+04 8.443460771824867761e-01
-1.759668526631621717e+04 6.321261639474820004e-01
-1.736975137000771792e+04 6.441912814727102088e-01
-1.714281747369921868e+04 3.468334003197695026e-01
-1.691588357739072308e+04 5.691374691238350048e-01
-1.668894968108222383e+04 3.683966832761902399e-01
-1.646201578477372459e+04 6.701063586452625787e-01
-1.623508188846522899e+04 1.007780054587918750e+00
-1.600814799215672974e+04 1.481206401668497818e+00
-1.578121409584823050e+04 1.342555626290798720e+00
-1.555428019953973308e+04 9.096751874200934562e-01
-1.532734630323123383e+04 7.920572527439936339e-01
-1.510041240692273641e+04 6.992243480514999110e-01
-1.487347851061423717e+04 4.877338869930324394e-01
-1.464654461430573792e+04 5.424083119664279140e-01
-1.441961071799724050e+04 6.464956746740654348e-01
-1.419267682168874126e+04 5.537569097639516436e-01
-1.396574292538024383e+04 6.445774186856318977e-01
-1.373880902907174459e+04 5.539239187195658110e-01
-1.351187513276324535e+04 6.136800197668760282e-01
-1.328494123645474792e+04 4.228789014815045877e-01
-1.305800734014624868e+04 3.723596424984728093e-01
-1.283107344383775308e+04 1.773175640913320639e-01
-1.260413954752925383e+04 2.276357790357962929e-01
-1.237720565122075641e+04 8.016884549146252592e-02
-1.215027175491225717e+04 1.428554932879428085e-01
-1.192333785860375792e+04 1.159754911079778072e-01
-1.169640396229526050e+04 1.842424165523619609e-02
-1.146947006598676126e+04 4.611799964637938731e-02
-1.124253616967826383e+04 -6.454224130161831385e-02
-1.101560227336976459e+04 6.813970744576870742e-02
-1.078866837706126535e+04 1.262407055793336730e-01
-1.056173448075276792e+04 2.319371923736480157e-01
-1.033480058444426868e+04 1.459906451264559313e-01
-1.010786668813577126e+04 4.080711359838716801e-01
-9.880932791827272013e+03 3.088072570208380552e-01
-9.653998895518774589e+03 1.702224580371602680e-01
-9.427064999210275346e+03 4.397558879185932690e-01
-9.200131102901776103e+03 5.306837406698963200e-01
-8.973197206593278679e+03 3.231336209883440280e-01
-8.746263310284779436e+03 4.515920983716635306e-01
-8.519329413976282012e+03 2.982394715370483840e-01
-8.292395517667782769e+03 3.608147457438055095e-01
-8.065461621359284436e+03 5.074177979470169131e-01
-7.838527725050787012e+03 3.768088185387329370e-01
-7.611593828742287769e+03 3.512921602889406691e-01
-7.384659932433789436e+03 7.306818712334689492e-01
-7.157726036125291103e+03 4.565299684781748413e-01
-6.930792139816792769e+03 1.026026488789932856e-01
-6.703858243508294436e+03 7.695677110813493871e-02
-6.476924347199796102e+03 1.741243553699712773e-02
-6.249990450891296859e+03 1.161584765667026953e-01
-6.023056554582798526e+03 4.079988979351567568e-01
-5.796122658274300193e+03 3.857384424967968961e-01
-5.569188761965801859e+03 2.804695664566919100e-01
-5.342254865657303526e+03 2.763631449632230064e-01
-5.115320969348805193e+03 1.820459784730421859e-01
-4.888387073040305950e+03 1.057403556529786792e-01
-4.661453176731807616e+03 2.833941701727050733e-01
-4.434519280423310192e+03 3.568467322164630695e-01
-4.207585384114811859e+03 3.043136936655178038e-01
-3.980651487806312616e+03 4.708146651417831063e-01
-3.753717591497814283e+03 5.726130645406919406e-01
-3.526783695189316404e+03 3.289251083053630897e-01
-3.299849798880817616e+03 5.841028491925583932e-01
-3.072915902572319283e+03 6.879902966255392327e-01
-2.845982006263820949e+03 5.715244266744657908e-01
-2.619048109955322161e+03 4.003267920085412102e-01
-2.392114213646823828e+03 5.110648716856942553e-01
-2.165180317338325494e+03 7.735421098156934905e-01
-1.938246421029827161e+03 6.472490219452604610e-01
-1.711312524721328600e+03 6.016869033344272033e-01
-1.484378628412830267e+03 5.830914199702664780e-01
-1.257444732104331706e+03 5.964287386873365904e-01
-1.030510835795833373e+03 6.179806357452158894e-01
-8.035769394873349256e+02 6.067178845292693357e-01
-5.766430431788364785e+02 7.637211120867842817e-01
-3.497091468703380883e+02 8.633517495220279780e-01
-1.227752505618396413e+02 8.878143820137069930e-01
1.041586457466587916e+02 9.891031621322612377e-01
3.310925420551572529e+02 7.694978761151335389e-01
5.580264383636556431e+02 7.358585082697320923e-01
7.849603346721540902e+02 7.277635324194300370e-01
1.011894230980652537e+03 8.395738426758677653e-01
1.238828127289150871e+03 1.000000000000000000e+00
1.465762023597649431e+03 8.268881395418806735e-01
1.692695919906147992e+03 8.425888626667306092e-01
1.919629816214646098e+03 9.012105643776915365e-01
2.146563712523144659e+03 8.025963184954336693e-01
2.373497608831642992e+03 7.399624602816805563e-01
2.600431505140141780e+03 3.475865033821486372e-01
2.827365401448640114e+03 3.704973082048186317e-01
3.054299297757137992e+03 4.339219779714050818e-01
3.281233194065636781e+03 3.802853422281345930e-01
3.508167090374135114e+03 2.395243783536732674e-01
3.735100986682633447e+03 2.107306077280730050e-01
3.962034882991132235e+03 1.766186507554480811e-01
4.188968779299631024e+03 5.793764588913837693e-02
4.415902675608129357e+03 -4.375221334495554837e-02
4.642836571916627690e+03 -1.134524840988755251e-01
4.869770468225126024e+03 -4.803453630378556188e-02
5.096704364533624357e+03 4.176269147904079770e-02
5.323638260842122691e+03 9.918263326021209414e-02
5.550572157150621024e+03 1.207699515084384272e-02
5.777506053459119357e+03 -5.284261536367850648e-02
6.004439949767617691e+03 1.044866689068475324e-01
6.231373846076116024e+03 -2.223276094320362356e-02
6.458307742384614357e+03 -2.346733428124929757e-02
6.685241638693112691e+03 7.030140107368423874e-02
6.912175535001611934e+03 1.653267487835571523e-02
7.139109431310110267e+03 -1.269344367663484408e-01
7.366043327618608600e+03 5.699503727699330342e-03
7.592977223927106934e+03 -9.835124920401563942e-02
7.819911120235605267e+03 -7.324638865470960158e-02
8.046845016544104510e+03 9.934747817589902052e-02
8.273778912852601934e+03 1.057994033654070520e-01
8.500712809161099358e+03 8.768568935606999015e-02
8.727646705469598601e+03 4.620785862443024805e-02
8.954580601778097844e+03 5.162071180823136693e-03
9.181514498086595268e+03 4.687111924215710962e-02
9.408448394395094510e+03 -5.119151526690979628e-03
9.635382290703591934e+03 -5.799302201120446615e-02
9.862316187012091177e+03 5.300822122240531759e-02
1.008925008332059042e+04 1.409009554692914057e-01
1.031618397962908784e+04 2.491495457081965570e-01
1.054311787593758709e+04 2.869129128949611807e-01
1.077005177224608451e+04 3.083459193719454983e-01
1.099698566855458375e+04 1.826694452719457851e-01
1.122391956486308118e+04 5.166212609908635983e-02
1.145085346117158042e+04 1.122854668481424179e-01
1.167778735748007966e+04 2.070117602641970145e-01
1.190472125378857709e+04 2.221624648506642374e-01
1.213165515009707633e+04 2.223033352891287673e-01
1.235858904640557375e+04 2.232425454847603852e-01
1.258552294271407300e+04 3.128836196460345609e-01
1.281245683902257224e+04 5.329113534359046778e-01
1.303939073533106966e+04 5.283968543812231911e-01
1.326632463163956891e+04 5.116151718880401766e-01
1.349325852794806633e+04 4.370545616967536628e-01
1.372019242425656557e+04 4.610354173670668243e-01
1.394712632056506300e+04 4.902234243178312245e-01
1.417406021687356042e+04 4.783441039903413849e-01
1.440099411318205966e+04 6.068729382572909392e-01
1.462792800949055709e+04 6.537743290642070715e-01
1.485486190579905633e+04 6.578016691515106151e-01
1.508179580210755375e+04 6.598860758079836408e-01
1.530872969841605300e+04 6.905835488865850191e-01
1.553566359472455224e+04 6.577222197195500275e-01
1.576259749103304966e+04 7.085854177291708300e-01
1.598953138734154891e+04 7.285006771529428660e-01
1.621646528365004633e+04 8.445923618854278558e-01
1.644339917995854557e+04 8.268667701014713600e-01
1.667033307626704482e+04 9.609967210776381163e-01
1.689726697257554406e+04 9.323229197427976844e-01
1.712420086888403966e+04 1.054702084702133114e+00
1.735113476519253891e+04 9.632766275568325209e-01
1.757806866150103815e+04 1.166860046014256858e+00
1.780500255780953739e+04 1.354707965008057124e+00
1.803193645411803664e+04 1.407635136591695701e+00
1.825887035042653224e+04 1.274386621844084466e+00
1.848580424673503148e+04 1.148759900427832159e+00
1.871273814304353073e+04 1.261869127063888429e+00
1.893967203935202997e+04 1.261626443250744023e+00
1.916660593566052921e+04 1.335958797829887246e+00
1.939353983196902482e+04 1.349373075539978872e+00
1.962047372827752406e+04 1.145466585371110124e+00
1.984740762458602330e+04 9.517519923746884380e-01
