# velocity space (km/s) 	 normalized flux
-1.990595584032431361e+04 3.082568883535570237e-01
-1.969778676882127183e+04 1.156152710937719333e-02
-1.948961769731823006e+04 -2.133877703137759263e-01
-1.928144862581518828e+04 2.803803016178741947e-01
-1.907327955431214650e+04 -1.444197245227002990e-01
-1.886511048280910472e+04 -1.634218003364549809e-01
-1.865694141130606295e+04 1.248016251053040843e-01
-1.844877233980302117e+04 -6.408749639831666511e-02
-1.824060326829997939e+04 -5.430468460931702213e-01
-1.803243419679694125e+04 -1.291395650622305658e-01
-1.782426512529389947e+04 -4.806327166860263067e-01
-1.761609605379086133e+04 -4.144572772094518576e-01
-1.740792698228781956e+04 1.286740126247787608e-01
-1.719975791078477778e+04 1.345288433284479723e-01
-1.699158883928173600e+04 6.094232698474940507e-02
-1.678341976777869422e+04 -8.820000494216198583e-02
-1.657525069627565244e+04 -2.359451779958097184e-01
-1.636708162477260885e+04 -1.160744525181024167e-01
-1.615891255326956889e+04 -2.992123336978015358e-01
-1.595074348176652711e+04 -4.852076349956958023e-01
-1.574257441026348533e+04 -1.412570360085889376e-01
-1.553440533876044356e+04 1.279643419188898623e-01
-1.532623626725740178e+04 4.630133015029553323e-01
-1.511806719575436000e+04 5.701243262801168887e-01
-1.490989812425131822e+04 6.244255771265694310e-01
-1.470172905274827644e+04 2.029983030248978526e-01
-1.449355998124523467e+04 -2.356680711897757852e-01
-1.428539090974219289e+04 -5.463154915378359150e-02
-1.407722183823915111e+04 2.366884658631858984e-01
-1.386905276673610933e+04 2.706737574666819857e-01
-1.366088369523306756e+04 2.561196467764645934e-01
-1.345271462373002760e+04 2.441472391389335472e-01
-1.324454555222698582e+04 5.190224686422437728e-01
-1.303637648072394404e+04 1.215547295538865313e+00
-1.282820740922090226e+04 1.185938464694812788e+00
-1.262003833771786049e+04 1.116659525169949818e+00
-1.241186926621481871e+04 8.605327772027282496e-01
-1.220370019471177693e+04 9.230733647240072504e-01
-1.199553112320873515e+04 1.002453046422730587e+00
-1.178736205170569337e+04 9.490275618397202573e-01
-1.157919298020265160e+04 1.349659586085623530e+00
-1.137102390869960982e+04 1.486321517308143880e+00
-1.116285483719656804e+04 1.484335627687338066e+00
-1.095468576569352626e+04 1.476066602190476029e+00
-1.074651669419048449e+04 1.560327655855428874e+00
-1.053834762268744453e+04 1.439049711481686256e+00
-1.033017855118440275e+04 1.588523493369978112e+00
-1.012200947968136097e+04 1.637916593062357151e+00
-9.913840408178319194e+03 1.998328865465047732e+00
-9.705671336675277416e+03 1.925997474304687929e+00
-9.497502265172235639e+03 2.344742613896297456e+00
-9.289333193669193861e+03 2.237006464592295352e+00
-9.081164122166152083e+03 2.617751442149191643e+00
-8.872995050663112124e+03 2.307086477246927725e+00
-8.664825979160070347e+03 2.950433019194115936e+00
-8.456656907657028569e+03 3.542893473312081376e+00
-8.248487836153986791e+03 3.699041815534949595e+00
-8.040318764650945923e+03 3.253127773388099442e+00
-7.832149693147904145e+03 2.831861391506009351e+00
-7.623980621644862367e+03 3.182628871571939744e+00
-7.415811550141820589e+03 3.166834407794758555e+00
-7.207642478638778812e+03 3.392203687327423722e+00
-6.999473407135737034e+03 3.420573652214120131e+00
-6.791304335632696166e+03 2.746163021736342191e+00
-6.583135264129654388e+03 2.104711356168607939e+00
-6.374966192626612610e+03 1.913684238686801153e+00
-6.166797121123570832e+03 6.891141117547068262e-01
-5.958628049620529055e+03 1.210241706138487805e+00
-5.750458978117487277e+03 1.214310861765167671e+00
-5.542289906614446409e+03 9.945023277760896008e-01
-5.334120835111404631e+03 5.488177035328902775e-01
-5.125951763608362853e+03 1.077632740577113557e+00
-4.917782692105321075e+03 8.526315319021654515e-01
-4.709613620602279298e+03 3.727354330013123440e-01
-4.501444549099237520e+03 3.205967820137893831e-01
-4.293275477596196652e+03 2.790232536375139571e-01
-4.085106406093155329e+03 -3.099218251830275772e-01
-3.876937334590113551e+03 -5.214642983804523846e-01
-3.668768263087071773e+03 9.880912988127363294e-02
-3.460599191584030450e+03 7.951386582070466003e-02
-3.252430120080988672e+03 -2.800155686001833955e-01
-3.044261048577946895e+03 -3.554739657184617652e-02
-2.836091977074905571e+03 -1.827862685578512114e-01
-2.627922905571863794e+03 1.945323139527772027e-01
-2.419753834068822016e+03 -1.537711644117616960e-01
-2.211584762565780693e+03 -1.284743280606418236e-01
-2.003415691062739370e+03 2.533288230685216691e-01
-1.795246619559697365e+03 2.772783274796365993e-01
-1.587077548056656042e+03 3.500650593053176163e-01
-1.378908476553614264e+03 -6.347789467044626099e-02
-1.170739405050572714e+03 1.420365237453413698e-01
-9.625703335475310496e+02 4.496374360893250488e-01
-7.544012620444894992e+02 1.908061756952652011e-01
-5.462321905414480625e+02 3.118903753717937599e-01
-3.380631190384063984e+02 4.856544357149405466e-01
-1.298940475353648196e+02 7.194281384043038630e-01
7.827502396767675918e+01 7.052815869648051406e-01
2.864440954707183664e+02 5.384068359195678388e-01
4.946131669737598600e+02 2.040960683222427796e-01
7.027822384768015809e+02 -2.796708130760886327e-02
9.109513099798430176e+02 7.361438335674733713e-01
1.119120381482884795e+03 8.415944930652645706e-01
1.327289452985926346e+03 7.768652268598030819e-01
1.535458524488967896e+03 1.000000000000000000e+00
1.743627595992009446e+03 6.710087983162235092e-01
1.951796667495050997e+03 8.094810809585518685e-01
2.159965738998092547e+03 4.531275866106118100e-01
2.368134810501134325e+03 1.074803607813788614e-01
2.576303882004175648e+03 -1.922747394287623868e-01
2.784472953507217426e+03 3.315148030606450136e-01
2.992642025010258749e+03 6.948629422452995419e-01
3.200811096513300527e+03 9.740465540685414592e-01
3.408980168016342304e+03 1.157820356338992829e+00
3.617149239519383627e+03 3.515035936144835782e-01
3.825318311022425405e+03 2.355102284557982206e-01
4.033487382525467183e+03 9.207417635544065115e-01
4.241656454028508961e+03 8.440108571051355701e-01
4.449825525531550738e+03 6.790915544791328307e-01
4.657994597034591607e+03 4.337185581409102042e-01
4.866163668537632475e+03 -1.417273756221248682e-01
5.074332740040674253e+03 1.678771571246318733e-02
5.282501811543716030e+03 8.971788898882994412e-02
5.490670883046757808e+03 2.230625629562112966e-01
5.698839954549799586e+03 1.685345574617588826e-01
5.907009026052841364e+03 2.975547218760575818e-01
6.115178097555882232e+03 3.590732666786106697e-01
6.323347169058924010e+03 6.362644999052009531e-01
6.531516240561965787e+03 4.021478745718962688e-01
6.739685312065007565e+03 3.711783788297948750e-01
6.947854383568049343e+03 5.951040050547896643e-01
7.156023455071091121e+03 9.199991074452044115e-01
7.364192526574132899e+03 9.192850631579112530e-01
7.572361598077173767e+03 9.871016554565525958e-01
7.780530669580215545e+03 1.308843331754993011e+00
7.988699741083257322e+03 8.124161483791619842e-01
8.196868812586299100e+03 1.052818276295907518e+00
8.405037884089340878e+03 1.285514487660490035e+00
8.613206955592382656e+03 1.568313889629314506e+00
8.821376027095424433e+03 1.821876233417441648e+00
9.029545098598466211e+03 1.347551793469700776e+00
9.237714170101507989e+03 1.064921191060782535e+00
9.445883241604549767e+03 8.151053611942271626e-01
9.654052313107589725e+03 1.447105436467069239e+00
9.862221384610629684e+03 1.420888947580962069e+00
1.007039045611367146e+04 1.374108632267522667e+00
1.027855952761671324e+04 2.405537618817420675e+00
1.048672859911975502e+04 2.246590057580354127e+00
1.069489767062279680e+04 1.797537929591577432e+00
1.090306674212583857e+04 2.022875975990842345e+00
1.111123581362888035e+04 2.182890386102437574e+00
1.131940488513192213e+04 2.395886827656904305e+00
1.152757395663496391e+04 2.629577620357185896e+00
1.173574302813800568e+04 2.811235600179247118e+00
1.194391209964104746e+04 2.938647204376061861e+00
1.215208117114408924e+04 2.801277314827051779e+00
1.236025024264713102e+04 2.807201069653364467e+00
1.256841931415017280e+04 2.912952594616344371e+00
1.277658838565321275e+04 3.141646700229779654e+00
1.298475745715625453e+04 2.770157515389141789e+00
1.319292652865929631e+04 2.223364250268029529e+00
1.340109560016233809e+04 2.599931472735675264e+00
1.360926467166537986e+04 3.092198842601998177e+00
1.381743374316842164e+04 3.338025135733814430e+00
1.402560281467146342e+04 3.154621881262249072e+00
1.423377188617450520e+04 3.534595752585194539e+00
1.444194095767754698e+04 2.977412526531570069e+00
1.465011002918058875e+04 3.552803468085975247e+00
1.485827910068363053e+04 3.523878426975070255e+00
1.506644817218667231e+04 3.208888760793628503e+00
1.527461724368971409e+04 2.721730117268045923e+00
1.548278631519275405e+04 3.125707110060343297e+00
1.569095538669579582e+04 2.251461639211981502e+00
1.589912445819883760e+04 1.802417422991362539e+00
1.610729352970187938e+04 1.975984518329076067e+00
1.631546260120492116e+04 1.791427016434753883e+00
1.652363167270796475e+04 1.155580665917472771e+00
1.673180074421100653e+04 1.442914431364504368e+00
1.693996981571404467e+04 8.470404500948455206e-01
1.714813888721708645e+04 4.599541480902815116e-01
1.735630795872012823e+04 1.079689875424467038e+00
1.756447703022317000e+04 7.377308477062035630e-01
1.777264610172621178e+04 1.112301162928128084e+00
1.798081517322925356e+04 9.337980245558697989e-01
1.818898424473229534e+04 2.916317443819944066e-01
1.839715331623533712e+04 1.659016241052087837e-01
1.860532238773837889e+04 5.069218000238084887e-01
1.881349145924141703e+04 2.249062758268320639e-01
1.902166053074445881e+04 3.003837713192616388e-01
1.922982960224750059e+04 3.215933899650356698e-01
1.943799867375054237e+04 1.714289144737608517e-01
1.964616774525358414e+04 8.556324105135537650e-02
1.985433681675662592e+04 1.838491325083533579e-01
