# velocity space (km/s) 	 normalized flux
-1.990595584032431361e+04 5.136303404365710062e-02
-1.969778676882127183e+04 6.883190482513069919e-02
-1.948961769731823006e+04 7.624603248293244928e-02
-1.928144862581518828e+04 8.032398618375839738e-02
-1.907327955431214650e+04 5.853847662254013651e-02
-1.886511048280910472e+04 2.581461057059582578e-02
-1.865694141130606295e+04 5.084539426969970216e-02
-1.844877233980302117e+04 7.259115810886772324e-02
-1.824060326829997939e+04 4.469678187110135564e-02
-1.803243419679694125e+04 4.569517395375245067e-02
-1.782426512529389947e+04 -2.352155486979831331e-03
-1.761609605379086133e+04 -2.409134488086038528e-02
-1.740792698228781956e+04 1.073823418028520445e-02
-1.719975791078477778e+04 2.274394881346198174e-02
-1.699158883928173600e+04 -2.828082038292403788e-02
-1.678341976777869422e+04 -1.416416683697364030e-02
-1.657525069627565244e+04 8.962804226151494663e-03
-1.636708162477260885e+04 8.525000164474125230e-02
-1.615891255326956889e+04 9.983275599243424114e-02
-1.595074348176652711e+04 1.189181373891346483e-01
-1.574257441026348533e+04 1.376123289814275286e-01
-1.553440533876044356e+04 1.039142458377964456e-01
-1.532623626725740178e+04 1.327114631886867624e-01
-1.511806719575436000e+04 2.308853478548953675e-01
-1.490989812425131822e+04 2.703863995510947249e-01
-1.470172905274827644e+04 2.706074606840984664e-01
-1.449355998124523467e+04 2.524807627364242246e-01
-1.428539090974219289e+04 2.814816994234696224e-01
-1.407722183823915111e+04 2.941854268524930482e-01
-1.386905276673610933e+04 2.970707208866331106e-01
-1.366088369523306756e+04 3.251952367057033833e-01
-1.345271462373002760e+04 3.484064616088112243e-01
-1.324454555222698582e+04 3.678770263140324071e-01
-1.303637648072394404e+04 4.065907988850165355e-01
-1.282820740922090226e+04 4.651619133936895634e-01
-1.262003833771786049e+04 5.783972748551265974e-01
-1.241186926621481871e+04 6.527296987924350313e-01
-1.220370019471177693e+04 6.621381621169021292e-01
-1.199553112320873515e+04 6.803653956736136488e-01
-1.178736205170569337e+04 7.379188536192262671e-01
-1.157919298020265160e+04 8.731258367820809996e-01
-1.137102390869960982e+04 9.355835261165004191e-01
-1.116285483719656804e+04 9.430313695954525288e-01
-1.095468576569352626e+04 1.008730732744561820e+00
-1.074651669419048449e+04 1.065297310883869475e+00
-1.053834762268744453e+04 1.132141148696848676e+00
-1.033017855118440275e+04 1.312289838498536199e+00
-1.012200947968136097e+04 1.500991192517710626e+00
-9.913840408178319194e+03 1.719533262630192905e+00
-9.705671336675277416e+03 1.832257897401913915e+00
-9.497502265172235639e+03 2.047533151164294463e+00
-9.289333193669193861e+03 2.282499124686415914e+00
-9.081164122166152083e+03 2.529838548656380581e+00
-8.872995050663112124e+03 2.682687986589795681e+00
-8.664825979160070347e+03 2.765598973337733746e+00
-8.456656907657028569e+03 2.636270216168529412e+00
-8.248487836153986791e+03 2.498830739071483009e+00
-8.040318764650945923e+03 2.424312017166329714e+00
-7.832149693147904145e+03 2.405503622563883503e+00
-7.623980621644862367e+03 2.509589705438785678e+00
-7.415811550141820589e+03 2.728317087485272907e+00
-7.207642478638778812e+03 2.806715018436900078e+00
-6.999473407135737034e+03 2.506025027960979923e+00
-6.791304335632696166e+03 2.121763338459358827e+00
-6.583135264129654388e+03 1.861811094784503906e+00
-6.374966192626612610e+03 1.571293293750382292e+00
-6.166797121123570832e+03 1.243278755246127742e+00
-5.958628049620529055e+03 1.053357378009409429e+00
-5.750458978117487277e+03 8.320183216962760975e-01
-5.542289906614446409e+03 6.735981779932951330e-01
-5.334120835111404631e+03 6.017913378142988323e-01
-5.125951763608362853e+03 5.485098714203866521e-01
-4.917782692105321075e+03 5.364660837561500140e-01
-4.709613620602279298e+03 5.230017805469794334e-01
-4.501444549099237520e+03 4.931351833078281843e-01
-4.293275477596196652e+03 3.982936686641863067e-01
-4.085106406093155329e+03 3.611163772704869546e-01
-3.876937334590113551e+03 2.899364258772733627e-01
-3.668768263087071773e+03 3.020989470042586555e-01
-3.460599191584030450e+03 3.449384173978138346e-01
-3.252430120080988672e+03 2.845681725617154045e-01
-3.044261048577946895e+03 2.220098831671034334e-01
-2.836091977074905571e+03 2.315996077293822064e-01
-2.627922905571863794e+03 2.135086328756736485e-01
-2.419753834068822016e+03 2.104830873477991360e-01
-2.211584762565780693e+03 2.227285304639526065e-01
-2.003415691062739370e+03 1.892970370093580712e-01
-1.795246619559697365e+03 1.852112071239949143e-01
-1.587077548056656042e+03 1.960370423424114827e-01
-1.378908476553614264e+03 1.503285764157880067e-01
-1.170739405050572714e+03 1.084716196047715991e-01
-9.625703335475310496e+02 1.705429459801694192e-01
-7.544012620444894992e+02 2.604942719450897837e-01
-5.462321905414480625e+02 3.251393665309254555e-01
-3.380631190384063984e+02 4.544613903151562551e-01
-1.298940475353648196e+02 5.069949355894485254e-01
7.827502396767675918e+01 5.556253105982336127e-01
2.864440954707183664e+02 5.844846350051289274e-01
4.946131669737598600e+02 5.757371168527772864e-01
7.027822384768015809e+02 5.465952042691063495e-01
9.109513099798430176e+02 5.984637075616595636e-01
1.119120381482884795e+03 6.405158136641933009e-01
1.327289452985926346e+03 6.958612277098142895e-01
1.535458524488967896e+03 7.302427981038773774e-01
1.743627595992009446e+03 7.487378537605787754e-01
1.951796667495050997e+03 8.636126933837936503e-01
2.159965738998092547e+03 9.245422538310319460e-01
2.368134810501134325e+03 9.183968156005313244e-01
2.576303882004175648e+03 9.280250748367143698e-01
2.784472953507217426e+03 9.642670777000529325e-01
2.992642025010258749e+03 1.000000000000000000e+00
3.200811096513300527e+03 9.915398751912627429e-01
3.408980168016342304e+03 9.598993469528105393e-01
3.617149239519383627e+03 9.693572149336856514e-01
3.825318311022425405e+03 1.032890513566318003e+00
4.033487382525467183e+03 1.112766360546439293e+00
4.241656454028508961e+03 1.147755235149406028e+00
4.449825525531550738e+03 1.184529909808730297e+00
4.657994597034591607e+03 1.171845388167887414e+00
4.866163668537632475e+03 1.087959833053072423e+00
5.074332740040674253e+03 1.077797134340420238e+00
5.282501811543716030e+03 1.127679150150733944e+00
5.490670883046757808e+03 1.113382221129555871e+00
5.698839954549799586e+03 1.030828510311324608e+00
5.907009026052841364e+03 1.045285410232444034e+00
6.115178097555882232e+03 1.102016373077078004e+00
6.323347169058924010e+03 1.104222016841770015e+00
6.531516240561965787e+03 1.121351169969138750e+00
6.739685312065007565e+03 1.180188229631977670e+00
6.947854383568049343e+03 1.189954683711378580e+00
7.156023455071091121e+03 1.179277016823701008e+00
7.364192526574132899e+03 1.139604913413196696e+00
7.572361598077173767e+03 1.093593963417685000e+00
7.780530669580215545e+03 1.032955877234949860e+00
7.988699741083257322e+03 9.552447973719688790e-01
8.196868812586299100e+03 9.025422030056170497e-01
8.405037884089340878e+03 8.749646231035101973e-01
8.613206955592382656e+03 8.743763557853942991e-01
8.821376027095424433e+03 8.696331591717294529e-01
9.029545098598466211e+03 8.437810243079439942e-01
9.237714170101507989e+03 8.909164780443952214e-01
9.445883241604549767e+03 8.865546524076796109e-01
9.654052313107589725e+03 8.324470899081678477e-01
9.862221384610629684e+03 7.796832895897672921e-01
1.007039045611367146e+04 7.530381201768862054e-01
1.027855952761671324e+04 7.812494727823181551e-01
1.048672859911975502e+04 7.385024643596028726e-01
1.069489767062279680e+04 7.614100119264924915e-01
1.090306674212583857e+04 7.802903874207121060e-01
1.111123581362888035e+04 8.293468902870524406e-01
1.131940488513192213e+04 8.930687921636262239e-01
1.152757395663496391e+04 8.846712504555094281e-01
1.173574302813800568e+04 8.845887727141205081e-01
1.194391209964104746e+04 8.277988579613496656e-01
1.215208117114408924e+04 7.347432443276346037e-01
1.236025024264713102e+04 7.097344507545660930e-01
1.256841931415017280e+04 7.405595800561507458e-01
1.277658838565321275e+04 6.771584560067085423e-01
1.298475745715625453e+04 5.449252009290734833e-01
1.319292652865929631e+04 4.446928549922763985e-01
1.340109560016233809e+04 4.955031094636317968e-01
1.360926467166537986e+04 5.884433060358964518e-01
1.381743374316842164e+04 6.622247859406666937e-01
1.402560281467146342e+04 7.675869774916010968e-01
1.423377188617450520e+04 8.100123098703682079e-01
1.444194095767754698e+04 7.893531487745389930e-01
1.465011002918058875e+04 7.132500059239413881e-01
1.485827910068363053e+04 5.788196312763734808e-01
1.506644817218667231e+04 4.746468477388413598e-01
1.527461724368971409e+04 4.138792724100254228e-01
1.548278631519275405e+04 3.802685077607346753e-01
1.569095538669579582e+04 3.003860929096307530e-01
1.589912445819883760e+04 2.652779360938196107e-01
1.610729352970187938e+04 2.981910193474597293e-01
1.631546260120492116e+04 2.959063392823296779e-01
1.652363167270796475e+04 2.142303353340068994e-01
1.673180074421100653e+04 1.641896944777646583e-01
1.693996981571404467e+04 1.463627361177329278e-01
1.714813888721708645e+04 1.090722270490932094e-01
1.735630795872012823e+04 7.477839486676039760e-02
1.756447703022317000e+04 6.881185434803986645e-02
1.777264610172621178e+04 1.218030660443286534e-01
1.798081517322925356e+04 5.740689214911640775e-02
1.818898424473229534e+04 2.628684537648208995e-03
1.839715331623533712e+04 1.933823576772873698e-02
1.860532238773837889e+04 -6.918634254320607004e-04
1.881349145924141703e+04 -7.548260715443827658e-03
1.902166053074445881e+04 1.651616153078401192e-02
1.922982960224750059e+04 1.951164482553097157e-02
1.943799867375054237e+04 -9.690428051500348319e-03
1.964616774525358414e+04 7.114461671829551935e-03
1.985433681675662592e+04 -1.711360264082024138e-03
