# velocity space (km/s) 	 normalized flux
-1.992415370112951132e+04 1.185839375932994516e-01
-1.975561790197240407e+04 1.216459741492656454e-01
-1.958716468053906647e+04 1.664199487594276716e-01
-1.941879405656448580e+04 1.578982060595860437e-01
-1.925050604959470002e+04 1.595213420671266480e-01
-1.908230067898743073e+04 1.500092615912395067e-01
-1.891417796391233787e+04 1.806301898316192700e-01
-1.874613792335157632e+04 2.037634919163017200e-01
-1.857818057610020333e+04 2.082838152252905473e-01
-1.841030594076658963e+04 2.438113861627052292e-01
-1.824251403577288511e+04 2.341076733556036737e-01
-1.807480487935541532e+04 2.340195563394908418e-01
-1.790717848956519083e+04 2.144500464317573851e-01
-1.773963488426824551e+04 1.857739163321426579e-01
-1.757217408114617501e+04 1.558338223684549162e-01
-1.740479609769648960e+04 1.446389038660741699e-01
-1.723750095123305800e+04 1.291884323534861767e-01
-1.707028865888659129e+04 1.329234244016332389e-01
-1.690315923760502847e+04 1.117616427254499306e-01
-1.673611270415395848e+04 1.153868877035685997e-01
-1.656914907511710408e+04 1.153795436992343798e-01
-1.640226836689669290e+04 1.359872577011913830e-01
-1.623547059571396676e+04 1.902802128462968145e-01
-1.606875577760946726e+04 1.977117078040668552e-01
-1.590212392844366332e+04 1.266215587891661720e-01
-1.573557506389718947e+04 6.537912297105868964e-02
-1.556910919947140610e+04 5.925102112967411960e-02
-1.540272635048873599e+04 1.009341628908304034e-01
-1.523642653209317541e+04 1.126501154972668478e-01
-1.507020975925064158e+04 5.834250466209021935e-02
-1.490407604674947652e+04 4.773103210613536401e-02
-1.473802540920074898e+04 6.609553875729388961e-02
-1.457205786103886021e+04 6.884047130144604898e-02
-1.440617341652177311e+04 5.544184361694685231e-02
-1.424037208973158886e+04 8.537679948262873880e-03
-1.407465389457486162e+04 6.609106610473119980e-02
-1.390901884478310967e+04 8.163627835769188268e-02
-1.374346695391317553e+04 5.844285989941040704e-02
-1.357799823534764619e+04 8.017008194161674706e-02
-1.341261270229532420e+04 4.336418102997208202e-02
-1.324731036779160422e+04 7.690150956934411683e-03
-1.308209124469887502e+04 3.030833708467390794e-02
-1.291695534570701238e+04 3.918322575909729405e-02
-1.275190268333371569e+04 3.864347016192595796e-02
-1.258693326992498260e+04 8.004405500898754966e-02
-1.242204711765549655e+04 6.215720784957830952e-02
-1.225724423852903419e+04 4.241225302429570826e-02
-1.209252464437892922e+04 1.926854666036238728e-02
-1.192788834686843074e+04 2.937560144851658096e-03
-1.176333535749113253e+04 -1.683040653124123808e-03
-1.159886568757143505e+04 -1.254519491727534505e-03
-1.143447934826489472e+04 1.700059035769396418e-02
-1.127017635055864775e+04 3.510493351581498583e-02
-1.110595670527187212e+04 4.517455773683443088e-02
-1.094182042305613504e+04 6.170541026085562403e-02
-1.077776751439585314e+04 6.878707187152156843e-02
-1.061379798960868357e+04 6.050026614723458263e-02
-1.044991185884592232e+04 6.923945151041945023e-02
-1.028610913209290811e+04 7.480892210387123098e-02
-1.012238981916946796e+04 5.690748286269338430e-02
-9.958753929730326490e+03 2.991660133484005252e-02
-9.795201473265462482e+03 9.686549950317145316e-03
-9.631732459100556298e+03 1.576233576793216462e-02
-9.468346896397368255e+03 3.351652225407492081e-02
-9.305044794154187912e+03 5.061625775937803051e-02
-9.141826161206185134e+03 4.773865110530528533e-02
-8.978691006225879391e+03 6.592068525412132785e-02
-8.815639337723485369e+03 1.221694173745494078e-01
-8.652671164047324055e+03 1.902640507142257242e-01
-8.489786493384273854e+03 2.576893254130758759e-01
-8.326985333760125286e+03 3.231523445016598051e-01
-8.164267693039977530e+03 3.553653192077272926e-01
-8.001633578928691350e+03 3.546503603739177835e-01
-7.839082998971243796e+03 3.045702182052351659e-01
-7.676615960553124751e+03 2.249040262917328947e-01
-7.514232470900784392e+03 1.423236899971289660e-01
-7.351932537081977898e+03 7.855952429473744836e-02
-7.189716166006206549e+03 5.447441554189877411e-02
-7.027583364425088803e+03 5.453595815079474718e-02
-6.865534138932748647e+03 3.592421968447517128e-02
-6.703568495966258524e+03 3.626008060338536260e-02
-6.541686441805988579e+03 6.373122225903310456e-02
-6.379887982576005015e+03 6.681078584014424337e-02
-6.218173124244511200e+03 7.504560098248866384e-02
-6.056541872624174175e+03 9.566731457767226054e-02
-5.894994233372590315e+03 8.275417030884493763e-02
-5.733530211992624572e+03 6.782021479450366097e-02
-5.572149813832817927e+03 7.576279771162426624e-02
-5.410853044087768467e+03 8.061129560860252896e-02
-5.249639907798547938e+03 8.538561696298389847e-02
-5.088510409853118290e+03 1.062173437561060585e-01
-4.927464554986615440e+03 1.160274801874179307e-01
-4.766502347781841308e+03 1.147011642117083396e-01
-4.605623792669633985e+03 1.103643385702200025e-01
-4.444828893929226979e+03 1.273677194908537924e-01
-4.284117655688650302e+03 1.771294467500538483e-01
-4.123490081925101549e+03 2.031386592981928030e-01
-3.962946176465383360e+03 2.027455171661924904e-01
-3.802485942986221289e+03 1.903058839990309781e-01
-3.642109385014703548e+03 1.950750094101565690e-01
-3.481816505928675724e+03 2.021306151483326097e-01
-3.321607308957030455e+03 1.970047336944782956e-01
-3.161481797180224930e+03 2.091594484425998990e-01
-3.001439973530525549e+03 2.359825858027581325e-01
-2.841481840792494040e+03 2.653559453452982719e-01
-2.681607401603338076e+03 2.741536699199466631e-01
-2.521816658453320088e+03 2.583583135686974841e-01
-2.362109613686046032e+03 2.559074817194976759e-01
-2.202486269498936508e+03 2.705861569293272484e-01
-2.042946627943613976e+03 3.019423452915448447e-01
-1.883490690926177422e+03 3.118756505610366658e-01
-1.724118460207682574e+03 3.269887992653041642e-01
-1.564829937404519342e+03 3.969558473271913579e-01
-1.405625123988690120e+03 4.448501199129757944e-01
-1.246504021288284548e+03 4.733179825600214441e-01
-1.087466630487856037e+03 5.163260825456065239e-01
-9.285129526286990540e+02 5.521856149671475755e-01
-7.696429886093226287e+02 5.949802064799235568e-01
-6.108567391857909570e+02 6.980838724428952702e-01
-4.521542049721304579e+02 8.007873994840409848e-01
-2.935353864406378079e+02 8.733436026466385727e-01
-1.350002839222200919e+02 9.222507172860053837e-01
2.345110239303888378e+01 9.667908208351931876e-01
1.818187724557336367e+02 1.000000000000000000e+00
3.401027263566369356e+02 9.617877951312848728e-01
4.983029643263296862e+02 8.955266363201819235e-01
6.564194867349277729e+02 8.316717004846869710e-01
8.144522940915843492e+02 7.968643924435123704e-01
9.724013870442829557e+02 7.815818144159925041e-01
1.130266766379241972e+03 7.902219871210841573e-01
1.288048433020744142e+03 7.728428830876352684e-01
1.445746388030766184e+03 7.237731207552001722e-01
1.603360632608422520e+03 6.550336896256306884e-01
1.760891168089791563e+03 6.029712824972204288e-01
1.918337995947548961e+03 5.742931946860729830e-01
2.075701117790414628e+03 5.495914641460152295e-01
2.232980535362977207e+03 5.113636051988891262e-01
2.390176250545334369e+03 4.509085243963429357e-01
2.547288265352535745e+03 3.984953885606510871e-01
2.704316581934445821e+03 3.558372423263958528e-01
2.861261202575222342e+03 3.132669467873370750e-01
3.018122129693084844e+03 2.596884772115075068e-01
3.174899365839855818e+03 2.088681699251319357e-01
3.331592913700633289e+03 1.829923989581149490e-01
3.488202776093404282e+03 1.731830239413943984e-01
3.644728955968776063e+03 1.599251027357555532e-01
3.801171456409495931e+03 1.185147130231292839e-01
3.957530280630246125e+03 9.496770210111671329e-02
4.113805431977072658e+03 9.785461879214758796e-02
4.269996913927217065e+03 1.031358181319032979e-01
4.426104730088755787e+03 1.021962831166690483e-01
4.582128884200060384e+03 9.576879895432838241e-02
4.738069380129634737e+03 1.086401674661319761e-01
4.893926221875755800e+03 1.283067402669101076e-01
5.049699413565932446e+03 1.248316487894325783e-01
5.205388959456745397e+03 1.142493297363626759e-01
5.360994863933492525e+03 1.018490974387440406e-01
5.516517131509646788e+03 7.611547592700539100e-02
5.671955766826729814e+03 6.016352337611718948e-02
5.827310774653799854e+03 6.150456871500761119e-02
5.982582159887236230e+03 6.013434213645192650e-02
6.137769927550280954e+03 4.819312202152489788e-02
6.292874082792704939e+03 3.576447684737950328e-02
6.447894630890579720e+03 4.221386605927030661e-02
6.602831577245679000e+03 4.837061943227638494e-02
6.757684927385475021e+03 4.955101805750151273e-02
6.912454686962450069e+03 4.660750015038252203e-02
7.067140861754001889e+03 4.446915513542128856e-02
7.221743457661975299e+03 4.731385778048566304e-02
7.376262480712309298e+03 3.579830252778729016e-02
7.530697937054796967e+03 2.397172424082329167e-02
7.685049832962643450e+03 1.983576061601957305e-02
7.839318174832122168e+03 1.843745154590507515e-02
7.993502969182331981e+03 2.026756569222255833e-02
8.147604222654754267e+03 1.159888794609406464e-02
8.301621942012916406e+03 1.080258312867023261e-03
8.455556134142148949e+03 -5.011618420628727831e-03
8.609406806049142688e+03 -6.347973506077161595e-05
8.763173964861620334e+03 2.902546123356970677e-03
8.916857617828078219e+03 -2.649977674834027176e-03
9.070457772317366107e+03 -1.890887134613020713e-04
9.223974435818350685e+03 1.495765833649670938e-02
9.377407615939690004e+03 2.838965026435323266e-02
9.530757320409264139e+03 5.312922696265200140e-02
9.684023557074167911e+03 9.545074422532566494e-02
9.837206333900046957e+03 1.787709126132698834e-01
9.990305658970995864e+03 2.778843842877453119e-01
1.014332154048911798e+04 3.824723115783998373e-01
1.029625398677417979e+04 5.120733744461539727e-01
1.044910300626336902e+04 5.830070263139989217e-01
1.060186860751085260e+04 5.505817475785645954e-01
1.075455079918758565e+04 4.236017714265721268e-01
1.090714959008076949e+04 2.774210174987241095e-01
1.105966498909371330e+04 1.634659776107858786e-01
1.121209700524548498e+04 7.888332591207641853e-02
1.136444564767041265e+04 2.941948065683043512e-02
1.151671092561794831e+04 4.629435761193463617e-02
1.166889284845231123e+04 5.425520436456721801e-02
1.182099142565200964e+04 4.444297168563659389e-02
1.197300666680966788e+04 4.475087333441376408e-02
1.212493858163171717e+04 5.145124403545139891e-02
1.227678717993788996e+04 6.258023763034417652e-02
1.242855247166108529e+04 6.923579210871663725e-02
1.258023446684692681e+04 6.549375190233391875e-02
1.273183317565352263e+04 4.355215717021506533e-02
1.288334860835107611e+04 4.824612063242027932e-02
1.303478077532158932e+04 4.809358747533059447e-02
1.318612968705850290e+04 2.184854389769611341e-02
1.333739535416646504e+04 4.623828806293615867e-02
1.348857778736090222e+04 9.050068153962587125e-02
1.363967699746782819e+04 9.874419918902835325e-02
1.379069299542333465e+04 8.750365698073554743e-02
1.394162579227343667e+04 7.675962593837885872e-02
1.409247539917376344e+04 9.302637833285178071e-02
1.424324182738905256e+04 1.029078377753493145e-01
1.439392508829302096e+04 9.617847431538317782e-02
1.454452519336802834e+04 8.395402119846918920e-02
1.469504215420461151e+04 7.054310870552475687e-02
1.484547598250131887e+04 6.044578899083975776e-02
1.499582669006441392e+04 6.393742391827403337e-02
1.514609428880736414e+04 7.364336584976845235e-02
1.529627879075075361e+04 9.194613586557712215e-02
1.544638020802180836e+04 8.437885290931944338e-02
1.559639855285420708e+04 6.040921393980083764e-02
1.574633383758767559e+04 4.893635219802075498e-02
1.589618607466767389e+04 2.491583885644134411e-02
1.604595527664520705e+04 -5.505387019329059661e-03
1.619564145617628674e+04 2.135340295511441167e-02
1.634524462602191852e+04 3.786174172505828855e-02
1.649476479904748703e+04 3.201528081948372406e-02
1.664420198822269231e+04 5.092352712016632449e-02
1.679355620662109868e+04 7.107309058990932127e-02
1.694282746741984010e+04 7.993659110685660818e-02
1.709201578389939823e+04 7.699579622795899025e-02
1.724112116944321315e+04 8.216744812353585226e-02
1.739014363753735961e+04 1.084211959720090268e-01
1.753908320177035785e+04 1.111025345399962727e-01
1.768793987583275521e+04 1.038886081701297370e-01
1.783671367351682056e+04 1.137827453703879610e-01
1.798540460871635150e+04 1.057618525230386020e-01
1.813401269542625960e+04 8.077034106809219405e-02
1.828253794774227936e+04 7.472110177326352076e-02
1.843098037986074632e+04 8.503454401913311533e-02
1.857934000607821145e+04 1.078437125401725677e-01
1.872761684079117913e+04 1.059871458454800380e-01
1.887581089849574710e+04 1.027957636271440850e-01
1.902392219378742448e+04 1.164704221159799796e-01
1.917195074136070980e+04 1.225478002078984330e-01
1.931989655600888727e+04 1.196386586020882492e-01
1.946775965262367026e+04 1.236845784371561896e-01
1.961554004619490661e+04 1.348428312037284749e-01
1.976323775181026213e+04 1.411104790728844038e-01
1.991085278465502779e+04 1.218090729818621931e-01
