# velocity space (km/s) 	 normalized flux
-1.983743575742195389e+04 -3.265651759881622873e-02
-1.965185260704634857e+04 -3.451525003562355004e-02
-1.946626945667073960e+04 -4.386770857647297878e-02
-1.928068630629513427e+04 -6.110358900838967072e-02
-1.909510315591952531e+04 -7.424989843240863141e-02
-1.890952000554391998e+04 -8.152962447784357913e-02
-1.872393685516831101e+04 -8.513887638612513409e-02
-1.853835370479270568e+04 -9.500213570909978034e-02
-1.835277055441709672e+04 -9.881377291531810714e-02
-1.816718740404149139e+04 -9.343176049167507824e-02
-1.798160425366588606e+04 -9.280702540342271323e-02
-1.779602110329027710e+04 -1.029127035609103263e-01
-1.761043795291467177e+04 -1.087425930987687139e-01
-1.742485480253906280e+04 -1.102185292265545069e-01
-1.723927165216345747e+04 -1.143251299171338803e-01
-1.705368850178784851e+04 -1.180267042171552483e-01
-1.686810535141224318e+04 -1.178996039112412408e-01
-1.668252220103663421e+04 -1.098038615124230233e-01
-1.649693905066103252e+04 -1.175740235427474023e-01
-1.631135590028542538e+04 -1.240442355563671079e-01
-1.612577274990981823e+04 -1.208522684191485619e-01
-1.594018959953421108e+04 -1.226259777848869165e-01
-1.575460644915860394e+04 -1.226191491965666902e-01
-1.556902329878299679e+04 -1.184331086327796156e-01
-1.538344014840738964e+04 -1.170947145187643812e-01
-1.519785699803178250e+04 -1.201080942047984407e-01
-1.501227384765617535e+04 -1.169032412586431674e-01
-1.482669069728057002e+04 -1.171625971760498763e-01
-1.464110754690496287e+04 -1.178343212656702138e-01
-1.445552439652935573e+04 -1.139579512778530063e-01
-1.426994124615374858e+04 -1.057766285077079843e-01
-1.408435809577814143e+04 -9.685391398298096033e-02
-1.389877494540253429e+04 -8.380586259306987973e-02
-1.371319179502692714e+04 -7.195603019466224881e-02
-1.352760864465131999e+04 -6.520196485918920704e-02
-1.334202549427571284e+04 -5.584158531387799218e-02
-1.315644234390010570e+04 -4.502441691496329723e-02
-1.297085919352450037e+04 -3.609770290141674914e-02
-1.278527604314889322e+04 -2.392558754683112368e-02
-1.259969289277328608e+04 -1.095800094551460657e-02
-1.241410974239767893e+04 -8.255865121079950138e-04
-1.222852659202207178e+04 1.043348490109864517e-02
-1.204294344164646463e+04 2.728855142093086078e-02
-1.185736029127085749e+04 3.688643694494568581e-02
-1.167177714089525034e+04 4.616730124644968097e-02
-1.148619399051964319e+04 5.737675571328448160e-02
-1.130061084014403787e+04 6.699575507573266031e-02
-1.111502768976843072e+04 1.030322587607301471e-01
-1.092944453939282357e+04 1.466394949669644898e-01
-1.074386138901721642e+04 1.984980758458154693e-01
-1.055827823864160928e+04 2.593087079791340788e-01
-1.037269508826600213e+04 3.144995832193399621e-01
-1.018711193789039498e+04 3.658133855123621991e-01
-1.000152878751478784e+04 4.263329013251602739e-01
-9.815945637139180690e+03 4.841824361534212695e-01
-9.630362486763573543e+03 5.532861006467578724e-01
-9.444779336387968215e+03 6.238153538130654097e-01
-9.259196186012361068e+03 6.833603960813877665e-01
-9.073613035636753921e+03 6.898718410795272593e-01
-8.888029885261146774e+03 6.271584500635878356e-01
-8.702446734885539627e+03 5.722036950406788058e-01
-8.516863584509932480e+03 5.344081428989616578e-01
-8.331280434134325333e+03 4.930244103054680083e-01
-8.145697283758720005e+03 4.697588178925869995e-01
-7.960114133383112858e+03 4.536137737997901209e-01
-7.774530983007506620e+03 4.396723222946929410e-01
-7.588947832631899473e+03 4.179250375581882171e-01
-7.403364682256292326e+03 3.925982678584027941e-01
-7.217781531880685179e+03 3.685777101103737685e-01
-7.032198381505078942e+03 3.197539033794179475e-01
-6.846615231129471795e+03 2.604435190709670223e-01
-6.661032080753864648e+03 2.169419181418206777e-01
-6.475448930378257501e+03 1.863012350978751897e-01
-6.289865780002650354e+03 1.481362332981977781e-01
-6.104282629627044116e+03 1.069678309239246727e-01
-5.918699479251436969e+03 8.377369010075230715e-02
-5.733116328875829822e+03 6.909656024428095789e-02
-5.547533178500222675e+03 4.824466678469122027e-02
-5.361950028124615528e+03 5.049537903395136251e-02
-5.176366877749009291e+03 4.445982112637984068e-02
-4.990783727373402144e+03 5.119733722078563531e-02
-4.805200576997794997e+03 5.601454160971549440e-02
-4.619617426622187850e+03 6.042077366505686775e-02
-4.434034276246580703e+03 5.239886768545273105e-02
-4.248451125870974465e+03 4.914626730508753205e-02
-4.062867975495367773e+03 6.259549366278439886e-02
-3.877284825119761081e+03 8.740272879552681007e-02
-3.691701674744153934e+03 1.451766608376810763e-01
-3.506118524368547241e+03 2.520841156892575929e-01
-3.320535373992940094e+03 3.555329055608224542e-01
-3.134952223617333402e+03 2.974107840269894498e-01
-2.949369073241726255e+03 1.530370188006179299e-01
-2.763785922866119108e+03 6.457842791436028962e-02
-2.578202772490512416e+03 3.151592176028308878e-02
-2.392619622114905269e+03 1.641710308019401349e-02
-2.207036471739298577e+03 0.000000000000000000e+00
-2.021453321363691884e+03 -3.498214341137743846e-03
-1.835870170988084965e+03 2.463111947638797761e-03
-1.650287020612478045e+03 1.162387642369869419e-02
-1.464703870236870898e+03 3.074375908519747305e-02
-1.279120719861263979e+03 6.494887559490214457e-02
-1.093537569485657286e+03 1.201521481697746530e-01
-9.079544191100502530e+02 2.704326615811163403e-01
-7.223712687344433334e+02 5.701038402941246419e-01
-5.367881183588365275e+02 9.362870060933536909e-01
-3.512049679832294942e+02 1.000000000000000000e+00
-1.656218176076226314e+02 6.482233180122393135e-01
1.996133276798427048e+01 2.832338064658614374e-01
2.055444831435911794e+02 1.366077115942913034e-01
3.911276335191980706e+02 1.082262108439263487e-01
5.767107838948049903e+02 9.047043638238405627e-02
7.622939342704119099e+02 8.213612979561057958e-02
9.478770846460189432e+02 7.758695908526905272e-02
1.133460235021625749e+03 6.964527198202208336e-02
1.319043385397232669e+03 7.844317145619972287e-02
1.504626535772839588e+03 8.540914314326535084e-02
1.690209686148446508e+03 8.925513504377004248e-02
1.875792836524053428e+03 7.963407103951514188e-02
2.061375986899659893e+03 6.232480272514001607e-02
2.246959137275267040e+03 4.853470403158455238e-02
2.432542287650874187e+03 3.907407663373723555e-02
2.618125438026480879e+03 3.203110137941436036e-02
2.803708588402088026e+03 1.846594942227776023e-02
2.989291738777694718e+03 1.225873787946910910e-02
3.174874889153301865e+03 3.046613020284276094e-03
3.360458039528908557e+03 -2.784682296366160908e-03
3.546041189904515704e+03 -1.322356979814436409e-03
3.731624340280122851e+03 -5.646915306341919460e-03
3.917207490655729544e+03 -4.435611634454633689e-03
4.102790641031336236e+03 -3.729743779880269512e-03
4.288373791406942473e+03 -6.985736431200070644e-03
4.473956941782549620e+03 -3.918002288754818090e-03
4.659540092158156767e+03 -1.346309093818349751e-03
4.845123242533763914e+03 1.185118125115030945e-03
5.030706392909371061e+03 3.197543043567985330e-03
5.216289543284977299e+03 -4.530305449005757150e-04
5.401872693660584446e+03 3.139328839048365766e-03
5.587455844036191593e+03 5.181088350942296417e-03
5.773038994411798740e+03 6.156668837598094739e-03
5.958622144787404977e+03 1.163186684884301610e-02
6.144205295163012124e+03 1.497254173298169337e-02
6.329788445538619271e+03 1.582065905676206807e-02
6.515371595914226418e+03 1.950918028861340497e-02
6.700954746289833565e+03 2.198556320292514854e-02
6.886537896665439803e+03 2.444056415900509524e-02
7.072121047041046950e+03 3.535424822711438070e-02
7.257704197416654097e+03 4.744225632867709458e-02
7.443287347792261244e+03 5.993876521619641295e-02
7.628870498167868391e+03 8.257508051592904463e-02
7.814453648543474628e+03 8.534677284472809433e-02
8.000036798919081775e+03 9.784406941216537701e-02
8.185619949294687103e+03 1.021098272868776607e-01
8.371203099670294250e+03 1.131090991334597062e-01
8.556786250045901397e+03 1.153213059898560988e-01
8.742369400421508544e+03 1.286949975349511721e-01
8.927952550797115691e+03 1.383085823650445634e-01
9.113535701172722838e+03 1.447886011918261273e-01
9.299118851548329985e+03 1.566961647441896255e-01
9.484702001923935313e+03 1.555798280359521335e-01
9.670285152299542460e+03 1.612115903420016927e-01
9.855868302675149607e+03 1.512815949917267755e-01
1.004145145305075675e+04 1.410273913160545456e-01
1.022703460342636390e+04 1.458072591554345487e-01
1.041261775380197105e+04 1.440099063076245578e-01
1.059820090417757820e+04 1.415359440699143212e-01
1.078378405455318534e+04 1.464980345378051607e-01
1.096936720492879249e+04 1.469701001428500298e-01
1.115495035530439782e+04 1.437863646533594775e-01
1.134053350568000496e+04 1.397018208238495485e-01
1.152611665605561211e+04 1.307369229345456685e-01
1.171169980643121926e+04 1.259526172692092272e-01
1.189728295680682641e+04 1.267834336711670951e-01
1.208286610718243355e+04 1.281722044555208551e-01
1.226844925755804070e+04 1.174530975421273216e-01
1.245403240793364785e+04 1.151392652116434157e-01
1.263961555830925499e+04 1.167888261732651783e-01
1.282519870868486214e+04 1.183600750896848519e-01
1.301078185906046747e+04 1.131569902280734063e-01
1.319636500943607462e+04 1.053485470396645224e-01
1.338194815981168176e+04 1.057759923761120574e-01
1.356753131018728891e+04 1.144212127657403683e-01
1.375311446056289606e+04 1.172349745857616948e-01
1.393869761093850320e+04 1.180082678592009049e-01
1.412428076131411035e+04 1.319248633970455942e-01
1.430986391168971750e+04 1.383962345902121083e-01
1.449544706206532464e+04 1.417213146164204296e-01
1.468103021244092997e+04 1.495211008682350295e-01
1.486661336281653712e+04 1.547822031010152866e-01
1.505219651319214427e+04 1.518056907074289696e-01
1.523777966356775141e+04 1.435117733144903596e-01
1.542336281394335856e+04 1.423496895418325248e-01
1.560894596431896571e+04 1.423021133239143754e-01
1.579452911469457285e+04 1.423668445798750570e-01
1.598011226507018000e+04 1.423884806829261718e-01
1.616569541544578715e+04 1.427998186358436783e-01
1.635127856582139430e+04 1.490712544805139483e-01
1.653686171619699599e+04 1.561372956063183659e-01
1.672244486657260495e+04 1.639934982911099015e-01
1.690802801694821028e+04 1.692070753535513117e-01
1.709361116732381925e+04 1.793155031037701463e-01
1.727919431769942457e+04 1.867665915395003706e-01
1.746477746807503354e+04 1.905515845889936555e-01
1.765036061845063887e+04 1.758941863401379535e-01
1.783594376882624783e+04 1.663190521877890016e-01
1.802152691920185316e+04 1.541407354531972029e-01
1.820711006957745849e+04 1.490282165332115494e-01
1.839269321995306746e+04 1.454755769118775965e-01
1.857827637032867278e+04 1.427035333441116771e-01
1.876385952070428175e+04 1.446647767493708658e-01
1.894944267107988708e+04 1.509501260514340693e-01
1.913502582145549604e+04 1.538539414649396087e-01
1.932060897183110137e+04 1.539131049180633981e-01
1.950619212220671034e+04 1.509521177839548978e-01
1.969177527258231567e+04 1.477279985770627857e-01
1.987735842295792099e+04 1.410833408754477991e-01
