# velocity space (km/s) 	 normalized flux
-1.983743575742195389e+04 2.831484088158066736e+00
-1.965185260704634857e+04 2.435306375879135121e+00
-1.946626945667073960e+04 2.853938283893053818e+00
-1.928068630629513427e+04 2.837806191053621863e+00
-1.909510315591952531e+04 2.615870173668374044e+00
-1.890952000554391998e+04 2.270070357277127027e+00
-1.872393685516831101e+04 2.565381657689046246e+00
-1.853835370479270568e+04 1.941099354400398269e+00
-1.835277055441709672e+04 1.622720260579247675e+00
-1.816718740404149139e+04 1.752267404941955320e+00
-1.798160425366588606e+04 1.624168405295879580e+00
-1.779602110329027710e+04 1.171397957275278401e+00
-1.761043795291467177e+04 1.382792436607255038e+00
-1.742485480253906280e+04 9.587793732598790530e-01
-1.723927165216345747e+04 6.849747594157357122e-01
-1.705368850178784851e+04 1.135509706627081172e+00
-1.686810535141224318e+04 8.941710789211609889e-01
-1.668252220103663421e+04 1.168326286892976462e+00
-1.649693905066103252e+04 1.044582987547700847e+00
-1.631135590028542538e+04 5.872657825631449890e-01
-1.612577274990981823e+04 5.014890588876056432e-01
-1.594018959953421108e+04 7.515072372075358720e-01
-1.575460644915860394e+04 5.532938588143017089e-01
-1.556902329878299679e+04 6.122722476018994664e-01
-1.538344014840738964e+04 6.322086121299212991e-01
-1.519785699803178250e+04 5.288530417317283128e-01
-1.501227384765617535e+04 4.717560599517718889e-01
-1.482669069728057002e+04 5.471435290335370238e-01
-1.464110754690496287e+04 4.246884502353260316e-01
-1.445552439652935573e+04 2.252735813035579016e-01
-1.426994124615374858e+04 7.625584055450153331e-02
-1.408435809577814143e+04 3.519506870621115224e-01
-1.389877494540253429e+04 5.200778190797844536e-01
-1.371319179502692714e+04 7.427363647018878634e-01
-1.352760864465131999e+04 6.104131811050885759e-01
-1.334202549427571284e+04 5.738662566192642700e-01
-1.315644234390010570e+04 7.736510045880693465e-01
-1.297085919352450037e+04 7.951498399828477170e-01
-1.278527604314889322e+04 7.976915607985848311e-01
-1.259969289277328608e+04 7.239150044232668391e-01
-1.241410974239767893e+04 5.046467388474508153e-01
-1.222852659202207178e+04 3.799703998793755866e-01
-1.204294344164646463e+04 5.407676283185003374e-01
-1.185736029127085749e+04 9.676040780935508678e-01
-1.167177714089525034e+04 1.191889383933181890e+00
-1.148619399051964319e+04 1.147122408723348697e+00
-1.130061084014403787e+04 9.358659504212454294e-01
-1.111502768976843072e+04 8.662977151427352362e-01
-1.092944453939282357e+04 1.237729759698769749e+00
-1.074386138901721642e+04 1.815129598497310148e+00
-1.055827823864160928e+04 2.063123150856150723e+00
-1.037269508826600213e+04 2.344139532516421820e+00
-1.018711193789039498e+04 2.563242669090694648e+00
-1.000152878751478784e+04 2.861335693254894785e+00
-9.815945637139180690e+03 3.090126622536185419e+00
-9.630362486763573543e+03 3.492230798997620234e+00
-9.444779336387968215e+03 4.054899233167383876e+00
-9.259196186012361068e+03 4.010208868075786803e+00
-9.073613035636753921e+03 4.874274415348890166e+00
-8.888029885261146774e+03 4.643962163084815131e+00
-8.702446734885539627e+03 4.283048248821305748e+00
-8.516863584509932480e+03 4.276596491123335397e+00
-8.331280434134325333e+03 3.973450758283587625e+00
-8.145697283758720005e+03 4.200023885019328773e+00
-7.960114133383112858e+03 4.025867556615103204e+00
-7.774530983007506620e+03 4.403757840287917169e+00
-7.588947832631899473e+03 4.668145485043161180e+00
-7.403364682256292326e+03 4.428559184494955225e+00
-7.217781531880685179e+03 4.216844048414616353e+00
-7.032198381505078942e+03 3.443519897898971394e+00
-6.846615231129471795e+03 2.109946153129109714e+00
-6.661032080753864648e+03 1.413961641308794759e+00
-6.475448930378257501e+03 1.595745030001465281e+00
-6.289865780002650354e+03 8.542277368985558006e-01
-6.104282629627044116e+03 8.453035411980156510e-01
-5.918699479251436969e+03 8.043158150292223363e-01
-5.733116328875829822e+03 4.475167723609986270e-01
-5.547533178500222675e+03 4.304333342494818804e-01
-5.361950028124615528e+03 6.250152165104903013e-01
-5.176366877749009291e+03 6.892120208445170482e-01
-4.990783727373402144e+03 4.682551705473406711e-01
-4.805200576997794997e+03 3.348428538320264436e-01
-4.619617426622187850e+03 4.330570074175753015e-01
-4.434034276246580703e+03 3.260670152274750544e-01
-4.248451125870974465e+03 2.830326284187986707e-01
-4.062867975495367773e+03 2.392973780687868701e-01
-3.877284825119761081e+03 6.164270189403440181e-01
-3.691701674744153934e+03 5.928966574368190745e-01
-3.506118524368547241e+03 4.893752043089075188e-01
-3.320535373992940094e+03 6.872755253766223982e-01
-3.134952223617333402e+03 4.624610736611369788e-01
-2.949369073241726255e+03 6.734540731684234005e-02
-2.763785922866119108e+03 -2.620952256902907562e-01
-2.578202772490512416e+03 -1.126910624740317390e-01
-2.392619622114905269e+03 1.668938735177038779e-01
-2.207036471739298577e+03 0.000000000000000000e+00
-2.021453321363691884e+03 -7.419764207225297559e-02
-1.835870170988084965e+03 -1.528071490908043117e-01
-1.650287020612478045e+03 -1.523552806564314188e-01
-1.464703870236870898e+03 9.798309141259989308e-02
-1.279120719861263979e+03 1.689936499050512797e-01
-1.093537569485657286e+03 1.664044743146566308e-01
-9.079544191100502530e+02 4.355178879253570473e-02
-7.223712687344433334e+02 3.821488370665882539e-01
-5.367881183588365275e+02 1.548874146957611442e-01
-3.512049679832294942e+02 1.000000000000000000e+00
-1.656218176076226314e+02 -6.103627804372225435e-03
1.996133276798427048e+01 3.790081520839858054e-01
2.055444831435911794e+02 3.577161509516667004e-01
3.911276335191980706e+02 4.810706695573146452e-01
5.767107838948049903e+02 3.766453119590248422e-01
7.622939342704119099e+02 1.688042730810016545e-01
9.478770846460189432e+02 2.348245107937872167e-01
1.133460235021625749e+03 3.342773314291671016e-01
1.319043385397232669e+03 4.432197558738185106e-01
1.504626535772839588e+03 5.053796934275561759e-01
1.690209686148446508e+03 4.775340088175059061e-01
1.875792836524053428e+03 4.309542056132878995e-01
2.061375986899659893e+03 8.625008699179230742e-01
2.246959137275267040e+03 7.753320052595382705e-01
2.432542287650874187e+03 4.915663007052729627e-01
2.618125438026480879e+03 1.632363050988276942e-01
2.803708588402088026e+03 2.215330746100568349e-01
2.989291738777694718e+03 2.863318950829544240e-01
3.174874889153301865e+03 2.882470791777775876e-01
3.360458039528908557e+03 3.239111974394851545e-01
3.546041189904515704e+03 4.771556195244933130e-01
3.731624340280122851e+03 5.182793568772917636e-01
3.917207490655729544e+03 2.738147783795516488e-01
4.102790641031336236e+03 2.061772232009856376e-01
4.288373791406942473e+03 1.686880408134846521e-01
4.473956941782549620e+03 2.591592856734769579e-01
4.659540092158156767e+03 1.805762412262200065e-02
4.845123242533763914e+03 3.609889412600363889e-01
5.030706392909371061e+03 2.844350307258651789e-01
5.216289543284977299e+03 3.571216803472291867e-01
5.401872693660584446e+03 2.354293539544170810e-02
5.587455844036191593e+03 2.500868990980822937e-01
5.773038994411798740e+03 -4.004405784569109450e-02
5.958622144787404977e+03 9.554138527291215766e-02
6.144205295163012124e+03 9.862749414034963080e-02
6.329788445538619271e+03 -7.406753527480426647e-02
6.515371595914226418e+03 1.096447517984486773e-02
6.700954746289833565e+03 7.421442944546412235e-02
6.886537896665439803e+03 -1.111136935050551638e-02
7.072121047041046950e+03 1.594386689981120708e-01
7.257704197416654097e+03 2.138847063392368686e-01
7.443287347792261244e+03 2.590738971245693315e-02
7.628870498167868391e+03 5.543688313970719650e-02
7.814453648543474628e+03 1.953596449391862000e-01
8.000036798919081775e+03 2.636152321721322855e-01
8.185619949294687103e+03 -1.757448231149865217e-02
8.371203099670294250e+03 1.561042978839260187e-01
8.556786250045901397e+03 9.549373319870804733e-02
8.742369400421508544e+03 -2.157131323180975779e-01
8.927952550797115691e+03 1.904308549413207263e-01
9.113535701172722838e+03 7.902447037677433339e-02
9.299118851548329985e+03 6.869386786905182229e-02
9.484702001923935313e+03 1.479101391120550731e-02
9.670285152299542460e+03 9.215851569204742749e-04
9.855868302675149607e+03 5.137867034608892963e-02
1.004145145305075675e+04 2.664167762247992011e-01
1.022703460342636390e+04 1.451623757332849152e-01
1.041261775380197105e+04 -3.575688158850123810e-02
1.059820090417757820e+04 1.453442878762470913e-01
1.078378405455318534e+04 3.566960016271363276e-01
1.096936720492879249e+04 1.862070106859054497e-01
1.115495035530439782e+04 1.105346457996456699e-01
1.134053350568000496e+04 3.804973092973608639e-01
1.152611665605561211e+04 3.280308059135835785e-01
1.171169980643121926e+04 5.124709074383716478e-01
1.189728295680682641e+04 1.643789241279315361e-01
1.208286610718243355e+04 -9.208712346390432804e-03
1.226844925755804070e+04 -1.539297901904133070e-01
1.245403240793364785e+04 -3.444530968017828210e-02
1.263961555830925499e+04 1.678206940311775808e-01
1.282519870868486214e+04 1.136448456878911412e-01
1.301078185906046747e+04 3.074283844396513143e-01
1.319636500943607462e+04 1.502855773142826867e-01
1.338194815981168176e+04 2.684363581867071358e-01
1.356753131018728891e+04 5.611811040209571111e-01
1.375311446056289606e+04 5.679096821922450244e-01
1.393869761093850320e+04 4.283250000366526922e-01
1.412428076131411035e+04 1.254298870241376818e-01
1.430986391168971750e+04 4.609539856178102579e-01
1.449544706206532464e+04 2.565309170644597403e-01
1.468103021244092997e+04 3.547104766627057204e-01
1.486661336281653712e+04 4.848962559746952117e-01
1.505219651319214427e+04 5.415974721660883340e-01
1.523777966356775141e+04 4.387218220389150769e-01
1.542336281394335856e+04 4.611032230509828356e-01
1.560894596431896571e+04 5.544469536424880829e-01
1.579452911469457285e+04 6.899525759294641292e-01
1.598011226507018000e+04 5.801429613979345312e-01
1.616569541544578715e+04 4.266502857724426834e-01
1.635127856582139430e+04 7.241095117942927262e-01
1.653686171619699599e+04 6.457451052550133852e-01
1.672244486657260495e+04 4.473400954099442800e-02
1.690802801694821028e+04 1.048165306215828874e-01
1.709361116732381925e+04 1.363123187687918514e-01
1.727919431769942457e+04 1.900309744632217024e-01
1.746477746807503354e+04 5.999722279739992947e-01
1.765036061845063887e+04 1.893240138132275818e-01
1.783594376882624783e+04 1.949682070372386611e-01
1.802152691920185316e+04 2.837547917428102084e-01
1.820711006957745849e+04 3.158386351743022180e-01
1.839269321995306746e+04 2.182241570793808649e-01
1.857827637032867278e+04 3.458389143341177308e-01
1.876385952070428175e+04 6.577284662147908634e-01
1.894944267107988708e+04 4.441330096560571761e-01
1.913502582145549604e+04 2.431301344001707554e-01
1.932060897183110137e+04 2.777164601227122831e-01
1.950619212220671034e+04 2.898774935481806536e-01
1.969177527258231567e+04 2.972886079612141463e-01
1.987735842295792099e+04 4.898197405624051814e-01
