# velocity space (km/s) 	 normalized flux
-1.993771004382670799e+04 -1.594064645795923718e-01
-1.977928812268768888e+04 -1.646070232667411204e-01
-1.962086620154866978e+04 -6.337328413660082982e-02
-1.946244428040965067e+04 7.382375986226349940e-02
-1.930402235927063157e+04 -1.392296823678929873e-01
-1.914560043813161246e+04 -1.246118035477876279e-01
-1.898717851699259336e+04 7.628224353762549925e-02
-1.882875659585357425e+04 4.622285966941418883e-02
-1.867033467471455515e+04 5.316315400763331478e-02
-1.851191275357553604e+04 1.868563196803476600e-01
-1.835349083243651694e+04 1.471073790286209215e-01
-1.819506891129749783e+04 2.291629401100708091e-02
-1.803664699015847873e+04 -1.073343362965398784e-01
-1.787822506901945962e+04 -7.734624384380099638e-02
-1.771980314788044052e+04 9.579273840931568432e-03
-1.756138122674142141e+04 1.456009901679088947e-01
-1.740295930560240231e+04 2.174892311054890670e-02
-1.724453738446338321e+04 -1.113005112940363972e-01
-1.708611546332436410e+04 -1.935411334099915726e-01
-1.692769354218534500e+04 -5.739131365060091278e-02
-1.676927162104632953e+04 -1.471256461312826043e-03
-1.661084969990731042e+04 1.053890298643970769e-01
-1.645242777876829132e+04 -1.480224275150525126e-01
-1.629400585762927039e+04 -1.349319599936834591e-01
-1.613558393649025129e+04 -3.945396431233495760e-02
-1.597716201535123218e+04 -1.988432154348838965e-01
-1.581874009421221308e+04 -3.362308268105855258e-01
-1.566031817307319398e+04 -9.364941154557318570e-02
-1.550189625193417487e+04 -3.467840974307580260e-02
-1.534347433079515577e+04 1.128435494237662179e-01
-1.518505240965613666e+04 -1.531541680291327034e-01
-1.502663048851711756e+04 4.179154336095673022e-02
-1.486820856737809845e+04 1.429454131637190595e-01
-1.470978664623907935e+04 9.340733155043686592e-03
-1.455136472510006024e+04 3.142248838210389382e-03
-1.439294280396104114e+04 6.048512504912062493e-02
-1.423452088282202203e+04 3.937763611687514209e-02
-1.407609896168300293e+04 6.940170076249102538e-02
-1.391767704054398382e+04 3.731822745746362323e-03
-1.375925511940496472e+04 -4.608035950229420752e-02
-1.360083319826594561e+04 5.281997202314013540e-02
-1.344241127712692651e+04 -2.076126530868690201e-01
-1.328398935598790740e+04 -2.263551490505627539e-01
-1.312556743484888830e+04 -9.688282592679847705e-02
-1.296714551370986919e+04 -2.354726862641795537e-02
-1.280872359257085009e+04 -3.122489887313671941e-01
-1.265030167143183098e+04 -8.377707293270124367e-02
-1.249187975029281188e+04 -1.044545042401335555e-01
-1.233345782915379277e+04 -2.719559686829201711e-02
-1.217503590801477367e+04 1.110728443751540367e-01
-1.201661398687575456e+04 1.028318113114483345e-02
-1.185819206573673546e+04 -3.304632457613990854e-02
-1.169977014459771635e+04 4.716144671197018343e-03
-1.154134822345869725e+04 -8.033934112984459849e-03
-1.138292630231967996e+04 -6.739114882834784659e-02
-1.122450438118066086e+04 -1.129494702599016381e-01
-1.106608246004164175e+04 -1.522919026108845442e-01
-1.090766053890262265e+04 -1.523170967424938849e-01
-1.074923861776360354e+04 2.076307238808755909e-02
-1.059081669662458444e+04 9.700334435260310473e-02
-1.043239477548556533e+04 -1.189775981962357988e-02
-1.027397285434654623e+04 -1.087922782199423621e-01
-1.011555093320752712e+04 -7.586284210838788178e-02
-9.957129012068508018e+03 9.489578288540198581e-02
-9.798707090929488913e+03 2.639586995426224103e-02
-9.640285169790469809e+03 -1.404984253786300819e-01
-9.481863248651450704e+03 -1.162158207014141881e-01
-9.323441327512431599e+03 -9.069052001670865892e-03
-9.165019406373412494e+03 4.694429946209299764e-02
-9.006597485234393389e+03 7.352933003091309538e-02
-8.848175564095374284e+03 6.444913007343518185e-02
-8.689753642956355179e+03 1.582363259760886653e-01
-8.531331721817336074e+03 1.851726299529995179e-01
-8.372909800678316969e+03 1.058828036905973685e-01
-8.214487879539299684e+03 1.789161234358644520e-02
-8.056065958400280579e+03 1.723511599749905782e-02
-7.897644037261261474e+03 3.275685429394402381e-02
-7.739222116122242369e+03 -3.257908856897640676e-02
-7.580800194983224173e+03 -1.897564553338099494e-02
-7.422378273844205069e+03 9.094470210626064881e-04
-7.263956352705185964e+03 2.773117419212936877e-02
-7.105534431566166859e+03 6.775376189127196858e-02
-6.947112510427147754e+03 5.964271039584991690e-02
-6.788690589288128649e+03 -3.700641497437173744e-02
-6.630268668149109544e+03 -6.477220477562575796e-02
-6.471846747010090439e+03 -1.492179024783866007e-02
-6.313424825871071334e+03 -2.131121156863194453e-03
-6.155002904732052230e+03 -4.694690509995596596e-03
-5.996580983593033125e+03 1.597941728720003451e-01
-5.838159062454014020e+03 1.907730670093364389e-01
-5.679737141314994915e+03 1.427331404213177668e-01
-5.521315220175975810e+03 1.397869489147301469e-01
-5.362893299036956705e+03 7.856408278340276663e-02
-5.204471377897937600e+03 3.187249374947320052e-02
-5.046049456758918495e+03 -5.889957956158072341e-03
-4.887627535619899390e+03 1.261164802874671122e-02
-4.729205614480880286e+03 3.003594212476859426e-02
-4.570783693341862090e+03 -2.559996645162206097e-02
-4.412361772202842985e+03 -4.303015949520784533e-02
-4.253939851063823880e+03 5.006622365084214404e-02
-4.095517929924804776e+03 3.051309775356095266e-01
-3.937096008785785671e+03 5.040040674606388604e-01
-3.778674087646766566e+03 4.649067395744269082e-01
-3.620252166507747461e+03 2.761122204796977453e-01
-3.461830245368728356e+03 1.798936991388396245e-01
-3.303408324229709251e+03 6.234976994318586901e-02
-3.144986403090690146e+03 1.169441715513149307e-02
-2.986564481951671041e+03 6.380907165722093932e-02
-2.828142560812651936e+03 1.361519185097312123e-01
-2.669720639673633286e+03 2.585217694892230633e-01
-2.511298718534614181e+03 3.484316345420074845e-01
-2.352876797395595077e+03 4.208407402506240125e-01
-2.194454876256575972e+03 4.010977028648303744e-01
-2.036032955117556867e+03 3.224190065617150713e-01
-1.877611033978537989e+03 3.132267667495255981e-01
-1.719189112839518884e+03 2.920889512790147413e-01
-1.560767191700500007e+03 4.371461363462819105e-01
-1.402345270561480902e+03 5.046348034416308082e-01
-1.243923349422461797e+03 5.393343325147446077e-01
-1.085501428283442920e+03 6.493588597022651454e-01
-9.270795071444237010e+02 6.538933505239331589e-01
-7.686575860054048235e+02 5.150751491927836323e-01
-6.102356648663857186e+02 6.166435976883132275e-01
-4.518137437273666706e+02 7.438232609838231202e-01
-2.933918225883476225e+02 6.694843319221677191e-01
-1.349699014493286029e+02 6.670829912241074133e-01
2.345201968969044160e+01 6.131332409698532215e-01
1.818739408287094648e+02 6.165983786891316987e-01
3.402958619677285128e+02 7.171556655838953187e-01
4.987177831067475609e+02 7.784478334963111923e-01
6.571397042457665520e+02 8.044571124870457668e-01
8.155616253847856569e+02 7.578978023938307551e-01
9.739835465238047618e+02 7.493979511694447426e-01
1.132405467662823639e+03 8.182162699055406385e-01
1.290827388801842744e+03 9.108657611181861791e-01
1.449249309940861849e+03 1.000000000000000000e+00
1.607671231079880954e+03 9.548019943953875988e-01
1.766093152218900059e+03 7.151051604889113733e-01
1.924515073357918709e+03 5.317498183056746930e-01
2.082936994496937587e+03 5.575956348776178739e-01
2.241358915635956691e+03 5.655626090833046904e-01
2.399780836774975796e+03 5.714672679592833759e-01
2.558202757913994901e+03 4.734832112749183808e-01
2.716624679053014006e+03 3.290951337067583582e-01
2.875046600192032656e+03 2.403437254113289234e-01
3.033468521331051761e+03 2.156137902263391692e-01
3.191890442470070866e+03 1.384570596894714178e-01
3.350312363609089971e+03 1.551152810508043545e-01
3.508734284748109076e+03 1.429150161438099420e-01
3.667156205887128181e+03 1.798033072340735061e-01
3.825578127026147286e+03 7.121089228165944363e-02
3.984000048165166390e+03 -2.872502456450961097e-02
4.142421969304185950e+03 -6.284699496593043090e-03
4.300843890443204145e+03 3.500972406110318402e-02
4.459265811582223250e+03 2.041514115610041924e-01
4.617687732721242355e+03 2.672825999815735543e-01
4.776109653860261460e+03 9.700712280504149299e-02
4.934531574999280565e+03 1.215775883585726302e-01
5.092953496138299670e+03 2.022201831064705524e-01
5.251375417277318775e+03 1.800907756712078200e-01
5.409797338416337880e+03 1.979071755734204130e-01
5.568219259555356984e+03 1.551933557201614355e-01
5.726641180694376089e+03 9.104212205298196914e-02
5.885063101833395194e+03 4.847061380262021602e-02
6.043485022972413390e+03 1.158987769672333024e-01
6.201906944111432495e+03 1.327410440423746341e-01
6.360328865250451599e+03 1.466623073433924174e-01
6.518750786389470704e+03 1.479369889607855815e-01
6.677172707528489809e+03 9.543285416534899590e-02
6.835594628667508914e+03 8.186773449883436027e-02
6.994016549806528019e+03 1.426159166241222909e-01
7.152438470945547124e+03 1.987028605461973740e-01
7.310860392084566229e+03 8.060115194466298261e-02
7.469282313223584424e+03 6.010124514857780043e-02
7.627704234362603529e+03 5.667488557739363414e-02
7.786126155501622634e+03 7.360613960993522831e-02
7.944548076640641739e+03 -3.757314331455699138e-03
8.102969997779660844e+03 -8.264607491284294005e-02
8.261391918918679949e+03 -7.365369703952212577e-02
8.419813840057699053e+03 -5.725619121243880755e-02
8.578235761196718158e+03 1.915593455300357642e-02
8.736657682335737263e+03 8.301419464337631005e-02
8.895079603474756368e+03 2.009145945182793935e-01
9.053501524613775473e+03 2.036324801487174041e-01
9.211923445752794578e+03 2.746413578573150133e-02
9.370345366891813683e+03 8.446189338237142935e-03
9.528767288030832788e+03 1.433497623700294155e-01
9.687189209169851893e+03 1.163957581802974178e-01
9.845611130308870997e+03 -2.101492990825055279e-02
1.000403305144789010e+04 -2.335226478470410830e-02
1.016245497258690921e+04 -8.065606964630962772e-02
1.032087689372592831e+04 -1.579420695737627500e-01
1.047929881486494742e+04 -1.501930406143193175e-01
1.063772073600396652e+04 6.476264086571557888e-02
1.079614265714298381e+04 3.023355118200174441e-01
1.095456457828200291e+04 2.871276364239939705e-01
1.111298649942102202e+04 1.970456305748609638e-01
1.127140842056004112e+04 1.945738863708901811e-01
1.142983034169906023e+04 1.959705165756532308e-01
1.158825226283807933e+04 1.655997665626801063e-01
1.174667418397709844e+04 1.165039976222664031e-01
1.190509610511611754e+04 1.372214718617331963e-01
1.206351802625513665e+04 2.196953228981770312e-01
1.222193994739415575e+04 1.736418063753189800e-01
1.238036186853317486e+04 1.066139887541954212e-01
1.253878378967219396e+04 8.517109130233785352e-02
1.269720571081121307e+04 1.148704320246497351e-01
1.285562763195023217e+04 1.116747810408711961e-01
1.301404955308925128e+04 9.425764239858315519e-02
1.317247147422827038e+04 1.748970074555868809e-02
1.333089339536728949e+04 4.740381992108377851e-02
1.348931531650630859e+04 9.629395856816085064e-02
1.364773723764532770e+04 7.799977954665489321e-02
1.380615915878434680e+04 1.650287555322492161e-01
1.396458107992336591e+04 1.343345060850991146e-01
1.412300300106238501e+04 1.065081601239670911e-01
1.428142492220140412e+04 1.034467056987227324e-01
1.443984684334042322e+04 8.816436444397562910e-02
1.459826876447944232e+04 1.870664141618188780e-01
1.475669068561846143e+04 3.677258861551570002e-01
1.491511260675748053e+04 3.880918592280482304e-01
1.507353452789649964e+04 3.107513180501171313e-01
1.523195644903551874e+04 2.270415106299505104e-01
1.539037837017453785e+04 1.760348018629131761e-01
1.554880029131355695e+04 1.944617644058913575e-01
1.570722221245257606e+04 1.771198991577297432e-01
1.586564413359159516e+04 1.375294047089730964e-01
1.602406605473061427e+04 1.893654957945738876e-02
1.618248797586963337e+04 1.907612115535885916e-02
1.634090989700865248e+04 5.583583296181723887e-02
1.649933181814767158e+04 -3.849578213089225459e-02
1.665775373928669069e+04 4.732084613478163004e-02
1.681617566042570979e+04 1.895481586333881141e-01
1.697459758156472890e+04 1.731910950460894272e-01
1.713301950270374800e+04 1.695731774970562211e-01
1.729144142384276711e+04 2.019212852275410197e-01
1.744986334498178621e+04 1.294893171839497925e-01
1.760828526612080532e+04 7.944641413851495637e-02
1.776670718725982078e+04 5.389190955733858023e-04
1.792512910839883989e+04 -2.466737986153517276e-02
1.808355102953785899e+04 1.505094404497153149e-01
1.824197295067687810e+04 2.513161956651988049e-01
1.840039487181589720e+04 7.020378802862137224e-02
1.855881679295491631e+04 8.554551461436375737e-02
1.871723871409393541e+04 1.026168341415594487e-01
1.887566063523295452e+04 4.144116679246362400e-02
1.903408255637197362e+04 8.387948632324671028e-02
1.919250447751099273e+04 2.600806996970892460e-01
1.935092639865001183e+04 2.087153905898023742e-01
1.950934831978903094e+04 1.031985276508998323e-01
1.966777024092805004e+04 1.817149174928225086e-01
1.982619216206706915e+04 2.661950985197149566e-01
1.998461408320608825e+04 3.276273908658794420e-01
