# velocity space (km/s) 	 normalized flux
-1.993771004382670799e+04 -1.786255262084569806e-01
-1.977928812268768888e+04 -1.835373709649704976e-01
-1.962086620154866978e+04 -8.314458582605011028e-02
-1.946244428040965067e+04 5.282979835267164609e-02
-1.930402235927063157e+04 -1.577288296594525074e-01
-1.914560043813161246e+04 -1.430325850161586476e-01
-1.898717851699259336e+04 5.596273764793745220e-02
-1.882875659585357425e+04 2.645591327478839794e-02
-1.867033467471455515e+04 3.355606146293588221e-02
-1.851191275357553604e+04 1.660637566335029514e-01
-1.835349083243651694e+04 1.269702180914830392e-01
-1.819506891129749783e+04 4.330783702136810007e-03
-1.803664699015847873e+04 -1.243038814274589343e-01
-1.787822506901945962e+04 -9.440055888549016283e-02
-1.771980314788044052e+04 -8.164131186510315691e-03
-1.756138122674142141e+04 1.266473999642679926e-01
-1.740295930560240231e+04 4.343385280453788619e-03
-1.724453738446338321e+04 -1.270603781157020051e-01
-1.708611546332436410e+04 -2.081946016811392630e-01
-1.692769354218534500e+04 -7.325632675682919315e-02
-1.676927162104632953e+04 -1.769627508670361393e-02
-1.661084969990731042e+04 8.826333843526031064e-02
-1.645242777876829132e+04 -1.622249545041057062e-01
-1.629400585762927039e+04 -1.490399095850553080e-01
-1.613558393649025129e+04 -5.434177782458408240e-02
-1.597716201535123218e+04 -2.118057934879198911e-01
-1.581874009421221308e+04 -3.475016894929512379e-01
-1.566031817307319398e+04 -1.072614583031909485e-01
-1.550189625193417487e+04 -4.868284400885431601e-02
-1.534347433079515577e+04 9.750686918281541160e-02
-1.518505240965613666e+04 -1.654340963064983294e-01
-1.502663048851711756e+04 2.767602486018995792e-02
-1.486820856737809845e+04 1.279897883854757279e-01
-1.470978664623907935e+04 -3.963327372079055062e-03
-1.455136472510006024e+04 -9.862506016748574800e-03
-1.439294280396104114e+04 4.710526321766491525e-02
-1.423452088282202203e+04 2.645532053046445800e-02
-1.407609896168300293e+04 5.639423346514560453e-02
-1.391767704054398382e+04 -8.345123875357003326e-03
-1.375925511940496472e+04 -5.739509519872874888e-02
-1.360083319826594561e+04 4.068904856003648096e-02
-1.344241127712692651e+04 -2.167458911319540549e-01
-1.328398935598790740e+04 -2.350559423145747173e-01
-1.312556743484888830e+04 -1.067242906899240062e-01
-1.296714551370986919e+04 -3.393358281919426483e-02
-1.280872359257085009e+04 -3.193375761618348907e-01
-1.265030167143183098e+04 -9.305708962002713636e-02
-1.249187975029281188e+04 -1.132815392101396285e-01
-1.233345782915379277e+04 -3.660912275770197843e-02
-1.217503590801477367e+04 1.004252871141041586e-01
-1.201661398687575456e+04 9.388974615842105844e-04
-1.185819206573673546e+04 -4.169720288358098187e-02
-1.169977014459771635e+04 -4.102018903975027456e-03
-1.154134822345869725e+04 -1.648325497522212801e-02
-1.138292630231967996e+04 -7.497695009744624606e-02
-1.122450438118066086e+04 -1.198182100552786095e-01
-1.106608246004164175e+04 -1.585095548774438923e-01
-1.090766053890262265e+04 -1.583009651474107660e-01
-1.074923861776360354e+04 1.317568934246263722e-02
-1.059081669662458444e+04 8.884028193767963544e-02
-1.043239477548556533e+04 -1.867145576881998684e-02
-1.027397285434654623e+04 -1.143040427039296314e-01
-1.011555093320752712e+04 -8.149059521409381113e-02
-9.957129012068508018e+03 8.768915544755716274e-02
-9.798707090929488913e+03 2.014980049948658300e-02
-9.640285169790469809e+03 -1.447396026482086484e-01
-9.481863248651450704e+03 -1.204812112129942242e-01
-9.323441327512431599e+03 -1.423815597169898056e-02
-9.165019406373412494e+03 4.141419977001355862e-02
-9.006597485234393389e+03 6.795057970469836617e-02
-8.848175564095374284e+03 5.920027125295389270e-02
-8.689753642956355179e+03 1.522255489750730939e-01
-8.531331721817336074e+03 1.791094739867654939e-01
-8.372909800678316969e+03 1.008947272406219842e-01
-8.214487879539299684e+03 1.407096959657415727e-02
-8.056065958400280579e+03 1.365495760130725107e-02
-7.897644037261261474e+03 2.924546837483680758e-02
-7.739222116122242369e+03 -3.516349811888348775e-02
-7.580800194983224173e+03 -2.147092228377669651e-02
-7.422378273844205069e+03 -1.563368840129291748e-03
-7.263956352705185964e+03 2.520719545625380031e-02
-7.105534431566166859e+03 6.503850953647587196e-02
-6.947112510427147754e+03 5.724706323916321782e-02
-6.788690589288128649e+03 -3.814273520818281527e-02
-6.630268668149109544e+03 -6.538030916765437406e-02
-6.471846747010090439e+03 -1.582547843828394085e-02
-6.313424825871071334e+03 -2.937049961519536470e-03
-6.155002904732052230e+03 -5.239893751695713295e-03
-5.996580983593033125e+03 1.577366410330961755e-01
-5.838159062454014020e+03 1.886202491299655837e-01
-5.679737141314994915e+03 1.413237231732280552e-01
-5.521315220175975810e+03 1.386423182886901140e-01
-5.362893299036956705e+03 7.830277332387772238e-02
-5.204471377897937600e+03 3.234027399219733395e-02
-5.046049456758918495e+03 -4.787859717453621898e-03
-4.887627535619899390e+03 1.375089114884523074e-02
-4.729205614480880286e+03 3.122376445436516809e-02
-4.570783693341862090e+03 -2.358812157315547109e-02
-4.412361772202842985e+03 -4.059979830180127786e-02
-4.253939851063823880e+03 5.174199878340841885e-02
-4.095517929924804776e+03 3.043330734528646442e-01
-3.937096008785785671e+03 5.013288889076011889e-01
-3.778674087646766566e+03 4.628800470706364578e-01
-3.620252166507747461e+03 2.763228638448844143e-01
-3.461830245368728356e+03 1.813590990997708818e-01
-3.303408324229709251e+03 6.529626922648396059e-02
-3.144986403090690146e+03 1.541207657149494710e-02
-2.986564481951671041e+03 6.720711517913524613e-02
-2.828142560812651936e+03 1.390156489908435100e-01
-2.669720639673633286e+03 2.603202123945603796e-01
-2.511298718534614181e+03 3.495093123196641449e-01
-2.352876797395595077e+03 4.213834017319890157e-01
-2.194454876256575972e+03 4.020834286321862683e-01
-2.036032955117556867e+03 3.244733254595938976e-01
-1.877611033978537989e+03 3.156121663170862734e-01
-1.719189112839518884e+03 2.949322189701700236e-01
-1.560767191700500007e+03 4.386833185790532386e-01
-1.402345270561480902e+03 5.056891937247430802e-01
-1.243923349422461797e+03 5.402539468371100329e-01
-1.085501428283442920e+03 6.493442167328777881e-01
-9.270795071444237010e+02 6.540640960217415367e-01
-7.686575860054048235e+02 5.169527939974106756e-01
-6.102356648663857186e+02 6.176767359773833732e-01
-4.518137437273666706e+02 7.437400615112762514e-01
-2.933918225883476225e+02 6.704236643391572326e-01
-1.349699014493286029e+02 6.682813273483041439e-01
2.345201968969044160e+01 6.151377031658750161e-01
1.818739408287094648e+02 6.187995792078161417e-01
3.402958619677285128e+02 7.185230918119511756e-01
4.987177831067475609e+02 7.793982359199235210e-01
6.571397042457665520e+02 8.053649751646680954e-01
8.155616253847856569e+02 7.595333507969843634e-01
9.739835465238047618e+02 7.513572313970946492e-01
1.132405467662823639e+03 8.196786455822685502e-01
1.290827388801842744e+03 9.115782939370836724e-01
1.449249309940861849e+03 1.000000000000000000e+00
1.607671231079880954e+03 9.555152315639764415e-01
1.766093152218900059e+03 7.185959983975784837e-01
1.924515073357918709e+03 5.374202619737182829e-01
2.082936994496937587e+03 5.632252737502908557e-01
2.241358915635956691e+03 5.713412048738444327e-01
2.399780836774975796e+03 5.774167095843318886e-01
2.558202757913994901e+03 4.807061484612832336e-01
2.716624679053014006e+03 3.380840875206053142e-01
2.875046600192032656e+03 2.505081816871569944e-01
3.033468521331051761e+03 2.262742405165331649e-01
3.191890442470070866e+03 1.501699493332622204e-01
3.350312363609089971e+03 1.668848808150102669e-01
3.508734284748109076e+03 1.550476230292966995e-01
3.667156205887128181e+03 1.917779071675811686e-01
3.825578127026147286e+03 8.457158232809677822e-02
3.984000048165166390e+03 -1.407012238457934147e-02
4.142421969304185950e+03 8.365542952002312169e-03
4.300843890443204145e+03 4.945519393225918103e-02
4.459265811582223250e+03 2.170351688839189108e-01
4.617687732721242355e+03 2.797298145806904057e-01
4.776109653860261460e+03 1.114951166365290708e-01
4.934531574999280565e+03 1.360383136622664857e-01
5.092953496138299670e+03 2.160585038504711508e-01
5.251375417277318775e+03 1.943974890563421876e-01
5.409797338416337880e+03 2.122583064517605533e-01
5.568219259555356984e+03 1.702313572197199643e-01
5.726641180694376089e+03 1.069945257045700343e-01
5.885063101833395194e+03 6.510837761445688321e-02
6.043485022972413390e+03 1.320543910035141821e-01
6.201906944111432495e+03 1.489514147823308432e-01
6.360328865250451599e+03 1.629584376153506431e-01
6.518750786389470704e+03 1.644531065272443471e-01
6.677172707528489809e+03 1.127397543904224281e-01
6.835594628667508914e+03 9.955212808384890366e-02
6.994016549806528019e+03 1.598890601384076182e-01
7.152438470945547124e+03 2.156142272458592690e-01
7.310860392084566229e+03 9.899953810254229214e-02
7.469282313223584424e+03 7.895072882150450111e-02
7.627704234362603529e+03 7.579425226019607942e-02
7.786126155501622634e+03 9.277931851034695865e-02
7.944548076640641739e+03 1.647049803482279057e-02
8.102969997779660844e+03 -6.134743984454472249e-02
8.261391918918679949e+03 -5.221698844014117241e-02
8.419813840057699053e+03 -3.576000532095265777e-02
8.578235761196718158e+03 4.007461706046906019e-02
8.736657682335737263e+03 1.034886174640055750e-01
8.895079603474756368e+03 2.203711674373105278e-01
9.053501524613775473e+03 2.232937225435415174e-01
9.211923445752794578e+03 4.922870288149058804e-02
9.370345366891813683e+03 3.064612477995435486e-02
9.528767288030832788e+03 1.643513803383319372e-01
9.687189209169851893e+03 1.379169758940340662e-01
9.845611130308870997e+03 2.198248106811358238e-03
1.000403305144789010e+04 1.192375952384540502e-04
1.016245497258690921e+04 -5.634284206929946609e-02
1.032087689372592831e+04 -1.325750306090766606e-01
1.047929881486494742e+04 -1.246747315135795786e-01
1.063772073600396652e+04 8.823297875505042853e-02
1.079614265714298381e+04 3.235178251133191130e-01
1.095456457828200291e+04 3.087048788896497031e-01
1.111298649942102202e+04 2.198124981434520231e-01
1.127140842056004112e+04 2.176005048924900265e-01
1.142983034169906023e+04 2.192158280589107666e-01
1.158825226283807933e+04 1.894009423060327157e-01
1.174667418397709844e+04 1.410597804525307863e-01
1.190509610511611754e+04 1.617908808831050593e-01
1.206351802625513665e+04 2.436228908480514710e-01
1.222193994739415575e+04 1.982916916799720430e-01
1.238036186853317486e+04 1.322088075779646321e-01
1.253878378967219396e+04 1.112270163161422354e-01
1.269720571081121307e+04 1.408446518687863080e-01
1.285562763195023217e+04 1.379164352096771684e-01
1.301404955308925128e+04 1.209176743260677450e-01
1.317247147422827038e+04 4.519804551536019815e-02
1.333089339536728949e+04 7.502817991460712654e-02
1.348931531650630859e+04 1.236329268994571240e-01
1.364773723764532770e+04 1.057664343313162308e-01
1.380615915878434680e+04 1.921052222497489081e-01
1.396458107992336591e+04 1.619702706075287768e-01
1.412300300106238501e+04 1.346727832166294270e-01
1.428142492220140412e+04 1.318773387862046120e-01
1.443984684334042322e+04 1.169907170664448715e-01
1.459826876447944232e+04 2.150765607811396529e-01
1.475669068561846143e+04 3.940520732443906771e-01
1.491511260675748053e+04 4.144354032568462465e-01
1.507353452789649964e+04 3.381492523542461437e-01
1.523195644903551874e+04 2.555614370624519349e-01
1.539037837017453785e+04 2.053296176359513947e-01
1.554880029131355695e+04 2.237945173077819372e-01
1.570722221245257606e+04 2.068702308846799565e-01
1.586564413359159516e+04 1.679334568359130975e-01
1.602406605473061427e+04 5.083283407519906955e-02
1.618248797586963337e+04 5.120444072933164753e-02
1.634090989700865248e+04 8.780751029326420987e-02
1.649933181814767158e+04 -5.289375370730251859e-03
1.665775373928669069e+04 7.984993239357085493e-02
1.681617566042570979e+04 2.208011950175221560e-01
1.697459758156472890e+04 2.048512578083890590e-01
1.713301950270374800e+04 2.015052564193266504e-01
1.729144142384276711e+04 2.337435456070772188e-01
1.744986334498178621e+04 1.623138694295103990e-01
1.760828526612080532e+04 1.130356261235446330e-01
1.776670718725982078e+04 3.519915262567163000e-02
1.792512910839883989e+04 1.049390369291415548e-02
1.808355102953785899e+04 1.840449560143892771e-01
1.824197295067687810e+04 2.840152891427608073e-01
1.840039487181589720e+04 1.050586813001885972e-01
1.855881679295491631e+04 1.204710909638213173e-01
1.871723871409393541e+04 1.375947360873069625e-01
1.887566063523295452e+04 7.730188894825530677e-02
1.903408255637197362e+04 1.195232948661126837e-01
1.919250447751099273e+04 2.940878675897131145e-01
1.935092639865001183e+04 2.435012539203341431e-01
1.950934831978903094e+04 1.393378379283621016e-01
1.966777024092805004e+04 2.172543902357591539e-01
1.982619216206706915e+04 3.010714354893772038e-01
1.998461408320608825e+04 3.620852167842135705e-01
