# velocity space (km/s) 	 normalized flux
-1.993771004382670799e+04 7.757576047420960963e-02
-1.977928812268768888e+04 5.364168524222107798e-02
-1.962086620154866978e+04 5.825698537353398571e-02
-1.946244428040965067e+04 7.366323506056575432e-02
-1.930402235927063157e+04 6.972584868222408971e-02
-1.914560043813161246e+04 7.312037505234048052e-02
-1.898717851699259336e+04 1.188847502274449214e-01
-1.882875659585357425e+04 1.105127896263440740e-01
-1.867033467471455515e+04 1.124457200715002492e-01
-1.851191275357553604e+04 1.030678013731663040e-01
-1.835349083243651694e+04 1.344558981303624334e-01
-1.819506891129749783e+04 1.582382684954411478e-01
-1.803664699015847873e+04 1.631140827683065508e-01
-1.787822506901945962e+04 1.994862133276090466e-01
-1.771980314788044052e+04 1.899136397348138439e-01
-1.756138122674142141e+04 1.901083260402454123e-01
-1.740295930560240231e+04 1.705143448841924536e-01
-1.724453738446338321e+04 1.416701073590127813e-01
-1.708611546332436410e+04 1.115419698206957799e-01
-1.692769354218534500e+04 1.004546701616120530e-01
-1.676927162104632953e+04 8.504469584306194319e-02
-1.661084969990731042e+04 8.912279204441388158e-02
-1.645242777876829132e+04 6.791142466195189409e-02
-1.629400585762927039e+04 7.187804278338694175e-02
-1.613558393649025129e+04 7.215477611075589437e-02
-1.597716201535123218e+04 9.337172299755555627e-02
-1.581874009421221308e+04 1.488052189293875283e-01
-1.566031817307319398e+04 1.566381219485005194e-01
-1.550189625193417487e+04 8.471088103187811302e-02
-1.534347433079515577e+04 2.278667854231007997e-02
-1.518505240965613666e+04 1.684611302849802275e-02
-1.502663048851711756e+04 5.947090451118994953e-02
-1.486820856737809845e+04 7.165584273301861540e-02
-1.470978664623907935e+04 1.677584628427396252e-02
-1.455136472510006024e+04 6.281195101600709450e-03
-1.439294280396104114e+04 2.521955315447732202e-02
-1.423452088282202203e+04 2.829197391975381629e-02
-1.407609896168300293e+04 1.496620658901171019e-02
-1.391767704054398382e+04 -3.239357018850973907e-02
-1.375925511940496472e+04 2.635178262254586970e-02
-1.360083319826594561e+04 4.242637833397572278e-02
-1.344241127712692651e+04 1.915132972979022644e-02
-1.328398935598790740e+04 4.150544234453334980e-02
-1.312556743484888830e+04 4.403205402559110491e-03
-1.296714551370986919e+04 -3.154930801814755797e-02
-1.280872359257085009e+04 -8.290178390153855881e-03
-1.265030167143183098e+04 1.008884591634844020e-03
-1.249187975029281188e+04 7.448087467897941899e-04
-1.233345782915379277e+04 4.308258662408556011e-02
-1.217503590801477367e+04 2.519780838599939080e-02
-1.201661398687575456e+04 5.425615068706394692e-03
-1.185819206573673546e+04 -1.779893734614898526e-02
-1.169977014459771635e+04 -3.410331478487744344e-02
-1.154134822345869725e+04 -3.851260186229552712e-02
-1.138292630231967996e+04 -3.779312858965287042e-02
-1.122450438118066086e+04 -1.896589282371752283e-02
-1.106608246004164175e+04 -2.918017500026477760e-04
-1.090766053890262265e+04 1.022084100852642223e-02
-1.074923861776360354e+04 2.729662321977002065e-02
-1.059081669662458444e+04 3.477417506808636732e-02
-1.043239477548556533e+04 2.664085703784900561e-02
-1.027397285434654623e+04 3.580207629796642449e-02
-1.011555093320752712e+04 4.174358576243598212e-02
-9.957129012068508018e+03 2.384398528575063306e-02
-9.798707090929488913e+03 -3.288422712554364517e-03
-9.640285169790469809e+03 -2.355336388165272729e-02
-9.481863248651450704e+03 -1.709755322437838537e-02
-9.323441327512431599e+03 1.220858253953306747e-03
-9.165019406373412494e+03 1.887449627888094714e-02
-9.006597485234393389e+03 1.623569510526329251e-02
-8.848175564095374284e+03 3.498870256797406014e-02
-8.689753642956355179e+03 9.240882339920634958e-02
-8.531331721817336074e+03 1.618616875416273027e-01
-8.372909800678316969e+03 2.306346354363005280e-01
-8.214487879539299684e+03 2.974143776109301474e-01
-8.056065958400280579e+03 3.304196317381353221e-01
-7.897644037261261474e+03 3.299775892249264264e-01
-7.739222116122242369e+03 2.793917401254241151e-01
-7.580800194983224173e+03 1.987531887804369068e-01
-7.422378273844205069e+03 1.151545290688049117e-01
-7.263956352705185964e+03 5.066882215368584408e-02
-7.105534431566166859e+03 2.648801887293329368e-02
-6.947112510427147754e+03 2.683472534284619612e-02
-6.788690589288128649e+03 8.213622289693058021e-03
-6.630268668149109544e+03 8.838973815720421734e-03
-6.471846747010090439e+03 3.702760328396709905e-02
-6.313424825871071334e+03 4.043993312810218593e-02
-6.155002904732052230e+03 4.908882687673188361e-02
-5.996580983593033125e+03 7.031999416843297268e-02
-5.838159062454014020e+03 5.748736764770568525e-02
-5.679737141314994915e+03 4.260205619000487914e-02
-5.521315220175975810e+03 5.095410841612870584e-02
-5.362893299036956705e+03 5.616327348311655338e-02
-5.204471377897937600e+03 6.129709204161504915e-02
-5.046049456758918495e+03 8.274158501077921724e-02
-4.887627535619899390e+03 9.299064715115580582e-02
-4.729205614480880286e+03 9.192760473057029480e-02
-4.570783693341862090e+03 8.780656871593817137e-02
-4.412361772202842985e+03 1.053623323822400204e-01
-4.253939851063823880e+03 1.561931306360758442e-01
-4.095517929924804776e+03 1.828967723972480253e-01
-3.937096008785785671e+03 1.827816225108180870e-01
-3.778674087646766566e+03 1.704299756501343188e-01
-3.620252166507747461e+03 1.755585163112153291e-01
-3.461830245368728356e+03 1.830096013150411538e-01
-3.303408324229709251e+03 1.780870639310602188e-01
-3.144986403090690146e+03 1.907176847673094089e-01
-2.986564481951671041e+03 2.182480891492708241e-01
-2.828142560812651936e+03 2.483689396559422002e-01
-2.669720639673633286e+03 2.575896214501580683e-01
-2.511298718534614181e+03 2.418293225206963604e-01
-2.352876797395595077e+03 2.396240275517715068e-01
-2.194454876256575972e+03 2.548184185732704221e-01
-2.036032955117556867e+03 2.869533725048837303e-01
-1.877611033978537989e+03 2.973275461911297768e-01
-1.719189112839518884e+03 3.129632635361674353e-01
-1.560767191700500007e+03 3.843180754753373063e-01
-1.402345270561480902e+03 4.332519642146845928e-01
-1.243923349422461797e+03 4.624530356761905603e-01
-1.085501428283442920e+03 5.064236835793881619e-01
-9.270795071444237010e+02 5.431330115586050500e-01
-7.686575860054048235e+02 5.868867833794746414e-01
-6.102356648663857186e+02 6.919008678404200419e-01
-4.518137437273666706e+02 7.965085021000656296e-01
-2.933918225883476225e+02 8.704933071603231376e-01
-1.349699014493286029e+02 9.204560132281256468e-01
2.345201968969044160e+01 9.659828285593198283e-01
1.818739408287094648e+02 1.000000000000000000e+00
3.402958619677285128e+02 9.614692778613538326e-01
4.987177831067475609e+02 8.944471934625088938e-01
6.571397042457665520e+02 8.298692847223247959e-01
8.155616253847856569e+02 7.947971638980556586e-01
9.739835465238047618e+02 7.795577312016294114e-01
1.132405467662823639e+03 7.886183761046463569e-01
1.290827388801842744e+03 7.712493494830584551e-01
1.449249309940861849e+03 7.216898166588099350e-01
1.607671231079880954e+03 6.521503708442820679e-01
1.766093152218900059e+03 5.995509910733931580e-01
1.924515073357918709e+03 5.707047649582436266e-01
2.082936994496937587e+03 5.458976140870145377e-01
2.241358915635956691e+03 5.073509909625499859e-01
2.399780836774975796e+03 4.462265622193330450e-01
2.558202757913994901e+03 3.932709217952046754e-01
2.716624679053014006e+03 3.502241336993965892e-01
2.875046600192032656e+03 3.072665819432683354e-01
3.033468521331051761e+03 2.531272272953403735e-01
3.191890442470070866e+03 2.017895386604359464e-01
3.350312363609089971e+03 1.757898295504466413e-01
3.508734284748109076e+03 1.661099271675064992e-01
3.667156205887128181e+03 1.529270856396232614e-01
3.825578127026147286e+03 1.111477345806217015e-01
3.984000048165166390e+03 8.751351639751633882e-02
4.142421969304185950e+03 9.073016078597062606e-02
4.300843890443204145e+03 9.637885217476015176e-02
4.459265811582223250e+03 9.570869130273022829e-02
4.617687732721242355e+03 8.946402139421701094e-02
4.776109653860261460e+03 1.028225995738358128e-01
4.934531574999280565e+03 1.230835609021061622e-01
5.092953496138299670e+03 1.198378509438129125e-01
5.251375417277318775e+03 1.093728130940841425e-01
5.409797338416337880e+03 9.706118856185606825e-02
5.568219259555356984e+03 7.120587099080800952e-02
5.726641180694376089e+03 5.528650591358012095e-02
5.885063101833395194e+03 5.693289635274412924e-02
6.043485022972413390e+03 5.582525073963593570e-02
6.201906944111432495e+03 4.397987826107735421e-02
6.360328865250451599e+03 3.163939270395512565e-02
6.518750786389470704e+03 3.847469949751400331e-02
6.677172707528489809e+03 4.501275478882024034e-02
6.835594628667508914e+03 4.649596467856551008e-02
6.994016549806528019e+03 4.379021265211285180e-02
7.152438470945547124e+03 4.190233328500050231e-02
7.310860392084566229e+03 4.507609779712961479e-02
7.469282313223584424e+03 3.366310407380330993e-02
7.627704234362603529e+03 2.193418163674627427e-02
7.786126155501622634e+03 1.801717577929685607e-02
7.944548076640641739e+03 1.688100473733258194e-02
8.102969997779660844e+03 1.902417792964981522e-02
8.261391918918679949e+03 1.050296471680920926e-02
8.419813840057699053e+03 1.026208423571005660e-04
8.578235761196718158e+03 -5.801148195055334626e-03
8.736657682335737263e+03 -4.907707331442513277e-04
8.895079603474756368e+03 2.806230589503008743e-03
9.053501524613775473e+03 -2.549678449371727430e-03
9.211923445752794578e+03 2.342185930138535033e-04
9.370345366891813683e+03 1.590406422106593887e-02
9.528767288030832788e+03 2.983210837332422177e-02
9.687189209169851893e+03 5.524608867294460851e-02
9.845611130308870997e+03 9.851932457567208479e-02
1.000403305144789010e+04 1.834378718789182461e-01
1.016245497258690921e+04 2.843988258311243578e-01
1.032087689372592831e+04 3.909205824591915346e-01
1.047929881486494742e+04 5.228499998668511006e-01
1.063772073600396652e+04 5.951866615838842245e-01
1.079614265714298381e+04 5.625341411484087173e-01
1.095456457828200291e+04 4.338355384586011221e-01
1.111298649942102202e+04 2.856333094869322187e-01
1.127140842056004112e+04 1.701650817436338448e-01
1.142983034169906023e+04 8.453252466617801331e-02
1.158825226283807933e+04 3.457269315922591180e-02
1.174667418397709844e+04 5.199792600283423966e-02
1.190509610511611754e+04 6.036853013484764358e-02
1.206351802625513665e+04 5.068572501658939744e-02
1.222193994739415575e+04 5.128267627872331452e-02
1.238036186853317486e+04 5.837292322236999759e-02
1.253878378967219396e+04 6.996164449207560587e-02
1.269720571081121307e+04 7.700636833929203062e-02
1.285562763195023217e+04 7.348949914433851316e-02
1.301404955308925128e+04 5.148601893237426258e-02
1.317247147422827038e+04 5.653821213610370905e-02
1.333089339536728949e+04 5.666746628275483311e-02
1.348931531650630859e+04 3.029266012838112421e-02
1.364773723764532770e+04 5.535129008409025303e-02
1.380615915878434680e+04 1.005960150993638197e-01
1.396458107992336591e+04 1.092537486172652089e-01
1.412300300106238501e+04 9.812010564229656229e-02
1.428142492220140412e+04 8.749080516523237427e-02
1.443984684334042322e+04 1.042983216693347953e-01
1.459826876447944232e+04 1.146198317788354182e-01
1.475669068561846143e+04 1.080685211148353364e-01
1.491511260675748053e+04 9.593544827924249674e-02
1.507353452789649964e+04 8.259720237520211394e-02
1.523195644903551874e+04 7.262481362298592313e-02
1.539037837017453785e+04 7.645571429971739774e-02
1.554880029131355695e+04 8.659893850952772587e-02
1.570722221245257606e+04 1.054745861723454803e-01
1.586564413359159516e+04 9.807213974182975302e-02
1.602406605473061427e+04 7.400862751704412323e-02
1.618248797586963337e+04 6.263900069746217159e-02
1.634090989700865248e+04 3.852381167335228868e-02
1.649933181814767158e+04 7.906953463660638948e-03
1.665775373928669069e+04 3.547357279863606189e-02
1.681617566042570979e+04 5.252648615264659399e-02
1.697459758156472890e+04 4.687200381847602543e-02
1.713301950270374800e+04 6.636267777452892203e-02
1.729144142384276711e+04 8.711424784870935856e-02
1.744986334498178621e+04 9.640174305079425576e-02
1.760828526612080532e+04 9.369875700212670910e-02
1.776670718725982078e+04 9.923617308549197158e-02
1.792512910839883989e+04 1.261882071340033329e-01
1.808355102953785899e+04 1.291960308730872864e-01
1.824197295067687810e+04 1.221525144237240595e-01
1.840039487181589720e+04 1.324869022537182306e-01
1.855881679295491631e+04 1.246236912699700550e-01
1.871723871409393541e+04 9.952218885040378660e-02
1.887566063523295452e+04 9.366172976007224038e-02
1.903408255637197362e+04 1.044220362170704824e-01
1.919250447751099273e+04 1.278751605503217481e-01
1.935092639865001183e+04 1.262735039142362792e-01
1.950934831978903094e+04 1.233159780820030083e-01
1.966777024092805004e+04 1.374905163071415970e-01
1.982619216206706915e+04 1.439479443532176162e-01
1.998461408320608825e+04 1.412771108358749639e-01
