# velocity space (km/s) 	 normalized flux
-1.989245633612715392e+04 1.005304994009603625e+01
-1.976070863757022380e+04 9.509299439914649099e+00
-1.962896093901329368e+04 8.913655186487753568e+00
-1.949721324045636356e+04 8.261109513028046081e+00
-1.936546554189943345e+04 7.310630309788834325e+00
-1.923371784334250697e+04 6.438116393264948556e+00
-1.910197014478557321e+04 5.514745974787366833e+00
-1.897022244622864673e+04 4.460329289775932793e+00
-1.883847474767171661e+04 3.712848164117457550e+00
-1.870672704911478650e+04 3.254418876045706455e+00
-1.857497935055785638e+04 3.011659269366784297e+00
-1.844323165200092626e+04 3.121170592534720178e+00
-1.831148395344399614e+04 2.119037037699091464e+00
-1.817973625488706602e+04 1.500846705606376563e+00
-1.804798855633013591e+04 1.631872290750743471e+00
-1.791624085777320579e+04 1.223787645898340104e+00
-1.778449315921627931e+04 1.020284909185048106e+00
-1.765274546065934919e+04 1.148305538612815369e+00
-1.752099776210241907e+04 1.132734946069856363e+00
-1.738925006354548896e+04 9.805933819994328005e-01
-1.725750236498855884e+04 1.096357778018496543e+00
-1.712575466643162872e+04 1.223331922201032596e+00
-1.699400696787469860e+04 1.152720818182561446e+00
-1.686225926931776849e+04 1.014515051211324570e+00
-1.673051157076083837e+04 7.758053443370229729e-01
-1.659876387220390825e+04 7.678610036205644196e-01
-1.646701617364697813e+04 8.598172418835834385e-01
-1.633526847509004983e+04 7.761985218108923279e-01
-1.620352077653311972e+04 6.853893094311345191e-01
-1.607177307797618960e+04 6.968406970864891026e-01
-1.594002537941925948e+04 6.405037880864982158e-01
-1.580827768086233118e+04 5.024715250782788578e-01
-1.567652998230540106e+04 4.585132811610030390e-01
-1.554478228374847095e+04 4.596707396140533031e-01
-1.541303458519154083e+04 4.117487820533015652e-01
-1.528128688663461071e+04 5.918658486904763150e-01
-1.514953918807768059e+04 7.686117186644373378e-01
-1.501779148952075047e+04 6.440036076709163559e-01
-1.488604379096382218e+04 4.178678439540596257e-01
-1.475429609240689206e+04 2.757156717529829493e-01
-1.462254839384996194e+04 4.044776469239022565e-01
-1.449080069529303182e+04 4.010866345450498360e-01
-1.435905299673610170e+04 4.340623474709978669e-01
-1.422730529817917159e+04 5.674259564429324776e-01
-1.409555759962224329e+04 4.846621704625842519e-01
-1.396380990106531317e+04 3.526216243259228666e-01
-1.383206220250838305e+04 2.463472183293174411e-01
-1.370031450395145293e+04 2.731850381310408360e-01
-1.356856680539452282e+04 3.252902340923289892e-01
-1.343681910683759270e+04 2.531263169349054487e-01
-1.330507140828066440e+04 2.361116501783387389e-01
-1.317332370972373428e+04 2.453424333099242516e-01
-1.304157601116680416e+04 2.998100286628750943e-01
-1.290982831260987405e+04 2.410888389639128659e-01
-1.277808061405294393e+04 -2.614001782885983644e-02
-1.264633291549601381e+04 7.311077783766810334e-02
-1.251458521693908551e+04 3.247205932290402886e-01
-1.238283751838215539e+04 2.997576880111212372e-01
-1.225108981982522528e+04 1.938289960338815954e-01
-1.211934212126829516e+04 1.108404270063793884e-01
-1.198759442271136686e+04 1.045661974274642303e-01
-1.185584672415443856e+04 1.649700595787619850e-01
-1.172409902559750844e+04 2.614955104572122546e-01
-1.159235132704057833e+04 1.570817393289841990e-01
-1.146060362848364821e+04 2.744862219849415474e-01
-1.132885592992671809e+04 3.962054769927697562e-01
-1.119710823136978797e+04 2.087348454715310941e-01
-1.106536053281285967e+04 1.241494853605124432e-01
-1.093361283425592956e+04 2.734619778714506011e-01
-1.080186513569899944e+04 3.189571141561874934e-01
-1.067011743714206932e+04 3.573119519238695529e-01
-1.053836973858513920e+04 2.843244769979857978e-01
-1.040662204002820908e+04 1.792680934179143315e-01
-1.027487434147128079e+04 7.672140835965260419e-02
-1.014312664291435067e+04 7.201973687312414329e-02
-1.001137894435742055e+04 1.687434697272416073e-01
-9.879631245800490433e+03 4.153854576064088255e-01
-9.747883547243560315e+03 4.040922466617594688e-01
-9.616135848686630197e+03 3.060867087379576246e-01
-9.484388150129700080e+03 1.421514515047931637e-01
-9.352640451572771781e+03 2.880332493304825214e-01
-9.220892753015841663e+03 3.783282617258940661e-01
-9.089145054458911545e+03 2.088023016843667257e-01
-8.957397355901981427e+03 2.291488547564448641e-01
-8.825649657345051310e+03 2.510290407480720853e-01
-8.693901958788121192e+03 2.414089805701277736e-01
-8.562154260231192893e+03 2.902522608619976241e-01
-8.430406561674262775e+03 4.702129855189777774e-01
-8.298658863117332658e+03 3.694465320866897051e-01
-8.166911164560402540e+03 2.848179603375258773e-01
-8.035163466003473332e+03 2.800265461236784992e-01
-7.903415767446543214e+03 2.305605265679809834e-01
-7.771668068889613096e+03 1.881342218924184628e-01
-7.639920370332683888e+03 2.703359111420566840e-01
-7.508172671775753770e+03 2.061206346188663996e-01
-7.376424973218823652e+03 1.430037535583311981e-01
-7.244677274661894444e+03 2.074119655346905733e-01
-7.112929576104964326e+03 1.015813296045792319e-01
-6.981181877548034208e+03 6.989804338075435164e-02
-6.849434178991104091e+03 1.032900743059898124e-01
-6.717686480434174882e+03 2.171859973884449901e-01
-6.585938781877244764e+03 4.176732938647079729e-01
-6.454191083320314647e+03 4.142039418950304586e-01
-6.322443384763385438e+03 3.643898949922906860e-01
-6.190695686206456230e+03 3.659777379505505523e-01
-6.058947987649527022e+03 1.703433340709722410e-01
-5.927200289092596904e+03 1.806455149719603803e-01
-5.795452590535666786e+03 6.008039164594731751e-01
-5.663704891978737578e+03 4.899960705222592416e-01
-5.531957193421807460e+03 1.305990494535028412e-01
-5.400209494864877342e+03 -1.305990494535028412e-01
-5.268461796307948134e+03 -4.072026309694772722e-02
-5.136714097751018016e+03 2.197604536427699984e-01
-5.004966399194087899e+03 1.996883130535145046e-01
-4.873218700637158690e+03 1.555273934695786953e-01
-4.741471002080228573e+03 1.400048538157495914e-01
-4.609723303523298455e+03 1.934286196112856571e-01
-4.477975604966369247e+03 2.085091386322381890e-01
-4.346227906409439129e+03 2.402523300745013912e-01
-4.214480207852509011e+03 3.748122953625775966e-01
-4.082732509295579348e+03 3.361304317123450236e-01
-3.950984810738649685e+03 1.619872372737110877e-01
-3.819237112181719567e+03 4.345393534791101853e-02
-3.687489413624789904e+03 -3.787161861154264043e-03
-3.555741715067860241e+03 1.564643407678410481e-01
-3.423994016510930123e+03 1.958488862995091950e-01
-3.292246317954000915e+03 1.608608243382824918e-02
-3.160498619397071252e+03 5.866743741798365747e-02
-3.028750920840141134e+03 2.083819103366739978e-01
-2.897003222283211471e+03 2.992827349537451886e-01
-2.765255523726281808e+03 1.610890780815356360e-01
-2.633507825169351690e+03 4.591818380800734289e-02
-2.501760126612422027e+03 1.122208499787781116e-01
-2.370012428055492364e+03 1.482389429449504359e-01
-2.238264729498562247e+03 2.784058560354962242e-01
-2.106517030941632584e+03 4.755760061277260475e-01
-1.974769332384702693e+03 4.126736647241391331e-01
-1.843021633827772803e+03 3.235375771488385177e-01
-1.711273935270843367e+03 2.891860145087137846e-01
-1.579526236713913477e+03 1.823022739067035047e-01
-1.447778538156983586e+03 8.195570926649929644e-02
-1.316030839600053923e+03 3.261013879888196576e-01
-1.184283141043124033e+03 4.323636254780200971e-01
-1.052535442486194370e+03 3.822937809651936192e-01
-9.207877439292645931e+02 3.638148296795222225e-01
-7.890400453723347027e+02 5.146413144789351302e-01
-6.572923468154049260e+02 7.542575032413069147e-01
-5.255446482584751493e+02 5.676505904497934907e-01
-3.937969497015453726e+02 3.353357671656141403e-01
-2.620492511446155959e+02 4.569302791780769368e-01
-1.303015525876857907e+02 6.343379788880355585e-01
1.446145969243980867e+00 8.391186760507753917e-01
1.331938445261737627e+02 1.000000000000000000e+00
2.649415430831035678e+02 8.206055134864641554e-01
3.966892416400333445e+02 6.928758364692665372e-01
5.284369401969630644e+02 7.850586362959639519e-01
6.601846387538929548e+02 9.179950797567330012e-01
7.919323373108227315e+02 9.440143919236213543e-01
9.236800358677523946e+02 7.349384154817033554e-01
1.055427734424682285e+03 5.001100920526124760e-01
1.187175432981612175e+03 5.055958272185678837e-01
1.318923131538541838e+03 5.969216998029609478e-01
1.450670830095471501e+03 6.922381634101789638e-01
1.582418528652401392e+03 8.197196149497142370e-01
1.714166227209331282e+03 7.651011713220032817e-01
1.845913925766261173e+03 5.778398941050028048e-01
1.977661624323190836e+03 4.705880298083776614e-01
2.109409322880120271e+03 4.181582629591558686e-01
2.241157021437050389e+03 3.833980783095685130e-01
2.372904719993980052e+03 3.460942087446889914e-01
2.504652418550910170e+03 2.424645429583516532e-01
2.636400117107839378e+03 1.496912780466559123e-01
2.768147815664769496e+03 1.760531110587638115e-01
2.899895514221699159e+03 3.358344944726749381e-01
3.031643212778628822e+03 3.939820974616002891e-01
3.163390911335558940e+03 2.668307529114026244e-01
3.295138609892488603e+03 1.303603164651013224e-01
3.426886308449418266e+03 4.080023918355363266e-02
3.558634007006348384e+03 -1.064105546294357059e-02
3.690381705563278047e+03 -5.925599581651687375e-02
3.822129404120207710e+03 -2.374076465625768115e-02
3.953877102677137827e+03 6.889322485277106500e-02
4.085624801234067490e+03 2.108605501308876140e-01
4.217372499790997608e+03 3.186194194324588613e-01
4.349120198347926816e+03 3.582496985720554639e-01
4.480867896904856934e+03 1.891384676058755210e-01
4.612615595461786143e+03 4.530140750106681491e-02
4.744363294018716260e+03 5.554547673563905996e-02
4.876110992575646378e+03 1.581256658859150899e-01
5.007858691132576496e+03 3.350151245795440769e-01
5.139606389689505704e+03 4.335611995343912617e-01
5.271354088246435822e+03 2.731402843782088641e-01
5.403101786803365940e+03 1.381353154823023177e-01
5.534849485360294238e+03 1.618976843870544580e-01
5.666597183917224356e+03 1.674815684567074192e-01
5.798344882474154474e+03 1.566246167172936632e-01
5.930092581031083682e+03 2.089691148730543901e-01
6.061840279588013800e+03 1.821717335023890771e-01
6.193587978144943918e+03 2.294749367536191020e-01
6.325335676701873126e+03 3.942062681800841961e-01
6.457083375258803244e+03 4.666172179726528757e-01
6.588831073815733362e+03 4.933065473750868346e-01
6.720578772372662570e+03 4.308343668085726219e-01
6.852326470929592688e+03 2.505932194963076953e-01
6.984074169486522806e+03 1.923586249916379165e-01
7.115821868043452014e+03 1.866409653148400904e-01
7.247569566600382132e+03 2.265735070503440141e-01
7.379317265157312249e+03 1.886019824468681549e-01
7.511064963714241458e+03 1.908182166151576320e-01
7.642812662271171575e+03 1.703994542890496788e-01
7.774560360828101693e+03 2.019557436142463414e-01
7.906308059385030901e+03 3.543214547439090811e-01
8.038055757941961019e+03 2.363422356433171057e-01
8.169803456498891137e+03 6.522604549956123599e-02
8.301551155055820345e+03 1.048642025905756892e-01
8.433298853612750463e+03 1.698866432739960242e-01
8.565046552169680581e+03 7.266660336842033219e-02
8.696794250726610699e+03 1.126001397021844791e-01
8.828541949283540816e+03 2.819912804256431982e-01
8.960289647840469115e+03 3.188755008606268815e-01
9.092037346397399233e+03 3.142373781543687516e-01
9.223785044954329351e+03 3.326439511453403997e-01
9.355532743511259469e+03 2.673149949402870429e-01
9.487280442068187767e+03 1.097373200040725749e-01
9.619028140625119704e+03 1.556215418624046776e-01
9.750775839182048003e+03 3.790206296772252181e-01
9.882523537738978121e+03 4.840540799704317054e-01
1.001427123629590824e+04 2.828930484980425875e-01
1.014601893485283836e+04 2.047233290082438040e-01
1.027776663340976847e+04 1.517410309288960424e-01
1.040951433196669859e+04 3.840473107204042669e-02
1.054126203052362689e+04 1.162200413097919660e-01
1.067300972908055701e+04 2.664626156862919260e-01
1.080475742763748713e+04 1.813065297062581016e-01
1.093650512619441724e+04 1.540805433976410455e-01
1.106825282475134736e+04 3.135324105242579540e-01
1.120000052330827748e+04 2.265742212844974179e-01
1.133174822186520396e+04 1.941387403041258120e-01
1.146349592042213408e+04 1.403126926240430838e-01
1.159524361897906419e+04 -6.801736242726570680e-02
1.172699131753599431e+04 -1.792092434576087190e-01
1.185873901609292443e+04 -2.175026396719001009e-03
1.199048671464985455e+04 1.090889396575499271e-01
1.212223441320678285e+04 1.941486114310838618e-01
1.225398211176371296e+04 2.074555063606605965e-01
1.238572981032064308e+04 1.305105099814736769e-01
1.251747750887757320e+04 6.098219765201887306e-03
1.264922520743450332e+04 2.288169345999812032e-01
1.278097290599143344e+04 5.217272047201171326e-01
1.291272060454836173e+04 5.132973063143436709e-01
1.304446830310529185e+04 2.546041650422866676e-01
1.317621600166222197e+04 2.199244561789363561e-01
1.330796370021915209e+04 2.899764074955644699e-01
1.343971139877608221e+04 1.698429240003886120e-01
1.357145909733301232e+04 1.548828311196734364e-01
1.370320679588994062e+04 1.803407413405877235e-01
1.383495449444687074e+04 1.890490129808636843e-01
1.396670219300380086e+04 3.319299902374283628e-01
1.409844989156073098e+04 1.302219477672170445e-01
1.423019759011766109e+04 1.109877511419764679e-01
1.436194528867459121e+04 2.489216736926546936e-01
1.449369298723151951e+04 4.645782408325470347e-02
1.462544068578844963e+04 -8.138996891401141520e-02
1.475718838434537975e+04 1.668700266951131106e-01
1.488893608290230986e+04 2.809664333029595062e-01
1.502068378145923998e+04 1.999103075935650953e-01
1.515243148001617010e+04 6.301646620444829872e-02
1.528417917857309840e+04 -5.276353164435245921e-03
1.541592687713002852e+04 -4.192905121397720591e-02
1.554767457568695863e+04 -9.893992677294417490e-03
1.567942227424388875e+04 1.155485259091344197e-01
1.581116997280081887e+04 3.262798735116642646e-02
1.594291767135774899e+04 -1.089940192849095102e-01
1.607466536991467729e+04 -1.335274265797743165e-01
1.620641306847160740e+04 1.710655292103072794e-02
1.633816076702853752e+04 9.026455598243091072e-02
1.646990846558546764e+04 9.651951451473748944e-02
1.660165616414239776e+04 3.590489242574537165e-01
1.673340386269932787e+04 4.092135143930141772e-01
1.686515156125625799e+04 3.617403207082753314e-01
1.699689925981318811e+04 3.880578617748697279e-01
1.712864695837011823e+04 5.123441842118944267e-01
1.726039465692704471e+04 4.639335338264637953e-01
1.739214235548397482e+04 2.452399166050293067e-01
1.752389005404090494e+04 1.256280913263629062e-01
1.765563775259783506e+04 1.786386762354257585e-01
1.778738545115476518e+04 2.126322757174909650e-01
1.791913314971169530e+04 2.385833434087252791e-01
1.805088084826862541e+04 7.971486548974923703e-02
1.818262854682555553e+04 1.501951161856832639e-01
1.831437624538248565e+04 3.426142677570541695e-01
1.844612394393941577e+04 2.843512342685505234e-01
1.857787164249634588e+04 4.070439251713017098e-02
1.870961934105327600e+04 -6.297689784431534377e-02
1.884136703961020612e+04 1.706436540731983906e-02
1.897311473816713260e+04 1.761612940918987624e-01
1.910486243672406272e+04 3.432815139499238444e-01
1.923661013528099284e+04 4.791802276085008194e-01
1.936835783383792295e+04 6.503298040147990067e-01
1.950010553239485307e+04 6.695884919752661535e-01
1.963185323095177955e+04 4.534914310782183211e-01
1.976360092950871331e+04 4.137303763191149120e-01
1.989534862806563979e+04 4.653125471048070172e-01
