# velocity space (km/s) 	 normalized flux
-1.989245633612715392e+04 2.516990313639079346e+01
-1.976070863757022380e+04 2.290687512458668706e+01
-1.962896093901329368e+04 2.079314371496479197e+01
-1.949721324045636356e+04 1.881239182410500277e+01
-1.936546554189943345e+04 1.698858071307699902e+01
-1.923371784334250697e+04 1.522156361846806405e+01
-1.910197014478557321e+04 1.352256702057339055e+01
-1.897022244622864673e+04 1.185357474827355873e+01
-1.883847474767171661e+04 1.028711282759416612e+01
-1.870672704911478650e+04 8.929801155940577218e+00
-1.857497935055785638e+04 7.955039223092003731e+00
-1.844323165200092626e+04 6.890322371026762482e+00
-1.831148395344399614e+04 5.463219563331678685e+00
-1.817973625488706602e+04 4.533105465636117160e+00
-1.804798855633013591e+04 3.959920511813200150e+00
-1.791624085777320579e+04 3.454891394690118300e+00
-1.778449315921627931e+04 3.043373597100972106e+00
-1.765274546065934919e+04 2.690437510114732422e+00
-1.752099776210241907e+04 2.275792054800862108e+00
-1.738925006354548896e+04 2.059700832607942900e+00
-1.725750236498855884e+04 2.054845493279286561e+00
-1.712575466643162872e+04 1.975895902221149525e+00
-1.699400696787469860e+04 1.860208342472057907e+00
-1.686225926931776849e+04 1.762431717826411726e+00
-1.673051157076083837e+04 1.740170712380059381e+00
-1.659876387220390825e+04 1.719315820922491023e+00
-1.646701617364697813e+04 1.670060601947639611e+00
-1.633526847509004983e+04 1.651769427930410261e+00
-1.620352077653311972e+04 1.610424656681388011e+00
-1.607177307797618960e+04 1.502717062139723003e+00
-1.594002537941925948e+04 1.347421977290223172e+00
-1.580827768086233118e+04 1.208275934397952778e+00
-1.567652998230540106e+04 1.194600804407649486e+00
-1.554478228374847095e+04 1.141764698342811135e+00
-1.541303458519154083e+04 1.030247471696292383e+00
-1.528128688663461071e+04 1.045731723413435121e+00
-1.514953918807768059e+04 1.102348722991655983e+00
-1.501779148952075047e+04 1.149586403463422224e+00
-1.488604379096382218e+04 1.165599146763985461e+00
-1.475429609240689206e+04 1.183647807773385185e+00
-1.462254839384996194e+04 1.207689859638958918e+00
-1.449080069529303182e+04 1.236116984069090208e+00
-1.435905299673610170e+04 1.240410544170807761e+00
-1.422730529817917159e+04 1.198295512294330178e+00
-1.409555759962224329e+04 1.143813698123203215e+00
-1.396380990106531317e+04 1.059583021223585719e+00
-1.383206220250838305e+04 8.975895231529821272e-01
-1.370031450395145293e+04 7.253851063155467571e-01
-1.356856680539452282e+04 5.683934317718548623e-01
-1.343681910683759270e+04 4.391399995349105079e-01
-1.330507140828066440e+04 3.428123913750943941e-01
-1.317332370972373428e+04 2.879454921313132632e-01
-1.304157601116680416e+04 2.191880943105563584e-01
-1.290982831260987405e+04 1.746380072280196427e-01
-1.277808061405294393e+04 1.707794775548377719e-01
-1.264633291549601381e+04 1.826582031840098819e-01
-1.251458521693908551e+04 1.974523711706175910e-01
-1.238283751838215539e+04 2.022619326629068182e-01
-1.225108981982522528e+04 2.232277179788576538e-01
-1.211934212126829516e+04 2.431869063065479897e-01
-1.198759442271136686e+04 1.601505003837930818e-01
-1.185584672415443856e+04 1.067017896909685515e-01
-1.172409902559750844e+04 1.280978251746238417e-01
-1.159235132704057833e+04 1.361639491192492002e-01
-1.146060362848364821e+04 1.209746184976704247e-01
-1.132885592992671809e+04 9.390087863682870795e-02
-1.119710823136978797e+04 7.097573169351352462e-02
-1.106536053281285967e+04 8.126574882722872872e-02
-1.093361283425592956e+04 1.381977102633881183e-01
-1.080186513569899944e+04 1.160241755282057918e-01
-1.067011743714206932e+04 6.645363003346251018e-02
-1.053836973858513920e+04 7.712964974958202991e-02
-1.040662204002820908e+04 8.539025975960948256e-02
-1.027487434147128079e+04 8.218992416280190838e-02
-1.014312664291435067e+04 7.962059123690400086e-02
-1.001137894435742055e+04 1.004923358829206831e-01
-9.879631245800490433e+03 1.723741624940531569e-01
-9.747883547243560315e+03 1.689899629573045903e-01
-9.616135848686630197e+03 1.242904089413454788e-01
-9.484388150129700080e+03 9.435085694749677232e-02
-9.352640451572771781e+03 5.715749875541456526e-02
-9.220892753015841663e+03 1.139213476581514561e-02
-9.089145054458911545e+03 -1.092744197906395792e-02
-8.957397355901981427e+03 8.468774703367931700e-03
-8.825649657345051310e+03 5.763964715566814723e-02
-8.693901958788121192e+03 1.093391493647583035e-01
-8.562154260231192893e+03 1.173004778261649006e-01
-8.430406561674262775e+03 9.837725705597177850e-02
-8.298658863117332658e+03 3.080964230441936638e-02
-8.166911164560402540e+03 2.602056419129143879e-03
-8.035163466003473332e+03 6.319483123308471118e-02
-7.903415767446543214e+03 5.019037667577701950e-02
-7.771668068889613096e+03 4.246668029200358595e-03
-7.639920370332683888e+03 -7.688276497698236754e-03
-7.508172671775753770e+03 1.517322793878634300e-02
-7.376424973218823652e+03 3.295374111973738834e-02
-7.244677274661894444e+03 4.216479270489685745e-03
-7.112929576104964326e+03 -7.060922207474971089e-03
-6.981181877548034208e+03 -5.368558404277222430e-04
-6.849434178991104091e+03 -9.501553715062760128e-03
-6.717686480434174882e+03 -3.595450133683145751e-03
-6.585938781877244764e+03 2.361223384300691064e-02
-6.454191083320314647e+03 4.828637785669809973e-02
-6.322443384763385438e+03 3.405100053650587238e-02
-6.190695686206456230e+03 -2.945933731224776794e-02
-6.058947987649527022e+03 -4.572175800596189194e-02
-5.927200289092596904e+03 2.893257677846649764e-02
-5.795452590535666786e+03 1.720657184935700246e-01
-5.663704891978737578e+03 1.170352332322313893e-01
-5.531957193421807460e+03 -8.917304865475204553e-03
-5.400209494864877342e+03 8.917304865474751790e-03
-5.268461796307948134e+03 2.392537019824926212e-02
-5.136714097751018016e+03 9.924154130881539249e-03
-5.004966399194087899e+03 1.659143210148721764e-02
-4.873218700637158690e+03 1.798198951027524597e-02
-4.741471002080228573e+03 1.475187403206673978e-02
-4.609723303523298455e+03 2.657676905368092785e-02
-4.477975604966369247e+03 6.304349571464157309e-02
-4.346227906409439129e+03 1.398684559643821324e-01
-4.214480207852509011e+03 1.215352641322402782e-01
-4.082732509295579348e+03 7.162520355942179895e-02
-3.950984810738649685e+03 9.070029132807745642e-02
-3.819237112181719567e+03 9.673263805744945765e-02
-3.687489413624789904e+03 8.973075664532828566e-02
-3.555741715067860241e+03 1.225339766967762645e-01
-3.423994016510930123e+03 1.345228792521718786e-01
-3.292246317954000915e+03 1.485783958408210259e-01
-3.160498619397071252e+03 1.827672622308426087e-01
-3.028750920840141134e+03 2.190595520621935466e-01
-2.897003222283211471e+03 2.492934979298536136e-01
-2.765255523726281808e+03 2.499473297742404732e-01
-2.633507825169351690e+03 2.612919048892003437e-01
-2.501760126612422027e+03 3.281829832103578259e-01
-2.370012428055492364e+03 3.058422431850296164e-01
-2.238264729498562247e+03 2.454773064900945823e-01
-2.106517030941632584e+03 2.361911125382356591e-01
-1.974769332384702693e+03 2.582301106851263017e-01
-1.843021633827772803e+03 2.877618403984346651e-01
-1.711273935270843367e+03 2.933677238631139939e-01
-1.579526236713913477e+03 3.094099065363931644e-01
-1.447778538156983586e+03 3.463153565096334097e-01
-1.316030839600053923e+03 4.034936788008076092e-01
-1.184283141043124033e+03 4.775173062908427690e-01
-1.052535442486194370e+03 5.610725142609578331e-01
-9.207877439292645931e+02 5.905153398280715837e-01
-7.890400453723347027e+02 6.188413100879999185e-01
-6.572923468154049260e+02 7.343094803645457969e-01
-5.255446482584751493e+02 8.239598263123829591e-01
-3.937969497015453726e+02 8.753983442813823013e-01
-2.620492511446155959e+02 9.228488352876574874e-01
-1.303015525876857907e+02 9.696412128980971268e-01
1.446145969243980867e+00 1.000000000000000000e+00
1.331938445261737627e+02 9.931030979954986737e-01
2.649415430831035678e+02 9.570819343696652659e-01
3.966892416400333445e+02 8.992570407430842128e-01
5.284369401969630644e+02 8.500369227092235969e-01
6.601846387538929548e+02 7.897394384329072814e-01
7.919323373108227315e+02 7.460574362980318952e-01
9.236800358677523946e+02 6.715965271813508775e-01
1.055427734424682285e+03 6.013471758562510816e-01
1.187175432981612175e+03 5.933813575893716052e-01
1.318923131538541838e+03 5.464816849969303947e-01
1.450670830095471501e+03 5.006495741117396037e-01
1.582418528652401392e+03 5.161997571624622472e-01
1.714166227209331282e+03 4.800834766220304917e-01
1.845913925766261173e+03 4.026626666151026934e-01
1.977661624323190836e+03 3.582913076236814987e-01
2.109409322880120271e+03 3.452293024997185600e-01
2.241157021437050389e+03 3.494341322328928801e-01
2.372904719993980052e+03 3.013287150617078858e-01
2.504652418550910170e+03 2.886732288644716649e-01
2.636400117107839378e+03 3.716418487278523308e-01
2.768147815664769496e+03 5.036974222442800464e-01
2.899895514221699159e+03 6.104626010534258684e-01
3.031643212778628822e+03 6.334988438089084184e-01
3.163390911335558940e+03 5.549614070872609384e-01
3.295138609892488603e+03 3.780128897672365706e-01
3.426886308449418266e+03 1.663657201571741018e-01
3.558634007006348384e+03 5.132551104196997338e-02
3.690381705563278047e+03 3.856836548281954852e-02
3.822129404120207710e+03 5.393222639246843253e-02
3.953877102677137827e+03 5.318712085836677789e-02
4.085624801234067490e+03 4.060778260671083634e-02
4.217372499790997608e+03 6.937686106328093405e-02
4.349120198347926816e+03 9.021670944341739218e-02
4.480867896904856934e+03 6.311140542964129019e-02
4.612615595461786143e+03 1.057381854611903343e-01
4.744363294018716260e+03 1.525118662339182973e-01
4.876110992575646378e+03 1.008109267707007484e-01
5.007858691132576496e+03 8.877876848521319697e-02
5.139606389689505704e+03 1.007626611568214758e-01
5.271354088246435822e+03 9.881672869910647361e-02
5.403101786803365940e+03 9.709191305307245112e-02
5.534849485360294238e+03 7.955179995669035831e-02
5.666597183917224356e+03 1.402973248996219327e-03
5.798344882474154474e+03 -5.652977975336138244e-02
5.930092581031083682e+03 -5.922576440919748858e-02
6.061840279588013800e+03 -2.138659964931618682e-02
6.193587978144943918e+03 -1.602465817466119588e-02
6.325335676701873126e+03 -6.925399598290553349e-02
6.457083375258803244e+03 -2.540348596641020182e-02
6.588831073815733362e+03 5.511677025064382757e-02
6.720578772372662570e+03 7.057627215250809882e-02
6.852326470929592688e+03 9.085188997734072736e-02
6.984074169486522806e+03 1.198615276688334563e-01
7.115821868043452014e+03 9.123713668709207414e-02
7.247569566600382132e+03 7.054290773047289242e-02
7.379317265157312249e+03 6.819574836879732649e-02
7.511064963714241458e+03 1.155733196517820804e-01
7.642812662271171575e+03 1.412124717091266524e-01
7.774560360828101693e+03 8.416849264332064429e-02
7.906308059385030901e+03 7.242785344499805267e-02
8.038055757941961019e+03 9.127952355497788439e-02
8.169803456498891137e+03 1.070997197866185718e-01
8.301551155055820345e+03 1.112893789784919207e-01
8.433298853612750463e+03 1.045675852494652724e-01
8.565046552169680581e+03 1.391409464052866529e-01
8.696794250726610699e+03 1.723548079572653768e-01
8.828541949283540816e+03 1.877637725300049798e-01
8.960289647840469115e+03 1.428699898560759907e-01
9.092037346397399233e+03 1.118165767542845246e-01
9.223785044954329351e+03 1.214590175227340807e-01
9.355532743511259469e+03 1.252262060806998145e-01
9.487280442068187767e+03 1.386817164403048863e-01
9.619028140625119704e+03 1.608668898676834658e-01
9.750775839182048003e+03 1.372997228245535772e-01
9.882523537738978121e+03 1.061101449962507381e-01
1.001427123629590824e+04 1.060242909921632615e-01
1.014601893485283836e+04 1.398532025563397341e-01
1.027776663340976847e+04 1.762386138764193422e-01
1.040951433196669859e+04 1.881759590172873697e-01
1.054126203052362689e+04 1.953141409759153180e-01
1.067300972908055701e+04 2.214993507953171292e-01
1.080475742763748713e+04 2.673704148303144290e-01
1.093650512619441724e+04 2.755086121660332288e-01
1.106825282475134736e+04 2.263069289323099142e-01
1.120000052330827748e+04 1.622973916744456790e-01
1.133174822186520396e+04 1.151296036867491268e-01
1.146349592042213408e+04 1.017790828873695319e-01
1.159524361897906419e+04 2.927309853724252911e-02
1.172699131753599431e+04 -5.608434883913463592e-02
1.185873901609292443e+04 -5.087204669344629060e-02
1.199048671464985455e+04 -3.843757142874457133e-02
1.212223441320678285e+04 -3.490039273262351277e-02
1.225398211176371296e+04 -6.588742541741081371e-02
1.238572981032064308e+04 -8.311310291694584684e-02
1.251747750887757320e+04 -8.277522819253251007e-02
1.264922520743450332e+04 -6.471194082305858908e-02
1.278097290599143344e+04 -6.745240179334376085e-02
1.291272060454836173e+04 -1.035608699328843807e-01
1.304446830310529185e+04 -1.162689811615518903e-01
1.317621600166222197e+04 -1.437534104271847579e-01
1.330796370021915209e+04 -2.018407789988447554e-01
1.343971139877608221e+04 -2.150053983854120221e-01
1.357145909733301232e+04 -2.145896344101697606e-01
1.370320679588994062e+04 -2.401595861880065075e-01
1.383495449444687074e+04 -2.143890549375293553e-01
1.396670219300380086e+04 -1.761094182742533598e-01
1.409844989156073098e+04 -2.021873343297998504e-01
1.423019759011766109e+04 -2.232912639306915692e-01
1.436194528867459121e+04 -2.082708840536972861e-01
1.449369298723151951e+04 -1.938125345328484406e-01
1.462544068578844963e+04 -1.552818751459539570e-01
1.475718838434537975e+04 -1.312787408484079599e-01
1.488893608290230986e+04 -1.840110269259518372e-01
1.502068378145923998e+04 -2.022881039511191525e-01
1.515243148001617010e+04 -1.402742144412716108e-01
1.528417917857309840e+04 -4.246455145585941587e-02
1.541592687713002852e+04 2.842835894001077834e-02
1.554767457568695863e+04 1.149155989347146564e-06
1.567942227424388875e+04 -7.106465641427692215e-02
1.581116997280081887e+04 -1.376091233381060430e-01
1.594291767135774899e+04 -1.423559529486416453e-01
1.607466536991467729e+04 -1.420590176900518309e-01
1.620641306847160740e+04 -1.566091158350017554e-01
1.633816076702853752e+04 -1.765011461020047356e-01
1.646990846558546764e+04 -1.385341644697022367e-01
1.660165616414239776e+04 -3.777411301450718517e-02
1.673340386269932787e+04 -2.756179327501009566e-02
1.686515156125625799e+04 -2.538773478512896392e-02
1.699689925981318811e+04 3.981412238319154834e-02
1.712864695837011823e+04 2.865228270093836405e-02
1.726039465692704471e+04 -3.106602421710623688e-02
1.739214235548397482e+04 -7.374503309874830270e-02
1.752389005404090494e+04 -9.441054340126425748e-02
1.765563775259783506e+04 -1.013925798080316659e-01
1.778738545115476518e+04 -1.154965332191030675e-01
1.791913314971169530e+04 -1.454761320040712236e-01
1.805088084826862541e+04 -2.031726826535784347e-01
1.818262854682555553e+04 -1.564678352622894675e-01
1.831437624538248565e+04 -1.069946332624198970e-01
1.844612394393941577e+04 -1.054463161838852803e-01
1.857787164249634588e+04 -1.371262664448638369e-01
1.870961934105327600e+04 -1.652739219868176457e-01
1.884136703961020612e+04 -1.873041903816069220e-01
1.897311473816713260e+04 -1.459559680577153240e-01
1.910486243672406272e+04 -6.602433774831972801e-02
1.923661013528099284e+04 -8.733997303537563428e-03
1.936835783383792295e+04 9.662354311841626908e-03
1.950010553239485307e+04 -1.177343632865836785e-02
1.963185323095177955e+04 -3.375596645741808788e-02
1.976360092950871331e+04 -4.455294640928748884e-02
1.989534862806563979e+04 -6.483485957844309366e-02
