# velocity space (km/s) 	 normalized flux
-1.980648039904283723e+04 3.203186084631214903e-01
-1.959523157824347436e+04 2.583415164196369851e-01
-1.938411262993664786e+04 1.324843101384542698e-01
-1.917312359263137478e+04 2.822257722139069336e-01
-1.896226450437104722e+04 2.187801376090584837e-01
-1.875153540273477120e+04 8.324756946504055510e-02
-1.854093632483878537e+04 6.868926915073270134e-02
-1.833046730733783625e+04 5.711889570634052365e-02
-1.812012838642636780e+04 -1.092538613524803998e-01
-1.790991959784002756e+04 -1.688932251881123947e-01
-1.769984097685704182e+04 6.713623845283667006e-03
-1.748989255829934700e+04 1.443775914255662936e-03
-1.728007437653423403e+04 -1.000478440765500687e-01
-1.707038646547541066e+04 -3.072264119838931384e-02
-1.686082885858453301e+04 -7.217627591740845283e-02
-1.665140158887243524e+04 3.472040869034245109e-02
-1.644210468890054472e+04 -6.359639383970334958e-02
-1.623293819078216620e+04 -5.625513067352378577e-02
-1.602390212618378609e+04 5.190983671411962541e-02
-1.581499652632649486e+04 5.887006035483731414e-02
-1.560622142198723304e+04 7.964196128634319638e-02
-1.539757684350010823e+04 -3.712524540185834637e-02
-1.518906282075781746e+04 2.118342966250314277e-02
-1.498067938321286420e+04 1.083632299837367224e-01
-1.477242655987888793e+04 3.535010390135858577e-02
-1.456430437933206667e+04 6.978103248927880475e-02
-1.435631286971230838e+04 1.191103751307780040e-01
-1.414845205872467886e+04 1.854110705353210209e-01
-1.394072197364063868e+04 1.815973322352018027e-01
-1.373312264129933465e+04 1.345904661137342362e-01
-1.352565408810899498e+04 4.023094813425358296e-02
-1.331831634004814259e+04 -2.521187702950491299e-02
-1.311110942266691563e+04 1.910737134598252118e-01
-1.290403336108842814e+04 2.210833138255599573e-01
-1.269708818000995780e+04 2.029642562060416100e-01
-1.249027390370436660e+04 2.662561513688102566e-01
-1.228359055602128501e+04 1.734010621133709185e-01
-1.207703816038842524e+04 2.127495219237424406e-01
-1.187061673981296553e+04 1.121560909109899362e-01
-1.166432631688262336e+04 1.459050430295084390e-02
-1.145816691376719791e+04 -6.999631051981337893e-02
-1.125213855221967970e+04 7.832388927904594678e-02
-1.104624125357756566e+04 1.812695868008666611e-01
-1.084047503876411974e+04 2.604126781390924128e-01
-1.063483992828972441e+04 3.125728802004031359e-01
-1.042933594225304296e+04 8.472514372165226848e-02
-1.022396310034242561e+04 5.210806422766090656e-02
-1.001872142183695905e+04 2.460857433951196271e-01
-9.813610925608030811e+03 2.245724967361514834e-01
-9.608631630120291447e+03 1.781186518231970828e-01
-9.403783553433111592e+03 1.089116631870655771e-01
-9.199066713201833409e+03 -5.364339485184307227e-02
-8.994481126678867440e+03 -8.626619694480294753e-03
-8.790026810715102329e+03 1.218584797539017973e-02
-8.585703781761139908e+03 5.008416657093318902e-02
-8.381512055868484822e+03 3.485013188082090874e-02
-8.177451648690815091e+03 7.152543406961536787e-02
-7.973522575485209927e+03 8.911057418248240214e-02
-7.769724851113433033e+03 1.676902000728350550e-01
-7.566058490043210440e+03 1.016666305621504868e-01
-7.362523506349302806e+03 9.309518814799362663e-02
-7.159119913714905124e+03 1.566107448118328471e-01
-6.955847725432873631e+03 2.486815224586062523e-01
-6.752706954406804471e+03 2.486666372837388062e-01
-6.549697613152417034e+03 2.680329309178658415e-01
-6.346819713798756311e+03 3.592118867752290834e-01
-6.144073268089367048e+03 2.190041555205573531e-01
-5.941458287383533388e+03 2.871794387146484051e-01
-5.738974782657485775e+03 3.531754083341841488e-01
-5.536622764505658779e+03 4.333410828386913272e-01
-5.334402243141937106e+03 5.052382123437878514e-01
-5.132313228400715161e+03 3.712813674647591489e-01
-4.930355729738262198e+03 2.915375392306800983e-01
-4.728529756233927401e+03 2.210740709334667875e-01
-4.526835316591165792e+03 3.999973380518959676e-01
-4.325272419139034355e+03 3.927700955510269876e-01
-4.123841071833097885e+03 3.797271884534128561e-01
-3.922541282256842351e+03 6.716131177708896116e-01
-3.721373057622744000e+03 6.268481436086823511e-01
-3.520336404773559934e+03 5.000385721447951903e-01
-3.319431330183450427e+03 5.639535759656242320e-01
-3.118657839959167632e+03 6.093943741111934598e-01
-2.918015939841319323e+03 6.698190433575432756e-01
-2.717505635205476665e+03 7.360962909524131348e-01
-2.517126931063363372e+03 7.876581163570456345e-01
-2.316879832064103994e+03 8.238785009388662761e-01
-2.116764342495337132e+03 7.852159173876609444e-01
-1.916780466284383692e+03 7.870782710351363898e-01
-1.716928206999475833e+03 8.171729592924881214e-01
-1.517207567850954774e+03 8.820370916631717906e-01
-1.317618551692285791e+03 7.771631295120760008e-01
-1.118161161021405633e+03 6.227113450157620855e-01
-9.188353979817601385e+02 7.293955371665850063e-01
-7.196412643635680979e+02 8.688009377677173850e-01
-5.205787616048811515e+02 9.385102314593032347e-01
-3.216478907928690774e+02 8.868289321746614107e-01
-1.228486526647972141e+02 9.944765601535059396e-01
7.581895239066633962e+01 8.370863863369789604e-01
2.743549243323249698e+02 1.000000000000000000e+00
4.727592634653553887e+02 9.920067506794448819e-01
6.710319704401603076e+02 9.031114417017059859e-01
8.691730462511478663e+02 7.655249501886309815e-01
1.067182492235665222e+03 8.799609112743503880e-01
1.265060310072858329e+03 6.329022276338653885e-01
1.462806501782458554e+03 5.060948937005339543e-01
1.660421069723723122e+03 5.553685325841293263e-01
1.857904016594300856e+03 5.033608000893969869e-01
2.055255345429027329e+03 3.237238742090313148e-01
2.252475059598894859e+03 4.051719139991131202e-01
2.449563162809826281e+03 2.368395910584249198e-01
2.646519659101628349e+03 1.275546014936289052e-01
2.843344552846865554e+03 3.030093830964334933e-01
3.040037848749669593e+03 2.064868573825107967e-01
3.236599551844694815e+03 3.126063033362695420e-01
3.433029667496004095e+03 2.623108079932915393e-01
3.629328201395881479e+03 8.088654008844099741e-02
3.825495159563794004e+03 4.551580469156508990e-02
4.021530548345288935e+03 1.421469213184975988e-01
4.217434374410807322e+03 6.257704361809278415e-02
4.413206644754684021e+03 8.410992057953214918e-02
4.608847366693944423e+03 9.029527594848495153e-02
4.804356547867281733e+03 4.801425004379113876e-02
4.999734196233958755e+03 2.391759600814099412e-02
5.194980320072641916e+03 5.190092524257731293e-02
5.390094927980378088e+03 2.111832757465988055e-03
5.585078028871510469e+03 -7.793035400818366931e-02
5.779929631976513519e+03 -1.381612982050316463e-01
5.974649746840980697e+03 -3.143661632611607221e-02
6.169238383324544884e+03 3.300291635529405826e-02
6.363695551599720602e+03 1.188788899906483426e-01
6.558021262150926304e+03 6.521061976448790098e-02
6.752215525773306581e+03 4.919224686384264522e-02
6.946278353571734442e+03 1.260764709666382655e-01
7.140209756959739934e+03 1.328760377096153966e-01
7.334009747658365086e+03 1.322235132546903391e-01
7.527678337695172559e+03 1.015700749305559480e-01
7.721215539403175171e+03 1.372346614895521288e-02
7.914621365419707217e+03 -3.693880950393649970e-02
8.107895828685436754e+03 2.461931895789096214e-02
8.301038942443297856e+03 1.907581593918968865e-01
8.494050720237397400e+03 2.772736167127872742e-01
8.686931175911933678e+03 2.580239204273889753e-01
8.879680323610289634e+03 1.733267739869465696e-01
9.072298177773807765e+03 1.443276376649819115e-01
9.264784753140878820e+03 2.886868618638183115e-01
9.457140064745788550e+03 5.140125633251246828e-01
9.649364127917771839e+03 6.098477942047415556e-01
9.841456958279870378e+03 7.186643854354270999e-01
1.003341857174803408e+04 8.031427184984352152e-01
1.022524898452995512e+04 9.186721824483665699e-01
1.041694821312407475e+04 1.006958812098814438e+00
1.060851627431857560e+04 1.163375331369646659e+00
1.079995318519035573e+04 1.382910079238879542e+00
1.099125896310395183e+04 1.363690498590826472e+00
1.118243362571056241e+04 1.701705237930587478e+00
1.137347719094703643e+04 1.609517209169370133e+00
1.156438967703478011e+04 1.465989326351805344e+00
1.175517110247881465e+04 1.461801442030215004e+00
1.194582148606675401e+04 1.340982382040719401e+00
1.213634084686772621e+04 1.428397187724526285e+00
1.232672920423145115e+04 1.358284199136813530e+00
1.251698657778712550e+04 1.505182173981241656e+00
1.270711298744258784e+04 1.607461965352143141e+00
1.289710845338307445e+04 1.511628284015533286e+00
1.308697299607045716e+04 1.426750830143830528e+00
1.327670663624209374e+04 1.121103407525770201e+00
1.346630939490982746e+04 5.952204077811047433e-01
1.365578129335912126e+04 3.199753989041959068e-01
1.384512235314794452e+04 3.897832417121147586e-01
1.403433259610578898e+04 9.663917772334909562e-02
1.422341204433273379e+04 9.147937157264801611e-02
1.441236072019842686e+04 7.371530794489854210e-02
1.460117864634114449e+04 -6.819500811334308632e-02
1.478986584566673992e+04 -7.656223374230250456e-02
1.497842234134765567e+04 -1.723269722905868126e-03
1.516684815682207591e+04 2.186098000406688086e-02
1.535514331579282589e+04 -6.664941583681949222e-02
1.554330784222637340e+04 -1.207458271332886163e-01
1.573134176035202654e+04 -8.378926866828052822e-02
1.591924509466080781e+04 -1.274989952611519095e-01
1.610701786990451365e+04 -1.460676065259365053e-01
1.629466011109480314e+04 -1.649117290772905975e-01
1.648217184350220487e+04 -1.831276490246378646e-02
1.666955309265518008e+04 -2.921429293608589217e-02
1.685680388433912958e+04 -7.156052777460090997e-02
1.704392424459540416e+04 4.582923197128416920e-03
1.723091419972048971e+04 -8.544390582532374045e-02
1.741777377626493035e+04 -2.424165866141916592e-01
1.760450300103236805e+04 -3.735722404597867641e-01
1.779110190107875314e+04 -3.164927556602347702e-01
1.797757050371115838e+04 -2.082388694563236387e-01
1.816390883648709132e+04 -2.754969680812543453e-01
1.835011692721335203e+04 -3.063159362914169015e-01
1.853619480394523634e+04 -3.388692201220058764e-01
1.872214249498548088e+04 -3.403432710002244899e-01
1.890796002888341172e+04 -2.435862853751728507e-01
1.909364743443402767e+04 -2.173235311122401758e-01
1.927920474067697069e+04 -2.199930243303206967e-01
1.946463197689569643e+04 -2.699384170559098739e-01
1.964992917261652110e+04 -1.384867155581630538e-01
1.983509635760767196e+04 -2.294754551290882627e-01
