# velocity space (km/s) 	 normalized flux
-1.998802698073084684e+04 5.261163634699144165e-01
-1.978937494584931119e+04 4.741718329216548788e-01
-1.959072291096777190e+04 1.372283047055264105e-01
-1.939207087608623624e+04 2.816601002610955584e-01
-1.919341884120469695e+04 2.835132750586716321e-01
-1.899476680632316129e+04 2.236322824754195804e-01
-1.879611477144162200e+04 1.014660644773101028e-01
-1.859746273656008634e+04 2.480176687228149435e-01
-1.839881070167854705e+04 1.867047985426397994e-01
-1.820015866679701139e+04 5.510478253417253058e-02
-1.800150663191547210e+04 4.145868115293041556e-02
-1.780285459703393644e+04 3.072590735158764463e-02
-1.760420256215239715e+04 -1.309443134665898567e-01
-1.740555052727086149e+04 -1.885459436829716451e-01
-1.720689849238932220e+04 -1.677473117059141705e-02
-1.700824645750778654e+04 -2.136428408833158238e-02
-1.680959442262624725e+04 -1.197732491044843778e-01
-1.661094238774470796e+04 -5.163015885263558258e-02
-1.641229035286317594e+04 -9.150010134618460911e-02
-1.621363831798163847e+04 1.327642697357334783e-02
-1.601498628310010099e+04 -8.203698595169478525e-02
-1.581633424821856170e+04 -7.433028820058695807e-02
-1.561768221333702422e+04 3.168285780181139683e-02
-1.541903017845548675e+04 3.901802940556339111e-02
-1.522037814357394927e+04 5.982004344815300412e-02
-1.502172610869241180e+04 -5.348312412454453435e-02
-1.482307407381087432e+04 3.918486930534139864e-03
-1.462442203892933685e+04 8.947040056512238493e-02
-1.442577000404779938e+04 1.882890957009857730e-02
-1.422711796916626008e+04 5.294892760626079137e-02
-1.402846593428472261e+04 1.015953923891860788e-01
-1.382981389940318513e+04 1.667894877619360283e-01
-1.363116186452164766e+04 1.636196899224730550e-01
-1.343250982964011200e+04 1.183351630342351218e-01
-1.323385779475857453e+04 2.688023350718898169e-02
-1.303520575987703705e+04 -3.637996356246635948e-02
-1.283655372499549958e+04 1.750543680819136305e-01
-1.263790169011396210e+04 2.048634447830746108e-01
-1.243924965523242463e+04 1.877454871904080669e-01
-1.224059762035088715e+04 2.500059027549184076e-01
-1.204194558546934786e+04 1.600178410210140734e-01
-1.184329355058781039e+04 1.989326147386591692e-01
-1.164464151570627291e+04 1.013994137005577861e-01
-1.144598948082473544e+04 6.818461159804519063e-03
-1.124733744594319796e+04 -7.510775937396033108e-02
-1.104868541106166049e+04 7.005806711695483635e-02
-1.085003337618012301e+04 1.709822522749169793e-01
-1.065138134129858554e+04 2.486981086861624890e-01
-1.045272930641704806e+04 3.001047550871833169e-01
-1.025407727153551059e+04 7.849439489642431877e-02
-1.005542523665397312e+04 4.724038618210584656e-02
-9.856773201772435641e+03 2.369237660350214658e-01
-9.658121166890898166e+03 2.164963618024174918e-01
-9.459469132009360692e+03 1.717510488940310887e-01
-9.260817097127823217e+03 1.048206678684931725e-01
-9.062165062246285743e+03 -5.312717006325878843e-02
-8.863513027364748268e+03 -8.685601296435535232e-03
-8.664860992483210794e+03 1.215596665856541470e-02
-8.466208957601673319e+03 4.965680470112891071e-02
-8.267556922720134025e+03 3.535183994088693382e-02
-8.068904887838597460e+03 7.166019651266043733e-02
-7.870252852957059986e+03 8.935501329518315272e-02
-7.671600818075523421e+03 1.665214722475627240e-01
-7.472948783193985946e+03 1.026950302206407345e-01
-7.274296748312448472e+03 9.488631341967798671e-02
-7.075644713430910087e+03 1.573648063495316496e-01
-6.876992678549372613e+03 2.476855847373461150e-01
-6.678340643667835138e+03 2.482197944133328893e-01
-6.479688608786297664e+03 2.676512948241490664e-01
-6.281036573904760189e+03 3.571025174535529811e-01
-6.082384539023223624e+03 2.209440626934778829e-01
-5.883732504141685240e+03 2.879659431981932971e-01
-5.685080469260147765e+03 3.528629208460394295e-01
-5.486428434378610291e+03 4.315758296855305431e-01
-5.287776399497072816e+03 5.022266335133611648e-01
-5.089124364615535342e+03 3.721629998348648938e-01
-4.890472329733997867e+03 2.949588514976981823e-01
-4.691820294852460393e+03 2.268033612209705008e-01
-4.493168259970922918e+03 4.018081911189989586e-01
-4.294516225089385443e+03 3.953101137181201374e-01
-4.095864190207847514e+03 3.831415708732122116e-01
-3.897212155326310040e+03 6.682887347744237427e-01
-3.698560120444772565e+03 6.251901267390971295e-01
-3.499908085563235090e+03 5.020953211705069252e-01
-3.301256050681697616e+03 5.649632882976339809e-01
-3.102604015800160141e+03 6.098182935104730085e-01
-2.903951980918622667e+03 6.692830689191910931e-01
-2.705299946037084737e+03 7.344543019015336016e-01
-2.506647911155547717e+03 7.852775112597603080e-01
-2.307995876274010243e+03 8.211423081098006005e-01
-2.109343841392472768e+03 7.839937328712446307e-01
-1.910691806510935066e+03 7.863583125239047567e-01
-1.712039771629397592e+03 8.162503527352708010e-01
-1.513387736747859890e+03 8.800437516087370460e-01
-1.314735701866322643e+03 7.783368910518854156e-01
-1.116083666984784941e+03 6.282900129919442023e-01
-9.174316321032474661e+02 7.328593541340235884e-01
-7.187795972217099916e+02 8.693329563829396145e-01
-5.201275623401725170e+02 9.378505478888864433e-01
-3.214755274586349287e+02 8.880082939719895485e-01
-1.228234925770974115e+02 9.935170169301027476e-01
7.582854230444010568e+01 8.406051120406066168e-01
2.744805771859776087e+02 1.000000000000000000e+00
4.731326120675151401e+02 9.927550405998818439e-01
6.717846469490526715e+02 9.066278956807494183e-01
8.704366818305902598e+02 7.730252364154066580e-01
1.069088716712127734e+03 8.851528088041827891e-01
1.267740751593665209e+03 6.448111393682787185e-01
1.466392786475202684e+03 5.217185154660286539e-01
1.665044821356740158e+03 5.703106672415507727e-01
1.863696856238277633e+03 5.201501301419136913e-01
2.062348891119815107e+03 3.455469057615245809e-01
2.261000926001352582e+03 4.255101631927385442e-01
2.459652960882890056e+03 2.619293007903394921e-01
2.658304995764427986e+03 1.559215425276518630e-01
2.856957030645965460e+03 3.275444842627230901e-01
3.055609065527502935e+03 2.339805506125394452e-01
3.254261100409040409e+03 3.379992455229066661e-01
3.452913135290577884e+03 2.895081963105937128e-01
3.651565170172115359e+03 1.131622543064657038e-01
3.850217205053652833e+03 7.922333995801014717e-02
4.048869239935190308e+03 1.739905997702383411e-01
4.247521274816727782e+03 9.695605896008135938e-02
4.446173309698265257e+03 1.185000498154137050e-01
4.644825344579802731e+03 1.250796992108911265e-01
4.843477379461341116e+03 8.440302292982486410e-02
5.042129414342878590e+03 6.145671101029526878e-02
5.240781449224416065e+03 8.929010630151192063e-02
5.439433484105953539e+03 4.129281663439335337e-02
5.638085518987490104e+03 -3.620224114486000899e-02
5.836737553869027579e+03 -9.438068179104557032e-02
6.035389588750565053e+03 1.022813817588141307e-02
6.234041623632102528e+03 7.360753830070658477e-02
6.432693658513640003e+03 1.578881777680364862e-01
6.631345693395178387e+03 1.061085614268213601e-01
6.829997728276715861e+03 9.103884095461006742e-02
7.028649763158253336e+03 1.665522270569037844e-01
7.227301798039790810e+03 1.737307528686186930e-01
7.425953832921328285e+03 1.736432431446689739e-01
7.624605867802865760e+03 1.443038495552282641e-01
7.823257902684403234e+03 5.919922203276203887e-02
8.021909937565940709e+03 1.035054988014432603e-02
8.220561972447478183e+03 7.092048553437944880e-02
8.419214007329015658e+03 2.334600763303600612e-01
8.617866042210553132e+03 3.183642335540066148e-01
8.816518077092090607e+03 3.001438658450239494e-01
9.015170111973628082e+03 2.181100683327348855e-01
9.213822146855165556e+03 1.903836739424816515e-01
9.412474181736704850e+03 3.316874181398025145e-01
9.611126216618242324e+03 5.519361571531126165e-01
9.809778251499779799e+03 6.459274020228572555e-01
1.000843028638131545e+04 7.525759028369037873e-01
1.020708232126285293e+04 8.354937964930160277e-01
1.040573435614439040e+04 9.486875703625184952e-01
1.060438639102592788e+04 1.035318679222233973e+00
1.080303842590746535e+04 1.188378685135967450e+00
1.100169046078900283e+04 1.402981052752583890e+00
1.120034249567054030e+04 1.384790048786652239e+00
1.139899453055207778e+04 1.714914329035310381e+00
1.159764656543361525e+04 1.625576673358811952e+00
1.179629860031515273e+04 1.486180960948620289e+00
1.199495063519669020e+04 1.482646358356324523e+00
1.219360267007822767e+04 1.365392499723808717e+00
1.239225470495976515e+04 1.451173551364116854e+00
1.259090673984130262e+04 1.383359790402843625e+00
1.278955877472284192e+04 1.527138900496418428e+00
1.298821080960437939e+04 1.627413805119896528e+00
1.318686284448591687e+04 1.534521517534042534e+00
1.338551487936745434e+04 1.452311914309223795e+00
1.358416691424899182e+04 1.154844285448579422e+00
1.378281894913052929e+04 6.426396804663955242e-01
1.398147098401206676e+04 3.748154111335254002e-01
1.418012301889360424e+04 4.434290912892575598e-01
1.437877505377514171e+04 1.581526508753118287e-01
1.457742708865667919e+04 1.536703923350865586e-01
1.477607912353821666e+04 1.368985656324805678e-01
1.497473115841975414e+04 -9.199656560065759027e-04
1.517338319330129161e+04 -8.529564333100750004e-03
1.537203522818282909e+04 6.498962550253478687e-02
1.557068726306436656e+04 8.853377269189768861e-02
1.576933929794590404e+04 2.781930819419028023e-03
1.596799133282744151e+04 -4.941513723414381332e-02
1.616664336770897899e+04 -1.283254648523491151e-02
1.636529540259051646e+04 -5.490225321835049549e-02
1.656394743747205575e+04 -7.245854049257130503e-02
1.676259947235359141e+04 -9.028346038890117109e-02
1.696125150723513070e+04 5.320410440642546479e-02
1.715990354211666636e+04 4.312347701519200077e-02
1.735855557699820565e+04 2.383219865641312326e-03
1.755720761187974131e+04 7.717432765017795404e-02
1.775585964676128060e+04 -1.005608675880119603e-02
1.795451168164281626e+04 -1.625609221299164076e-01
1.815316371652435555e+04 -2.898933018488747404e-01
1.835181575140589121e+04 -2.336901919805119410e-01
1.855046778628743050e+04 -1.275903471895949992e-01
1.874911982116896615e+04 -1.926204959581155896e-01
1.894777185605050181e+04 -2.221212866644398931e-01
1.914642389093204110e+04 -2.533130924957027186e-01
1.934507592581357676e+04 -2.542016176697611263e-01
1.954372796069511605e+04 -1.593116314188881555e-01
1.974237999557665171e+04 -1.331558536651812064e-01
1.994103203045819100e+04 -1.352099746822855164e-01
