# velocity space (km/s) 	 normalized flux
-1.966487552498570585e+04 1.215629795177902928e+00
-1.906186651822635395e+04 1.983816682321202007e+00
-1.845991860086354791e+04 2.356760214712234625e+00
-1.785903263384242746e+04 2.005994687954087752e+00
-1.725920944746887471e+04 1.159100459369924785e+00
-1.666044984166632639e+04 2.535672957283135798e+00
-1.606275458623134000e+04 1.987562461485461229e+00
-1.546612442108793584e+04 2.072259791703443099e+00
-1.487056005654076034e+04 1.982929277335734985e+00
-1.427606217352728527e+04 1.634539514291803552e+00
-1.368263142386833533e+04 1.309536677711730102e+00
-1.309026843051802643e+04 9.780039400190888577e-01
-1.249897378781198495e+04 5.716041030498922870e-01
-1.190874806171459932e+04 4.046786126027426267e-01
-1.131959179006509657e+04 1.801244912058518055e-01
-1.073150548282236377e+04 1.916363699525424624e-01
-1.014448962230842335e+04 -7.679389852785974135e-02
-9.558544663450924418e+03 1.899389642274007528e-01
-8.973671034024291657e+03 2.783508482514498450e-01
-8.389869134889599081e+03 -2.365303065050732845e-01
-7.807139340233266921e+03 2.250725272509331576e-01
-7.225481997804729872e+03 2.938532159712043401e-01
-6.644897429152404584e+03 4.118135053486119412e-01
-6.065385929859006865e+03 5.884746673012043461e-01
-5.486947769775161760e+03 5.508941070746715685e-01
-4.909583193251994999e+03 5.232468277486889141e-01
-4.333292419372503900e+03 4.103029118266243724e-01
-3.758075642181653166e+03 5.641392502128340647e-01
-3.183933030915145537e+03 6.452940347998159520e-01
-2.610864730227137443e+03 6.170584337634884564e-01
-2.038870860416504684e+03 5.675912384799639554e-01
-1.467951517652053781e+03 5.276351761046247368e-01
-8.981067741964112656e+02 7.569148099663500773e-01
-3.293366786285923240e+02 1.000000000000000000e+00
2.383587439344909455e+02 6.293771934661760437e-01
8.049794916179705524e+02 3.263460037778698752e-01
1.370525585569999294e+03 2.807911618169491863e-01
1.934997069744179726e+03 4.271698636673637028e-01
2.498394010683049601e+03 4.003587058725557868e-01
3.060716497302895277e+03 3.108685261273710365e-01
3.621964640679874719e+03 3.945556096772195320e-01
4.182138573837212789e+03 3.924743274351568667e-01
4.741238451533833540e+03 2.469225631387117481e-01
5.299264450054059125e+03 1.714162321034797543e-01
5.856216766998622916e+03 -4.103924851155679038e-02
6.412095621076976386e+03 -1.193672999390682637e-01
6.966901251900797433e+03 3.877361393205547291e-02
7.520633919778548261e+03 0.000000000000000000e+00
8.073293905511707635e+03 3.312817555184911084e-02
8.624881510191691632e+03 -6.984668555952522340e-02
9.175397054998466047e+03 -5.998674538207762752e-02
9.724840881000183799e+03 -3.038672465896846697e-01
1.027321334895393011e+04 3.225898618218285552e-02
1.082051483910808020e+04 2.640723370657042587e-02
1.136674575100539187e+04 2.058195343704791527e-02
1.191190650328773881e+04 1.475815160773704879e-02
1.245599753350185347e+04 8.935939412764090650e-03
1.299901929790631948e+04 3.115333692931891631e-03
1.354097227127976657e+04 -2.703749253023119466e-03
1.408185694673040234e+04 -8.521212489059435541e-03
1.462167383550656086e+04 -1.433714481219693082e-02
1.516042346680865921e+04 -2.015143510328607293e-02
1.569810638760217989e+04 -2.596422786653126633e-02
1.623472316243206842e+04 -3.177533124842069068e-02
1.677027437323800405e+04 -3.758483660369491691e-02
1.730476061917138213e+04 -4.339269822174007807e-02
1.783818251641286406e+04 -4.919901420709028861e-02
1.837054069799173885e+04 -5.500364921061722673e-02
1.890183581360596145e+04 -6.080670854383875279e-02
1.943206852944373531e+04 -6.660805737514956248e-02
1.996123952800614643e+04 -7.240777926289274080e-02
