# velocity space (km/s) 	 normalized flux
-1.962788092985711774e+04 3.040006216605827483e+00
-1.906027137253671390e+04 2.985481368102136379e+00
-1.849266181521630642e+04 4.254578207463953987e+00
-1.792505225789590259e+04 5.646444537112195405e+00
-1.735744270057549875e+04 6.125145290293356304e+00
-1.678983314325509491e+04 6.238019515677923899e+00
-1.622222358593469107e+04 7.455609791636607753e+00
-1.565461402861428542e+04 6.037258758112273860e+00
-1.508700447129388158e+04 4.178384710614975184e+00
-1.451939491397347592e+04 3.138637784417971144e+00
-1.395178535665307390e+04 2.358335475670843895e+00
-1.338417579933266825e+04 1.703919392549085643e+00
-1.281656624201226259e+04 1.268561127228127638e+00
-1.224895668469185875e+04 9.677649379330075519e-01
-1.168134712737145492e+04 7.617309801280928161e-01
-1.111373757005105108e+04 5.614967990062098568e-01
-1.054612801273064542e+04 4.250616638056479712e-01
-9.978518455410241586e+03 3.461721562145956832e-01
-9.410908898089837749e+03 2.954160911198368544e-01
-8.843299340769432092e+03 2.477325807335799823e-01
-8.275689783449028255e+03 7.851070784030561578e-02
-7.708080226128624417e+03 2.936710812544993110e-01
-7.140470668808218761e+03 3.162912170917707155e-01
-6.572861111487814924e+03 2.767508840983315954e-01
-6.005251554167410177e+03 3.186307468166358348e-01
-5.437641996847006340e+03 2.983129470731175625e-01
-4.870032439526601593e+03 3.131400309464070775e-01
-4.302422882206196846e+03 3.446032197733096547e-01
-3.734813324885793008e+03 3.765837880046193353e-01
-3.167203767565388716e+03 3.901484506353811166e-01
-2.599594210244984424e+03 3.705608010223352400e-01
-2.031984652924579905e+03 4.319144453371716597e-01
-1.464375095604175385e+03 4.808811105323951840e-01
-8.967655382837709794e+02 6.910577734185657794e-01
-3.291559809633665736e+02 1.000000000000000000e+00
2.384535763570378606e+02 7.124597608297342788e-01
8.060631336774423517e+02 5.267776364694255475e-01
1.373672690997846757e+03 3.900659964754947806e-01
1.941282248318251050e+03 3.351721080866011948e-01
2.508891805638655569e+03 2.624734926646596911e-01
3.076501362959059861e+03 1.684272135353287458e-01
3.644110920279464608e+03 4.698599605389504053e-01
4.211720477599868900e+03 5.119594045261426363e-01
4.779330034920272738e+03 4.151556967294768308e-01
5.346939592240677484e+03 3.291067077454095657e-01
5.914549149561082231e+03 1.748506823590040282e-01
6.482158706881486069e+03 1.136839163683256437e-01
7.049768264201890815e+03 5.425736818305173376e-02
7.617377821522294653e+03 0.000000000000000000e+00
8.184987378842699400e+03 -6.908017708110589239e-02
8.752596936163105056e+03 -6.836653290735804356e-02
9.320206493483508893e+03 -4.691962663833086633e-02
9.887816050803912731e+03 -4.485157467063911885e-02
1.045542560812431657e+04 -7.451377033139973405e-02
1.102303516544472222e+04 -7.652885064209097310e-02
1.159064472276512606e+04 -7.851399678121967485e-02
1.215825428008553172e+04 -8.049913308975083226e-02
1.272586383740593374e+04 -8.248428088789751256e-02
1.329347339472633939e+04 -8.446942373830973461e-02
1.386108295204674323e+04 -8.645457533663764016e-02
1.442869250936714889e+04 -8.843971316744941857e-02
1.499630206668755272e+04 -9.042485571503498798e-02
1.556391162400795656e+04 -9.240999189963558513e-02
1.613152118132836222e+04 -9.439514594821922511e-02
1.669913073864876424e+04 -9.638028297784699550e-02
1.726674029596917171e+04 -9.836543196391288324e-02
1.783434985328957191e+04 -1.003505643887907389e-01
1.840195941060997939e+04 -1.023357131858109170e-01
1.896956896793038322e+04 -1.043208523532886817e-01
1.953717852525078706e+04 -1.063060050353080016e-01
