# velocity space (km/s) 	 normalized flux
-1.998802698073084684e+04 2.295351218231929558e+00
-1.978937494584931119e+04 1.936259004847785681e+00
-1.959072291096777190e+04 1.530812931939303123e+00
-1.939207087608623624e+04 1.296079071093693580e+00
-1.919341884120469695e+04 1.022506346369622454e+00
-1.899476680632316129e+04 8.267146402975941166e-01
-1.879611477144162200e+04 7.379952070516373475e-01
-1.859746273656008634e+04 6.721770348754910751e-01
-1.839881070167854705e+04 6.573373129836597162e-01
-1.820015866679701139e+04 6.407415348996209348e-01
-1.800150663191547210e+04 6.038690691718042736e-01
-1.780285459703393644e+04 4.866739301348162461e-01
-1.760420256215239715e+04 4.407639077359625790e-01
-1.740555052727086149e+04 3.528194409717352320e-01
-1.720689849238932220e+04 3.679038114947388305e-01
-1.700824645750778654e+04 4.209113479483919673e-01
-1.680959442262624725e+04 3.463299536287193781e-01
-1.661094238774470796e+04 2.690436757127307454e-01
-1.641229035286317594e+04 2.809475281802608637e-01
-1.621363831798163847e+04 2.586322101589941802e-01
-1.601498628310010099e+04 2.549409336346668553e-01
-1.581633424821856170e+04 2.701278131890341716e-01
-1.561768221333702422e+04 2.288483854282906960e-01
-1.541903017845548675e+04 2.238463742779962795e-01
-1.522037814357394927e+04 2.372783196831263763e-01
-1.502172610869241180e+04 1.808219699886842169e-01
-1.482307407381087432e+04 1.291268961957462991e-01
-1.462442203892933685e+04 2.059090544090846908e-01
-1.442577000404779938e+04 3.171567600728040226e-01
-1.422711796916626008e+04 3.971206375002439559e-01
-1.402846593428472261e+04 5.570388120959641753e-01
-1.382981389940318513e+04 6.220302654329997738e-01
-1.363116186452164766e+04 6.821965788140326170e-01
-1.343250982964011200e+04 7.179217123996610717e-01
-1.323385779475857453e+04 7.071568733967737996e-01
-1.303520575987703705e+04 6.711802704289201449e-01
-1.283655372499549958e+04 7.353495919038467443e-01
-1.263790169011396210e+04 7.873837803757038900e-01
-1.243924965523242463e+04 8.558512953335903894e-01
-1.224059762035088715e+04 8.984030872372100740e-01
-1.204194558546934786e+04 9.213158032598000036e-01
-1.184329355058781039e+04 1.063374217505558939e+00
-1.164464151570627291e+04 1.138744912721997071e+00
-1.144598948082473544e+04 1.131196792167338927e+00
-1.124733744594319796e+04 1.143148281602282657e+00
-1.104868541106166049e+04 1.187999959606766520e+00
-1.085003337618012301e+04 1.232222306887722496e+00
-1.065138134129858554e+04 1.221812746545779094e+00
-1.045272930641704806e+04 1.182747328740118897e+00
-1.025407727153551059e+04 1.194488178720922944e+00
-1.005542523665397312e+04 1.273077642348347416e+00
-9.856773201772435641e+03 1.371869935381199390e+00
-9.658121166890898166e+03 1.415172483107522083e+00
-9.459469132009360692e+03 1.460682655564313315e+00
-9.260817097127823217e+03 1.445050851620870214e+00
-9.062165062246285743e+03 1.341399584483620178e+00
-8.863513027364748268e+03 1.328885284452396842e+00
-8.664860992483210794e+03 1.390598889299392793e+00
-8.466208957601673319e+03 1.372973810467339018e+00
-8.267556922720134025e+03 1.270968983196525182e+00
-8.068904887838597460e+03 1.288889688811445389e+00
-7.870252852957059986e+03 1.359070033704061764e+00
-7.671600818075523421e+03 1.361845608163929633e+00
-7.472948783193985946e+03 1.383069781176103019e+00
-7.274296748312448472e+03 1.455853705010313970e+00
-7.075644713430910087e+03 1.467976032357612315e+00
-6.876992678549372613e+03 1.454825123275704568e+00
-6.678340643667835138e+03 1.405830988136143489e+00
-6.479688608786297664e+03 1.349000704468145129e+00
-6.281036573904760189e+03 1.274088201870940518e+00
-6.082384539023223624e+03 1.178069885698770580e+00
-5.883732504141685240e+03 1.112967321185010183e+00
-5.685080469260147765e+03 1.078924562659711039e+00
-5.486428434378610291e+03 1.078246274981328856e+00
-5.287776399497072816e+03 1.072431620197600299e+00
-5.089124364615535342e+03 1.040521874897438304e+00
-4.890472329733997867e+03 1.098840150946879479e+00
-4.691820294852460393e+03 1.093496950958551039e+00
-4.493168259970922918e+03 1.026657550125829710e+00
-4.294516225089385443e+03 9.614793221732013118e-01
-4.095864190207847514e+03 9.285892192588339755e-01
-3.897212155326310040e+03 9.635133233179686840e-01
-3.698560120444772565e+03 9.107179584020769214e-01
-3.499908085563235090e+03 9.390854431314126227e-01
-3.301256050681697616e+03 9.624744955721905582e-01
-3.102604015800160141e+03 1.023167592673120296e+00
-2.903951980918622667e+03 1.101990209605748117e+00
-2.705299946037084737e+03 1.091658015148157634e+00
-2.506647911155547717e+03 1.091604989841126860e+00
-2.307995876274010243e+03 1.021449637063482463e+00
-2.109343841392472768e+03 9.064622475568222537e-01
-1.910691806510935066e+03 8.755950495916684506e-01
-1.712039771629397592e+03 9.137503317739119613e-01
-1.513387736747859890e+03 8.354221328315044603e-01
-1.314735701866322643e+03 6.720029327057769342e-01
-1.116083666984784941e+03 5.481435915717034479e-01
-9.174316321032474661e+02 6.110046947719426358e-01
-7.187795972217099916e+02 7.259472735797490861e-01
-5.201275623401725170e+02 8.172056462141770172e-01
-3.214755274586349287e+02 9.475044252970590275e-01
-1.228234925770974115e+02 1.000000000000000000e+00
7.582854230444010568e+01 9.745098632523203630e-01
2.744805771859776087e+02 8.804792956530859138e-01
4.731326120675151401e+02 7.143439933068933545e-01
6.717846469490526715e+02 5.856134419467462493e-01
8.704366818305902598e+02 5.105408635111536864e-01
1.069088716712127734e+03 4.690398188222082987e-01
1.267740751593665209e+03 3.703372755996210963e-01
1.466392786475202684e+03 3.269851390338160413e-01
1.665044821356740158e+03 3.677215717565288644e-01
1.863696856238277633e+03 3.649461608755478759e-01
2.062348891119815107e+03 2.640263640286129032e-01
2.261000926001352582e+03 2.022145343198798739e-01
2.459652960882890056e+03 1.802255962528630517e-01
2.658304995764427986e+03 1.341756129786389196e-01
2.856957030645965460e+03 9.183015305230192438e-02
3.055609065527502935e+03 8.450318772235346221e-02
3.254261100409040409e+03 1.500604130829191196e-01
3.452913135290577884e+03 7.050212310106324098e-02
3.651565170172115359e+03 2.833663757983346382e-03
3.850217205053652833e+03 2.353912051068092481e-02
4.048869239935190308e+03 -1.173363325418938508e-03
4.247521274816727782e+03 -9.600378914568510891e-03
4.446173309698265257e+03 2.019724640809273178e-02
4.644825344579802731e+03 2.394922876617030030e-02
4.843477379461341116e+03 -1.210174498633125907e-02
5.042129414342878590e+03 8.721570210100622333e-03
5.240781449224416065e+03 -2.140068750016636216e-03
5.439433484105953539e+03 -1.677338174793232412e-02
5.638085518987490104e+03 1.019188028784833930e-02
5.836737553869027579e+03 7.653185583727017960e-02
6.035389588750565053e+03 1.496528785698051089e-01
6.234041623632102528e+03 2.605057802397081623e-01
6.432693658513640003e+03 3.603993214003101131e-01
6.631345693395178387e+03 4.136850648961027388e-01
6.829997728276715861e+03 4.908091361338814407e-01
7.028649763158253336e+03 5.812575448640417974e-01
7.227301798039790810e+03 6.544151484220663839e-01
7.425953832921328285e+03 7.572564104315308020e-01
7.624605867802865760e+03 8.673733509517903562e-01
7.823257902684403234e+03 9.515587429701547473e-01
8.021909937565940709e+03 1.046048962486251455e+00
8.220561972447478183e+03 1.191722253057536429e+00
8.419214007329015658e+03 1.271018643096957002e+00
8.617866042210553132e+03 1.347415438078018779e+00
8.816518077092090607e+03 1.441451842384612547e+00
9.015170111973628082e+03 1.520941347512983821e+00
9.213822146855165556e+03 1.842055259932362521e+00
9.412474181736704850e+03 2.232413932790417110e+00
9.611126216618242324e+03 2.698242500212773454e+00
9.809778251499779799e+03 3.245949887526272448e+00
1.000843028638131545e+04 3.742256869569129840e+00
1.020708232126285293e+04 4.203102687625819733e+00
1.040573435614439040e+04 4.748147415834973017e+00
1.060438639102592788e+04 5.268771496090778328e+00
1.080303842590746535e+04 5.892330069200205855e+00
1.100169046078900283e+04 6.528927611242570705e+00
1.120034249567054030e+04 7.065059438757930188e+00
1.139899453055207778e+04 7.116126085608968310e+00
1.159764656543361525e+04 6.534036406733894964e+00
1.179629860031515273e+04 6.022910123958371109e+00
1.199495063519669020e+04 5.668728349457807347e+00
1.219360267007822767e+04 5.281727730136477561e+00
1.239225470495976515e+04 5.060442419456892438e+00
1.259090673984130262e+04 4.904284315587633003e+00
1.278955877472284192e+04 4.768281096389265450e+00
1.298821080960437939e+04 4.560882797439122172e+00
1.318686284448591687e+04 4.320745185868840821e+00
1.338551487936745434e+04 4.092554678945011126e+00
1.358416691424899182e+04 3.637504349790531943e+00
1.378281894913052929e+04 3.086539847187403929e+00
1.398147098401206676e+04 2.680168409371092686e+00
1.418012301889360424e+04 2.391427752391920514e+00
1.437877505377514171e+04 2.033866852689423688e+00
1.457742708865667919e+04 1.648835724352394339e+00
1.477607912353821666e+04 1.428203936723381196e+00
1.497473115841975414e+04 1.285471927271504722e+00
1.517338319330129161e+04 1.086263212921654508e+00
1.537203522818282909e+04 1.098359599277850096e+00
1.557068726306436656e+04 1.034666649485869394e+00
1.576933929794590404e+04 1.087801027413015431e+00
1.596799133282744151e+04 1.123371513914826147e+00
1.616664336770897899e+04 1.155183093242669656e+00
1.636529540259051646e+04 1.073322258637707138e+00
1.656394743747205575e+04 1.035083282651014791e+00
1.676259947235359141e+04 1.149605481110944183e+00
1.696125150723513070e+04 1.368012289743300247e+00
1.715990354211666636e+04 1.887944878548605265e+00
1.735855557699820565e+04 2.857271103557930125e+00
1.755720761187974131e+04 3.794963080849912185e+00
1.775585964676128060e+04 3.254866875460534992e+00
1.795451168164281626e+04 1.925880772273512953e+00
1.815316371652435555e+04 1.108315834899310515e+00
1.835181575140589121e+04 7.974242750034785665e-01
1.855046778628743050e+04 6.508353413386318564e-01
1.874911982116896615e+04 4.921888838847406911e-01
1.894777185605050181e+04 4.517034304500099351e-01
1.914642389093204110e+04 4.977384851617376871e-01
1.934507592581357676e+04 5.730368020736991141e-01
1.954372796069511605e+04 7.394249509136431309e-01
1.974237999557665171e+04 1.043788309028284678e+00
1.994103203045819100e+04 1.540208681745910857e+00
