# velocity space (km/s) 	 normalized flux
-1.982167904679584535e+04 1.614856284918138318e-01
-1.960722673175981618e+04 1.793345811020595759e-01
-1.939277441672379064e+04 1.845526772752099642e-01
-1.917832210168776510e+04 1.812784581102082071e-01
-1.896386978665173956e+04 2.146426708879713152e-01
-1.874941747161571402e+04 2.436981342921699933e-01
-1.853496515657968848e+04 2.755081937584238916e-01
-1.832051284154365931e+04 2.691948836073582707e-01
-1.810606052650763377e+04 2.669391864824943172e-01
-1.789160821147160823e+04 2.953422405331702083e-01
-1.767715589643558269e+04 3.353719957643167549e-01
-1.746270358139955715e+04 3.658135610947891858e-01
-1.724825126636353161e+04 4.110155727190274999e-01
-1.703379895132750244e+04 4.707904710946601567e-01
-1.681934663629147690e+04 5.523153061165607669e-01
-1.660489432125545136e+04 6.295793677285930201e-01
-1.639044200621942582e+04 6.480525416476695666e-01
-1.617598969118339846e+04 6.112516139544622584e-01
-1.596153737614737292e+04 5.547180394392314806e-01
-1.574708506111134739e+04 4.739501721271508483e-01
-1.553263274607532003e+04 4.585086324431599802e-01
-1.531818043103929631e+04 4.661810815011926956e-01
-1.510372811600327077e+04 4.243822754591256019e-01
-1.488927580096724341e+04 3.947922070910611647e-01
-1.467482348593121787e+04 3.558153526543912926e-01
-1.446037117089519234e+04 2.969172443463846678e-01
-1.424591885585916498e+04 2.631662079951445632e-01
-1.403146654082313944e+04 2.063208730529138279e-01
-1.381701422578711390e+04 1.758827006589649411e-01
-1.360256191075108654e+04 1.304959526525515112e-01
-1.338810959571506100e+04 8.368361806240214029e-02
-1.317365728067903547e+04 5.993629716743538449e-02
-1.295920496564300811e+04 2.989399112379344248e-02
-1.274475265060698257e+04 3.113810619522095965e-02
-1.253030033557095703e+04 4.500695458675035149e-02
-1.231584802053492967e+04 1.692554841507797059e-02
-1.210139570549890414e+04 -2.002417436357993227e-02
-1.188694339046287678e+04 7.543485513150077065e-03
-1.167249107542685124e+04 2.398433633263368295e-02
-1.145803876039082570e+04 2.602617831604835466e-02
-1.124358644535479834e+04 3.161651664235387571e-02
-1.102913413031877280e+04 3.344045227286825128e-02
-1.081468181528274727e+04 3.401469167239678376e-02
-1.060022950024671991e+04 2.490074545101937306e-02
-1.038577718521069437e+04 1.168940411298254912e-02
-1.017132487017467065e+04 2.011235674360078649e-02
-9.956872555138643293e+03 2.730477493847968326e-02
-9.742420240102617754e+03 1.590251049397317304e-02
-9.527967925066592215e+03 1.532317798839336748e-02
-9.313515610030564858e+03 -3.628174119338000488e-03
-9.099063294994539319e+03 -1.272476928549867367e-02
-8.884610979958513781e+03 -6.312893412376379115e-04
-8.670158664922486423e+03 2.912607241963629037e-03
-8.455706349886460885e+03 -1.715406297825635903e-02
-8.241254034850435346e+03 -1.281943052901361214e-02
-8.026801719814407988e+03 -5.109626405148528366e-03
-7.812349404778382450e+03 2.251344824103487102e-02
-7.597897089742356002e+03 2.702267722592251523e-02
-7.383444774706329554e+03 3.321854369591902001e-02
-7.168992459670304015e+03 3.926787451445576393e-02
-6.954540144634277567e+03 2.569160153815808201e-02
-6.740087829598251119e+03 3.552542122774755146e-02
-6.525635514562225580e+03 7.134702236411027965e-02
-6.311183199526199132e+03 8.519038760226396723e-02
-6.096730884490172684e+03 8.431987496922969949e-02
-5.882278569454147146e+03 7.657648170531171361e-02
-5.667826254418120698e+03 8.648661254949178978e-02
-5.453373939382095159e+03 9.029197750076943529e-02
-5.238921624346068711e+03 9.041945893457799255e-02
-5.024469309310043172e+03 1.000012915935944297e-01
-4.810016994274016724e+03 1.077426563337913756e-01
-4.595564679237990276e+03 1.140828084840625894e-01
-4.381112364201964738e+03 1.276312671111692332e-01
-4.166660049165938290e+03 1.486180804814499767e-01
-3.952207734129911842e+03 1.900815549214270872e-01
-3.737755419093885848e+03 2.169723916557113885e-01
-3.523303104057859855e+03 2.195433847832547469e-01
-3.308850789021833407e+03 2.254177979552239586e-01
-3.094398473985807868e+03 2.460234077109162698e-01
-2.879946158949781420e+03 2.957172242082951041e-01
-2.665493843913755427e+03 3.181599082777110121e-01
-2.451041528877729434e+03 3.199964735058300480e-01
-2.236589213841702986e+03 3.436534550311182712e-01
-2.022136898805676992e+03 3.638893898267276383e-01
-1.807684583769650999e+03 3.879750797144518870e-01
-1.593232268733624778e+03 4.545035943195775419e-01
-1.378779953697598785e+03 5.242358484105089644e-01
-1.164327638661572792e+03 6.051461258637250706e-01
-9.498753236255465708e+02 6.464182873723525180e-01
-7.354230085895203501e+02 7.261048492361856788e-01
-5.209706935534943568e+02 8.131673509000678646e-01
-3.065183785174681930e+02 9.048648190220464071e-01
-9.206606348144208596e+01 9.611673164564622507e-01
1.223862515545840211e+02 9.912715940214626986e-01
3.368385665906101281e+02 9.418730604443669163e-01
5.512908816266362919e+02 8.894363351377266858e-01
7.657431966626622852e+02 8.605690734226560945e-01
9.801955116986885059e+02 8.525703236482173875e-01
1.194647826734714499e+03 8.906065730353990295e-01
1.409100141770740720e+03 9.715862664208986255e-01
1.623552456806766713e+03 1.000000000000000000e+00
1.838004771842792934e+03 8.864113222151390747e-01
2.052457086878818700e+03 7.415175510399548697e-01
2.266909401914845148e+03 6.431888115235081527e-01
2.481361716950871141e+03 5.334105306095020538e-01
2.695814031986897589e+03 4.095863599742167738e-01
2.910266347022923583e+03 3.374904581242256785e-01
3.124718662058949576e+03 2.536258189018867903e-01
3.339170977094975569e+03 1.933299530590703030e-01
3.553623292131001563e+03 1.654785341674746557e-01
3.768075607167028011e+03 1.445665285365134167e-01
3.982527922203053549e+03 1.391017304995443293e-01
4.196980237239079543e+03 1.331048220434382923e-01
4.411432552275105991e+03 1.209637840266039877e-01
4.625884867311132439e+03 8.448381451633948935e-02
4.840337182347157977e+03 6.960426614343551144e-02
5.054789497383184425e+03 4.198767330196291614e-02
5.269241812419210873e+03 4.559030797461435108e-02
5.483694127455236412e+03 6.068421030026455165e-02
5.698146442491262860e+03 3.711682164199756745e-02
5.912598757527289308e+03 1.272981414092853002e-02
6.127051072563314847e+03 1.536870585189061694e-02
6.341503387599341295e+03 7.638694089196419908e-03
6.555955702635367743e+03 5.552036207168456645e-03
6.770408017671393281e+03 9.185732598622839071e-03
6.984860332707419730e+03 -4.290678639676566951e-03
7.199312647743445268e+03 -6.774508066838301652e-03
7.413764962779471716e+03 -3.672582099276050244e-03
7.628217277815497255e+03 -2.174782014459177362e-02
7.842669592851524612e+03 -3.838032274281921730e-02
8.057121907887551060e+03 -1.608236623854489636e-02
8.271574222923576599e+03 1.665914952140252342e-02
8.486026537959603957e+03 3.992121295579948576e-02
8.700478852995629495e+03 8.741058458614953119e-02
8.914931168031653215e+03 1.061357870171251161e-01
9.129383483067680572e+03 1.233989022690133996e-01
9.343835798103706111e+03 1.332559866189017561e-01
9.558288113139731649e+03 1.290259370208450829e-01
9.772740428175759007e+03 1.171563583746210446e-01
9.987192743211784546e+03 1.356324429631986517e-01
1.020164505824781008e+04 1.504314067755722351e-01
1.041609737328383744e+04 1.702099061421612491e-01
1.063054968831986298e+04 1.821355666771463100e-01
1.084500200335588852e+04 1.881103032355000426e-01
1.105945431839191588e+04 2.301879092243652170e-01
1.127390663342794141e+04 2.520581720305620776e-01
1.148835894846396695e+04 2.488028346366641386e-01
1.170281126349999431e+04 2.514561610375918854e-01
1.191726357853601985e+04 2.640787203179182918e-01
1.213171589357204539e+04 2.765105832887765902e-01
1.234616820860807275e+04 2.723881882623811479e-01
1.256062052364409828e+04 2.595826540554665995e-01
1.277507283868012382e+04 2.621721536559045718e-01
1.298952515371615118e+04 2.850177498346184168e-01
1.320397746875217672e+04 3.139850954598366606e-01
1.341842978378820408e+04 3.261382458651689298e-01
1.363288209882422962e+04 3.389603384864963154e-01
1.384733441386025515e+04 3.332555281342356457e-01
1.406178672889628251e+04 3.008795476564909421e-01
1.427623904393230805e+04 2.961193860693175361e-01
1.449069135896833359e+04 3.138513530095139448e-01
1.470514367400436095e+04 3.075425515428796275e-01
1.491959598904038648e+04 2.756654661524909344e-01
1.513404830407641020e+04 2.801275513719246324e-01
1.534850061911243756e+04 3.004250629765753411e-01
1.556295293414846310e+04 3.002979544546230950e-01
1.577740524918448864e+04 3.057610380641755388e-01
1.599185756422051600e+04 3.268474717363638038e-01
1.620630987925654154e+04 3.295525644950829114e-01
1.642076219429256889e+04 3.245995011600671387e-01
1.663521450932859443e+04 3.087854220298866248e-01
1.684966682436461997e+04 2.905968765834288092e-01
1.706411913940064551e+04 2.669291573291825981e-01
1.727857145443667105e+04 2.368660713677436247e-01
1.749302376947270022e+04 2.161709052063049419e-01
1.770747608450872576e+04 2.048873093899242770e-01
1.792192839954475130e+04 2.037136306965952881e-01
1.813638071458077684e+04 2.009835584975253886e-01
1.835083302961680238e+04 1.903462965321282285e-01
1.856528534465282792e+04 2.070494297495816260e-01
1.877973765968885709e+04 2.044622151708416768e-01
1.899418997472488263e+04 1.832407624897824383e-01
1.920864228976090817e+04 1.625226692122593852e-01
1.942309460479693371e+04 1.515883447136049944e-01
1.963754691983295925e+04 1.612027055339303183e-01
1.985199923486898479e+04 1.442367988150342062e-01
