# velocity space (km/s) 	 normalized flux
-1.982167904679584535e+04 4.946965334530207814e-01
-1.960722673175981618e+04 7.068512751466612398e-01
-1.939277441672379064e+04 7.906659688207750003e-01
-1.917832210168776510e+04 6.875542266433380956e-01
-1.896386978665173956e+04 5.380133504393799226e-01
-1.874941747161571402e+04 6.276394577283880283e-01
-1.853496515657968848e+04 8.459863866752269645e-01
-1.832051284154365931e+04 7.345381835730799835e-01
-1.810606052650763377e+04 6.915743242770051591e-01
-1.789160821147160823e+04 6.714863493715598208e-01
-1.767715589643558269e+04 6.784870743353064171e-01
-1.746270358139955715e+04 6.924562528240553183e-01
-1.724825126636353161e+04 6.785886584501669150e-01
-1.703379895132750244e+04 8.074616411667322469e-01
-1.681934663629147690e+04 8.876652690741918539e-01
-1.660489432125545136e+04 9.041036338988041043e-01
-1.639044200621942582e+04 9.857138696377416576e-01
-1.617598969118339846e+04 7.951086253432685380e-01
-1.596153737614737292e+04 7.622588743010946244e-01
-1.574708506111134739e+04 7.510785140732945120e-01
-1.553263274607532003e+04 8.416141980502150899e-01
-1.531818043103929631e+04 9.733908632211217826e-01
-1.510372811600327077e+04 8.222261430514908875e-01
-1.488927580096724341e+04 8.312317516614960988e-01
-1.467482348593121787e+04 8.766473660095999154e-01
-1.446037117089519234e+04 7.886792145934015119e-01
-1.424591885585916498e+04 7.312333430651367649e-01
-1.403146654082313944e+04 3.940661767123657677e-01
-1.381701422578711390e+04 4.091881210779294009e-01
-1.360256191075108654e+04 4.586781088496115766e-01
-1.338810959571506100e+04 4.088646104071555487e-01
-1.317365728067903547e+04 2.851432610330074668e-01
-1.295920496564300811e+04 2.564040458730365568e-01
-1.274475265060698257e+04 2.231533959371095888e-01
-1.253030033557095703e+04 1.181625476061956420e-01
-1.231584802053492967e+04 2.758534337998611030e-02
-1.210139570549890414e+04 -3.585498889010617363e-02
-1.188694339046287678e+04 1.532590311643246619e-02
-1.167249107542685124e+04 8.718781763189013823e-02
-1.145803876039082570e+04 1.315839751227446952e-01
-1.124358644535479834e+04 5.337861311284455845e-02
-1.102913413031877280e+04 -6.006269526732887186e-03
-1.081468181528274727e+04 1.231433081600019352e-01
-1.060022950024671991e+04 1.133343776983796250e-02
-1.038577718521069437e+04 5.972779307126417289e-03
-1.017132487017467065e+04 8.120373661361020290e-02
-9.956872555138643293e+03 3.127818541103984801e-02
-9.742420240102617754e+03 -9.473879791854109000e-02
-9.527967925066592215e+03 1.346163931926557498e-02
-9.313515610030564858e+03 -7.911831870960862878e-02
-9.099063294994539319e+03 -6.213514973481910897e-02
-8.884610979958513781e+03 7.996342298676206717e-02
-8.670158664922486423e+03 8.112324622585122269e-02
-8.455706349886460885e+03 6.144395783109141834e-02
-8.241254034850435346e+03 2.194481322736989773e-02
-8.026801719814407988e+03 -1.718782764986236458e-02
-7.812349404778382450e+03 1.388072759766804422e-02
-7.597897089742356002e+03 -3.453615408206793524e-02
-7.383444774706329554e+03 -8.370259627457249385e-02
-7.168992459670304015e+03 6.146753515335826555e-03
-6.954540144634277567e+03 7.639307996975623627e-02
-6.740087829598251119e+03 1.639073452710592127e-01
-6.525635514562225580e+03 1.916287665990876743e-01
-6.311183199526199132e+03 2.054970898213631658e-01
-6.096730884490172684e+03 9.457196218625445183e-02
-5.882278569454147146e+03 -2.087533866310957442e-02
-5.667826254418120698e+03 2.623827259148198837e-02
-5.453373939382095159e+03 1.022815295157396970e-01
-5.238921624346068711e+03 1.108205556106609257e-01
-5.024469309310043172e+03 1.066266905772905726e-01
-4.810016994274016724e+03 1.031100597565812599e-01
-4.595564679237990276e+03 1.748395086469758664e-01
-4.381112364201964738e+03 3.571763849920855938e-01
-4.166660049165938290e+03 3.490333548757631466e-01
-3.952207734129911842e+03 3.304840331486829652e-01
-3.737755419093885848e+03 2.629206591252769010e-01
-3.523303104057859855e+03 2.789503311053118662e-01
-3.308850789021833407e+03 2.993972464531792776e-01
-3.094398473985807868e+03 2.850066144965342496e-01
-2.879946158949781420e+03 3.897246767697469250e-01
-2.665493843913755427e+03 4.251979132568141639e-01
-2.451041528877729434e+03 4.243009530675697638e-01
-2.236589213841702986e+03 4.217557961294242097e-01
-2.022136898805676992e+03 4.434831965031804657e-01
-1.807684583769650999e+03 4.112934582024903030e-01
-1.593232268733624778e+03 4.501275086256684155e-01
-1.378779953697598785e+03 4.627083220861248902e-01
-1.164327638661572792e+03 5.568759099565476767e-01
-9.498753236255465708e+02 5.375258669079733265e-01
-7.354230085895203501e+02 6.469953747036404357e-01
-5.209706935534943568e+02 6.183579298832300175e-01
-3.065183785174681930e+02 7.178592076805616617e-01
-9.206606348144208596e+01 6.359893291319650421e-01
1.223862515545840211e+02 8.043764392942693853e-01
3.368385665906101281e+02 9.594150740807633193e-01
5.512908816266362919e+02 1.000000000000000000e+00
7.657431966626622852e+02 8.826514856549277921e-01
9.801955116986885059e+02 7.717685633832660486e-01
1.194647826734714499e+03 8.634061223498339377e-01
1.409100141770740720e+03 8.588868869972866582e-01
1.623552456806766713e+03 9.176298992734724935e-01
1.838004771842792934e+03 9.246959088013140260e-01
2.052457086878818700e+03 7.474080040863558816e-01
2.266909401914845148e+03 5.787659188926472797e-01
2.481361716950871141e+03 5.282795270382238950e-01
2.695814031986897589e+03 2.066733851690362445e-01
2.910266347022923583e+03 3.429999325802245980e-01
3.124718662058949576e+03 3.436913362411689321e-01
3.339170977094975569e+03 2.856549823849969250e-01
3.553623292131001563e+03 1.683666491103961993e-01
3.768075607167028011e+03 3.067097720421913531e-01
3.982527922203053549e+03 2.473112720054845282e-01
4.196980237239079543e+03 1.210485599464413281e-01
4.411432552275105991e+03 1.069954911095975930e-01
4.625884867311132439e+03 9.571387288007814076e-02
4.840337182347157977e+03 -5.915464648921518742e-02
5.054789497383184425e+03 -1.150226412979666046e-01
5.269241812419210873e+03 4.731191298880443874e-02
5.483694127455236412e+03 4.187434517306506260e-02
5.698146442491262860e+03 -5.281369637345081219e-02
5.912598757527289308e+03 1.093935120038516499e-02
6.127051072563314847e+03 -2.806047641447061494e-02
6.341503387599341295e+03 7.054198695530276841e-02
6.555955702635367743e+03 -2.120125367645204345e-02
6.770408017671393281e+03 -1.494138944949340193e-02
6.984860332707419730e+03 8.483746920491160026e-02
7.199312647743445268e+03 9.074390034256384074e-02
7.413764962779471716e+03 1.094613483096883305e-01
7.628217277815497255e+03 6.044412343694619298e-04
7.842669592851524612e+03 5.413911197724217972e-02
8.057121907887551060e+03 1.344531856676679793e-01
8.271574222923576599e+03 6.618036198771930223e-02
8.486026537959603957e+03 9.756723666504206471e-02
8.700478852995629495e+03 1.427731305066880230e-01
8.914931168031653215e+03 2.037207971459992772e-01
9.129383483067680572e+03 1.996338433501494980e-01
9.343835798103706111e+03 1.554831177337765713e-01
9.558288113139731649e+03 6.741045511430367176e-02
9.772740428175759007e+03 6.159461616942088318e-03
9.987192743211784546e+03 2.062255694595797328e-01
1.020164505824781008e+04 2.335114425662376259e-01
1.041609737328383744e+04 2.161555944360243064e-01
1.063054968831986298e+04 2.743124493786565088e-01
1.084500200335588852e+04 1.876352191383697243e-01
1.105945431839191588e+04 2.235833483196835447e-01
1.127390663342794141e+04 1.297284216709187754e-01
1.148835894846396695e+04 3.868197112604315063e-02
1.170281126349999431e+04 -4.032602382315072370e-02
1.191726357853601985e+04 9.669880774104379351e-02
1.213171589357204539e+04 1.916365343098322682e-01
1.234616820860807275e+04 2.644961611675368252e-01
1.256062052364409828e+04 3.123278177536731870e-01
1.277507283868012382e+04 1.004382009927220765e-01
1.298952515371615118e+04 6.963471733515602669e-02
1.320397746875217672e+04 2.490091292050335137e-01
1.341842978378820408e+04 2.285050021227912065e-01
1.363288209882422962e+04 1.848672311505331345e-01
1.384733441386025515e+04 1.201247890348617203e-01
1.406178672889628251e+04 -3.120262483621844690e-02
1.427623904393230805e+04 1.000314842236419907e-02
1.449069135896833359e+04 2.875822405461348624e-02
1.470514367400436095e+04 6.336127521845365262e-02
1.491959598904038648e+04 4.868142917863709646e-02
1.513404830407641020e+04 8.215007186769872349e-02
1.534850061911243756e+04 9.791164086230261243e-02
1.556295293414846310e+04 1.702486255250332814e-01
1.577740524918448864e+04 1.084589627954375551e-01
1.599185756422051600e+04 9.995900207860812514e-02
1.620630987925654154e+04 1.583233141746323847e-01
1.642076219429256889e+04 2.431740123105085583e-01
1.663521450932859443e+04 2.426106835093401193e-01
1.684966682436461997e+04 2.600243608798000206e-01
1.706411913940064551e+04 3.440478500017031260e-01
1.727857145443667105e+04 2.134486919028254770e-01
1.749302376947270022e+04 2.761351318434967506e-01
1.770747608450872576e+04 3.368001501789190666e-01
1.792192839954475130e+04 4.106082737236628200e-01
1.813638071458077684e+04 4.767469110132252497e-01
1.835083302961680238e+04 3.519457605618975804e-01
1.856528534465282792e+04 2.774298762656169370e-01
1.877973765968885709e+04 2.115219868443717066e-01
1.899418997472488263e+04 3.769326836594120711e-01
1.920864228976090817e+04 3.696795351398815543e-01
1.942309460479693371e+04 3.570320687938576265e-01
1.963754691983295925e+04 6.272212466047712986e-01
1.985199923486898479e+04 5.851499871542562570e-01
