# velocity space (km/s) 	 normalized flux
-1.961425094139202702e+04 -2.859910691046600381e-02
-1.880092329119915303e+04 -1.990996274988128534e-02
-1.798952842812649760e+04 -1.947836527494307274e-02
-1.718006842179822343e+04 -8.334398677818075779e-03
-1.637254524091826170e+04 -1.256133270967523495e-02
-1.556696075441402718e+04 -9.135702925818198900e-03
-1.476331673257272450e+04 3.901765748322719076e-03
-1.396161484817087876e+04 5.233937177495449032e-03
-1.316185667759635362e+04 1.097613975304901485e-02
-1.236404370196333548e+04 1.790155304324022451e-02
-1.156817730821997793e+04 2.974071400955354341e-02
-1.077425879024876667e+04 4.905211359742620014e-02
-9.982289349959688479e+03 6.228652059440374644e-02
-9.192270098375909583e+03 4.616047497598220473e-02
-8.404202056712094418e+03 3.262572097307009367e-02
-7.618086157445530262e+03 6.390087157002315166e-02
-6.833923245379742184e+03 7.863051289505031127e-02
-6.051714078700556456e+03 9.491779813395727350e-02
-5.271459330024938026e+03 1.542840409476639862e-01
-4.493159587442353768e+03 1.651852851450593684e-01
-3.716815355548552816e+03 1.707912858250022481e-01
-2.942427056471976812e+03 -1.511621226160289946e-02
-2.169995030892669547e+03 5.146646987201657086e-02
-1.399519539053671906e+03 3.775519857492131148e-01
-6.310007617650431939e+02 6.503236727690300256e-01
1.355611985998746434e+02 8.033969787284853670e-01
9.001663171153622898e+02 1.000000000000000000e+00
1.662814645321992202e+03 6.358268613570585703e-01
2.423506310252683761e+03 4.582333998528387298e-01
3.182241513466304241e+03 3.260306992335402776e-01
3.939020530088658688e+03 2.906315932722337569e-01
4.693843707861225084e+03 2.810118711611195308e-01
5.446711466197067239e+03 2.503055267817968499e-01
6.197624295244475434e+03 2.834245434680903175e-01
6.946582754957976249e+03 2.593386933322604504e-01
7.693587474176839351e+03 1.812301894312103590e-01
8.438639149711061691e+03 9.510602823528281624e-02
9.181738545434684056e+03 1.138999312999283697e-01
9.922886491386809212e+03 8.982588290932407016e-02
1.066208388287971138e+04 6.393842770857328939e-02
1.139933167961461186e+04 5.305286475457276357e-02
1.213463090480476785e+04 3.876121424635313450e-02
1.286798264430583731e+04 2.377866131834768804e-02
1.359938804575386166e+04 1.123459643612000070e-02
1.432884831771028439e+04 1.260652201891917590e-03
1.505636472881453119e+04 -4.977606441713526304e-04
1.578193860694378600e+04 -4.407925741334285663e-03
1.650557133838009759e+04 -7.589562252506159429e-03
1.722726436698470206e+04 -1.244118217663547563e-02
1.794701919337968138e+04 -3.023190728001793476e-02
1.866483737413667041e+04 -2.012799769053685503e-02
1.938072052097296910e+04 6.551097848863635283e-03
