# velocity space (km/s) 	 normalized flux
-1.961425094139202702e+04 -9.505912942205962946e-02
-1.880092329119915303e+04 -1.411015347177469736e-01
-1.798952842812649760e+04 -1.362179333481319810e-01
-1.718006842179822343e+04 7.363739296342326768e-02
-1.637254524091826170e+04 -4.713751539185439404e-02
-1.556696075441402718e+04 -2.696671788942534703e-02
-1.476331673257272450e+04 9.978484457787465192e-03
-1.396161484817087876e+04 1.698823343163817154e-02
-1.316185667759635362e+04 2.202404462724490836e-02
-1.236404370196333548e+04 -1.695694777956472440e-03
-1.156817730821997793e+04 4.397689405418814951e-02
-1.077425879024876667e+04 3.393991347965333999e-02
-9.982289349959688479e+03 8.205499316458773895e-02
-9.192270098375909583e+03 4.790970129351124901e-02
-8.404202056712094418e+03 7.234168718277442754e-03
-7.618086157445530262e+03 1.237304016101392623e-01
-6.833923245379742184e+03 1.631683469334731795e-01
-6.051714078700556456e+03 1.044205300488274812e-01
-5.271459330024938026e+03 2.073469882391786312e-01
-4.493159587442353768e+03 2.448096328357448337e-01
-3.716815355548552816e+03 2.216804175590239012e-01
-2.942427056471976812e+03 -2.315632122454714115e-01
-2.169995030892669547e+03 -1.755519763941459921e-01
-1.399519539053671906e+03 3.009576365761528760e-01
-6.310007617650431939e+02 4.028321615896002794e-01
1.355611985998746434e+02 7.182994094621987236e-01
9.001663171153622898e+02 9.942130044726167348e-01
1.662814645321992202e+03 1.000000000000000000e+00
2.423506310252683761e+03 8.955252381624048130e-01
3.182241513466304241e+03 6.170084943126624699e-01
3.939020530088658688e+03 5.150806805268709487e-01
4.693843707861225084e+03 3.831597070987900477e-01
5.446711466197067239e+03 1.059027807153534312e-01
6.197624295244475434e+03 1.763402950881431119e-01
6.946582754957976249e+03 3.757161562843482905e-01
7.693587474176839351e+03 2.409766615515049892e-01
8.438639149711061691e+03 1.864936314692264840e-01
9.181738545434684056e+03 2.428550030816401251e-01
9.922886491386809212e+03 2.259399932063820282e-01
1.066208388287971138e+04 1.404995627419350912e-01
1.139933167961461186e+04 1.435934095508191732e-01
1.213463090480476785e+04 9.940791595855283380e-02
1.286798264430583731e+04 5.993877557486834012e-02
1.359938804575386166e+04 4.703213396087058129e-02
1.432884831771028439e+04 3.275128328545418022e-02
1.505636472881453119e+04 4.091955424212365827e-02
1.578193860694378600e+04 6.190654309395446364e-02
1.650557133838009759e+04 1.952641192862183961e-02
1.722726436698470206e+04 3.352610107845571674e-02
1.794701919337968138e+04 -8.389829695334062587e-02
1.866483737413667041e+04 -5.704705279208370505e-02
1.938072052097296910e+04 5.949548521098121934e-03
