# velocity space (km/s) 	 normalized flux
-1.977858700301649515e+04 -6.085429420029816322e-02
-1.901265704668004037e+04 -3.666087848185590331e-02
-1.824672709034358923e+04 -2.776549756505498207e-02
-1.748079713400713081e+04 -2.715543550546731938e-02
-1.671486717767067967e+04 -1.579697597720291363e-02
-1.594893722133422307e+04 -1.986111321790681034e-02
-1.518300726499776647e+04 -1.624694917833156144e-02
-1.441707730866131351e+04 -2.988619257309638524e-03
-1.365114735232486055e+04 -1.474954390570524599e-03
-1.288521739598840395e+04 4.463573647880223622e-03
-1.211928743965194917e+04 1.158929183120591816e-02
-1.135335748331549439e+04 2.364528383924140512e-02
-1.058742752697904143e+04 4.319864545517950599e-02
-9.821497570642586652e+03 5.665457605131989788e-02
-9.055567614306131873e+03 4.065130756917659238e-02
-8.289637657969677093e+03 2.724804585706317589e-02
-7.523707701633221404e+03 5.880539553531973634e-02
-6.757777745296766625e+03 7.376158930232128152e-02
-5.991847788960312755e+03 9.028066572488503694e-02
-5.225917832623857976e+03 1.500235849098507657e-01
-4.459987876287404106e+03 1.611385057029308676e-01
-3.694057919950948417e+03 1.669403737651137531e-01
-2.928127963614494092e+03 -1.941536419623356158e-02
-2.162198007278039313e+03 4.756826497867845671e-02
-1.396268050941584988e+03 3.749275001012063457e-01
-6.303380946051303226e+02 6.487935987755806266e-01
1.355918617313242862e+02 8.025587411330888932e-01
9.015218180677788951e+02 1.000000000000000000e+00
1.667451774404233447e+03 6.347790700486448667e-01
2.433381730740687999e+03 4.567653308307422222e-01
3.199311687077142778e+03 3.242950128515960651e-01
3.965241643413597558e+03 2.889538639584730007e-01
4.731171599750052337e+03 2.794788013585834952e-01
5.497101556086506207e+03 2.488461969651484251e-01
6.263031512422961896e+03 2.822536141103856311e-01
7.028961468759415766e+03 2.582637703198095713e-01
7.794891425095871455e+03 1.800695812197842527e-01
8.560821381432326234e+03 9.383277618715425705e-02
9.326751337768779194e+03 1.128669008110825406e-01
1.009268129410523397e+04 8.888889845791980715e-02
1.085861125044168875e+04 6.309139035905884929e-02
1.162454120677814353e+04 5.234622958049033742e-02
1.239047116311459831e+04 3.818352573294415270e-02
1.315640111945105309e+04 2.332759578991659005e-02
1.392233107578750605e+04 1.091835513099448374e-02
1.468826103212396265e+04 1.087879071393179709e-03
1.545419098846041925e+04 -4.994347363121979426e-04
1.622012094479687039e+04 -4.245737670058625200e-03
1.698605090113332699e+04 -7.261061796016719631e-03
1.775198085746978177e+04 -1.195198590213116148e-02
1.851791081380623655e+04 -2.962553259801286448e-02
1.928384077014268769e+04 -1.931062804631157245e-02
