# velocity space (km/s) 	 normalized flux
-1.977858700301649515e+04 -1.303102941664296965e-01
-1.901265704668004037e+04 -1.151693959945153667e-01
-1.824672709034358923e+04 -1.611867052452392035e-01
-1.748079713400713081e+04 -1.558547648534306385e-01
-1.671486717767067967e+04 5.615240815337402269e-02
-1.594893722133422307e+04 -6.521850149329105895e-02
-1.518300726499776647e+04 -4.447231400142329788e-02
-1.441707730866131351e+04 -6.812310595405364141e-03
-1.365114735232486055e+04 6.634476854497206979e-04
-1.288521739598840395e+04 6.148862909955643552e-03
-1.211928743965194917e+04 -1.736025811719822329e-02
-1.135335748331549439e+04 2.909966455770996580e-02
-1.058742752697904143e+04 1.938701894658698827e-02
-9.821497570642586652e+03 6.830973186880034964e-02
-9.055567614306131873e+03 3.428841223652209086e-02
-8.289637657969677093e+03 -6.317420537487699120e-03
-7.523707701633221404e+03 1.115547572415325761e-01
-6.757777745296766625e+03 1.517282206605603812e-01
-5.991847788960312755e+03 9.289990590963373429e-02
-5.225917832623857976e+03 1.970895314060784054e-01
-4.459987876287404106e+03 2.352712774928501227e-01
-3.694057919950948417e+03 2.123575884046773610e-01
-2.928127963614494092e+03 -2.442451702308705286e-01
-2.162198007278039313e+03 -1.873606766634709486e-01
-1.396268050941584988e+03 2.935169307341854994e-01
-6.303380946051303226e+02 3.966458805003869048e-01
1.355918617313242862e+02 7.151427093937684498e-01
9.015218180677788951e+02 9.937571573959341764e-01
1.667451774404233447e+03 1.000000000000000000e+00
2.433381730740687999e+03 8.950647064079630955e-01
3.199311687077142778e+03 6.146409783632019730e-01
3.965241643413597558e+03 5.122738003549800467e-01
4.731171599750052337e+03 3.796641913593388207e-01
5.497101556086506207e+03 1.005107510480440641e-01
6.263031512422961896e+03 1.719414190696856581e-01
7.028961468759415766e+03 3.733820327571051312e-01
7.794891425095871455e+03 2.379304778957251898e-01
8.560821381432326234e+03 1.834023943336725027e-01
9.326751337768779194e+03 2.406399336194034178e-01
1.009268129410523397e+04 2.239920958198827750e-01
1.085861125044168875e+04 1.382493267837602291e-01
1.162454120677814353e+04 1.417766380723713415e-01
1.239047116311459831e+04 9.763167320650716074e-02
1.315640111945105309e+04 5.824225887696327791e-02
1.392233107578750605e+04 4.563610264614281764e-02
1.468826103212396265e+04 3.164431638507909927e-02
1.545419098846041925e+04 4.028822505524509018e-02
1.622012094479687039e+04 6.185738721371009802e-02
1.698605090113332699e+04 1.953278903328311070e-02
1.775198085746978177e+04 3.405658046234629616e-02
1.851791081380623655e+04 -8.393597297113555844e-02
1.928384077014268769e+04 -5.645381803021407019e-02
