# velocity space (km/s) 	 normalized flux
-1.977858700301649515e+04 -1.295892774722941510e-01
-1.901265704668004037e+04 -1.145415752727026726e-01
-1.824672709034358923e+04 -1.608155872502946837e-01
-1.748079713400713081e+04 -1.556030671254650943e-01
-1.671486717767067967e+04 5.683723281863425209e-02
-1.594893722133422307e+04 -6.499183775917402595e-02
-1.518300726499776647e+04 -4.432386047232785703e-02
-1.441707730866131351e+04 -6.696848105112624371e-03
-1.365114735232486055e+04 6.652214159501723288e-04
-1.288521739598840395e+04 6.031626689162451933e-03
-1.211928743965194917e+04 -1.767402131801831464e-02
-1.135335748331549439e+04 2.877643694354857160e-02
-1.058742752697904143e+04 1.890414929416702264e-02
-9.821497570642586652e+03 6.782398208432244280e-02
-9.055567614306131873e+03 3.357803105971533808e-02
-8.289637657969677093e+03 -7.270036833407361038e-03
-7.523707701633221404e+03 1.107835975314130361e-01
-6.757777745296766625e+03 1.509307896587779863e-01
-5.991847788960312755e+03 9.181152189765949545e-02
-5.225917832623857976e+03 1.961460236121678746e-01
-4.459987876287404106e+03 2.342961735416422830e-01
-3.694057919950948417e+03 2.111875493635257117e-01
-2.928127963614494092e+03 -2.467696141246002728e-01
-2.162198007278039313e+03 -1.898667148313409048e-01
-1.396268050941584988e+03 2.921628458716989951e-01
-6.303380946051303226e+02 3.954338361344217900e-01
1.355918617313242862e+02 7.146484925598414195e-01
9.015218180677788951e+02 9.938741423615741200e-01
1.667451774404233447e+03 1.000000000000000000e+00
2.433381730740687999e+03 8.946504861734702052e-01
3.199311687077142778e+03 6.133433687411818935e-01
3.965241643413597558e+03 5.105688363675320307e-01
4.731171599750052337e+03 3.774710197252975630e-01
5.497101556086506207e+03 9.743758614669195683e-02
6.263031512422961896e+03 1.689255491598583847e-01
7.028961468759415766e+03 3.707710400386459715e-01
7.794891425095871455e+03 2.348236795750641426e-01
8.560821381432326234e+03 1.800161396910829048e-01
9.326751337768779194e+03 2.372730285720583421e-01
1.009268129410523397e+04 2.204470074654182321e-01
1.085861125044168875e+04 1.343413294992691354e-01
1.162454120677814353e+04 1.377443958365250909e-01
1.239047116311459831e+04 9.334773396529222333e-02
1.315640111945105309e+04 5.371933661705507318e-02
1.392233107578750605e+04 4.094580253375572354e-02
1.468826103212396265e+04 2.678293393182483093e-02
1.545419098846041925e+04 3.531627689774621132e-02
1.622012094479687039e+04 5.680942907782279144e-02
1.698605090113332699e+04 1.423800065090308729e-02
1.775198085746978177e+04 2.866694626987055169e-02
1.851791081380623655e+04 -8.977473604356482617e-02
1.928384077014268769e+04 -6.235278266707959538e-02
