# velocity space (km/s) 	 normalized flux
-1.974992636098889488e+04 -2.988619257309638524e-03
-1.899830944326110330e+04 -1.474954390570524599e-03
-1.824669252553331899e+04 4.463573647880223622e-03
-1.749507560780553104e+04 1.158929183120591816e-02
-1.674345869007774309e+04 2.364528383924140512e-02
-1.599184177234995514e+04 4.319864545517950599e-02
-1.524022485462216537e+04 5.665457605131989788e-02
-1.448860793689437924e+04 4.065130756917659238e-02
-1.373699101916659129e+04 2.724804585706317589e-02
-1.298537410143880334e+04 5.880539553531973634e-02
-1.223375718371101539e+04 7.376158930232128152e-02
-1.148214026598322926e+04 9.028066572488503694e-02
-1.073052334825544131e+04 1.500235849098507657e-01
-9.978906430527653356e+03 1.611385057029308676e-01
-9.227289512799865406e+03 1.669403737651137531e-01
-8.475672595072079275e+03 -1.941536419623356158e-02
-7.724055677344289506e+03 4.756826497867845671e-02
-6.972438759616502466e+03 3.749275001012063457e-01
-6.220821841888714516e+03 6.487935987755806266e-01
-5.469204924160927476e+03 8.025587411330888932e-01
-4.717588006433139526e+03 1.000000000000000000e+00
-3.965971088705351576e+03 6.347790700486448667e-01
-3.214354170977564081e+03 4.567653308307422222e-01
-2.462737253249777041e+03 3.242950128515960651e-01
-1.711120335521989091e+03 2.889538639584730007e-01
-9.595034177942014821e+02 2.794788013585834952e-01
-2.078865000664138165e+02 2.488461969651484251e-01
5.437304176613738491e+02 2.822536141103856311e-01
1.295347335389161344e+03 2.582637703198095713e-01
2.046964253116949294e+03 1.800695812197842527e-01
2.798581170844736789e+03 9.383277618715425705e-02
3.550198088572524284e+03 1.128669008110825406e-01
4.301815006300312234e+03 8.888889845791980715e-02
5.053431924028100184e+03 6.309139035905884929e-02
5.805048841755887224e+03 5.234622958049033742e-02
6.556665759483675174e+03 3.818352573294415270e-02
7.308282677211462214e+03 2.332759578991659005e-02
8.059899594939251074e+03 1.091835513099448374e-02
8.811516512667038114e+03 1.087879071393179709e-03
9.563133430394826064e+03 -4.994347363121979426e-04
1.031475034812261401e+04 -4.245737670058625200e-03
1.106636726585040014e+04 -7.261061796016719631e-03
1.181798418357818809e+04 -1.195198590213116148e-02
1.256960110130597604e+04 -2.962553259801286448e-02
1.332121801903376399e+04 -1.931062804631157245e-02
1.407283493676155194e+04 7.635208904645214741e-03
1.482445185448933807e+04 1.691148258838067256e-02
1.557606877221712602e+04 2.474926522319893449e-02
1.632768568994491579e+04 2.266584930563226435e-02
1.707930260767270011e+04 1.240260481859818860e-02
1.783091952540049169e+04 1.642996017392889295e-03
1.858253644312827601e+04 -7.553828865489979442e-03
1.933415336085606395e+04 -1.310894205657617793e-02
