# velocity space (km/s) 	 normalized flux
-1.974992636098889488e+04 -5.888481577676640127e-03
-1.899830944326110330e+04 6.776395126118891967e-04
-1.824669252553331899e+04 5.210842065064750714e-03
-1.749507560780553104e+04 -1.987071453363413107e-02
-1.674345869007774309e+04 2.651348225264676256e-02
-1.599184177234995514e+04 1.552352184414917263e-02
-1.524022485462216537e+04 6.442319048970389372e-02
-1.448860793689437924e+04 2.860456856470567494e-02
-1.373699101916659129e+04 -1.393941599853150068e-02
-1.298537410143880334e+04 1.053846173484329352e-01
-1.223375718371101539e+04 1.453478810609603877e-01
-1.148214026598322926e+04 8.419161692205999470e-02
-1.073052334825544131e+04 1.895404141450695024e-01
-9.978906430527653356e+03 2.274693556466817201e-01
-9.227289512799865406e+03 2.029959678874765083e-01
-8.475672595072079275e+03 -2.644435438909510383e-01
-7.724055677344289506e+03 -2.074117839377454253e-01
-6.972438759616502466e+03 2.826827378698109072e-01
-6.220821841888714516e+03 3.869481704196976457e-01
-5.469204924160927476e+03 7.111884221523077088e-01
-4.717588006433139526e+03 9.946931679186779007e-01
-3.965971088705351576e+03 1.000000000000000000e+00
-3.214354170977564081e+03 8.917504814039408645e-01
-2.462737253249777041e+03 6.042586505659475193e-01
-1.711120335521989091e+03 4.986321821827591205e-01
-9.595034177942014821e+02 3.621163661630318331e-01
-2.078865000664138165e+02 7.592199581734468405e-02
5.437304176613738491e+02 1.478110878311157395e-01
1.295347335389161344e+03 3.524911717313640724e-01
2.046964253116949294e+03 2.130726177059670268e-01
2.798581170844736789e+03 1.563085711161740776e-01
3.550198088572524284e+03 2.137009287981029571e-01
4.301815006300312234e+03 1.956274253198455326e-01
5.053431924028100184e+03 1.069809790851673353e-01
5.805048841755887224e+03 1.095141918481257332e-01
6.556665759483675174e+03 6.335536952391629395e-02
7.308282677211462214e+03 2.205382384458493689e-02
8.059899594939251074e+03 8.108457653429412479e-03
8.811516512667038114e+03 -7.252178616960813784e-03
9.563133430394826064e+03 5.070807988212358607e-04
1.031475034812261401e+04 2.146807814554348853e-02
1.106636726585040014e+04 -2.283143798083302548e-02
1.181798418357818809e+04 -9.066519076988492284e-03
1.256960110130597604e+04 -1.306526057085601045e-01
1.332121801903376399e+04 -1.036521305928177622e-01
1.407283493676155194e+04 -3.942628423147910566e-02
1.482445185448933807e+04 -5.255302683059974445e-02
1.557606877221712602e+04 -5.517848117242641487e-02
1.632768568994491579e+04 -3.219503590095117856e-02
1.707930260767270011e+04 -5.721679838055637041e-02
1.783091952540049169e+04 -5.420122159384750671e-02
1.858253644312827601e+04 -6.809301306118960284e-02
1.933415336085606395e+04 -9.735640450240863608e-02
