# velocity space (km/s) 	 normalized flux
-1.992702674377349467e+04 3.133449015044754704e-01
-1.981682247330821701e+04 2.671237028753036258e-01
-1.970661820284293572e+04 2.093062992389428945e-01
-1.959641393237765806e+04 1.912793937668444688e-01
-1.948620966191237312e+04 1.960423580222171447e-01
-1.937600539144709546e+04 1.867779105716770027e-01
-1.926580112098181417e+04 1.715566234844633497e-01
-1.915559685051653651e+04 1.580738015627703441e-01
-1.904539258005125157e+04 1.748137253307568695e-01
-1.893518830958597391e+04 2.028580059102633726e-01
-1.882498403912069261e+04 2.263660940992210935e-01
-1.871477976865541495e+04 2.276784453176721457e-01
-1.860457549819013002e+04 2.132932588003328966e-01
-1.849437122772485236e+04 1.924261466765195550e-01
-1.838416695725957106e+04 1.670473375117836334e-01
-1.827396268679429340e+04 1.537313912473130262e-01
-1.816375841632901211e+04 1.637271843966785212e-01
-1.805355414586373081e+04 1.285714773389730059e-01
-1.794334987539844951e+04 6.633424831371954877e-02
-1.783314560493317185e+04 5.329720973910059834e-02
-1.772294133446789056e+04 4.670905949872673074e-02
-1.761273706400260926e+04 3.201191921813092978e-02
-1.750253279353732796e+04 3.980695880740642290e-02
-1.739232852307205030e+04 6.295431858970648720e-02
-1.728212425260676901e+04 8.525135448366649715e-02
-1.717191998214148771e+04 1.246542248497223004e-01
-1.706171571167620641e+04 1.567797701762553841e-01
-1.695151144121092875e+04 1.584263302506050131e-01
-1.684130717074564745e+04 1.380287409194850268e-01
-1.673110290028036616e+04 1.198482517095480343e-01
-1.662089862981508486e+04 1.153485989644866538e-01
-1.651069435934980720e+04 1.173566563390720380e-01
-1.640049008888452590e+04 1.128023007270279182e-01
-1.629028581841924643e+04 9.507686045361501970e-02
-1.618008154795396877e+04 7.904088344933350718e-02
-1.606987727748868565e+04 6.573325105946353775e-02
-1.595967300702340799e+04 4.346118803403035968e-02
-1.584946873655812487e+04 2.519048935883063528e-02
-1.573926446609284540e+04 1.952071209372640420e-02
-1.562906019562756410e+04 -1.329975165670407031e-03
-1.551885592516228462e+04 -1.001098663194240589e-02
-1.540865165469700332e+04 -1.459468076711028161e-03
-1.529844738423172385e+04 1.410128921533539831e-02
-1.518824311376644255e+04 1.807396326861846619e-02
-1.507803884330116307e+04 -3.051465030842408568e-02
-1.496783457283588359e+04 -3.357137375376331723e-02
-1.485763030237060229e+04 1.118842008750333371e-02
-1.474742603190532282e+04 3.553046860772677423e-02
-1.463722176144004152e+04 6.974004116284809873e-02
-1.452701749097476204e+04 1.176664674950193834e-01
-1.441681322050948074e+04 1.217001915855414063e-01
-1.430660895004420126e+04 1.201664706306699443e-01
-1.419640467957891997e+04 1.332417918127481449e-01
-1.408620040911364049e+04 1.121881059367040162e-01
-1.397599613864835919e+04 8.404415812098296745e-02
-1.386579186818307971e+04 8.854917321718357159e-02
-1.375558759771779842e+04 7.870256437504997982e-02
-1.364538332725251894e+04 6.232891992300470391e-02
-1.353517905678723764e+04 6.672932035262832406e-02
-1.342497478632195816e+04 5.420401003408396867e-02
-1.331477051585667687e+04 3.440168762701705657e-02
-1.320456624539139739e+04 3.655301726428561437e-02
-1.309436197492611973e+04 4.558877968605502817e-02
-1.298415770446083843e+04 4.628822641770455326e-02
-1.287395343399555895e+04 5.636254202581157668e-02
-1.276374916353027766e+04 7.541074412625613232e-02
-1.265354489306499818e+04 1.047077883490648703e-01
-1.254334062259971688e+04 1.133475329439022489e-01
-1.243313635213443740e+04 1.053092819435814537e-01
-1.232293208166915610e+04 7.501958236310664330e-02
-1.221272781120387663e+04 8.541377303337255311e-02
-1.210252354073859533e+04 1.273852655922663446e-01
-1.199231927027331585e+04 1.511175049445751262e-01
-1.188211499980803455e+04 1.520120126841323915e-01
-1.177191072934275508e+04 1.386188240605748800e-01
-1.166170645887747378e+04 1.247914086407060225e-01
-1.155150218841219430e+04 1.132954308774330315e-01
-1.144129791794691300e+04 1.100946725575566859e-01
-1.133109364748163352e+04 1.194235637901076147e-01
-1.122088937701635405e+04 1.285121722518963450e-01
-1.111068510655107275e+04 1.262858050226907114e-01
-1.100048083608579327e+04 1.273045366205501627e-01
-1.089027656562051197e+04 1.358833221109649603e-01
-1.078007229515523250e+04 1.511925217479126726e-01
-1.066986802468995120e+04 1.532067188559151361e-01
-1.055966375422467172e+04 1.410306897438372009e-01
-1.044945948375939042e+04 1.446784284275918209e-01
-1.033925521329411094e+04 1.729461727388769132e-01
-1.022905094282882965e+04 2.098570864814017223e-01
-1.011884667236355017e+04 1.856038379277147321e-01
-1.000864240189826887e+04 1.324795878754462808e-01
-9.898438131432989394e+03 8.692423190042711245e-02
-9.788233860967708097e+03 8.651978604107590787e-02
-9.678029590502428618e+03 1.083280295381826158e-01
-9.567825320037149140e+03 1.336016906329350329e-01
-9.457621049571867843e+03 1.300752616467846234e-01
-9.347416779106588365e+03 1.174213593904656905e-01
-9.237212508641307068e+03 1.100419826322039107e-01
-9.127008238176027589e+03 1.292603237699171959e-01
-9.016803967710715369e+03 1.642700347606535216e-01
-8.906599697245434072e+03 2.065188221452499695e-01
-8.796395426780154594e+03 2.304546525667592050e-01
-8.686191156314873297e+03 2.281068414772607078e-01
-8.575986885849593818e+03 2.271016211646915139e-01
-8.465782615384312521e+03 2.219177915658140654e-01
-8.355578344919033043e+03 2.085424998255417939e-01
-8.245374074453751746e+03 1.923507024475240579e-01
-8.135169803988472268e+03 1.769894177212862352e-01
-8.024965533523191880e+03 1.613173053233231957e-01
-7.914761263057911492e+03 1.306019377784775615e-01
-7.804556992592631104e+03 1.130400892196031654e-01
-7.694352722127350717e+03 1.366870231805137892e-01
-7.584148451662070329e+03 1.553602891391353547e-01
-7.473944181196789941e+03 1.568670974010844543e-01
-7.363739910731509553e+03 1.676214711041072725e-01
-7.253535640266230075e+03 1.895785477789159457e-01
-7.143331369800949687e+03 2.142150197290541014e-01
-7.033127099335669300e+03 2.079126439405618310e-01
-6.922922828870388912e+03 2.079766631754044470e-01
-6.812718558405108524e+03 2.326377528163198760e-01
-6.702514287939828137e+03 2.645467821523581065e-01
-6.592310017474547749e+03 2.816020189201091095e-01
-6.482105747009267361e+03 2.724950741192792014e-01
-6.371901476543986973e+03 2.737244691964322851e-01
-6.261697206078707495e+03 2.723445426688985704e-01
-6.151492935613427107e+03 2.575262811527845863e-01
-6.041288665148146720e+03 2.410610797328741617e-01
-5.931084394682866332e+03 2.251679126402925946e-01
-5.820880124217585944e+03 2.078017109109944194e-01
-5.710675853752305557e+03 1.885945960676618516e-01
-5.600471583287025169e+03 1.687453277011919939e-01
-5.490267312821744781e+03 1.306557398713674156e-01
-5.380063042356465303e+03 1.044448702326687545e-01
-5.269858771891184915e+03 1.061950696906565073e-01
-5.159654501425904527e+03 1.032249769594730665e-01
-5.049450230960624140e+03 1.002205978446681495e-01
-4.939245960495343752e+03 1.184661832224554040e-01
-4.829041690030063364e+03 1.618530364087052420e-01
-4.718837419564782977e+03 2.089863206031401521e-01
-4.608633149099502589e+03 2.118268558976412475e-01
-4.498428878634222201e+03 2.138453289176044103e-01
-4.388224608168941813e+03 2.341194790077376076e-01
-4.278020337703661426e+03 2.629807050282202407e-01
-4.167816067238381038e+03 2.479062335439668474e-01
-4.057611796773101105e+03 1.922348869889676515e-01
-3.947407526307820717e+03 1.487931687331349173e-01
-3.837203255842540784e+03 1.290474434397166359e-01
-3.726998985377260396e+03 1.247775175430055200e-01
-3.616794714911980009e+03 1.121149952067527905e-01
-3.506590444446699621e+03 1.040152263566311019e-01
-3.396386173981419233e+03 1.052898948909252869e-01
-3.286181903516139300e+03 1.426885795835863002e-01
-3.175977633050858913e+03 1.849635133152379707e-01
-3.065773362585578525e+03 2.077929898224095129e-01
-2.955569092120298137e+03 2.272278557100527452e-01
-2.845364821655017749e+03 2.473503612677930841e-01
-2.735160551189737362e+03 2.341826847978352999e-01
-2.624956280724456974e+03 2.160142937906402716e-01
-2.514752010259176586e+03 2.124609204035804721e-01
-2.404547739793896653e+03 2.039276557724610250e-01
-2.294343469328616266e+03 1.997629839571647137e-01
-2.184139198863336333e+03 2.054785158261266120e-01
-2.073934928398055945e+03 2.647083578870764731e-01
-1.963730657932775330e+03 3.056833966464553853e-01
-1.853526387467494942e+03 2.888894312858812929e-01
-1.743322117002215009e+03 2.988171233431569651e-01
-1.633117846536934621e+03 3.275906701707690938e-01
-1.522913576071654234e+03 3.190751663833081286e-01
-1.412709305606373846e+03 3.326307896360229943e-01
-1.302505035141093686e+03 3.776282207474042085e-01
-1.192300764675813298e+03 4.403442342390917474e-01
-1.082096494210532910e+03 4.717517704436069992e-01
-9.718922237452527497e+02 4.641636501604026188e-01
-8.616879532799723620e+02 4.640140918452969609e-01
-7.514836828146922016e+02 4.941646344467214846e-01
-6.412794123494118139e+02 5.520897871115166833e-01
-5.310751418841315399e+02 5.529984293686148744e-01
-4.208708714188512090e+02 5.603808338425453339e-01
-3.106666009535708781e+02 6.235366349400657260e-01
-2.004623304882906325e+02 6.769655072470562862e-01
-9.025806002301031583e+01 7.291909587029408168e-01
1.994621044226998308e+01 7.835618128898163004e-01
1.301504809075502749e+02 8.183200323462911374e-01
2.403547513728305773e+02 8.467024750210905282e-01
3.505590218381108798e+02 8.746855056044546828e-01
4.607632923033912107e+02 9.269302050178639396e-01
5.709675627686714279e+02 1.000000000000000000e+00
6.811718332339518156e+02 9.859151957594557425e-01
7.913761036992320896e+02 9.308691628974427035e-01
9.015803741645123637e+02 8.694173161739631173e-01
1.011784644629792638e+03 8.297189764302300707e-01
1.121988915095073025e+03 8.046889185505298192e-01
1.232193185560353413e+03 8.056084330213942879e-01
1.342397456025633574e+03 7.760982221858956365e-01
1.452601726490913734e+03 7.232881664984159853e-01
1.562805996956194122e+03 6.725189279258722008e-01
1.673010267421474509e+03 6.590661254753901188e-01
1.783214537886754670e+03 6.703676606571186136e-01
1.893418808352035057e+03 6.301803438790413159e-01
2.003623078817315445e+03 6.030345116829293195e-01
2.113827349282595605e+03 6.069510665749646705e-01
2.224031619747875993e+03 6.047142267942571259e-01
2.334235890213156381e+03 5.870851778559077472e-01
2.444440160678436769e+03 5.637688385317286555e-01
2.554644431143717156e+03 5.634341166405737455e-01
2.664848701608997089e+03 5.757936528562639378e-01
2.775052972074277477e+03 5.822784321815221986e-01
2.885257242539557410e+03 5.998338684708962587e-01
2.995461513004837798e+03 6.173926453721068075e-01
3.105665783470118186e+03 5.885175243148503821e-01
3.215870053935398573e+03 5.918782873507409947e-01
3.326074324400678961e+03 6.385065125973060640e-01
3.436278594865959349e+03 6.976521569441387349e-01
3.546482865331239736e+03 6.991016915457503034e-01
3.656687135796520124e+03 6.304978555043478927e-01
3.766891406261800057e+03 5.677526204794631770e-01
3.877095676727080445e+03 5.223281566170102641e-01
3.987299947192360378e+03 4.639889232289215459e-01
4.097504217657640766e+03 4.030230042658606848e-01
4.207708488122921153e+03 3.518645368053218148e-01
4.317912758588201541e+03 3.032246974914433735e-01
4.428117029053481929e+03 2.661450444811819249e-01
4.538321299518762316e+03 2.552105343945654803e-01
4.648525569984042704e+03 2.923900085422651562e-01
4.758729840449323092e+03 3.101242445802692149e-01
4.868934110914603480e+03 3.025189523903731859e-01
4.979138381379883867e+03 3.036704368075726079e-01
5.089342651845163346e+03 3.048674655672118372e-01
5.199546922310443733e+03 2.902083910541234379e-01
5.309751192775724121e+03 2.750608095537827591e-01
5.419955463241004509e+03 2.707934704350908328e-01
5.530159733706284896e+03 2.684153457559132483e-01
5.640364004171565284e+03 2.659900443148388027e-01
5.750568274636845672e+03 2.696116759198285973e-01
5.860772545102126060e+03 2.791668633029090185e-01
5.970976815567406447e+03 2.884237765449372271e-01
6.081181086032686835e+03 2.849544425792090441e-01
6.191385356497967223e+03 2.519473564677044974e-01
6.301589626963247611e+03 2.335514957218315091e-01
6.411793897428527998e+03 2.170670540155933692e-01
6.521998167893808386e+03 1.998610576632841584e-01
6.632202438359088774e+03 1.906014465941990588e-01
6.742406708824368252e+03 1.800347968372113527e-01
6.852610979289647730e+03 1.661513634055011290e-01
6.962815249754928118e+03 1.662975567649056241e-01
7.073019520220208506e+03 1.936309994261101730e-01
7.183223790685488893e+03 1.870142989812356438e-01
7.293428061150769281e+03 1.805106869141147874e-01
7.403632331616049669e+03 2.009437851575985312e-01
7.513836602081330057e+03 2.171501471732745492e-01
7.624040872546610444e+03 2.344089536127574036e-01
7.734245143011890832e+03 2.887163943021024415e-01
7.844449413477171220e+03 3.309063391099966167e-01
7.954653683942452517e+03 3.424160852419337320e-01
8.064857954407732905e+03 3.058709660540223640e-01
8.175062224873013292e+03 2.657187554194662127e-01
8.285266495338293680e+03 2.332352092698494195e-01
8.395470765803571339e+03 1.738237489424495907e-01
8.505675036268852637e+03 1.358640130605958674e-01
8.615879306734132115e+03 1.423844033252464891e-01
8.726083577199413412e+03 1.608375924241076393e-01
8.836287847664692890e+03 1.703674504551039304e-01
8.946492118129974187e+03 1.587518335799038838e-01
9.056696388595253666e+03 1.660393895452770552e-01
9.166900659060534963e+03 1.826603600755190293e-01
9.277104929525814441e+03 2.023224990340246054e-01
9.387309199991095738e+03 2.112020655928722179e-01
9.497513470456375217e+03 2.039838608347776805e-01
9.607717740921654695e+03 1.821659721812046162e-01
9.717922011386935992e+03 1.754569398244492373e-01
9.828126281852215470e+03 1.911836517383159462e-01
9.938330552317496768e+03 1.791127461034857926e-01
1.004853482278277625e+04 1.580688758562694418e-01
1.015873909324805754e+04 1.708682806283084443e-01
1.026894336371333702e+04 1.697994223493737576e-01
1.037914763417861832e+04 1.504829171256464315e-01
1.048935190464389780e+04 1.196846686877680865e-01
1.059955617510917909e+04 9.293265445507485623e-02
1.070976044557445857e+04 6.963266641464055384e-02
1.081996471603973987e+04 2.871837099343568789e-02
1.093016898650501935e+04 1.641119824107134875e-03
1.104037325697030064e+04 -1.008136303384681888e-02
1.115057752743558012e+04 5.323966099250244596e-03
1.126078179790085960e+04 3.432865785997845504e-02
1.137098606836614090e+04 6.029677876953438292e-02
1.148119033883142038e+04 5.750191897971781291e-02
1.159139460929670167e+04 3.775232265930337366e-02
1.170159887976198115e+04 9.328204752076353981e-03
1.181180315022726245e+04 -5.786337346435506054e-03
1.192200742069254193e+04 -2.032852349362867031e-02
1.203221169115782322e+04 -2.805239089350856571e-02
1.214241596162310270e+04 -1.632198768805328756e-02
1.225262023208838400e+04 -2.692188229329322766e-03
1.236282450255366348e+04 2.493626511580765773e-02
1.247302877301894478e+04 3.891695778307083242e-02
1.258323304348422425e+04 3.790957400761413298e-02
1.269343731394950555e+04 6.020334632045019202e-02
1.280364158441478503e+04 6.820789104519014989e-02
1.291384585488006451e+04 5.255313786722114189e-02
1.302405012534534580e+04 -1.681699182789180751e-03
1.313425439581062528e+04 -4.687106696940928491e-02
1.324445866627590658e+04 -4.063615293930460115e-02
1.335466293674118606e+04 -2.067493793177384992e-02
1.346486720720646736e+04 -1.274177075221578567e-02
1.357507147767174683e+04 -3.118146189625945180e-03
1.368527574813702813e+04 2.043230246000561634e-02
1.379548001860230761e+04 4.265393880850944924e-02
1.390568428906758891e+04 4.367787033958935028e-02
1.401588855953286838e+04 3.916755238722786914e-02
1.412609282999814968e+04 3.940237008515255074e-02
1.423629710046342916e+04 3.087694727490689420e-02
1.434650137092871046e+04 -3.056088351494259687e-03
1.445670564139398994e+04 -3.281889075160408786e-02
1.456690991185927123e+04 -6.344548651503527370e-02
1.467711418232455071e+04 -7.738301096706635962e-02
1.478731845278983019e+04 -4.145717676095451998e-02
1.489752272325510967e+04 -5.267294196779857829e-02
1.500772699372038915e+04 -6.689880738831503748e-02
1.511793126418567044e+04 -2.348955985436997768e-02
1.522813553465094992e+04 8.620210153956533181e-04
1.533833980511623122e+04 9.039951108258500317e-03
1.544854407558151070e+04 4.327624046067025942e-02
1.555874834604679199e+04 5.904123170111515856e-02
1.566895261651207147e+04 5.220144890645760094e-02
1.577915688697735277e+04 4.221199785603870630e-02
1.588936115744263225e+04 2.972751663853720819e-02
1.599956542790791354e+04 1.441786017759589568e-02
1.610976969837319484e+04 3.354063830073444191e-02
1.621997396883847432e+04 6.211293567167020663e-02
1.633017823930375562e+04 9.082108565249803755e-02
1.644038250976903510e+04 1.167505955119964856e-01
1.655058678023431639e+04 1.203371591983586619e-01
1.666079105069959405e+04 8.412156238481792447e-02
1.677099532116487535e+04 6.799063142203609633e-02
1.688119959163015665e+04 6.391936889040157610e-02
1.699140386209543794e+04 3.515290316955591021e-02
1.710160813256071560e+04 -2.051137248846522654e-02
1.721181240302599690e+04 -7.997356500547030123e-02
1.732201667349127820e+04 -9.856226426203965052e-02
1.743222094395655949e+04 -8.186657851993310586e-02
1.754242521442183715e+04 -5.287711072228531983e-02
1.765262948488711845e+04 -4.282143597061863205e-02
1.776283375535239975e+04 -2.665955254604636046e-02
1.787303802581768105e+04 9.851046023163639864e-03
1.798324229628295870e+04 6.687961771359388768e-03
1.809344656674824000e+04 -1.109152426953814892e-02
1.820365083721351766e+04 -2.545029330480189089e-02
1.831385510767879896e+04 6.585180507494035884e-03
1.842405937814408026e+04 6.286047726807823810e-02
1.853426364860935792e+04 9.492348046957647945e-02
1.864446791907463921e+04 1.100278633333213879e-01
1.875467218953992051e+04 1.164253969142470535e-01
1.886487646000520181e+04 1.002988576739404919e-01
1.897508073047047947e+04 6.843127945466875861e-02
1.908528500093576076e+04 2.572540176873199316e-02
1.919548927140104206e+04 -5.732644324538006819e-02
1.930569354186632336e+04 -1.218983794440739454e-01
1.941589781233160102e+04 -1.420477645517564114e-01
1.952610208279688231e+04 -1.119106973810311961e-01
1.963630635326216361e+04 -7.460809387213730715e-02
1.974651062372744491e+04 -7.130876442081326982e-02
1.985671489419272257e+04 -5.275059406878259555e-02
1.996691916465800387e+04 -3.334311135587193775e-02
