# velocity space (km/s) 	 normalized flux
-1.992702674377349467e+04 3.531417942026047752e-01
-1.981682247330821701e+04 2.858104739382761328e-01
-1.970661820284293572e+04 9.983287697336179489e-02
-1.959641393237765806e+04 1.990389099942746209e-01
-1.948620966191237312e+04 1.835113535339893964e-01
-1.937600539144709546e+04 2.449967239510332517e-01
-1.926580112098181417e+04 2.533351014415263225e-01
-1.915559685051653651e+04 3.950524004356773672e-02
-1.904539258005125157e+04 1.552105631653449558e-01
-1.893518830958597391e+04 2.294191286743187952e-01
-1.882498403912069261e+04 1.973622844052363989e-01
-1.871477976865541495e+04 1.971062348686350441e-01
-1.860457549819013002e+04 3.296783808778381286e-01
-1.849437122772485236e+04 3.597181443242989385e-01
-1.838416695725957106e+04 2.688544553696790018e-01
-1.827396268679429340e+04 2.649786704594539466e-01
-1.816375841632901211e+04 2.031744834076101291e-01
-1.805355414586373081e+04 2.536243233347938442e-01
-1.794334987539844951e+04 2.074586591359626475e-01
-1.783314560493317185e+04 1.188413572165041288e-01
-1.772294133446789056e+04 1.639389975436284785e-01
-1.761273706400260926e+04 6.692073702355397224e-02
-1.750253279353732796e+04 -1.782907110000359063e-02
-1.739232852307205030e+04 5.006308569725447660e-02
-1.728212425260676901e+04 1.936671930007617393e-01
-1.717191998214148771e+04 1.314687219522653883e-01
-1.706171571167620641e+04 2.061556668102823842e-01
-1.695151144121092875e+04 3.862901512660708581e-01
-1.684130717074564745e+04 3.819563919033990285e-01
-1.673110290028036616e+04 1.621207350235680522e-01
-1.662089862981508486e+04 7.116800108784667638e-04
-1.651069435934980720e+04 1.454224050410526103e-01
-1.640049008888452590e+04 3.004210119848101934e-01
-1.629028581841924643e+04 2.572325809366661671e-03
-1.618008154795396877e+04 -3.859234163441740278e-02
-1.606987727748868565e+04 4.012805506420009938e-02
-1.595967300702340799e+04 1.507718202922461448e-01
-1.584946873655812487e+04 3.137433078558983790e-01
-1.573926446609284540e+04 3.822235486048748410e-01
-1.562906019562756410e+04 1.574374891721806446e-01
-1.551885592516228462e+04 1.003987232748281555e-01
-1.540865165469700332e+04 2.356066894163483527e-01
-1.529844738423172385e+04 2.250091073291762556e-01
-1.518824311376644255e+04 2.767302079347682686e-01
-1.507803884330116307e+04 1.116458309266121357e-01
-1.496783457283588359e+04 -1.244091472117244829e-01
-1.485763030237060229e+04 -8.394082736786427634e-02
-1.474742603190532282e+04 -1.036292400480071790e-01
-1.463722176144004152e+04 -1.246814331255353403e-01
-1.452701749097476204e+04 8.343154426067719495e-03
-1.441681322050948074e+04 1.162961939595521382e-01
-1.430660895004420126e+04 2.573313581269075501e-01
-1.419640467957891997e+04 5.984676205629190227e-01
-1.408620040911364049e+04 4.744854030121342658e-01
-1.397599613864835919e+04 1.692256622426972223e-01
-1.386579186818307971e+04 7.471123916506645923e-02
-1.375558759771779842e+04 2.533813087032928402e-01
-1.364538332725251894e+04 3.740954172946434064e-01
-1.353517905678723764e+04 8.927591124793023136e-02
-1.342497478632195816e+04 8.434831124632077848e-02
-1.331477051585667687e+04 2.327089147687411985e-01
-1.320456624539139739e+04 1.707343781503003199e-01
-1.309436197492611973e+04 1.038549928469339606e-01
-1.298415770446083843e+04 -1.073724095228324911e-02
-1.287395343399555895e+04 6.102750094762918187e-02
-1.276374916353027766e+04 2.643190488552404904e-01
-1.265354489306499818e+04 4.314467999905509665e-01
-1.254334062259971688e+04 3.730932330184797974e-01
-1.243313635213443740e+04 2.624258249619220718e-01
-1.232293208166915610e+04 1.685256972541763765e-01
-1.221272781120387663e+04 7.990595422108853763e-02
-1.210252354073859533e+04 2.744181181984582940e-01
-1.199231927027331585e+04 2.679122122849841858e-01
-1.188211499980803455e+04 3.517697932901820423e-01
-1.177191072934275508e+04 4.684827287777500460e-01
-1.166170645887747378e+04 4.542379205144511101e-01
-1.155150218841219430e+04 3.741610574085322272e-01
-1.144129791794691300e+04 4.257387103794509353e-01
-1.133109364748163352e+04 2.547008013189726583e-01
-1.122088937701635405e+04 1.109815374664682858e-01
-1.111068510655107275e+04 1.037586162832329906e-01
-1.100048083608579327e+04 1.458958939944769162e-01
-1.089027656562051197e+04 5.090267070134119054e-01
-1.078007229515523250e+04 6.262149293746095413e-01
-1.066986802468995120e+04 6.838493522999722352e-01
-1.055966375422467172e+04 6.031079051777141764e-01
-1.044945948375939042e+04 3.284296288515178852e-01
-1.033925521329411094e+04 1.521800897021760302e-01
-1.022905094282882965e+04 3.771535081521006361e-01
-1.011884667236355017e+04 3.131353663652129971e-01
-1.000864240189826887e+04 2.678014455582905518e-01
-9.898438131432989394e+03 1.692793951406318387e-01
-9.788233860967708097e+03 -6.972665837822848711e-03
-9.678029590502428618e+03 3.078189465573853978e-01
-9.567825320037149140e+03 4.469036694413797695e-01
-9.457621049571867843e+03 4.687219903404229449e-01
-9.347416779106588365e+03 3.475195361425116869e-01
-9.237212508641307068e+03 -8.719170636069123459e-02
-9.127008238176027589e+03 -8.845413244731449576e-02
-9.016803967710715369e+03 1.878096982401060711e-01
-8.906599697245434072e+03 5.636779089528785036e-01
-8.796395426780154594e+03 6.065687270713553403e-01
-8.686191156314873297e+03 4.031195911716367042e-01
-8.575986885849593818e+03 3.385603067266222954e-01
-8.465782615384312521e+03 3.791489231657038106e-01
-8.355578344919033043e+03 3.774734501992312308e-01
-8.245374074453751746e+03 4.201272262267053414e-01
-8.135169803988472268e+03 1.987877539885216371e-01
-8.024965533523191880e+03 -1.715889068488024027e-01
-7.914761263057911492e+03 -1.030343842033581286e-01
-7.804556992592631104e+03 7.359302059160695297e-02
-7.694352722127350717e+03 8.845900574943775518e-02
-7.584148451662070329e+03 3.028508931598550649e-04
-7.473944181196789941e+03 -5.932049303084684089e-02
-7.363739910731509553e+03 -1.222122130330638989e-01
-7.253535640266230075e+03 -3.819366534718320050e-02
-7.143331369800949687e+03 2.080459619345614852e-01
-7.033127099335669300e+03 3.435134248042696070e-01
-6.922922828870388912e+03 4.047621080327665766e-01
-6.812718558405108524e+03 4.322301083291843482e-01
-6.702514287939828137e+03 3.441249955750906864e-01
-6.592310017474547749e+03 4.175609849137660312e-01
-6.482105747009267361e+03 4.423756480985951423e-01
-6.371901476543986973e+03 3.575814884640614033e-01
-6.261697206078707495e+03 4.322562506041092711e-01
-6.151492935613427107e+03 4.418553984829537984e-01
-6.041288665148146720e+03 6.595140468317196580e-01
-5.931084394682866332e+03 6.453018359525902747e-01
-5.820880124217585944e+03 5.832711995628160340e-01
-5.710675853752305557e+03 5.471715017680465198e-01
-5.600471583287025169e+03 5.454152707718832316e-01
-5.490267312821744781e+03 4.050139385749924603e-01
-5.380063042356465303e+03 3.265261055398961942e-01
-5.269858771891184915e+03 2.143359249128894417e-01
-5.159654501425904527e+03 -3.819016935815554986e-02
-5.049450230960624140e+03 -2.225347069115313769e-01
-4.939245960495343752e+03 -4.393729617200793636e-02
-4.829041690030063364e+03 5.153352819685154129e-01
-4.718837419564782977e+03 9.049559526458937908e-01
-4.608633149099502589e+03 5.758998784679411065e-01
-4.498428878634222201e+03 3.094092172656052186e-01
-4.388224608168941813e+03 3.570429302622349366e-01
-4.278020337703661426e+03 7.160400806220866832e-01
-4.167816067238381038e+03 8.997013446172892337e-01
-4.057611796773101105e+03 7.825398674303031266e-01
-3.947407526307820717e+03 4.512076407408936451e-01
-3.837203255842540784e+03 3.115121210295811460e-01
-3.726998985377260396e+03 3.836442952044553101e-01
-3.616794714911980009e+03 3.302085660764024766e-01
-3.506590444446699621e+03 2.234095918076404452e-01
-3.396386173981419233e+03 9.431058578632225964e-02
-3.286181903516139300e+03 5.158087245754390537e-02
-3.175977633050858913e+03 1.596443001638947756e-01
-3.065773362585578525e+03 3.620913070092747765e-01
-2.955569092120298137e+03 4.861833671568538406e-01
-2.845364821655017749e+03 4.875738438224395677e-01
-2.735160551189737362e+03 2.346673526867001924e-01
-2.624956280724456974e+03 1.948576140990816441e-01
-2.514752010259176586e+03 3.873845735284106584e-01
-2.404547739793896653e+03 3.103533420959699862e-01
-2.294343469328616266e+03 1.637978175508032763e-01
-2.184139198863336333e+03 4.713770516526137599e-02
-2.073934928398055945e+03 -2.144301777257141550e-01
-1.963730657932775330e+03 -4.497457166319029226e-02
-1.853526387467494942e+03 2.241756697437990997e-01
-1.743322117002215009e+03 4.082699467406141758e-01
-1.633117846536934621e+03 3.955095841067052809e-01
-1.522913576071654234e+03 1.372095259329150496e-01
-1.412709305606373846e+03 7.098988436467044971e-02
-1.302505035141093686e+03 5.790752006748987879e-02
-1.192300764675813298e+03 9.667719505554324411e-02
-1.082096494210532910e+03 4.054012733873015306e-01
-9.718922237452527497e+02 4.281719650577309189e-01
-8.616879532799723620e+02 -5.106680808220837031e-02
-7.514836828146922016e+02 -9.718636877671797333e-03
-6.412794123494118139e+02 5.015235598862478605e-01
-5.310751418841315399e+02 6.730127499598768104e-01
-4.208708714188512090e+02 4.610234060920705423e-01
-3.106666009535708781e+02 4.312656393434654012e-01
-2.004623304882906325e+02 4.244744702557657900e-01
-9.025806002301031583e+01 4.600238932729874830e-01
1.994621044226998308e+01 5.814921914753522492e-01
1.301504809075502749e+02 8.073676459023619856e-01
2.403547513728305773e+02 9.576251042048614659e-01
3.505590218381108798e+02 5.309315461761761057e-01
4.607632923033912107e+02 3.217835603931192279e-01
5.709675627686714279e+02 7.986988971028139428e-01
6.811718332339518156e+02 1.000000000000000000e+00
7.913761036992320896e+02 9.963068905055819657e-01
9.015803741645123637e+02 7.710003663414471964e-01
1.011784644629792638e+03 4.976834005751730183e-01
1.121988915095073025e+03 4.081149654001923754e-01
1.232193185560353413e+03 6.149082017959964785e-01
1.342397456025633574e+03 6.029635914601800817e-01
1.452601726490913734e+03 4.579155681906091901e-01
1.562805996956194122e+03 3.293854910786782608e-01
1.673010267421474509e+03 4.192577209860797738e-01
1.783214537886754670e+03 6.980871827144046193e-01
1.893418808352035057e+03 6.556239850463030372e-01
2.003623078817315445e+03 6.358011190952820302e-01
2.113827349282595605e+03 3.947960176570891599e-01
2.224031619747875993e+03 2.527653865186674231e-01
2.334235890213156381e+03 2.076281039035242360e-01
2.444440160678436769e+03 5.921435977641491266e-02
2.554644431143717156e+03 2.223891994788398108e-01
2.664848701608997089e+03 3.696724001596942699e-01
2.775052972074277477e+03 4.077042003505479406e-01
2.885257242539557410e+03 2.654556501960925741e-01
2.995461513004837798e+03 3.265133273128828506e-01
3.105665783470118186e+03 5.420422831747573333e-01
3.215870053935398573e+03 4.030947449199329125e-01
3.326074324400678961e+03 2.211215121960021235e-01
3.436278594865959349e+03 3.510802837800662268e-01
3.546482865331239736e+03 6.628912904184099952e-01
3.656687135796520124e+03 6.467416016763499753e-01
3.766891406261800057e+03 4.585008844604611111e-01
3.877095676727080445e+03 3.794720720613563580e-01
3.987299947192360378e+03 2.270397397641834292e-01
4.097504217657640766e+03 2.519874091607469668e-01
4.207708488122921153e+03 3.460623843841150182e-01
4.317912758588201541e+03 4.898977432533450083e-01
4.428117029053481929e+03 2.862530052694948757e-01
4.538321299518762316e+03 5.247357192209678445e-02
4.648525569984042704e+03 8.144520371435462480e-02
4.758729840449323092e+03 3.644867942157755114e-01
4.868934110914603480e+03 5.252393960084961178e-01
4.979138381379883867e+03 3.555375158102131450e-01
5.089342651845163346e+03 1.769830696128014413e-01
5.199546922310443733e+03 -1.660808430162742100e-01
5.309751192775724121e+03 -2.114545691182805054e-01
5.419955463241004509e+03 1.484178307649865192e-02
5.530159733706284896e+03 2.032442279197536339e-01
5.640364004171565284e+03 1.828172877676517150e-01
5.750568274636845672e+03 1.862088239894228170e-01
5.860772545102126060e+03 5.761885867544089962e-02
5.970976815567406447e+03 7.253541686526188137e-02
6.081181086032686835e+03 3.449513919220172364e-01
6.191385356497967223e+03 3.819133391038548320e-01
6.301589626963247611e+03 3.047664194067937204e-01
6.411793897428527998e+03 2.297996858628468808e-01
6.521998167893808386e+03 -6.673045686183595726e-02
6.632202438359088774e+03 -1.417206599399702116e-01
6.742406708824368252e+03 -1.105200282906040193e-02
6.852610979289647730e+03 -2.291948394800440714e-01
6.962815249754928118e+03 -3.036061341688500725e-01
7.073019520220208506e+03 -4.755911305478089518e-02
7.183223790685488893e+03 3.334421320340900663e-01
7.293428061150769281e+03 2.388718163099831926e-01
7.403632331616049669e+03 2.143492764249159410e-01
7.513836602081330057e+03 -6.700459327989977121e-02
7.624040872546610444e+03 -1.933279831730834730e-01
7.734245143011890832e+03 2.347870307000141099e-01
7.844449413477171220e+03 5.144837258590524431e-01
7.954653683942452517e+03 6.262626641268909111e-01
8.064857954407732905e+03 3.142088973816144493e-01
8.175062224873013292e+03 3.030444464171999086e-01
8.285266495338293680e+03 3.558084559125917479e-01
8.395470765803571339e+03 1.832973503292988082e-01
8.505675036268852637e+03 1.083416900552418467e-02
8.615879306734132115e+03 7.727967686571748929e-02
8.726083577199413412e+03 1.042824577024546590e-01
8.836287847664692890e+03 3.027736424454004482e-01
8.946492118129974187e+03 4.875630178420780059e-01
9.056696388595253666e+03 3.097924149567599650e-01
9.166900659060534963e+03 7.679332411988921969e-02
9.277104929525814441e+03 3.304672595876772395e-02
9.387309199991095738e+03 -1.638995063411457231e-01
9.497513470456375217e+03 -2.423042935714804502e-02
9.607717740921654695e+03 1.527422941922490784e-01
9.717922011386935992e+03 1.552337987668102048e-01
9.828126281852215470e+03 2.937867367498738780e-01
9.938330552317496768e+03 2.060713818316564291e-02
1.004853482278277625e+04 4.117984171006545957e-02
1.015873909324805754e+04 2.082027895982865584e-01
1.026894336371333702e+04 4.453809371712779130e-01
1.037914763417861832e+04 3.714081972231043638e-01
1.048935190464389780e+04 -1.217629631208065749e-01
1.059955617510917909e+04 -1.067837148862731955e-01
1.070976044557445857e+04 1.936830639368551099e-01
1.081996471603973987e+04 4.656784801196537510e-02
1.093016898650501935e+04 4.106420073894220986e-03
1.104037325697030064e+04 -1.191582867551119196e-01
1.115057752743558012e+04 -1.910795698610595894e-01
1.126078179790085960e+04 -5.073144758559772899e-02
1.137098606836614090e+04 1.166119721790545294e-01
1.148119033883142038e+04 9.070599236107521057e-02
1.159139460929670167e+04 1.279255661857646997e-01
1.170159887976198115e+04 1.896978609589077269e-01
1.181180315022726245e+04 1.074823436674848948e-01
1.192200742069254193e+04 1.639392880417880616e-01
1.203221169115782322e+04 3.057785346783123415e-01
1.214241596162310270e+04 2.824707544056082598e-01
1.225262023208838400e+04 2.962247643567064714e-01
1.236282450255366348e+04 1.691981045703691289e-01
1.247302877301894478e+04 1.921959458575082380e-01
1.258323304348422425e+04 3.042035199726811356e-01
1.269343731394950555e+04 4.642676507654645152e-02
1.280364158441478503e+04 6.852818881084860037e-02
1.291384585488006451e+04 5.746775740019642864e-01
1.302405012534534580e+04 4.654353189734504737e-01
1.313425439581062528e+04 1.781306374041236318e-01
1.324445866627590658e+04 -2.239488186712132282e-03
1.335466293674118606e+04 -1.035338694527535019e-01
1.346486720720646736e+04 1.918093210604251281e-02
1.357507147767174683e+04 -8.813598782120227182e-02
1.368527574813702813e+04 -1.605149488250188494e-01
1.379548001860230761e+04 1.248725850278166044e-01
1.390568428906758891e+04 -9.582588422515702503e-03
1.401588855953286838e+04 6.662121101387388777e-02
1.412609282999814968e+04 1.378914394611868155e-01
1.423629710046342916e+04 1.169141415189534350e-01
1.434650137092871046e+04 3.156230427782653059e-01
1.445670564139398994e+04 2.174968220005354946e-01
1.456690991185927123e+04 -3.151086983649287743e-01
1.467711418232455071e+04 -2.757691027502934267e-01
1.478731845278983019e+04 -1.363955465195183514e-01
1.489752272325510967e+04 7.351644498987277123e-04
1.500772699372038915e+04 -1.107787511942830323e-02
1.511793126418567044e+04 -6.666279781383724345e-02
1.522813553465094992e+04 1.482302142152625568e-01
1.533833980511623122e+04 5.547646035362280292e-02
1.544854407558151070e+04 -2.199794691700652782e-01
1.555874834604679199e+04 -1.546609176028432564e-01
1.566895261651207147e+04 -4.086357040273690122e-02
1.577915688697735277e+04 -3.959458437251153762e-02
1.588936115744263225e+04 -3.570273285694357951e-02
1.599956542790791354e+04 -7.488275250184198151e-02
1.610976969837319484e+04 1.132657790507337059e-01
1.621997396883847432e+04 1.734506824061133046e-01
1.633017823930375562e+04 2.183347234497943767e-01
1.644038250976903510e+04 3.353640912629162751e-01
1.655058678023431639e+04 5.435767305808751892e-01
1.666079105069959405e+04 4.527305296042867244e-01
1.677099532116487535e+04 2.754615148557377768e-01
1.688119959163015665e+04 1.426771862349010267e-01
1.699140386209543794e+04 6.732045170959741198e-02
1.710160813256071560e+04 5.999457614646944159e-02
1.721181240302599690e+04 5.535189209006612619e-03
1.732201667349127820e+04 -3.377709061618527214e-02
1.743222094395655949e+04 -4.950243227676633800e-02
1.754242521442183715e+04 -2.438010905005968607e-03
1.765262948488711845e+04 -3.729248620257262503e-02
1.776283375535239975e+04 -2.968514628531946156e-02
1.787303802581768105e+04 1.182914585956071074e-01
1.798324229628295870e+04 2.559239146473437643e-01
1.809344656674824000e+04 1.513929971476919156e-01
1.820365083721351766e+04 -1.695565351948976132e-02
1.831385510767879896e+04 -2.397116156108623428e-02
1.842405937814408026e+04 1.209164890165607409e-01
1.853426364860935792e+04 2.535190132533620133e-01
1.864446791907463921e+04 2.662845161565691177e-01
1.875467218953992051e+04 2.520698007159350995e-01
1.886487646000520181e+04 7.555608137162021787e-02
1.897508073047047947e+04 2.847593357383960272e-02
1.908528500093576076e+04 3.522457821718915499e-02
1.919548927140104206e+04 -7.921168374400344714e-02
1.930569354186632336e+04 -3.268083305873502598e-01
1.941589781233160102e+04 -4.731002114518878532e-01
1.952610208279688231e+04 -3.022512555029953640e-01
1.963630635326216361e+04 -2.164549334560936789e-01
1.974651062372744491e+04 -7.119414397227702418e-02
1.985671489419272257e+04 2.920107944328082308e-02
1.996691916465800387e+04 1.387953822048584585e-01
