# velocity space (km/s) 	 normalized flux
-1.996638863212214346e+04 3.630705675663730592e+00
-1.976859353853873108e+04 3.229117346343185702e+00
-1.957091216364849242e+04 3.637603374146396895e+00
-1.937334453934194244e+04 3.613852030518903913e+00
-1.917589069715146616e+04 3.385492791110704669e+00
-1.897855066825239192e+04 3.033989586717619424e+00
-1.878132448346390083e+04 3.319871684185058403e+00
-1.858421217324996178e+04 2.691504392862615891e+00
-1.838721376772041549e+04 2.367262555609324082e+00
-1.819032929663185132e+04 2.488343834822475564e+00
-1.799355878938858950e+04 2.353276279663352621e+00
-1.779690227504371433e+04 1.895424103080755041e+00
-1.760035978229995089e+04 2.097877061771248108e+00
-1.740393133951073469e+04 1.668615146424582418e+00
-1.720761697468106649e+04 1.388688744718703960e+00
-1.701141671546852740e+04 1.828892407322128655e+00
-1.681533058918428287e+04 1.581243315793145143e+00
-1.661935862279397406e+04 1.846092269375379846e+00
-1.642350084291867097e+04 1.715355101380471092e+00
-1.622775727583591106e+04 1.252982591295614068e+00
-1.603212794748058877e+04 1.159991356352891856e+00
-1.583661288344589229e+04 1.400843552543995729e+00
-1.564121210898433674e+04 1.196069088096881172e+00
-1.544592564900862089e+04 1.246991721803387243e+00
-1.525075352809267679e+04 1.259099223833467507e+00
-1.505569577047253551e+04 1.148631301572409447e+00
-1.486075240004727857e+04 1.084153136308699583e+00
-1.466592344038005831e+04 1.151389488998435295e+00
-1.447120891469896742e+04 1.021933055061528872e+00
-1.427660884589797752e+04 8.159640825338110304e-01
-1.408212325653796142e+04 6.600993554601679580e-01
-1.388775216884755173e+04 9.264789999744016402e-01
-1.369349560472408484e+04 1.085916059383429166e+00
-1.349935358573459962e+04 1.299567623283436335e+00
-1.330532613311669047e+04 1.160300433003381038e+00
-1.311141326777952963e+04 1.116252898449968667e+00
-1.291761501030472209e+04 1.307163595689226687e+00
-1.272393138094724418e+04 1.320824488292256849e+00
-1.253036239963644402e+04 1.315638435519239202e+00
-1.233690808597688738e+04 1.234577628947761685e+00
-1.214356845924930349e+04 1.008870637718976226e+00
-1.195034353841155462e+04 8.772058524576693550e-01
-1.175723334209951281e+04 1.029355605996356227e+00
-1.156423788862796573e+04 1.445998494895849307e+00
-1.137135719599158801e+04 1.661267365102248039e+00
-1.117859128186588714e+04 1.609047550619957523e+00
-1.098594016360797832e+04 1.391305806075813667e+00
-1.079340385825765225e+04 1.314428863958270188e+00
-1.060098238253819727e+04 1.675989330139819877e+00
-1.040867575285737985e+04 2.242320609470615622e+00
-1.021648398530827581e+04 2.481159945807099199e+00
-1.002440709567029080e+04 2.752830199391649746e+00
-9.832445099409915201e+03 2.962947016490681484e+00
-9.640598011681755452e+03 3.251594671732850550e+00
-9.448865847329432654e+03 3.471342980966530600e+00
-9.257248620886415665e+03 3.863397328069553271e+00
-9.065746346576954238e+03 4.415082814276432899e+00
-8.874359038317021259e+03 4.362939164692952509e+00
-8.683086709715160396e+03 5.214270195767591431e+00
-8.491929374073371946e+03 4.977583399939348396e+00
-8.300887044388085997e+03 4.611053933199262822e+00
-8.109959733350985516e+03 4.596926667480478734e+00
-7.919147453349894022e+03 4.287829662586197799e+00
-7.728450216469745101e+03 4.505373058025821109e+00
-7.537868034493372761e+03 4.324515836108485445e+00
-7.347400918902520061e+03 4.692497009373482797e+00
-7.157048880878535783e+03 4.947635163897545318e+00
-6.966811931303519486e+03 4.701728215883320239e+00
-6.776690080760949058e+03 4.483530459165195658e+00
-6.586683339536725725e+03 3.706987476773281109e+00
-6.396791717620047166e+03 2.373450788623186813e+00
-6.207015224704163302e+03 1.673797985895309592e+00
-6.017353870187376742e+03 1.846811938692930699e+00
-5.827807663173905894e+03 1.101890968276633576e+00
-5.638376612474709873e+03 1.085305633119811652e+00
-5.449060726608387995e+03 1.036843104586390840e+00
-5.259860013802021967e+03 6.744045958801606622e-01
-5.070774481992097208e+03 6.497074357202017314e-01
-4.881804138825393238e+03 8.354455036869559148e-01
-4.692948991659712192e+03 8.915562261367669938e-01
-4.504209047564882894e+03 6.641704633906390098e-01
-4.315584313323623974e+03 5.238204694852581778e-01
-4.127074795432267820e+03 6.137508494841267259e-01
-3.938680500101763300e+03 4.996696268602947577e-01
-3.750401433258507495e+03 4.491723318479160509e-01
-3.562237600545158330e+03 3.979782463601457265e-01
-3.374189007321517238e+03 7.652031972967822115e-01
-3.186255658665357259e+03 7.340965800168519628e-01
-2.998437559373324802e+03 6.234637390529599310e-01
-2.810734713961811394e+03 8.125009607312658755e-01
-2.623147126667669909e+03 5.812800150035559721e-01
-2.435674801449199094e+03 1.807475595415299896e-01
-2.248317741986987130e+03 -1.544915328026666701e-01
-2.061075951684604661e+03 -1.366863372940154038e-02
-1.873949433669693917e+03 2.565784930279533804e-01
-1.686938190794562843e+03 8.294152026676294975e-02
-1.500042225637207139e+03 1.462075136359242871e-03
-1.313261540502037633e+03 -8.440359540312220021e-02
-1.126596137420807963e+03 -9.166735538793002736e-02
-9.400460181533826471e+02 1.495031737474571409e-01
-7.536111841885729064e+02 2.123880522479810462e-01
-5.672916367450371808e+02 2.021009212547865141e-01
-3.810873767720453316e+02 7.224919128401194324e-02
-1.949984049503090944e+02 4.011654816460268891e-01
-9.024721692877914592e+00 1.675117858241111646e-01
1.768336728541009109e+02 1.000000000000000000e+00
3.625767788105565046e+02 -7.969662588076239368e-03
5.482045965616035801e+02 3.671910391932579620e-01
7.337171267568086250e+02 3.383097740613105753e-01
9.191143703092801616e+02 4.532344159396511363e-01
1.104396328394916054e+03 3.417029235429506762e-01
1.289563002451584907e+03 1.273567497252257874e-01
1.474614394178243401e+03 1.852803086772918661e-01
1.659550505534188233e+03 2.764421572168995200e-01
1.844371338738242002e+03 3.770384607674727162e-01
2.029076896267875327e+03 4.311241536809408692e-01
2.213667180858485608e+03 3.957272917791522238e-01
2.398142195502498453e+03 3.417051845458260462e-01
2.582501943448628026e+03 7.630309145801561499e-01
2.766746428201070557e+03 6.686556290768892463e-01
2.950875653518634863e+03 3.788260255036189905e-01
3.134889623414004291e+03 4.469111609486164233e-02
3.318788342152936366e+03 9.493609175296562064e-02
3.502571814253397861e+03 1.516453317270289036e-01
3.686240044484833106e+03 1.458363833489900174e-01
3.869793037867363637e+03 1.735802373286669253e-01
4.053230799670933266e+03 3.182210776201183644e-01
4.236553335414598223e+03 3.513928221342317304e-01
4.419760650865626303e+03 1.006359462651790215e-01
4.602852752038882500e+03 2.567846410714361496e-02
4.785829645195799458e+03 -1.930585241954954276e-02
4.968691336843829959e+03 6.292661673988945992e-02
5.151437833735506501e+03 -1.844868857619840485e-01
5.334069142867663686e+03 1.487384848755281541e-01
5.516585271480776100e+03 6.491646472887295516e-02
5.698986227058057011e+03 1.294676937607590894e-01
5.881272017324692570e+03 -2.098854619054528747e-01
6.063442650247106940e+03 7.628939981932031725e-03
6.245498134032175585e+03 -2.885289243395465775e-01
6.427438477126453108e+03 -1.614444379219367176e-01
6.609263688215373804e+03 -1.660892663524535240e-01
6.790973776222445849e+03 -3.454936816145222633e-01
6.972568750308618291e+03 -2.686688367692997570e-01
7.154048619871379742e+03 -2.134994617721383547e-01
7.335413394543986215e+03 -3.060423923836019244e-01
7.516663084194832663e+03 -1.441965073550310339e-01
7.697797698926554403e+03 -9.777988535091547417e-02
7.878817249075286782e+03 -2.923777748676071875e-01
8.059721745209945766e+03 -2.707328943722913661e-01
8.240511198131447600e+03 -1.393362955856737861e-01
8.421185618871975748e+03 -7.919037783912009909e-02
8.601745018694171449e+03 -3.664589616987591336e-01
8.782189409090367917e+03 -2.015025174953368747e-01
8.962518801781954608e+03 -2.694738464899288921e-01
9.142733208718507740e+03 -5.865851368177932290e-01
9.322832642077048149e+03 -1.905144562626660543e-01
9.502817114261350071e+03 -3.089864054125919246e-01
9.682686637901157155e+03 -3.269699740485088602e-01
9.862441225851469426e+03 -3.882725741524240548e-01
1.004208089119172109e+04 -4.097744031589387048e-01
1.022160564722513845e+04 -3.673235515257375905e-01
1.040101550747790316e+04 -1.612481412110447765e-01
1.058031048569847917e+04 -2.895108745789026217e-01
1.075949059585686518e+04 -4.770917226767904529e-01
1.093855585214381426e+04 -3.047560243925102608e-01
1.111750626897014081e+04 -1.023455827510846294e-01
1.129634186096599842e+04 -2.795567799238629636e-01
1.147506264298007954e+04 -3.625023775219604061e-01
1.165366863007896427e+04 -1.018216034567370337e-01
1.183215983754630179e+04 -1.616962003327638842e-01
1.201053628088222649e+04 1.395902581993429745e-02
1.218879797580242303e+04 -3.398230245725613052e-01
1.236694493823761877e+04 -5.201148595110928197e-01
1.254497718433269620e+04 -6.717078937206766298e-01
1.272289473044607621e+04 -5.606307992253177774e-01
1.290069759314891053e+04 -3.672532660523053494e-01
1.307838578922445049e+04 -4.288272740357751966e-01
1.325595933566722488e+04 -2.438829100078443723e-01
1.343341824968248329e+04 -4.078254846638638131e-01
1.361076254868526485e+04 -2.980743390156814221e-01
1.378799225029990339e+04 -1.474388060324102225e-02
1.396510737235915440e+04 -1.576740792712649428e-02
1.414210793290359288e+04 -1.622538965932946442e-01
1.431899395018080577e+04 -4.711017381365651402e-01
1.449576544264476797e+04 -1.452405390189476508e-01
1.467242242895511845e+04 -3.561886060342121518e-01
1.484896492797641258e+04 -2.662926189798140442e-01
1.502539295877746372e+04 -1.445764162420846988e-01
1.520170654063064649e+04 -9.591772135145486267e-02
1.537790569301114920e+04 -2.059085123964169983e-01
1.555399043559633901e+04 -1.913701832029987282e-01
1.572996078826499252e+04 -1.062819217525128451e-01
1.590581677109666089e+04 2.072320771194490277e-02
1.608155840437097868e+04 -9.616125102825200111e-02
1.625718570856689985e+04 -2.564749069104383938e-01
1.643269870436209021e+04 3.154263350499831448e-02
1.660809741263220712e+04 -5.407936095576314911e-02
1.678338185445018098e+04 -6.593106852424522879e-01
1.695855205108556402e+04 -6.072903359037926663e-01
1.713360802400386819e+04 -5.836905878031909412e-01
1.730854979486580487e+04 -5.379971202699543875e-01
1.748337738552668816e+04 -1.381512412625892361e-01
1.765809081803568552e+04 -5.541259771954885061e-01
1.783269011463517018e+04 -5.562275875674413950e-01
1.800717529776007723e+04 -4.756699881660120255e-01
1.818154639003714692e+04 -4.514856022622906195e-01
1.835580341428432075e+04 -5.562457965572885632e-01
1.852994639351005389e+04 -4.370856743913996700e-01
1.870397535091259124e+04 -1.347216699038151777e-01
1.887789030987937804e+04 -3.547888196246568593e-01
1.905169129398634686e+04 -5.623365697834686872e-01
1.922537832699723731e+04 -5.356642447555043374e-01
1.939895143286297025e+04 -5.312868875193235141e-01
1.957241063572092753e+04 -5.316318451583710303e-01
1.974575595989435897e+04 -3.479326089271830846e-01
1.991898742989168386e+04 -6.911257650828727117e-01
