# velocity space (km/s) 	 normalized flux
-1.996638863212214346e+04 -3.141995696412428624e-02
-1.976859353853873108e+04 -3.328740061892884045e-02
-1.957091216364849242e+04 -4.264660584355802614e-02
-1.937334453934194244e+04 -5.988716626348221383e-02
-1.917589069715146616e+04 -7.303922778597413124e-02
-1.897855066825239192e+04 -8.032624389692630262e-02
-1.878132448346390083e+04 -8.394374811193017205e-02
-1.858421217324996178e+04 -9.381362020858410866e-02
-1.838721376772041549e+04 -9.763345666476277995e-02
-1.819032929663185132e+04 -9.226205367248133116e-02
-1.799355878938858950e+04 -9.164668086110701328e-02
-1.779690227504371433e+04 -1.017589082404322665e-01
-1.760035978229995089e+04 -1.075964679288803072e-01
-1.740393133951073469e+04 -1.090812156274700573e-01
-1.720761697468106649e+04 -1.131959382412098952e-01
-1.701141671546852740e+04 -1.169057406449743042e-01
-1.681533058918428287e+04 -1.167878721573996359e-01
-1.661935862279397406e+04 -1.087034506137819212e-01
-1.642350084291867097e+04 -1.164807741383013517e-01
-1.622775727583591106e+04 -1.229584884373664810e-01
-1.603212794748058877e+04 -1.197765565953796268e-01
-1.583661288344589229e+04 -1.215589994685250530e-01
-1.564121210898433674e+04 -1.215613711684480069e-01
-1.544592564900862089e+04 -1.173856265033940277e-01
-1.525075352809267679e+04 -1.160567817571055149e-01
-1.505569577047253551e+04 -1.190785699620525023e-01
-1.486075240004727857e+04 -1.158837556892364645e-01
-1.466592344038005831e+04 -1.161522421127028915e-01
-1.447120891469896742e+04 -1.168329886030995135e-01
-1.427660884589797752e+04 -1.129668333316457690e-01
-1.408212325653796142e+04 -1.047968538522113663e-01
-1.388775216884755173e+04 -9.588567697937795675e-02
-1.369349560472408484e+04 -8.285024472810263718e-02
-1.349935358573459962e+04 -7.101271734660065393e-02
-1.330532613311669047e+04 -6.426962113603222615e-02
-1.311141326777952963e+04 -5.492089397964893677e-02
-1.291761501030472209e+04 -4.411575987734207144e-02
-1.272393138094724418e+04 -3.520058456418390103e-02
-1.253036239963644402e+04 -2.304085871529974738e-02
-1.233690808597688738e+04 -1.008587015819570332e-02
-1.214356845924930349e+04 3.468949178207885169e-05
-1.195034353841155462e+04 1.128161076032607908e-02
-1.175723334209951281e+04 2.812306010511376325e-02
-1.156423788862796573e+04 3.770923097629943349e-02
-1.137135719599158801e+04 4.697846373436885548e-02
-1.117859128186588714e+04 5.817578106398051813e-02
-1.098594016360797832e+04 6.778306023845492856e-02
-1.079340385825765225e+04 1.038009181966394190e-01
-1.060098238253819727e+04 1.473875239540567705e-01
-1.040867575285737985e+04 1.992233112347142898e-01
-1.021648398530827581e+04 2.600088029251906852e-01
-1.002440709567029080e+04 3.151760109822593914e-01
-9.832445099409915201e+03 3.664671624947143380e-01
-9.640598011681755452e+03 4.269616141829081779e-01
-9.448865847329432654e+03 4.847867848412913405e-01
-9.257248620886415665e+03 5.538631348136818788e-01
-9.065746346576954238e+03 6.243646997307154001e-01
-8.874359038317021259e+03 6.838849333396846975e-01
-8.683086709715160396e+03 6.903854728175867761e-01
-8.491929374073371946e+03 6.276793240702622789e-01
-8.300887044388085997e+03 5.727297773337172160e-01
-8.109959733350985516e+03 5.349349350698634487e-01
-7.919147453349894022e+03 4.935528530215567145e-01
-7.728450216469745101e+03 4.702841613530493459e-01
-7.537868034493372761e+03 4.541341513016496356e-01
-7.347400918902520061e+03 4.401871561502975205e-01
-7.157048880878535783e+03 4.184363741228843137e-01
-6.966811931303519486e+03 3.931070455199289215e-01
-6.776690080760949058e+03 3.690835864358683049e-01
-6.586683339536725725e+03 3.202633807190678472e-01
-6.396791717620047166e+03 2.609593465565379633e-01
-6.207015224704163302e+03 2.174599513870012490e-01
-6.017353870187376742e+03 1.868181025205040979e-01
-5.827807663173905894e+03 1.486539074525763393e-01
-5.638376612474709873e+03 1.074870991731237263e-01
-5.449060726608387995e+03 8.428984036277661906e-02
-5.259860013802021967e+03 6.960735972342343980e-02
-5.070774481992097208e+03 4.875173423965951242e-02
-4.881804138825393238e+03 5.099265795042932231e-02
-4.692948991659712192e+03 4.494948380971112295e-02
-4.504209047564882894e+03 5.167603511771490937e-02
-4.315584313323623974e+03 5.648277814377351130e-02
-4.127074795432267820e+03 6.087865657559789201e-02
-3.938680500101763300e+03 5.284965509828647157e-02
-3.750401433258507495e+03 4.958870891243470636e-02
-3.562237600545158330e+03 6.302521096059143790e-02
-3.374189007321517238e+03 8.781674420006939374e-02
-3.186255658665357259e+03 1.455663318921601723e-01
-2.998437559373324802e+03 2.524365616871397933e-01
-2.810734713961811394e+03 3.558490332160183511e-01
-2.623147126667669909e+03 2.977329503164700686e-01
-2.435674801449199094e+03 1.533878352133811462e-01
-2.248317741986987130e+03 6.494323588512812551e-02
-2.061075951684604661e+03 3.188019880685320079e-02
-1.873949433669693917e+03 1.677613989264152214e-02
-1.686938190794562843e+03 3.541421760658463084e-04
-1.500042225637207139e+03 -3.152353581091388215e-03
-1.313261540502037633e+03 2.798211405025541852e-03
-1.126596137420807963e+03 1.194737582268425545e-02
-9.400460181533826471e+02 3.105304757129099744e-02
-7.536111841885729064e+02 6.523999846550795900e-02
-5.672916367450371808e+02 1.204196006071928809e-01
-3.810873767720453316e+02 2.706515184025553578e-01
-1.949984049503090944e+02 5.702349376617695809e-01
-9.024721692877914592e+00 9.363129074112181982e-01
1.768336728541009109e+02 1.000000000000000000e+00
3.625767788105565046e+02 6.483063403024709181e-01
5.482045965616035801e+02 2.834033148846631933e-01
7.337171267568086250e+02 1.368064606007982076e-01
9.191143703092801616e+02 1.084232017669878312e-01
1.104396328394916054e+03 9.066288361139859808e-02
1.289563002451584907e+03 8.232156342498481161e-02
1.474614394178243401e+03 7.776438681439790113e-02
1.659550505534188233e+03 6.981558318348796144e-02
1.844371338738242002e+03 7.860197772693557072e-02
2.029076896267875327e+03 8.555692473632174611e-02
2.213667180858485608e+03 8.939270988429715015e-02
2.398142195502498453e+03 7.976496961311745071e-02
2.582501943448628026e+03 6.245104054989617653e-02
2.766746428201070557e+03 4.865535853185708193e-02
2.950875653518634863e+03 3.918801280747422067e-02
3.134889623414004291e+03 3.213768542171075576e-02
3.318788342152936366e+03 1.856689116868502284e-02
3.502571814253397861e+03 1.235210839296521992e-02
3.686240044484833106e+03 3.133200060516328107e-03
3.869793037867363637e+03 -2.705765038188767853e-03
4.053230799670933266e+03 -1.253021578820217013e-03
4.236553335414598223e+03 -5.585644689345653328e-03
4.419760650865626303e+03 -4.383857067511268829e-03
4.602852752038882500e+03 -3.687372759353505381e-03
4.785829645195799458e+03 -6.951710326851678369e-03
4.968691336843829959e+03 -3.893978911064656639e-03
5.151437833735506501e+03 -1.332158402082926586e-03
5.334069142867663686e+03 1.189406686911095119e-03
5.516585271480776100e+03 3.192105535612122999e-03
5.698986227058057011e+03 -4.667095268029753134e-04
5.881272017324692570e+03 3.115509596205810229e-03
6.063442650247106940e+03 5.147535348073072926e-03
6.245498134032175585e+03 6.113661581205116421e-03
6.427438477126453108e+03 1.157822573181620414e-02
6.609263688215373804e+03 1.490882633591728880e-02
6.790973776222445849e+03 1.574752282155918864e-02
6.972568750308618291e+03 1.942587858295007422e-02
7.154048619871379742e+03 2.189241379758292971e-02
7.335413394543986215e+03 2.433757265941823011e-02
7.516663084194832663e+03 3.523919712864250625e-02
7.697797698926554403e+03 4.731483777382530787e-02
7.878817249075286782e+03 5.979887211354439902e-02
8.059721745209945766e+03 8.242005464226716260e-02
8.240511198131447600e+03 8.518182185389952532e-02
8.421185618871975748e+03 9.766664366704061462e-02
8.601745018694171449e+03 1.019220847445531097e-01
8.782189409090367917e+03 1.129092745547982390e-01
8.962518801781954608e+03 1.151117029671701875e-01
9.142733208718507740e+03 1.284726900047197529e-01
9.322832642077048149e+03 1.380745560662979821e-01
9.502817114261350071e+03 1.445436776114389643e-01
9.682686637901157155e+03 1.564389210122594520e-01
9.862441225851469426e+03 1.553136784616427624e-01
1.004208089119172109e+04 1.609347658626020805e-01
1.022160564722513845e+04 1.509981752339775718e-01
1.040101550747790316e+04 1.407374612735010633e-01
1.058031048569847917e+04 1.455068775380549129e-01
1.075949059585686518e+04 1.437007973811467998e-01
1.093855585214381426e+04 1.412182852123583521e-01
1.111750626897014081e+04 1.461698763344498608e-01
1.129634186096599842e+04 1.466326196860200659e-01
1.147506264298007954e+04 1.434405203376162841e-01
1.165366863007896427e+04 1.393478488025810536e-01
1.183215983754630179e+04 1.303761026276840373e-01
1.201053628088222649e+04 1.255838527044225161e-01
1.218879797580242303e+04 1.264052528038030476e-01
1.236694493823761877e+04 1.277844610138234582e-01
1.254497718433269620e+04 1.170589656933545136e-01
1.272289473044607621e+04 1.147365414525849808e-01
1.290069759314891053e+04 1.163764714718520110e-01
1.307838578922445049e+04 1.179381099759830576e-01
1.325595933566722488e+04 1.127271906424260756e-01
1.343341824968248329e+04 1.049115959955032457e-01
1.361076254868526485e+04 1.053297307760006352e-01
1.378799225029990339e+04 1.139634862608194799e-01
1.396510737235915440e+04 1.167673119348542898e-01
1.414210793290359288e+04 1.175312039858181640e-01
1.431899395018080577e+04 1.314349526899293297e-01
1.449576544264476797e+04 1.378954288684946794e-01
1.467242242895511845e+04 1.412104387029696206e-01
1.484896492797641258e+04 1.489989816866171268e-01
1.502539295877746372e+04 1.542495061855123639e-01
1.520170654063064649e+04 1.512645756079872283e-01
1.537790569301114920e+04 1.429636340270904749e-01
1.555399043559633901e+04 1.417926564049755422e-01
1.572996078826499252e+04 1.417358941614255963e-01
1.590581677109666089e+04 1.417914099495421743e-01
1.608155840437097868e+04 1.418038418824535407e-01
1.625718570856689985e+04 1.422058735020873821e-01
1.643269870436209021e+04 1.484664667466466526e-01
1.660809741263220712e+04 1.555214569608482644e-01
1.678338185445018098e+04 1.633664015874988218e-01
1.695855205108556402e+04 1.685694133751205748e-01
1.713360802400386819e+04 1.786659926301922274e-01
1.730854979486580487e+04 1.861059292113968200e-01
1.748337738552668816e+04 1.898807314996484585e-01
1.765809081803568552e+04 1.752179772951280301e-01
1.783269011463517018e+04 1.656361548350131219e-01
1.800717529776007723e+04 1.534518322356999420e-01
1.818154639003714692e+04 1.483314551012554772e-01
1.835580341428432075e+04 1.447705483318808550e-01
1.852994639351005389e+04 1.419900329772021685e-01
1.870397535091259124e+04 1.439415637303113615e-01
1.887789030987937804e+04 1.502160667847506070e-01
1.905169129398634686e+04 1.531099224440721496e-01
1.922537832699723731e+04 1.531598718889913557e-01
1.939895143286297025e+04 1.501904625008855521e-01
1.957241063572092753e+04 1.469579900219622759e-01
1.974575595989435897e+04 1.403058757670942180e-01
1.991898742989168386e+04 1.325791365805860100e-01
