# velocity space (km/s) 	 normalized flux
-1.974704697051955736e+04 6.707782496437376951e-02
-1.904142861988022196e+04 1.614864373878706350e-02
-1.833726297557540238e+04 -1.462716841709803782e-02
-1.763455141086705044e+04 -1.094308689966932147e-01
-1.693329524168973876e+04 -1.383623099410992152e-01
-1.623349572721285404e+04 2.044857998914322364e-02
-1.553515407039990532e+04 7.792217336979037623e-02
-1.483827141856477829e+04 1.184940217564995624e-01
-1.414284886392487715e+04 1.175637208832260305e-01
-1.344888744415126166e+04 8.140135206632613529e-02
-1.275638814291572089e+04 6.063137196628063524e-02
-1.206535189043471109e+04 6.869002803977221523e-03
-1.137577956401034680e+04 -1.261529798751055177e-02
-1.068767198856803407e+04 -3.115444800490572898e-03
-1.000102993719128790e+04 1.218360839771739489e-03
-9.315854131653217337e+03 1.897083960719000810e-03
-8.632145242944958227e+03 6.106448792394188196e-02
-7.949903891800967358e+03 1.098995308476199556e-01
-7.269130649221227031e+03 1.557072167729218193e-01
-6.589826036990123612e+03 2.087876031413587186e-01
-5.911990528192422062e+03 2.371284198459670534e-01
-5.235624547725866250e+03 2.781080374057696702e-01
-4.560728472810721541e+03 2.702725445118366876e-01
-3.887302633496108683e+03 3.669310933546187647e-01
-3.215347313163163108e+03 5.466792553893833340e-01
-2.544862749025078301e+03 6.248317809149500635e-01
-1.875849132623876358e+03 8.410985676248233789e-01
-1.208306610323981204e+03 9.464252046886628689e-01
-5.422352838027489952e+02 1.000000000000000000e+00
1.223647894622806120e+02 9.487464563561772701e-01
7.854935957094091918e+02 7.879943335977800389e-01
1.447151164411850687e+03 5.786905551312722107e-01
2.107337567800010675e+03 4.293198464497015587e-01
2.766052920387039649e+03 3.242384185521438589e-01
3.423297378497508817e+03 2.091629907984111081e-01
4.079071139799286811e+03 1.247010795513538856e-01
4.733374442838618052e+03 4.737930441343735088e-02
5.386207566578304977e+03 1.313441552171122802e-02
6.037570829939246323e+03 4.158238090010201414e-03
6.687464591344933979e+03 3.204864249009278993e-04
7.335889248269297241e+03 -1.689806129377385672e-04
7.982845236787632530e+03 -4.309743901973055701e-03
8.628333031130754534e+03 -8.761861364692945242e-03
9.272353143242196893e+03 -2.897922678135033195e-02
9.914906122338783462e+03 -5.595807595229015247e-02
1.055599255447410724e+04 -7.506390222042506888e-02
1.119561306210532348e+04 -6.893095282903605181e-02
1.183376830366309514e+04 -5.314262842642351881e-02
1.247045897312452689e+04 -4.283361271697977424e-02
1.310568579958933697e+04 -2.463422523464280783e-02
1.373944954685922858e+04 -2.038814924133349610e-02
1.437175101302020630e+04 -6.395116124463628808e-03
1.500259103002807569e+04 -4.554115097826588916e-03
1.563197046329712975e+04 1.704028994125028965e-02
1.625989021129187495e+04 1.219003145061596793e-01
1.688635120512174399e+04 3.129826713128119331e-01
1.751135440813899913e+04 3.388142556064702715e-01
1.813490081553977507e+04 1.668423747341788443e-01
1.875699145396799213e+04 9.321072315792174046e-02
1.937762738112243096e+04 1.074677887888306760e-01
1.999680968536693763e+04 1.325007363729627796e-01
