# velocity space (km/s) 	 normalized flux
-1.948247756150412897e+04 1.570194544605649500e-01
-1.881441557807833306e+04 1.462752086003487328e-01
-1.814635359465253714e+04 8.977170388894012421e-02
-1.747829161122674122e+04 3.049145844956133861e-02
-1.681022962780094167e+04 -2.004632579522402924e-02
-1.614216764437514757e+04 -5.021179703233130676e-02
-1.547410566094934984e+04 -1.451007484814658133e-01
-1.480604367752355574e+04 -1.734018114654095610e-01
-1.413798169409775801e+04 -1.192093197902495925e-02
-1.346991971067196209e+04 4.712173395010555571e-02
-1.280185772724616618e+04 8.907903622606290484e-02
-1.213379574382036844e+04 8.908331455393758702e-02
-1.146573376039457253e+04 5.347276770926037009e-02
-1.079767177696877479e+04 3.342183076360700361e-02
-1.012960979354297888e+04 -1.997992085342023549e-02
-9.461547810117182962e+03 -3.873121101491331514e-02
-8.793485826691387047e+03 -2.818346660453381960e-02
-8.125423843265591131e+03 -2.285789310121676826e-02
-7.457361859839795216e+03 -2.122711052317128796e-02
-6.789299876413999300e+03 3.952776735645757711e-02
-6.121237892988201565e+03 8.983803458672377784e-02
-5.453175909562406559e+03 1.370880559522116848e-01
-4.785113926136609734e+03 1.916897875615898306e-01
-4.117051942710812909e+03 2.212831816010234764e-01
-3.448989959285016994e+03 2.636526830085708650e-01
-2.780927975859220624e+03 2.566767520852545337e-01
-2.112865992433424253e+03 3.553300744314641935e-01
-1.444804009007627883e+03 5.379756861948706836e-01
-7.767420255818316264e+02 6.179219378651159555e-01
-1.086800421560353556e+02 8.374829085403835416e-01
5.593819412697610005e+02 9.448984882444970701e-01
1.227443924695557143e+03 1.000000000000000000e+00
1.895505908121353514e+03 9.491343295000985725e-01
2.563567891547149884e+03 7.875804996208414233e-01
3.231629874972945800e+03 5.769475542991110428e-01
3.899691858398742625e+03 4.268987849008675783e-01
4.567753841824538540e+03 3.216204500585674309e-01
5.235815825250335365e+03 2.062395416681662430e-01
5.903877808676131281e+03 1.218047315893037996e-01
6.571939792101927196e+03 4.458762725630235901e-02
7.240001775527724931e+03 1.091539162333747016e-02
7.908063758953520846e+03 2.786383893554913570e-03
8.576125742379317671e+03 -1.483747892482271567e-04
9.244187725805113587e+03 3.015265433356747776e-04
9.912249709230909502e+03 -2.939535647641684703e-03
1.058031169265670542e+04 -6.495334529076021018e-03
1.124837367608250133e+04 -2.598765324748981281e-02
1.191643565950829907e+04 -5.231491172025282826e-02
1.258449764293409498e+04 -7.068361565368104504e-02
1.325255962635988908e+04 -6.353935270360239196e-02
1.392062160978568681e+04 -4.663481983265581332e-02
1.458868359321148455e+04 -3.526912224909288518e-02
1.525674557663727865e+04 -1.592733277993079247e-02
1.592480756006307638e+04 -1.069044200859791717e-02
1.659286954348887230e+04 4.399295733722339945e-03
1.726093152691466821e+04 7.204983074079501087e-03
1.792899351034046413e+04 2.997867318939454948e-02
1.859705549376626004e+04 1.369225711687989122e-01
1.926511747719205960e+04 3.310255111230550051e-01
1.993317946061785187e+04 3.580824127324594985e-01
