# velocity space (km/s) 	 normalized flux
-1.948247756150412897e+04 1.300387812768332915e-02
-1.881441557807833306e+04 1.412126002220637777e-01
-1.814635359465253714e+04 3.827144326244231922e-04
-1.747829161122674122e+04 1.668425413536400378e-02
-1.681022962780094167e+04 -6.176923444206373209e-02
-1.614216764437514757e+04 -2.263707484454565433e-01
-1.547410566094934984e+04 -5.680569524234395651e-01
-1.480604367752355574e+04 -4.862107571247705762e-01
-1.413798169409775801e+04 -1.453525540948008010e-01
-1.346991971067196209e+04 3.730045741080840332e-02
-1.280185772724616618e+04 -1.544391972800309154e-01
-1.213379574382036844e+04 -8.311065267404815771e-02
-1.146573376039457253e+04 4.857994921374518549e-02
-1.079767177696877479e+04 3.399161439639358795e-02
-1.012960979354297888e+04 5.408129031055960122e-03
-9.461547810117182962e+03 -5.321812890685772429e-02
-8.793485826691387047e+03 -3.476156373433700320e-02
-8.125423843265591131e+03 6.557606309965752223e-02
-7.457361859839795216e+03 -8.379304389997245528e-02
-6.789299876413999300e+03 1.496876454996740879e-01
-6.121237892988201565e+03 4.423977041895129636e-01
-5.453175909562406559e+03 2.923375727383413780e-01
-4.785113926136609734e+03 4.575242312645491083e-01
-4.117051942710812909e+03 6.855560184730085105e-01
-3.448989959285016994e+03 6.107958856579615015e-01
-2.780927975859220624e+03 3.528314136530155687e-01
-2.112865992433424253e+03 6.193330308407701823e-01
-1.444804009007627883e+03 8.530411116682466988e-01
-7.767420255818316264e+02 6.002768484606140209e-01
-1.086800421560353556e+02 6.545558258396609874e-01
5.593819412697610005e+02 8.858485260283268659e-01
1.227443924695557143e+03 9.891491331498972750e-01
1.895505908121353514e+03 9.272197782762886531e-01
2.563567891547149884e+03 1.000000000000000000e+00
3.231629874972945800e+03 8.936579250420338960e-01
3.899691858398742625e+03 6.502976252395912260e-01
4.567753841824538540e+03 7.033906994178565908e-01
5.235815825250335365e+03 4.319492909493935495e-01
5.903877808676131281e+03 4.079759157325557051e-01
6.571939792101927196e+03 2.301858444608242613e-02
7.240001775527724931e+03 8.068841511695873381e-02
7.908063758953520846e+03 -1.133419565776404569e-01
8.576125742379317671e+03 1.386362937391378281e-01
9.244187725805113587e+03 6.847789547548044191e-03
9.912249709230909502e+03 -3.214212670904429553e-02
1.058031169265670542e+04 -4.674761756223516640e-02
1.124837367608250133e+04 -2.643272221865822919e-03
1.191643565950829907e+04 -2.278355341191664607e-01
1.258449764293409498e+04 -3.218201429585869633e-01
1.325255962635988908e+04 -1.759930062358709690e-01
1.392062160978568681e+04 3.413704302243172894e-02
1.458868359321148455e+04 -1.231095929768474401e-01
1.525674557663727865e+04 -6.555237135883994204e-02
1.592480756006307638e+04 3.185754732316272569e-02
1.659286954348887230e+04 -2.451044035173843491e-02
1.726093152691466821e+04 -2.951825740564373302e-01
1.792899351034046413e+04 -1.366358150100555335e-01
1.859705549376626004e+04 -1.440341319430292755e-01
1.926511747719205960e+04 3.843406870489696758e-01
1.993317946061785187e+04 -1.513276237103592936e-01
