# time shift (tau) 	 correlation coefficient 	 number of simulations: 10000	 FR: True	 RSS: True
-1.000000000000000000e+01 1.650000000000000000e+02
-9.000000000000000000e+00 1.040000000000000000e+02
-8.000000000000000000e+00 4.100000000000000000e+01
-7.000000000000000000e+00 1.600000000000000000e+01
-6.000000000000000000e+00 1.210000000000000000e+02
-5.000000000000000000e+00 1.600000000000000000e+02
-4.000000000000000000e+00 2.540000000000000000e+02
-3.000000000000000000e+00 4.200000000000000000e+02
-2.000000000000000000e+00 2.690000000000000000e+02
-1.000000000000000000e+00 4.020000000000000000e+02
0.000000000000000000e+00 2.800000000000000000e+02
1.000000000000000000e+00 4.710000000000000000e+02
2.000000000000000000e+00 1.906000000000000000e+03
3.000000000000000000e+00 3.813000000000000000e+03
4.000000000000000000e+00 2.570000000000000000e+02
5.000000000000000000e+00 1.890000000000000000e+02
6.000000000000000000e+00 2.960000000000000000e+02
7.000000000000000000e+00 2.210000000000000000e+02
8.000000000000000000e+00 1.550000000000000000e+02
9.000000000000000000e+00 1.980000000000000000e+02
1.000000000000000000e+01 4.000000000000000000e+01
1.100000000000000000e+01 6.200000000000000000e+01
1.200000000000000000e+01 9.000000000000000000e+00
1.300000000000000000e+01 8.000000000000000000e+00
1.400000000000000000e+01 7.000000000000000000e+01
1.500000000000000000e+01 7.300000000000000000e+01
