# time shift (tau) 	 correlation coefficient 	 number of simulations: 10000	 FR: True	 RSS: True
-1.000000000000000000e+01 7.000000000000000000e+00
-9.000000000000000000e+00 1.000000000000000000e+00
-8.000000000000000000e+00 0.000000000000000000e+00
-7.000000000000000000e+00 0.000000000000000000e+00
-6.000000000000000000e+00 4.000000000000000000e+00
-5.000000000000000000e+00 1.100000000000000000e+01
-4.000000000000000000e+00 1.900000000000000000e+01
-3.000000000000000000e+00 2.500000000000000000e+01
-2.000000000000000000e+00 5.500000000000000000e+01
-1.000000000000000000e+00 1.210000000000000000e+02
0.000000000000000000e+00 2.490000000000000000e+02
1.000000000000000000e+00 3.240000000000000000e+03
2.000000000000000000e+00 1.795000000000000000e+03
3.000000000000000000e+00 2.870000000000000000e+02
4.000000000000000000e+00 1.626000000000000000e+03
5.000000000000000000e+00 9.670000000000000000e+02
6.000000000000000000e+00 6.960000000000000000e+02
7.000000000000000000e+00 2.210000000000000000e+02
8.000000000000000000e+00 2.880000000000000000e+02
9.000000000000000000e+00 7.200000000000000000e+01
1.000000000000000000e+01 1.070000000000000000e+02
1.100000000000000000e+01 3.100000000000000000e+01
1.200000000000000000e+01 1.000000000000000000e+00
1.300000000000000000e+01 9.000000000000000000e+00
1.400000000000000000e+01 7.100000000000000000e+01
1.500000000000000000e+01 9.700000000000000000e+01
