# time shift (tau) 	 correlation coefficient 	 number of simulations: 10000	 FR: True	 RSS: True
-1.000000000000000000e+01 1.840000000000000000e+02
-9.000000000000000000e+00 9.000000000000000000e+00
-8.000000000000000000e+00 1.200000000000000000e+01
-7.000000000000000000e+00 7.900000000000000000e+01
-6.000000000000000000e+00 1.700000000000000000e+01
-5.000000000000000000e+00 7.000000000000000000e+00
-4.000000000000000000e+00 0.000000000000000000e+00
-3.000000000000000000e+00 0.000000000000000000e+00
-2.000000000000000000e+00 0.000000000000000000e+00
-1.000000000000000000e+00 0.000000000000000000e+00
0.000000000000000000e+00 6.300000000000000000e+01
1.000000000000000000e+00 3.798000000000000000e+03
2.000000000000000000e+00 4.459000000000000000e+03
3.000000000000000000e+00 8.150000000000000000e+02
4.000000000000000000e+00 1.460000000000000000e+02
5.000000000000000000e+00 1.010000000000000000e+02
6.000000000000000000e+00 7.100000000000000000e+01
7.000000000000000000e+00 1.110000000000000000e+02
8.000000000000000000e+00 4.800000000000000000e+01
9.000000000000000000e+00 6.000000000000000000e+01
1.000000000000000000e+01 2.000000000000000000e+00
1.100000000000000000e+01 2.000000000000000000e+00
1.200000000000000000e+01 0.000000000000000000e+00
1.300000000000000000e+01 0.000000000000000000e+00
1.400000000000000000e+01 3.000000000000000000e+00
1.500000000000000000e+01 1.300000000000000000e+01
