# time shift (tau) 	 correlation coefficient 	 number of simulations: 20000	 FR: True	 RSS: True
-5.000000000000000000e+00 1.400000000000000000e+01
-4.500000000000000000e+00 7.200000000000000000e+01
-4.000000000000000000e+00 3.400000000000000000e+01
-3.500000000000000000e+00 9.000000000000000000e+00
-3.000000000000000000e+00 1.100000000000000000e+01
-2.500000000000000000e+00 1.200000000000000000e+01
-2.000000000000000000e+00 3.600000000000000000e+01
-1.500000000000000000e+00 4.400000000000000000e+01
-1.000000000000000000e+00 3.600000000000000000e+01
-5.000000000000000000e-01 6.800000000000000000e+01
0.000000000000000000e+00 5.700000000000000000e+01
5.000000000000000000e-01 6.900000000000000000e+01
1.000000000000000000e+00 8.100000000000000000e+01
1.500000000000000000e+00 7.500000000000000000e+01
2.000000000000000000e+00 1.110000000000000000e+02
2.500000000000000000e+00 3.860000000000000000e+02
3.000000000000000000e+00 1.496000000000000000e+03
3.500000000000000000e+00 1.316000000000000000e+03
4.000000000000000000e+00 1.600000000000000000e+03
4.500000000000000000e+00 2.310000000000000000e+03
5.000000000000000000e+00 2.388000000000000000e+03
5.500000000000000000e+00 2.083000000000000000e+03
6.000000000000000000e+00 1.766000000000000000e+03
6.500000000000000000e+00 1.724000000000000000e+03
7.000000000000000000e+00 1.859000000000000000e+03
7.500000000000000000e+00 1.186000000000000000e+03
8.000000000000000000e+00 3.370000000000000000e+02
8.500000000000000000e+00 1.750000000000000000e+02
9.000000000000000000e+00 1.030000000000000000e+02
9.500000000000000000e+00 1.620000000000000000e+02
1.000000000000000000e+01 3.800000000000000000e+02
