# time shift (tau) 	 correlation coefficient 	 number of simulations: 20000	 FR: True	 RSS: True
-5.000000000000000000e+00 0.000000000000000000e+00
-4.500000000000000000e+00 0.000000000000000000e+00
-4.000000000000000000e+00 0.000000000000000000e+00
-3.500000000000000000e+00 1.000000000000000000e+00
-3.000000000000000000e+00 0.000000000000000000e+00
-2.500000000000000000e+00 0.000000000000000000e+00
-2.000000000000000000e+00 0.000000000000000000e+00
-1.500000000000000000e+00 0.000000000000000000e+00
-1.000000000000000000e+00 1.000000000000000000e+00
-5.000000000000000000e-01 2.000000000000000000e+00
0.000000000000000000e+00 1.000000000000000000e+00
5.000000000000000000e-01 2.000000000000000000e+00
1.000000000000000000e+00 7.000000000000000000e+00
1.500000000000000000e+00 2.100000000000000000e+01
2.000000000000000000e+00 1.690000000000000000e+02
2.500000000000000000e+00 2.982000000000000000e+03
3.000000000000000000e+00 4.627000000000000000e+03
3.500000000000000000e+00 4.284000000000000000e+03
4.000000000000000000e+00 3.896000000000000000e+03
4.500000000000000000e+00 2.513000000000000000e+03
5.000000000000000000e+00 1.113000000000000000e+03
5.500000000000000000e+00 2.080000000000000000e+02
6.000000000000000000e+00 9.200000000000000000e+01
6.500000000000000000e+00 3.400000000000000000e+01
7.000000000000000000e+00 1.100000000000000000e+01
7.500000000000000000e+00 1.200000000000000000e+01
8.000000000000000000e+00 4.000000000000000000e+00
8.500000000000000000e+00 1.000000000000000000e+00
9.000000000000000000e+00 5.000000000000000000e+00
9.500000000000000000e+00 5.000000000000000000e+00
1.000000000000000000e+01 9.000000000000000000e+00
