# time shift (tau) 	 correlation coefficient 	 number of simulations: 20000	 FR: True	 RSS: True
-5.000000000000000000e+00 0.000000000000000000e+00
-4.500000000000000000e+00 0.000000000000000000e+00
-4.000000000000000000e+00 0.000000000000000000e+00
-3.500000000000000000e+00 0.000000000000000000e+00
-3.000000000000000000e+00 1.000000000000000000e+00
-2.500000000000000000e+00 0.000000000000000000e+00
-2.000000000000000000e+00 1.000000000000000000e+00
-1.500000000000000000e+00 0.000000000000000000e+00
-1.000000000000000000e+00 3.000000000000000000e+00
-5.000000000000000000e-01 6.000000000000000000e+00
0.000000000000000000e+00 3.800000000000000000e+01
5.000000000000000000e-01 2.780000000000000000e+02
1.000000000000000000e+00 1.519000000000000000e+03
1.500000000000000000e+00 6.395000000000000000e+03
2.000000000000000000e+00 8.218000000000000000e+03
2.500000000000000000e+00 2.535000000000000000e+03
3.000000000000000000e+00 5.570000000000000000e+02
3.500000000000000000e+00 1.700000000000000000e+02
4.000000000000000000e+00 1.120000000000000000e+02
4.500000000000000000e+00 6.000000000000000000e+01
5.000000000000000000e+00 2.500000000000000000e+01
5.500000000000000000e+00 1.200000000000000000e+01
6.000000000000000000e+00 1.900000000000000000e+01
6.500000000000000000e+00 1.500000000000000000e+01
7.000000000000000000e+00 3.000000000000000000e+00
7.500000000000000000e+00 5.000000000000000000e+00
8.000000000000000000e+00 2.000000000000000000e+00
8.500000000000000000e+00 2.000000000000000000e+00
9.000000000000000000e+00 5.000000000000000000e+00
9.500000000000000000e+00 6.000000000000000000e+00
1.000000000000000000e+01 1.300000000000000000e+01
