# time shift (tau) 	 correlation coefficient 	 number of simulations: 20000	 FR: True	 RSS: True
-5.000000000000000000e+00 1.300000000000000000e+01
-4.500000000000000000e+00 7.000000000000000000e+00
-4.000000000000000000e+00 1.000000000000000000e+00
-3.500000000000000000e+00 1.000000000000000000e+00
-3.000000000000000000e+00 2.000000000000000000e+00
-2.500000000000000000e+00 4.000000000000000000e+00
-2.000000000000000000e+00 8.000000000000000000e+00
-1.500000000000000000e+00 7.000000000000000000e+00
-1.000000000000000000e+00 8.000000000000000000e+00
-5.000000000000000000e-01 7.000000000000000000e+00
0.000000000000000000e+00 2.600000000000000000e+01
5.000000000000000000e-01 4.300000000000000000e+01
1.000000000000000000e+00 1.250000000000000000e+02
1.500000000000000000e+00 4.710000000000000000e+02
2.000000000000000000e+00 2.883000000000000000e+03
2.500000000000000000e+00 7.476000000000000000e+03
3.000000000000000000e+00 2.752000000000000000e+03
3.500000000000000000e+00 1.480000000000000000e+03
4.000000000000000000e+00 1.530000000000000000e+03
4.500000000000000000e+00 1.150000000000000000e+03
5.000000000000000000e+00 6.010000000000000000e+02
5.500000000000000000e+00 3.860000000000000000e+02
6.000000000000000000e+00 5.610000000000000000e+02
6.500000000000000000e+00 3.020000000000000000e+02
7.000000000000000000e+00 7.000000000000000000e+01
7.500000000000000000e+00 2.400000000000000000e+01
8.000000000000000000e+00 1.000000000000000000e+01
8.500000000000000000e+00 8.000000000000000000e+00
9.000000000000000000e+00 1.800000000000000000e+01
9.500000000000000000e+00 6.000000000000000000e+00
1.000000000000000000e+01 2.000000000000000000e+01
