# time shift (tau) 	 correlation coefficient 	 number of simulations: 20000	 FR: True	 RSS: True
-5.000000000000000000e+00 0.000000000000000000e+00
-4.500000000000000000e+00 2.000000000000000000e+00
-4.000000000000000000e+00 0.000000000000000000e+00
-3.500000000000000000e+00 1.000000000000000000e+00
-3.000000000000000000e+00 0.000000000000000000e+00
-2.500000000000000000e+00 0.000000000000000000e+00
-2.000000000000000000e+00 0.000000000000000000e+00
-1.500000000000000000e+00 0.000000000000000000e+00
-1.000000000000000000e+00 9.000000000000000000e+00
-5.000000000000000000e-01 2.600000000000000000e+01
0.000000000000000000e+00 2.000000000000000000e+02
5.000000000000000000e-01 4.130000000000000000e+02
1.000000000000000000e+00 5.760000000000000000e+02
1.500000000000000000e+00 9.294000000000000000e+03
2.000000000000000000e+00 3.312000000000000000e+03
2.500000000000000000e+00 5.085000000000000000e+03
3.000000000000000000e+00 6.260000000000000000e+02
3.500000000000000000e+00 1.840000000000000000e+02
4.000000000000000000e+00 4.500000000000000000e+01
4.500000000000000000e+00 2.000000000000000000e+01
5.000000000000000000e+00 8.000000000000000000e+00
5.500000000000000000e+00 2.000000000000000000e+01
6.000000000000000000e+00 3.200000000000000000e+01
6.500000000000000000e+00 5.300000000000000000e+01
7.000000000000000000e+00 5.000000000000000000e+00
7.500000000000000000e+00 9.000000000000000000e+00
8.000000000000000000e+00 5.000000000000000000e+00
8.500000000000000000e+00 4.000000000000000000e+00
9.000000000000000000e+00 6.000000000000000000e+00
9.500000000000000000e+00 9.000000000000000000e+00
1.000000000000000000e+01 5.600000000000000000e+01
