# time shift (tau) 	 correlation coefficient 	 number of simulations: 20000	 FR: True	 RSS: True
-5.000000000000000000e+00 5.200000000000000000e+01
-4.500000000000000000e+00 1.300000000000000000e+01
-4.000000000000000000e+00 6.000000000000000000e+00
-3.500000000000000000e+00 1.000000000000000000e+00
-3.000000000000000000e+00 0.000000000000000000e+00
-2.500000000000000000e+00 0.000000000000000000e+00
-2.000000000000000000e+00 0.000000000000000000e+00
-1.500000000000000000e+00 0.000000000000000000e+00
-1.000000000000000000e+00 2.000000000000000000e+00
-5.000000000000000000e-01 2.000000000000000000e+00
0.000000000000000000e+00 4.900000000000000000e+01
5.000000000000000000e-01 6.700000000000000000e+01
1.000000000000000000e+00 1.370000000000000000e+02
1.500000000000000000e+00 7.490000000000000000e+02
2.000000000000000000e+00 1.950000000000000000e+03
2.500000000000000000e+00 1.032100000000000000e+04
3.000000000000000000e+00 2.548000000000000000e+03
3.500000000000000000e+00 6.310000000000000000e+02
4.000000000000000000e+00 6.700000000000000000e+01
4.500000000000000000e+00 3.480000000000000000e+02
5.000000000000000000e+00 9.700000000000000000e+01
5.500000000000000000e+00 8.270000000000000000e+02
6.000000000000000000e+00 9.250000000000000000e+02
6.500000000000000000e+00 8.920000000000000000e+02
7.000000000000000000e+00 1.450000000000000000e+02
7.500000000000000000e+00 4.700000000000000000e+01
8.000000000000000000e+00 1.900000000000000000e+01
8.500000000000000000e+00 8.000000000000000000e+00
9.000000000000000000e+00 4.000000000000000000e+01
9.500000000000000000e+00 1.300000000000000000e+01
1.000000000000000000e+01 4.400000000000000000e+01
