# time shift (tau) 	 correlation coefficient 	 number of simulations: 10000	 FR: True	 RSS: True
-1.000000000000000000e+01 2.313000000000000000e+03
-9.000000000000000000e+00 1.590000000000000000e+02
-8.000000000000000000e+00 2.300000000000000000e+01
-7.000000000000000000e+00 8.000000000000000000e+00
-6.000000000000000000e+00 4.000000000000000000e+00
-5.000000000000000000e+00 1.100000000000000000e+01
-4.000000000000000000e+00 1.200000000000000000e+01
-3.000000000000000000e+00 4.100000000000000000e+01
-2.000000000000000000e+00 7.900000000000000000e+01
-1.000000000000000000e+00 9.000000000000000000e+01
0.000000000000000000e+00 6.400000000000000000e+01
1.000000000000000000e+00 9.100000000000000000e+01
2.000000000000000000e+00 1.690000000000000000e+02
3.000000000000000000e+00 1.610000000000000000e+02
4.000000000000000000e+00 8.600000000000000000e+01
5.000000000000000000e+00 1.680000000000000000e+02
6.000000000000000000e+00 3.600000000000000000e+02
7.000000000000000000e+00 3.640000000000000000e+02
8.000000000000000000e+00 8.780000000000000000e+02
9.000000000000000000e+00 1.006000000000000000e+03
1.000000000000000000e+01 2.660000000000000000e+02
1.100000000000000000e+01 2.930000000000000000e+02
1.200000000000000000e+01 2.250000000000000000e+02
1.300000000000000000e+01 2.560000000000000000e+02
1.400000000000000000e+01 6.150000000000000000e+02
1.500000000000000000e+01 1.979000000000000000e+03
