# time shift (tau) 	 correlation coefficient 	 number of simulations: 10000	 FR: True	 RSS: True
-1.000000000000000000e+01 4.000000000000000000e+00
-9.000000000000000000e+00 7.000000000000000000e+00
-8.000000000000000000e+00 2.000000000000000000e+00
-7.000000000000000000e+00 0.000000000000000000e+00
-6.000000000000000000e+00 1.000000000000000000e+00
-5.000000000000000000e+00 4.000000000000000000e+00
-4.000000000000000000e+00 2.000000000000000000e+00
-3.000000000000000000e+00 1.100000000000000000e+01
-2.000000000000000000e+00 9.000000000000000000e+00
-1.000000000000000000e+00 1.600000000000000000e+01
0.000000000000000000e+00 1.590000000000000000e+02
1.000000000000000000e+00 4.230000000000000000e+02
2.000000000000000000e+00 1.311000000000000000e+03
3.000000000000000000e+00 2.578000000000000000e+03
4.000000000000000000e+00 1.532000000000000000e+03
5.000000000000000000e+00 6.180000000000000000e+02
6.000000000000000000e+00 4.800000000000000000e+02
7.000000000000000000e+00 4.920000000000000000e+02
8.000000000000000000e+00 3.140000000000000000e+02
9.000000000000000000e+00 3.120000000000000000e+02
1.000000000000000000e+01 2.490000000000000000e+02
1.100000000000000000e+01 1.440000000000000000e+02
1.200000000000000000e+01 7.200000000000000000e+01
1.300000000000000000e+01 2.650000000000000000e+02
1.400000000000000000e+01 3.890000000000000000e+02
1.500000000000000000e+01 6.060000000000000000e+02
