# # time shift (tau) Cont4010 Cont4200 Cont4440 Cont4765 Cont5100 Cont5600 Cont6045 Cont6110 Cont6880 Cont7390 Cont8015 Cont8900 Cont1150
-1.000000000000000000e+01 -2.830373082694197934e-02 1.950611779459099360e-02 9.713524609161967860e-02 1.477768943163954365e-02 1.515583897307499206e-01 8.173182564397982186e-02 1.322989414823034782e-01 -1.025621438050550692e-02 -4.692279453162252756e-02 -5.839757857057223389e-02 -1.353193896266051965e-01 -1.245213768964201495e-01 -2.365304534285094795e-01
-9.000000000000000000e+00 1.165627761432435905e-01 1.701378329715865501e-01 2.089109770526592635e-01 1.368621771503480411e-01 2.430428128689842704e-01 1.574554629658608262e-01 1.634580527466962252e-01 4.581820692091731484e-02 5.193521613316255670e-02 4.046002187773831138e-02 -5.957170147772230390e-02 -2.956158174293498780e-02 -1.070265455122985376e-01
-8.000000000000000000e+00 3.476844108038390502e-01 3.579820490294238766e-01 4.060858767854956808e-01 3.297057339139658483e-01 4.180178756541891305e-01 3.432203204503969651e-01 2.779124262432777770e-01 2.156280026483021195e-01 1.993649767436031506e-01 1.652726107716101511e-01 8.153634952723678997e-02 3.764973017586292769e-02 1.142742572869992201e-01
-7.000000000000000000e+00 4.918357761404111850e-01 5.040233669139781991e-01 5.457129530845720167e-01 4.957770347980599568e-01 5.407747095322216202e-01 4.920397632483050621e-01 4.716394423446479411e-01 3.995813520636296023e-01 3.545689628167956742e-01 2.722877399841737711e-01 1.895649218911487355e-01 1.393250177272710721e-01 2.558482143371626494e-01
-6.000000000000000000e+00 5.936685155413753412e-01 5.994516605439192958e-01 6.355608164339768829e-01 5.936374198529776880e-01 6.412259721649820055e-01 6.324375944857254517e-01 5.877559930574209890e-01 5.288927365666657998e-01 5.084836728735150357e-01 4.447791633270899991e-01 3.503974227874588898e-01 3.166752997242889833e-01 3.127320033852343251e-01
-5.000000000000000000e+00 6.404869969203658142e-01 6.229612351797465530e-01 6.507933886780716826e-01 6.026174097033369925e-01 6.371781597492705007e-01 6.456667006055203384e-01 6.216201082844219350e-01 5.534437909219402929e-01 5.499383251180536281e-01 4.741231739177255156e-01 4.406218667256366350e-01 3.975259883456244703e-01 3.901503484552578671e-01
-4.000000000000000000e+00 6.156666455544428374e-01 5.844906760845924865e-01 6.172860540179407884e-01 5.764350351509237580e-01 6.027870113638905680e-01 6.293797696842995393e-01 5.755350190703614199e-01 5.147037486784977744e-01 5.095989710392478944e-01 4.343397334218631611e-01 4.112344385108021028e-01 3.649792538745426640e-01 3.861219341740455557e-01
-3.000000000000000000e+00 7.124066154646959692e-01 6.825716927516016774e-01 6.834383183994787725e-01 6.665637484185793493e-01 6.704890222789072762e-01 6.703286498307566843e-01 6.139218912728273692e-01 5.947575930992667903e-01 6.007729472964303818e-01 5.507864600657422782e-01 5.200248005847446509e-01 5.157254199625034286e-01 5.300307926957368299e-01
-2.000000000000000000e+00 8.389677135403703634e-01 8.194812183320321353e-01 8.195879221064533704e-01 8.196417862089497852e-01 8.158869692173438271e-01 7.909689905901916562e-01 7.304195689336737685e-01 7.501545711576942388e-01 7.209933757071819160e-01 6.647156414800539093e-01 6.318154249110070619e-01 5.976468368967807754e-01 7.416491019821107589e-01
-1.000000000000000000e+00 9.210634598773752568e-01 9.158204669755271032e-01 9.188972818018543709e-01 9.215750933895134889e-01 9.178068318745729037e-01 9.024126320945665691e-01 8.573569544624531913e-01 8.707916779188451528e-01 8.461610282846936393e-01 7.872817868157724330e-01 7.559294582949324104e-01 7.356610682051691885e-01 8.400777000393375715e-01
0.000000000000000000e+00 9.841982368013978411e-01 9.871972810849254376e-01 9.919147649053462468e-01 9.891874509787723646e-01 1.000000000000000000e+00 9.851074578102853030e-01 9.701691963408088926e-01 9.815779104648804099e-01 9.655879588580295048e-01 9.265954032118084438e-01 9.050479395734870591e-01 8.857132385521220286e-01 8.632301037009334488e-01
1.000000000000000000e+00 8.901540758155073174e-01 8.978646994443968410e-01 9.187644929957818896e-01 8.888151653388058904e-01 9.178068318745729037e-01 9.326114527859455938e-01 9.490712701892292102e-01 9.241397589597648565e-01 9.373518601335586453e-01 9.058653684641957415e-01 8.853856990776309832e-01 8.914428369416116382e-01 7.157388054418821755e-01
2.000000000000000000e+00 7.843424615297294178e-01 7.968872505125409456e-01 8.210319999322102102e-01 7.631540861751180405e-01 8.158869692173438271e-01 8.224123348104546150e-01 8.583139315807667424e-01 8.266580147344604335e-01 8.814703126548998346e-01 8.932611105045471511e-01 8.681046990555778553e-01 9.041812234561127370e-01 5.133338551423807239e-01
3.000000000000000000e+00 6.556702974894940139e-01 6.682599427936934955e-01 6.936839417759337323e-01 6.245398557113943649e-01 6.704890222789072762e-01 6.550089807618699744e-01 7.124636279259065619e-01 6.880348529843820504e-01 7.552790860436184861e-01 7.889370775640680566e-01 7.615553033759696611e-01 8.178755034027443971e-01 4.243037443761611405e-01
4.000000000000000000e+00 5.784930354603814440e-01 6.255624174357031775e-01 6.250692634817598403e-01 5.762583209107123849e-01 6.027870113638905680e-01 5.648905112255362404e-01 6.173906655261713894e-01 6.200773941704003089e-01 6.441026108282805751e-01 6.758343923711293000e-01 6.099991582480615016e-01 6.663983977055375485e-01 4.134265426557983680e-01
5.000000000000000000e+00 6.366851790631700148e-01 6.810423640269229750e-01 6.713064759578468710e-01 6.392625377233638329e-01 6.371781597492705007e-01 6.298170248849845887e-01 6.597275272624378850e-01 6.725345231861543649e-01 6.822036248579128603e-01 6.829604604585414185e-01 6.536870537912229384e-01 6.845987934677629783e-01 5.637878539067098238e-01
6.000000000000000000e+00 6.243656396231878070e-01 6.685958806009179023e-01 6.608471629677576953e-01 6.484883085466398578e-01 6.412259721649820055e-01 6.414032303241726796e-01 6.575706564286210032e-01 6.699656950923787990e-01 6.377545937231486883e-01 5.985930750105019627e-01 6.006940295561846721e-01 6.037904105082161355e-01 6.328692252716774380e-01
7.000000000000000000e+00 5.281994130209561877e-01 5.432470252080809914e-01 5.348512828501035266e-01 5.395582732036579010e-01 5.407747095322216202e-01 5.685268921035472323e-01 5.088931860934131635e-01 5.153147453800070998e-01 5.193437734639658743e-01 4.507042999183958343e-01 4.526105830042311262e-01 4.965742422909340537e-01 5.606604857244040785e-01
8.000000000000000000e+00 4.094743826548143950e-01 3.761296300112672575e-01 4.027403649178156186e-01 3.862883548135174760e-01 4.180178756541891305e-01 4.049707055345490025e-01 3.682068791114190831e-01 3.545014701481060682e-01 3.611741169216693415e-01 3.030341044783405047e-01 3.052296428379812632e-01 3.809578863775125446e-01 4.124048180078161430e-01
9.000000000000000000e+00 2.359224445009633353e-01 1.897483461603655108e-01 2.798099363198837675e-01 2.281011710737027576e-01 2.430428128689842704e-01 2.018178444597183152e-01 1.960654309637870074e-01 1.836806895404586859e-01 2.075288960686218764e-01 1.680977205965902832e-01 1.437122552300120482e-01 2.072921733432377123e-01 1.723181679373809727e-01
1.000000000000000000e+01 1.758338221194798989e-01 1.835738644562256994e-01 2.115176323805216807e-01 1.474530944149707312e-01 1.515583897307499206e-01 9.822331268804219973e-02 1.448699029979920727e-01 1.226969789507958708e-01 1.949383214419493637e-01 2.229041459034259987e-01 2.175211618127260160e-01 2.299195210499596631e-01 7.476911281569274814e-02
1.100000000000000000e+01 2.201973331866271255e-01 2.240931616478205879e-01 2.302282476844430548e-01 1.956882086665484854e-01 1.245614048213574410e-01 1.554507436621872518e-01 1.515251269428138370e-01 1.956686006007474776e-01 2.245448233795382664e-01 2.874476908646296236e-01 3.118734915415520836e-01 2.341992527578212746e-01 2.364356404403166190e-01
1.200000000000000000e+01 2.469338126025897862e-01 2.556577734559740689e-01 1.889741889927769036e-01 2.629726761381326883e-01 1.313093004344705883e-01 2.314655201181824995e-01 2.143298831220288858e-01 2.512931994232394661e-01 2.250658186328766130e-01 2.414578246019295771e-01 2.468892680849419374e-01 1.729273433405156823e-01 3.215484635926546542e-01
1.300000000000000000e+01 2.260337608096830153e-01 1.850296001489500908e-01 1.296202828484440406e-01 2.532168450853932162e-01 1.685431142566941320e-01 2.257632559045708864e-01 1.762018843576195204e-01 2.220794765249273495e-01 1.462227741117853586e-01 1.213965610539783913e-01 1.361068603722999648e-01 6.404875312859788228e-02 2.370305744859835528e-01
1.400000000000000000e+01 2.008094487443628506e-01 1.177210780432280390e-01 1.359266304310542406e-01 2.211944760091168749e-01 2.220810874611840458e-01 1.903031689419893702e-01 1.855912331338622767e-01 1.562284105708864890e-01 4.527972140758595998e-02 -8.026371731640762064e-02 -7.040258632571268216e-02 -1.180602786576353536e-01 2.229368020751677504e-01
1.500000000000000000e+01 3.267990503147752968e-01 2.633523797534069733e-01 3.151919679467646840e-01 3.553931883240097900e-01 4.659008943877479547e-01 3.244693427599569802e-01 3.543322715812676216e-01 2.751463803752897674e-01 1.858762358381218782e-01 1.015822680418421720e-01 9.936009718399366197e-02 6.251893505913379279e-02 2.725960673672478407e-01
