# time shift (tau) 	 correlation coefficient 	 number of simulations: 10000	 FR: True	 RSS: True
-1.000000000000000000e+01 1.700000000000000000e+01
-9.000000000000000000e+00 0.000000000000000000e+00
-8.000000000000000000e+00 1.000000000000000000e+00
-7.000000000000000000e+00 3.000000000000000000e+00
-6.000000000000000000e+00 1.000000000000000000e+00
-5.000000000000000000e+00 0.000000000000000000e+00
-4.000000000000000000e+00 0.000000000000000000e+00
-3.000000000000000000e+00 0.000000000000000000e+00
-2.000000000000000000e+00 1.000000000000000000e+00
-1.000000000000000000e+00 4.000000000000000000e+00
0.000000000000000000e+00 7.050000000000000000e+02
1.000000000000000000e+00 4.352000000000000000e+03
2.000000000000000000e+00 3.222000000000000000e+03
3.000000000000000000e+00 1.640000000000000000e+02
4.000000000000000000e+00 1.000000000000000000e+01
5.000000000000000000e+00 1.020000000000000000e+02
6.000000000000000000e+00 1.420000000000000000e+02
7.000000000000000000e+00 2.730000000000000000e+02
8.000000000000000000e+00 6.280000000000000000e+02
9.000000000000000000e+00 2.500000000000000000e+01
1.000000000000000000e+01 6.000000000000000000e+00
1.100000000000000000e+01 2.000000000000000000e+00
1.200000000000000000e+01 8.000000000000000000e+00
1.300000000000000000e+01 5.400000000000000000e+01
1.400000000000000000e+01 4.100000000000000000e+01
1.500000000000000000e+01 2.390000000000000000e+02
