# # time shift (tau) HDelta HGamma HeII4685 HBeta HeI5875 HAlpha HeI5015 OI8446 HeI4471 HeI7065 OIII5007 LyALpha
-1.000000000000000000e+01 3.605896372806227657e-02 1.043556331420117667e-01 2.753773965906575541e-02 2.327372077737786538e-01 -1.659943484601753561e-01 -1.866959587922120689e-01 -3.448796493784494349e-02 1.702470436035952162e-01 -1.051453357983584136e-01 1.074288285805312937e-01 -6.167798128152218728e-02 -2.597797230744511299e-01
-9.000000000000000000e+00 -1.274230953026409541e-01 -3.701886992918550917e-02 -1.039100861698960820e-01 5.668293246718365125e-02 -2.677557972763773275e-01 -2.151780987449782023e-01 -1.798071362271241036e-01 1.454560151970404058e-01 -2.030323207046908496e-01 2.157921828023900979e-02 -2.209589685716812912e-01 -3.466687249666471349e-01
-8.000000000000000000e+00 -2.052651147965239564e-01 -1.008481249037417038e-01 -1.562978785259046266e-02 -1.186102009691123588e-02 -3.097549295741504061e-01 -2.687398746925275250e-01 -2.471126509355173750e-01 4.878292668787218012e-02 -3.836032214276438035e-01 -5.707530996019766906e-02 -3.339689708781321542e-01 -2.576538435125567128e-01
-7.000000000000000000e+00 -1.840656021143399212e-01 -1.701644463419992870e-01 1.437578477706651370e-01 -1.300059780862650449e-01 -4.290301995491602183e-01 -3.701787110283684124e-01 -3.564962770078551335e-01 -2.268759827712811816e-01 -4.488914774405319275e-01 -1.075043910477217896e-01 -4.523280391405525291e-01 -1.577867652548009536e-01
-6.000000000000000000e+00 -4.828828229523983440e-02 -2.213466306653939439e-02 3.078911267762985959e-01 -4.874291463033984112e-02 -2.793646921339375533e-01 -2.864185694997748444e-01 -4.620687534579031031e-01 -2.132525726305848357e-01 -4.875264630570720348e-01 7.403098644612929324e-03 -5.373970999527564185e-01 6.284734955053285221e-02
-5.000000000000000000e+00 4.422843856558418552e-02 8.051682851921733441e-02 3.510734981010426026e-01 1.674592758640145451e-01 -1.190246349444650520e-01 -1.677901767505770858e-01 -3.975574508611438573e-01 -1.644824564220062624e-01 -2.897524189817937135e-01 9.480735679500897073e-02 -4.654120531291254803e-01 1.457573370460188977e-01
-4.000000000000000000e+00 6.330698318232440280e-02 6.308616199470770680e-02 3.469794651056797852e-01 1.904524290073585646e-01 -1.273069396699784139e-01 -1.884440861496625153e-01 -4.002282728607879925e-01 -2.701826687040328467e-01 -1.142244297459586860e-01 1.501448735819573832e-01 -4.569093368354837370e-01 1.754814380561716958e-01
-3.000000000000000000e+00 1.155261459499857396e-01 1.415259604818849548e-01 3.560877906071005516e-01 2.067445072365429737e-01 1.619386206797307215e-01 -5.496325978534916112e-02 -5.884427569838202032e-01 -1.324456638833820810e-01 -1.778225993590794585e-01 9.064971667540322464e-02 -6.751872408318155827e-01 3.260696821748008123e-01
-2.000000000000000000e+00 4.198013789442147647e-01 3.561956584539829329e-01 5.254173539487170252e-01 3.935948132579417669e-01 4.311474594880411182e-01 1.555913488314920878e-01 -4.108159612205463107e-01 -5.424463673699173039e-02 -1.453194256476871282e-01 6.652691148394611342e-02 -5.924819531626803748e-01 5.266784599149360035e-01
-1.000000000000000000e+00 6.565399862068093118e-01 5.815351180343991677e-01 7.467546769842317023e-01 5.787838759579426728e-01 5.853664069403934356e-01 3.560319153767707023e-01 -1.904091745849116335e-01 1.260914277704029973e-01 -7.790563542228191862e-02 1.206910978051987382e-01 -4.954796851759227794e-01 7.193923335904071070e-01
0.000000000000000000e+00 8.434479953088968029e-01 7.782104726604300859e-01 8.697487638752094963e-01 7.485307196235763127e-01 6.556443104127824828e-01 6.096150687040372551e-01 9.346206053114820833e-02 3.270424513407844125e-01 2.916311726996445586e-01 3.207770619047163874e-01 -2.283572944276336392e-01 8.766221857816416385e-01
1.000000000000000000e+00 8.866323258600564694e-01 8.718886960109011319e-01 7.335193114169096251e-01 8.423549792033989680e-01 7.457141963965009390e-01 7.142962676053326021e-01 1.850193168752539419e-01 4.653504806828453466e-01 3.063141209767828443e-01 5.861535709598327815e-01 -1.469127796764942984e-01 8.546494708843614951e-01
2.000000000000000000e+00 7.573147306457321815e-01 8.653772558184529284e-01 5.352479336274951205e-01 9.104307291141000569e-01 7.530229530364730417e-01 7.339532257440544161e-01 2.856744150628619527e-01 5.906567518884000556e-01 5.939627129385391946e-01 6.378340664728767706e-01 -3.879586063117088091e-02 7.441983756923492566e-01
3.000000000000000000e+00 5.799990089446653840e-01 6.924638064812520533e-01 2.249473323713685469e-01 8.273438779367581208e-01 6.982605763920899378e-01 6.667266854518751895e-01 1.895485640532191540e-01 5.971817202792909507e-01 3.625604292164595344e-01 4.399852300882973744e-01 -1.178383550128044993e-01 5.714804813685817608e-01
4.000000000000000000e+00 4.632016546703828785e-01 4.232939543975806629e-01 1.891787988801856835e-01 6.337358768052475666e-01 5.376928325707632794e-01 5.308926712482339161e-01 1.407145743056534837e-01 4.422442014886195372e-01 2.955461700945113956e-01 1.565669747287427582e-01 -1.419486266159342702e-01 4.736682313389881660e-01
5.000000000000000000e+00 5.323419782497736952e-01 4.531482644653532232e-01 4.255747046936059208e-01 6.346506241522227310e-01 3.871414735363222781e-01 5.885009381021746311e-01 1.959573366883146650e-01 4.169129972073612467e-01 3.044451004059099408e-01 -2.787482473526454313e-02 -4.663000110396384179e-02 4.841247080289423632e-01
6.000000000000000000e+00 5.658511553994174381e-01 4.730399522851808092e-01 5.494064873267341387e-01 5.193775374914044729e-01 2.197171937698659538e-01 4.250428885955753744e-01 6.028415396739812693e-02 3.334393618194726461e-01 3.366985883147718961e-01 -1.352211282962934580e-01 -1.412832014895331056e-01 3.947125462708749311e-01
7.000000000000000000e+00 5.366124294986573950e-01 5.305705471665514983e-01 5.159980702632686045e-01 4.074806609855973760e-01 2.017372421583928654e-01 2.827184233785776657e-01 3.144233804633546348e-02 3.498349534120260285e-01 5.283294269716358738e-01 -1.303842673954219711e-01 -1.434847622748958162e-01 3.098483573251311629e-01
8.000000000000000000e+00 3.536573356205017227e-01 3.753168105352702177e-01 3.058707108788788487e-01 3.653704095470468038e-01 1.378924225880343857e-01 6.861675927268796882e-02 1.129445484089137974e-02 2.502315948215426689e-01 6.349980058416555551e-01 -6.719361210212368429e-03 -1.162074533278309035e-01 1.758087985543103637e-01
9.000000000000000000e+00 1.326730557175811454e-01 -6.605253165997498899e-03 1.516928192240087764e-02 1.894493842784850668e-01 3.492383500174701949e-02 -5.586815239684455453e-02 -1.992368177233839743e-01 -1.005820168553753224e-01 4.268938580205456912e-01 -3.519004903947531987e-02 -3.218858657787358468e-01 5.283965909692344559e-02
1.000000000000000000e+01 -1.037718002045676241e-01 -1.200213781286172815e-01 -2.055643060645482301e-01 3.238675319867530961e-02 7.984126008737306435e-02 1.800845985219466927e-01 -6.444078102690670162e-02 1.840445251928474191e-02 -1.693350115288677626e-01 1.493645994075459837e-01 -2.354611523142831064e-01 7.468160663858992854e-02
1.100000000000000000e+01 -8.152142457345580573e-02 -6.374080732247336400e-02 -1.061342328082797923e-02 -9.937609300901101284e-02 2.556051301328031433e-02 2.282950366700151057e-01 2.466148928635157611e-02 4.309539641231122098e-02 -5.647618766097437515e-01 1.857395934977361385e-01 -3.354452756067762831e-01 2.088704916619581464e-01
1.200000000000000000e+01 6.146980758092486508e-02 1.338445065363539910e-01 3.653230607421394383e-01 -1.065406412486915311e-01 -1.080685307209985901e-02 1.127159562139167376e-01 -1.138775020362654822e-01 -1.409293992665975603e-01 -5.554971566176618580e-01 1.835701348903678309e-01 -4.983228954138824163e-01 3.407015597721197442e-01
1.300000000000000000e+01 1.411062468394256864e-01 2.551472661532656616e-01 5.013691740718537737e-01 8.538850780680162789e-02 1.577839654390476576e-01 -5.128547691121528723e-02 -2.357546490965666264e-01 -7.317784811925388821e-02 -1.400427111191465679e-01 2.191838745948150036e-01 -3.021757420604495037e-01 3.263738416318369140e-01
1.400000000000000000e+01 2.907138399711034493e-01 2.019748579562173352e-01 4.522670816086793999e-01 2.508034365871200100e-01 4.058026314948756097e-01 -5.391199376681027333e-02 -1.046069750100658696e-01 -1.274984979724700686e-02 2.781460767330464212e-01 -3.542363481415238685e-02 1.883503497250872960e-01 2.539648146663207040e-01
1.500000000000000000e+01 4.643981133773694703e-01 3.104317348596484782e-01 6.125507043976748944e-01 4.240133424691399089e-01 4.375847377908732572e-01 1.751473113119048353e-01 -2.465615666497424779e-02 1.072319480363025657e-01 6.129608641255146484e-01 4.522175093373734245e-01 2.107322033154280794e-01 5.249918912220332690e-01
