# # time shift (tau) HDelta HGamma HeII4685 HBeta HeI5875 HAlpha HeI5015 OI8446 HeI4471 HeI7065 OIII5007
-1.000000000000000000e+01 5.614841262498347640e-02 -6.236605905267113975e-02 -4.986051528330637944e-03 1.672742207858796681e-01 -2.731777484928562538e-01 -9.925378028547478249e-02 2.556723846731193128e-02 1.959222384672348605e-01 2.582176210068201083e-01 1.078486953033367390e-01 -6.709612747974592895e-02
-9.000000000000000000e+00 -9.141717150100425737e-02 -1.389868472663564336e-01 -1.302895651893533624e-01 -8.405184867461286402e-03 -2.997922274043006707e-01 -1.347707883963112085e-01 -1.274113035460257282e-01 1.786569650267589293e-01 1.617128800525107490e-01 2.157726007225314185e-02 -2.237862783485377316e-01
-8.000000000000000000e+00 -1.881129890560193918e-01 -1.371344681432903057e-01 -3.590746105057674581e-02 -4.298365854344450565e-02 -2.673852088828276852e-01 -1.742281238330181115e-01 -1.891410736475950816e-01 7.301796455793019280e-02 -4.899537572759482540e-02 -5.682702044337202552e-02 -3.344405458846853030e-01
-7.000000000000000000e+00 -1.743101819738242797e-01 -1.489265015791566005e-01 1.151271099208897863e-01 -1.218153892274753680e-01 -4.189201435547252883e-01 -2.647008525753408170e-01 -2.818301381596322042e-01 -2.069191015764753616e-01 -1.688258890967541115e-01 -1.077966779985251033e-01 -4.510898913183489789e-01
-6.000000000000000000e+00 -6.254238217655473664e-02 7.090914934111039458e-02 2.920201733634769092e-01 -4.540933522892798280e-02 -2.732456090406290006e-01 -1.611581918234689381e-01 -3.864709474035554759e-01 -1.891827389114675850e-01 -2.272438482646566282e-01 7.608142329168338450e-03 -5.337828896631217068e-01
-5.000000000000000000e+00 -2.290637660428749417e-02 1.931360143254763628e-01 3.525616508328657250e-01 1.891051608098692216e-01 -2.154933864084607187e-01 -4.521903123313646133e-02 -3.455952763430845120e-01 -1.521046980541788385e-01 -1.003854143800248649e-01 9.476936724961382286e-02 -4.591516828483531709e-01
-4.000000000000000000e+00 1.578132072683462866e-02 2.090035934215597468e-01 3.443721782038760559e-01 2.368081032684904441e-01 -2.529788445623949444e-01 -8.327751262970517487e-02 -3.484797445267727167e-01 -2.620418963149876990e-01 -4.034635589144150436e-02 1.499564647028940045e-01 -4.504724044172363495e-01
-3.000000000000000000e+00 2.738183649695991040e-02 2.627072713648171409e-01 3.434095182414429459e-01 2.012807847764550018e-01 9.654051951741807192e-02 2.553749856110484884e-02 -5.677798920322459919e-01 -1.319242411309483609e-01 -1.373565605261847233e-01 9.140073562819309161e-02 -6.706232668050251533e-01
-2.000000000000000000e+00 3.663705630636153732e-01 4.288479613178047822e-01 5.272044847634753673e-01 3.738399038102103722e-01 3.650666162482816279e-01 2.265123109464227402e-01 -4.009321501628211326e-01 -6.794227049754422709e-02 -1.057394596157932853e-01 6.803176173755666467e-02 -5.887974528779467143e-01
-1.000000000000000000e+00 6.086775584298642627e-01 6.113954851383263112e-01 7.264037399910834303e-01 5.551902208967152141e-01 4.428126586920427821e-01 4.245323565369547025e-01 -1.748412321022131399e-01 9.472858075650313070e-02 -2.492628422442109276e-02 1.225379521157795720e-01 -4.957212426763611957e-01
0.000000000000000000e+00 7.972879409189068678e-01 7.591968397449303518e-01 8.506437641885908896e-01 7.308665861004847164e-01 4.007323394478453649e-01 6.623866038332497652e-01 1.183045295542019260e-01 3.038245289562367391e-01 3.148426248098478153e-01 3.224910639079358043e-01 -2.315155462507148543e-01
1.000000000000000000e+00 8.306379294851339301e-01 8.167035180936246253e-01 7.068610913189152800e-01 8.172140565882377583e-01 4.819420323836642872e-01 7.651046609747295113e-01 2.208264118770580653e-01 4.464810283529405122e-01 3.705481879584520688e-01 5.872694672442466679e-01 -1.484711878722308753e-01
2.000000000000000000e+00 6.632266820905396987e-01 7.623541551981116715e-01 5.277639379250146368e-01 8.923064812658718647e-01 3.841246667770548129e-01 7.619556394156136170e-01 3.063409384949813963e-01 5.846139222619851639e-01 5.596039169466373586e-01 6.386989509153618849e-01 -4.394330234910194533e-02
3.000000000000000000e+00 5.112116872083277697e-01 5.714551565747973960e-01 2.148042342136102234e-01 7.873491205888459854e-01 5.334620676017745033e-01 6.731408300992760552e-01 1.906145995641472246e-01 5.980505479139652802e-01 3.681242930030920180e-01 4.408237147015111601e-01 -1.220683675621069553e-01
4.000000000000000000e+00 4.364784861283979023e-01 3.200594620197817486e-01 2.168678093516045458e-01 5.969429967704903417e-01 4.306655162266925796e-01 5.318646262858905960e-01 1.142794280818953678e-01 4.497649488353920311e-01 2.001301586428180512e-01 1.578172125186346753e-01 -1.512742356360550211e-01
5.000000000000000000e+00 5.077650362980828946e-01 4.227201568372795926e-01 4.812711688971592627e-01 6.394569018010245465e-01 2.902186514990230948e-01 5.918688899787074575e-01 1.979124674525639116e-01 4.219283068494323330e-01 2.570797498679693871e-01 -2.562172847704594775e-02 -5.146328835380445388e-02
6.000000000000000000e+00 5.726562724510573243e-01 5.398080823886377555e-01 5.925143177230478564e-01 5.201166355347549564e-01 5.753926051769384098e-02 4.335635430014147529e-01 8.138243232879420475e-02 3.245742235302147005e-01 2.451329194639433606e-01 -1.331541392125513146e-01 -1.420629456175379057e-01
7.000000000000000000e+00 5.846603095147766549e-01 6.741488911778434900e-01 5.753294318464153845e-01 3.919446407534291632e-01 8.863159990554057843e-02 2.877206722507988368e-01 5.494369826392503375e-02 3.595830756489210578e-01 4.561214080136697380e-01 -1.287450575221068538e-01 -1.404720879149319868e-01
8.000000000000000000e+00 3.679610116811756759e-01 4.905573878265910293e-01 3.191787374493453844e-01 3.826634848028871438e-01 5.713404945459343853e-02 6.912621649903660792e-02 5.086323321676841647e-03 2.507761357626795418e-01 6.664684774164593151e-01 -6.510148676732828085e-03 -1.159944780136582809e-01
9.000000000000000000e+00 1.246659472010498287e-01 -3.183912244650304035e-02 -8.352965011988638944e-02 2.174783104435359382e-01 -3.259392504258275258e-02 -7.182826149175575159e-02 -2.238446649889074269e-01 -9.427735888341409742e-02 5.877481830546464892e-01 -3.620698132956048920e-02 -3.294489803251593463e-01
1.000000000000000000e+01 -1.110999772862929363e-01 -2.197864074224270270e-01 -3.156655472690743647e-01 2.736220283711826573e-02 1.500237175935423273e-01 1.797526163579551417e-01 -7.667639335682444046e-02 1.797044339482409617e-02 -3.233520947760130937e-03 1.471954630974515732e-01 -2.394644877621660561e-01
1.100000000000000000e+01 -1.102837904717813011e-01 -1.219711457839832147e-01 -3.969355123590032758e-02 -1.032907971999350860e-01 3.833144325587910239e-02 2.469542220414087386e-01 6.786940078261068099e-02 2.366112516550604450e-02 -6.549030005140842325e-01 1.845368164175264503e-01 -3.382684804641700183e-01
1.200000000000000000e+01 -1.792252684346809510e-03 1.774330370871611273e-01 3.708760625591449034e-01 -1.134887318610142692e-01 -2.918662757284557624e-02 1.310925623249372396e-01 1.983607285614189669e-02 -1.422554251109302281e-01 -7.002731787947187314e-01 1.840473822546588589e-01 -4.895929455076794001e-01
1.300000000000000000e+01 5.841497674860116063e-02 3.453070003744554972e-01 5.070589405742174094e-01 8.554790534050515927e-02 1.424798978392560755e-01 -2.353506747616266465e-02 -1.999027529857141383e-01 -7.073345531463763602e-02 -2.494486705223528666e-01 2.202585552201825336e-01 -2.903032924870595499e-01
1.400000000000000000e+01 2.577513124314194104e-01 2.359455914358699613e-01 4.708805543480859557e-01 2.669296493753163801e-01 3.943031842046924584e-01 -3.922661833908951123e-02 -1.980760120154078652e-01 -2.393152153447687669e-03 2.075719276109328493e-01 -3.417479598917904510e-02 1.990412274848383511e-01
1.500000000000000000e+01 4.282797079837814547e-01 2.477636683677237883e-01 5.335264700875916866e-01 4.444026673652039516e-01 3.031194208327789852e-01 2.022620277673035649e-01 -1.711858301460360554e-01 9.211953775976851333e-02 5.978074834460860298e-01 4.539360539725382782e-01 2.080015451669147697e-01
