# # time shift (tau) HDelta HGamma HeII4685 HBeta HeI5875 HAlpha HeI5015 OI8446 HeI4471 HeI7065 OIII5007 LyALpha
-1.000000000000000000e+01 3.136804554868685702e-02 1.081929863232500705e-01 6.241187686986577471e-03 2.357751360214949410e-01 -1.675570454515834806e-01 -2.083413117649657587e-01 -1.431205194786196178e-02 1.562883284567809783e-01 -5.908517435621186281e-02 1.166514054179650789e-01 -3.924042297529928280e-02 -2.801243083149018709e-01
-9.000000000000000000e+00 -1.228085384893521648e-01 -2.969819817844583307e-02 -1.041179593099924028e-01 5.202210272009287484e-02 -2.214890005320647448e-01 -2.329775859140795213e-01 -2.031371782257603564e-01 1.502741023532601361e-01 -2.313738246400295628e-01 1.021611988612269352e-02 -2.463300781156819441e-01 -3.319147313377531772e-01
-8.000000000000000000e+00 -1.680907934327651176e-01 -8.589103845990395114e-02 2.523696172960013251e-05 -8.227800574852766474e-03 -2.462869049831792889e-01 -2.569182136592279564e-01 -2.423921657970163623e-01 6.471493583494143664e-02 -4.138028274743959511e-01 -9.440873560282897481e-02 -3.341491764214320481e-01 -2.388109196573250381e-01
-7.000000000000000000e+00 -7.349682135189249121e-02 -8.334915064933869078e-02 2.244970034894918087e-01 -1.074748216971226078e-01 -3.253912172407110170e-01 -3.103007932831117754e-01 -3.233982170579648985e-01 -1.875638749063640032e-01 -5.100666686045192133e-01 -1.079761817352339198e-01 -4.350846023195175660e-01 -4.997072677546961217e-02
-6.000000000000000000e+00 3.972617708307159962e-02 7.584921275385232697e-02 3.515786938134204953e-01 3.561487506321270313e-02 -2.597540402135684046e-01 -2.343455826654330942e-01 -3.477152608234399533e-01 -1.909014934538536545e-01 -4.517153191520562050e-01 9.615935073011412648e-02 -4.420411626670170957e-01 9.942718881853571111e-02
-5.000000000000000000e+00 9.599295552864976766e-02 1.551326363227868432e-01 3.711410373791825812e-01 2.156941989053977327e-01 -7.089338270294798239e-02 -1.322576751111853577e-01 -3.545783999892542226e-01 -1.094395847495739094e-01 -2.878021041094533938e-01 1.681277670515234357e-01 -4.228587313171372486e-01 1.819960207219991632e-01
-4.000000000000000000e+00 2.130848524391069226e-02 8.170590673260183512e-02 2.569128255487392876e-01 2.287295256921973441e-01 -1.098108025102498830e-01 -1.625611810688242231e-01 -3.871942354058743874e-01 -1.870443943231660799e-01 -1.244709310281280484e-01 2.102891930540146115e-01 -4.437253546538766358e-01 1.020877936041028056e-01
-3.000000000000000000e+00 6.067405306821251065e-02 9.536202312168895467e-02 2.817859016952917739e-01 2.259199138368262749e-01 1.099729987944257914e-01 -8.660695312609441310e-02 -5.209240876195472270e-01 -1.075711302468899122e-01 -1.605189570369648933e-01 1.056851289157303420e-01 -6.045745108375578658e-01 2.690101696519737740e-01
-2.000000000000000000e+00 3.063106513827951183e-01 2.432922399593336615e-01 4.536857318897893898e-01 3.466315027653354974e-01 3.397330920660501241e-01 1.129052587467717222e-01 -4.465077058573136970e-01 -9.380796621747065911e-02 -1.583097070992526834e-01 2.352506216324144056e-02 -6.116336755606797126e-01 4.234185505790687976e-01
-1.000000000000000000e+00 5.867039377925982180e-01 4.975064514041255270e-01 7.002141178717833370e-01 5.064137683905922671e-01 4.893264481198829619e-01 3.024993074370780910e-01 -2.859154741610638872e-01 6.967114253884451602e-02 -1.025266228799963930e-01 7.522303286269116374e-02 -5.561487032432113065e-01 6.556822075765599278e-01
0.000000000000000000e+00 7.969373643694251941e-01 7.406554097020879857e-01 8.591996666405773420e-01 7.068473915830230103e-01 6.154632307093502730e-01 5.560054218141550209e-01 6.789072659215605876e-03 3.107069511750585322e-01 2.346911841645704655e-01 2.344125383915853511e-01 -3.188258354667344863e-01 8.180558721294326485e-01
1.000000000000000000e+00 8.727697972052492759e-01 8.484839335107189351e-01 8.010042001197091865e-01 8.048413523436142025e-01 6.995606731137873346e-01 6.500716225702604101e-01 1.246473434782929407e-01 4.109551026236851756e-01 3.295175955585030181e-01 4.725780595621708047e-01 -2.022108436990918690e-01 8.562069025481379159e-01
2.000000000000000000e+00 7.970524869994901618e-01 8.458456872898036938e-01 5.998046032995216770e-01 8.694007491951234456e-01 7.409268053300844814e-01 6.659659777120423563e-01 1.531351174036684470e-01 4.949897096471846392e-01 5.864508492371396375e-01 6.143396094616128122e-01 -1.791985849734115954e-01 7.825319879234405862e-01
3.000000000000000000e+00 6.452602704054702931e-01 7.378116080326817539e-01 3.148427053961653233e-01 8.693287259236778253e-01 7.630170066098035386e-01 7.099586581710606303e-01 2.169210081345546437e-01 5.621649990116079909e-01 4.176030804007963004e-01 4.994571008729464801e-01 -9.670691794846399125e-02 6.732209264246094005e-01
4.000000000000000000e+00 5.270075896714412345e-01 5.116386002785369147e-01 2.486250009605191491e-01 7.183129065646747247e-01 6.415070312037770561e-01 6.421331686863038790e-01 1.847617258591050526e-01 4.768211445133829773e-01 2.590070267644302704e-01 3.110167596546496438e-01 -1.399200881894846482e-01 5.797043378052830764e-01
5.000000000000000000e+00 5.956292698315309719e-01 5.308829991347490118e-01 4.395063836945117819e-01 6.489641300463413476e-01 4.981570367129154464e-01 6.762569936872105947e-01 2.306726740795937980e-01 4.581359414724714973e-01 2.419116482267765211e-01 9.219373222209054086e-02 -6.831891953836755071e-02 6.163870067055365887e-01
6.000000000000000000e+00 6.544419619977446256e-01 6.054103233930860917e-01 6.091345138594820297e-01 6.165021117492099911e-01 3.825315698608081627e-01 5.603028466682100639e-01 1.654965588423612244e-01 4.246308288056151459e-01 3.074498692384799448e-01 7.188612197172991602e-02 -6.567647399761501747e-02 5.561833090007730629e-01
7.000000000000000000e+00 6.273418862088231407e-01 5.875702437226116848e-01 5.482215387318344346e-01 5.212751624396756434e-01 3.304305283663668824e-01 3.416294350603593655e-01 1.462147381474237229e-01 3.707309977169516713e-01 5.601960768035431082e-01 -1.061023133298803628e-01 -2.312018866077988899e-02 3.764798717160071084e-01
8.000000000000000000e+00 4.906106032139243012e-01 4.937053613850337919e-01 3.839980403587129887e-01 4.856803769182208019e-01 2.414129073270833703e-01 1.940168436893935366e-01 1.017839324879434293e-01 3.728646023622185224e-01 8.094841354816535439e-01 5.494152587543684602e-02 1.959694715000943888e-02 2.339695691206356842e-01
9.000000000000000000e+00 2.498524301942764703e-01 1.264063181184829354e-01 -1.341063854428035940e-02 3.295484036448588783e-01 1.662702427520973969e-01 7.233181652906045533e-02 3.171105101648815511e-02 1.634589500260643369e-01 6.248161374996270556e-01 -5.084902617700984284e-02 -6.590485554891466202e-02 6.610395658116763329e-02
1.000000000000000000e+01 1.382062940339342030e-02 -6.313151107174658216e-02 -1.786571986413314772e-01 1.156077092633303605e-01 6.289529901021437275e-02 1.990805703122958681e-01 1.139649687130284972e-01 1.844950795769763341e-02 1.287588046339721293e-01 1.282924889302332061e-01 -7.459721944958824791e-02 4.469898491423576758e-02
1.100000000000000000e+01 -9.704487542146079948e-02 -1.384333499027178005e-02 -1.899874060567928180e-01 -2.582999635058427779e-02 1.252526529212803774e-02 2.952426113726042134e-01 1.679087491751467542e-01 1.827107209491285189e-01 -4.729538571615792275e-01 1.986882738845154039e-01 -2.849658287653265010e-01 1.121490808205976852e-01
1.200000000000000000e+01 -2.026191316609925880e-02 4.492955284722080500e-02 1.164461096515058691e-01 -1.560769603359142554e-01 -1.113527214014752992e-01 1.452453184102188988e-01 1.915216148926755096e-02 -2.471411821518838814e-03 -5.367833935511883148e-01 2.259474803831582057e-03 -3.801720571558214745e-01 1.877800176001736543e-01
1.300000000000000000e+01 -5.365909307995317401e-02 6.785649980099234257e-02 2.227423792464552077e-01 -1.202720293862508394e-01 -9.767486689762952534e-02 -1.188839948185661105e-01 -2.342290932178661689e-01 -8.220874656271676129e-02 -3.260228342636109500e-01 -6.410749077824010045e-02 -3.392628715641050063e-01 1.300198651025200880e-01
1.400000000000000000e+01 -3.936276979768841416e-02 -1.028881972655692340e-01 2.805423536316266064e-01 -8.399795516246072458e-02 -9.559930322129952390e-03 -3.798003571193225847e-01 -4.089617884677838600e-01 -2.602552924743858909e-01 3.382377679221208744e-02 -2.195808657312401935e-01 -1.070789219047447172e-01 2.872752633772277658e-02
1.500000000000000000e+01 3.915069766380042948e-02 -1.195383064338030737e-01 3.410913416918814334e-01 2.224974676136514881e-02 2.211210767730590332e-01 -2.613504350029505208e-01 -3.029782143904609093e-01 -3.133055403206913558e-01 1.772675564439534224e-01 4.765972097329928409e-02 1.004193382679524210e-01 7.579977522772871068e-02
