# time shift (tau) 	 correlation coefficient 	 number of simulations: 10000	 FR: True	 RSS: True
-1.000000000000000000e+01 8.400000000000000000e+02
-9.000000000000000000e+00 1.233000000000000000e+03
-8.000000000000000000e+00 5.140000000000000000e+02
-7.000000000000000000e+00 1.270000000000000000e+02
-6.000000000000000000e+00 2.600000000000000000e+02
-5.000000000000000000e+00 5.220000000000000000e+02
-4.000000000000000000e+00 5.750000000000000000e+02
-3.000000000000000000e+00 5.510000000000000000e+02
-2.000000000000000000e+00 5.740000000000000000e+02
-1.000000000000000000e+00 6.810000000000000000e+02
0.000000000000000000e+00 8.130000000000000000e+02
1.000000000000000000e+00 5.170000000000000000e+02
2.000000000000000000e+00 5.400000000000000000e+02
3.000000000000000000e+00 4.700000000000000000e+02
4.000000000000000000e+00 3.160000000000000000e+02
5.000000000000000000e+00 2.630000000000000000e+02
6.000000000000000000e+00 1.530000000000000000e+02
7.000000000000000000e+00 4.010000000000000000e+02
8.000000000000000000e+00 1.890000000000000000e+02
9.000000000000000000e+00 9.300000000000000000e+01
1.000000000000000000e+01 6.300000000000000000e+01
1.100000000000000000e+01 1.030000000000000000e+02
1.200000000000000000e+01 1.500000000000000000e+01
1.300000000000000000e+01 1.000000000000000000e+00
1.400000000000000000e+01 4.200000000000000000e+01
1.500000000000000000e+01 1.440000000000000000e+02
