# time shift (tau) 	 correlation coefficient 	 number of simulations: 20000	 FR: True	 RSS: True
-1.000000000000000000e+01 3.180000000000000000e+02
-9.000000000000000000e+00 1.170000000000000000e+02
-8.000000000000000000e+00 6.100000000000000000e+01
-7.000000000000000000e+00 2.000000000000000000e+01
-6.000000000000000000e+00 1.000000000000000000e+02
-5.000000000000000000e+00 1.300000000000000000e+02
-4.000000000000000000e+00 3.060000000000000000e+02
-3.000000000000000000e+00 3.470000000000000000e+02
-2.000000000000000000e+00 4.210000000000000000e+02
-1.000000000000000000e+00 5.060000000000000000e+02
0.000000000000000000e+00 2.590000000000000000e+02
1.000000000000000000e+00 2.460000000000000000e+02
2.000000000000000000e+00 2.001000000000000000e+03
3.000000000000000000e+00 3.981000000000000000e+03
4.000000000000000000e+00 5.320000000000000000e+02
5.000000000000000000e+00 4.080000000000000000e+02
6.000000000000000000e+00 4.260000000000000000e+02
7.000000000000000000e+00 8.810000000000000000e+02
8.000000000000000000e+00 6.670000000000000000e+02
9.000000000000000000e+00 4.730000000000000000e+02
1.000000000000000000e+01 5.460000000000000000e+02
1.100000000000000000e+01 1.275000000000000000e+03
1.200000000000000000e+01 2.230000000000000000e+02
1.300000000000000000e+01 1.560000000000000000e+02
1.400000000000000000e+01 6.760000000000000000e+02
1.500000000000000000e+01 1.860000000000000000e+02
1.600000000000000000e+01 3.380000000000000000e+02
1.700000000000000000e+01 4.660000000000000000e+02
1.800000000000000000e+01 3.065000000000000000e+03
1.900000000000000000e+01 8.690000000000000000e+02
2.000000000000000000e+01 0.000000000000000000e+00
2.100000000000000000e+01 0.000000000000000000e+00
