# time shift (tau) 	 correlation coefficient 	 number of simulations: 20000	 FR: True	 RSS: True
-1.000000000000000000e+01 4.000000000000000000e+00
-9.000000000000000000e+00 1.000000000000000000e+00
-8.000000000000000000e+00 7.000000000000000000e+00
-7.000000000000000000e+00 4.000000000000000000e+00
-6.000000000000000000e+00 1.400000000000000000e+01
-5.000000000000000000e+00 1.500000000000000000e+01
-4.000000000000000000e+00 5.100000000000000000e+01
-3.000000000000000000e+00 5.700000000000000000e+01
-2.000000000000000000e+00 1.820000000000000000e+02
-1.000000000000000000e+00 2.290000000000000000e+02
0.000000000000000000e+00 1.900000000000000000e+02
1.000000000000000000e+00 4.480000000000000000e+03
2.000000000000000000e+00 8.443000000000000000e+03
3.000000000000000000e+00 3.740000000000000000e+02
4.000000000000000000e+00 1.353000000000000000e+03
5.000000000000000000e+00 1.766000000000000000e+03
6.000000000000000000e+00 1.685000000000000000e+03
7.000000000000000000e+00 3.100000000000000000e+02
8.000000000000000000e+00 3.850000000000000000e+02
9.000000000000000000e+00 1.640000000000000000e+02
1.000000000000000000e+01 5.500000000000000000e+01
1.100000000000000000e+01 4.300000000000000000e+01
1.200000000000000000e+01 5.000000000000000000e+00
1.300000000000000000e+01 1.100000000000000000e+01
1.400000000000000000e+01 4.700000000000000000e+01
1.500000000000000000e+01 1.250000000000000000e+02
