# time shift (tau) 	 correlation coefficient 	 number of simulations: 20000	 FR: True	 RSS: True
-1.000000000000000000e+01 9.000000000000000000e+00
-9.000000000000000000e+00 0.000000000000000000e+00
-8.000000000000000000e+00 1.000000000000000000e+00
-7.000000000000000000e+00 1.000000000000000000e+00
-6.000000000000000000e+00 1.000000000000000000e+00
-5.000000000000000000e+00 5.000000000000000000e+00
-4.000000000000000000e+00 1.800000000000000000e+01
-3.000000000000000000e+00 1.400000000000000000e+01
-2.000000000000000000e+00 2.800000000000000000e+01
-1.000000000000000000e+00 3.400000000000000000e+01
0.000000000000000000e+00 6.200000000000000000e+01
1.000000000000000000e+00 1.095000000000000000e+03
2.000000000000000000e+00 4.797000000000000000e+03
3.000000000000000000e+00 7.840000000000000000e+02
4.000000000000000000e+00 3.080000000000000000e+02
5.000000000000000000e+00 9.150000000000000000e+02
6.000000000000000000e+00 1.376000000000000000e+03
7.000000000000000000e+00 1.146000000000000000e+03
8.000000000000000000e+00 9.520000000000000000e+02
9.000000000000000000e+00 9.150000000000000000e+02
1.000000000000000000e+01 1.674000000000000000e+03
1.100000000000000000e+01 9.990000000000000000e+02
1.200000000000000000e+01 6.520000000000000000e+02
1.300000000000000000e+01 8.560000000000000000e+02
1.400000000000000000e+01 3.530000000000000000e+02
1.500000000000000000e+01 2.370000000000000000e+02
1.600000000000000000e+01 5.890000000000000000e+02
1.700000000000000000e+01 9.480000000000000000e+02
1.800000000000000000e+01 1.228000000000000000e+03
1.900000000000000000e+01 3.000000000000000000e+00
2.000000000000000000e+01 0.000000000000000000e+00
2.100000000000000000e+01 0.000000000000000000e+00
