# # time shift (tau) UVW2 Cont1150_not_optical_calibrated LyAlpha_not_optical_calibrated HBeta_not_optical_calibrated OI8446_not_optical_calibrated Cont1460_not_optical_calibrated
-1.000000000000000000e+01 -5.153212162477474045e-01 -1.234651552399400193e-01 -1.999073799858745448e-01 2.753267620778563352e-01 5.618070430083782485e-01 -8.222502554678445819e-02
-9.000000000000000000e+00 -2.342336008167004158e-01 -2.268942140850185168e-03 -1.633976425092468765e-01 1.810327101647513093e-01 4.781561292375358097e-01 4.455699763276712438e-02
-8.000000000000000000e+00 -9.396347979024902153e-02 8.364325553347892739e-02 -3.075213198556273411e-02 3.137374831682514520e-01 3.782894849782804103e-01 1.615513189674945838e-01
-7.000000000000000000e+00 8.217386219723675500e-02 2.259742931569941882e-01 -5.151929920823132558e-02 2.848711016187306377e-01 7.673473376993200645e-02 2.809847190704203856e-01
-6.000000000000000000e+00 2.544906587210890025e-01 4.097975137410551638e-01 -3.356368394811085759e-02 9.584402940608571786e-02 5.871272254595737150e-02 4.403140652433785718e-01
-5.000000000000000000e+00 4.733488395740184096e-01 4.640155527037318484e-01 5.157576535689797903e-02 1.879017168394776505e-01 3.581438743284436066e-02 4.609468215384616707e-01
-4.000000000000000000e+00 6.009501881851908589e-01 4.712701277834870361e-01 1.557596928675057946e-01 1.560032227310780284e-01 -2.557477012234884439e-01 4.631142649065383976e-01
-3.000000000000000000e+00 6.447513605501565825e-01 5.866251089008933661e-01 2.279280330712314950e-01 2.234331146184850569e-01 -1.580569430085539129e-01 5.794958742097182647e-01
-2.000000000000000000e+00 7.885912020384240328e-01 8.265122002938555257e-01 4.739808063271712113e-01 2.939614489832822475e-01 6.646893165378883750e-02 8.300561991727433142e-01
-1.000000000000000000e+00 8.978481969702644117e-01 8.313324395253958166e-01 7.564464267092538829e-01 6.036612992048140391e-01 2.917322625889295917e-01 8.683366946051991331e-01
0.000000000000000000e+00 7.540805999855005881e-01 5.967988838041384803e-01 9.999999999999997780e-01 7.772302972250573205e-01 4.698241724459269464e-01 7.090456113231086155e-01
1.000000000000000000e+00 4.735146933429903449e-01 2.981644208994927991e-01 7.564464267092538829e-01 7.329973945500445343e-01 3.386858454951329755e-01 4.074015052401382952e-01
2.000000000000000000e+00 2.705713439827047706e-01 3.996359935871361679e-02 4.739808063271712113e-01 4.730265029736253624e-01 3.602804053287299579e-01 1.255078037310419503e-01
3.000000000000000000e+00 1.972309739961058128e-01 5.735034978944907741e-03 2.279280330712314950e-01 3.106892018923960164e-01 4.369410008366919618e-01 4.491383098483400088e-02
4.000000000000000000e+00 1.487281359536867797e-01 2.810190256534818645e-02 1.557596928675057946e-01 1.804798417761260543e-01 2.996571256949737139e-02 7.153322185250074461e-02
5.000000000000000000e+00 1.838096002667238549e-01 2.475542119933139551e-01 5.157576535689797903e-02 3.267210756895447821e-01 1.697914432474058877e-01 2.364637131467085540e-01
6.000000000000000000e+00 1.923149387853383407e-01 3.758492783686117611e-01 -3.356368394811085759e-02 2.817717035669594638e-01 3.464339271847015622e-01 3.142686382496147068e-01
7.000000000000000000e+00 6.374164592258259321e-02 2.347335192211140176e-01 -5.151929920823132558e-02 2.309424009584440385e-01 5.328087363773034157e-01 1.760516893540233774e-01
8.000000000000000000e+00 -1.326398447960236981e-01 -4.208860278121071344e-03 -3.075213198556273411e-02 2.463959309049588708e-01 3.106852501294158908e-01 -1.428706894996515861e-02
9.000000000000000000e+00 -2.343227148752967115e-01 -1.143839088131078929e-01 -1.633976425092468765e-01 1.249875691960793678e-01 4.760877978640097596e-02 -1.185045115278144656e-01
1.000000000000000000e+01 -1.586800098120879077e-01 3.889647298026613353e-03 -1.999073799858745448e-01 -2.671456350453688122e-01 -8.905029968483318958e-02 9.530480728060751472e-03
1.100000000000000000e+01 4.383492823326959331e-02 1.296749340331625477e-01 -5.533291873573528696e-03 -4.338189336725895018e-01 -1.608127433691299291e-01 2.018247694977630124e-01
1.200000000000000000e+01 1.611906709733554877e-01 1.117131964400025768e-01 1.805361859724677054e-01 -4.173251028914840566e-01 -5.223729739945406347e-01 2.107090787792105790e-01
1.300000000000000000e+01 2.971777077248455856e-01 1.939246953914573746e-01 2.032522115941177709e-01 -1.932221520645863166e-01 -5.660824807026741956e-01 1.977046261793757032e-01
1.400000000000000000e+01 5.071989762362431042e-01 4.364439377966509159e-01 2.175042994786712813e-01 1.512303720605395196e-01 -1.749071738101074247e-01 2.615372521232715575e-01
1.500000000000000000e+01 6.912193260601334766e-01 6.611453930378824451e-01 5.699476496125219782e-01 4.922085057634383309e-01 1.031494580587345722e-01 5.587740542488280893e-01
1.600000000000000000e+01 6.654255280403841288e-01 4.750058605110287213e-01 7.216126415239154657e-01 6.584168612184401193e-01 3.414096800792923991e-01 5.801558257796279872e-01
1.700000000000000000e+01 5.990211216519333304e-01 4.835708037450450192e-01 5.225136178176847945e-01 5.595781081627222431e-01 2.973079818421093812e-01 6.727787507062052974e-01
1.800000000000000000e+01 3.902665545308823258e-01 4.212062232913029725e-01 1.864035780443898394e-01 4.903454190894424580e-01 7.374908857841881993e-01 7.468409505329345333e-01
1.900000000000000000e+01 4.293617722269257864e-01 2.373131757330020630e-01 2.166621276070319346e-01 6.068724558088203214e-01 9.101157630243918994e-01 5.042955988004038659e-01
2.000000000000000000e+01 5.870350911737534094e-01 5.139879970833946543e-02 2.605431983303959087e-01 7.901043759718543447e-01 5.751100055746418693e-01 3.373944553781259015e-01
