# time shift (tau) 	 correlation coefficient 	 number of simulations: 10000	 FR: True	 RSS: True
-1.000000000000000000e+01 1.037000000000000000e+03
-9.000000000000000000e+00 1.130000000000000000e+02
-8.000000000000000000e+00 5.200000000000000000e+01
-7.000000000000000000e+00 8.600000000000000000e+01
-6.000000000000000000e+00 4.400000000000000000e+01
-5.000000000000000000e+00 1.000000000000000000e+00
-4.000000000000000000e+00 2.000000000000000000e+00
-3.000000000000000000e+00 0.000000000000000000e+00
-2.000000000000000000e+00 0.000000000000000000e+00
-1.000000000000000000e+00 0.000000000000000000e+00
0.000000000000000000e+00 4.600000000000000000e+01
1.000000000000000000e+00 9.100000000000000000e+01
2.000000000000000000e+00 2.445000000000000000e+03
3.000000000000000000e+00 5.045000000000000000e+03
4.000000000000000000e+00 1.190000000000000000e+02
5.000000000000000000e+00 3.700000000000000000e+01
6.000000000000000000e+00 1.450000000000000000e+02
7.000000000000000000e+00 2.600000000000000000e+01
8.000000000000000000e+00 2.000000000000000000e+00
9.000000000000000000e+00 1.400000000000000000e+01
1.000000000000000000e+01 3.200000000000000000e+01
1.100000000000000000e+01 1.040000000000000000e+02
1.200000000000000000e+01 3.200000000000000000e+01
1.300000000000000000e+01 1.900000000000000000e+01
1.400000000000000000e+01 1.470000000000000000e+02
1.500000000000000000e+01 3.610000000000000000e+02
