# time shift (tau) 	 correlation coefficient 	 number of simulations: 40000	 FR: True	 RSS: True
-1.000000000000000000e+01 1.830000000000000000e+02
-9.000000000000000000e+00 2.500000000000000000e+01
-8.000000000000000000e+00 7.500000000000000000e+01
-7.000000000000000000e+00 1.100000000000000000e+01
-6.000000000000000000e+00 1.000000000000000000e+00
-5.000000000000000000e+00 9.000000000000000000e+00
-4.000000000000000000e+00 5.000000000000000000e+00
-3.000000000000000000e+00 0.000000000000000000e+00
-2.000000000000000000e+00 3.000000000000000000e+00
-1.000000000000000000e+00 2.000000000000000000e+00
0.000000000000000000e+00 2.970000000000000000e+02
1.000000000000000000e+00 1.259500000000000000e+04
2.000000000000000000e+00 2.087100000000000000e+04
3.000000000000000000e+00 1.298000000000000000e+03
4.000000000000000000e+00 3.100000000000000000e+01
5.000000000000000000e+00 3.700000000000000000e+01
6.000000000000000000e+00 7.800000000000000000e+01
7.000000000000000000e+00 2.000000000000000000e+00
8.000000000000000000e+00 1.000000000000000000e+00
9.000000000000000000e+00 5.000000000000000000e+00
1.000000000000000000e+01 2.000000000000000000e+00
1.100000000000000000e+01 5.000000000000000000e+00
1.200000000000000000e+01 8.000000000000000000e+00
1.300000000000000000e+01 1.030000000000000000e+02
1.400000000000000000e+01 6.490000000000000000e+02
1.500000000000000000e+01 3.704000000000000000e+03
