# # time shift (tau) UVW2 Cont1150_not_optical_calibrated LyAlpha_not_optical_calibrated HBeta_not_optical_calibrated OI8446_not_optical_calibrated Cont1460_not_optical_calibrated
-1.000000000000000000e+01 -2.460271303734576365e-01 -3.023268518257110973e-02 -2.118167165363914473e-01 1.583397286784963276e-01 3.082730515106777425e-01 -1.838535481838539376e-02
-9.599999999999999645e+00 -2.211106454116348319e-01 1.686257786053831087e-02 -1.712580057409349432e-01 1.989488628604296760e-01 3.612105219095061992e-01 3.726370097906460399e-02
-9.199999999999999289e+00 -1.497699627482757256e-01 3.949795712660410241e-02 -2.209784360781244794e-01 3.142529802736488964e-01 4.357776481999915963e-01 6.638778491825698957e-02
-8.799999999999998934e+00 -1.980709930491055815e-01 6.103452350297497442e-02 -2.502806219319883008e-01 3.392902445333213501e-01 3.994915092090857156e-01 8.808853215363951494e-02
-8.399999999999998579e+00 -6.208795254329541741e-02 1.861299837224933973e-01 -2.384362211942667731e-01 3.550804164633727389e-01 4.048144488174323929e-01 1.865218854603126475e-01
-7.999999999999998224e+00 -5.779390481107503363e-02 2.712062150047241937e-01 -2.722311720103328669e-01 2.948789054830733836e-01 2.443529969552074022e-01 2.387711961834711460e-01
-7.599999999999997868e+00 1.078921913708814906e-01 3.378718451286646385e-01 -2.202481310126085390e-01 1.576267724000085524e-01 1.096802602449252761e-01 3.071241839902096871e-01
-7.199999999999997513e+00 2.172066653325971375e-01 3.395722722179441155e-01 -1.874355952414885340e-01 1.611777209010965481e-02 4.248927478567313815e-02 3.259288644780858890e-01
-6.799999999999997158e+00 3.116122162295124065e-01 3.190542548597823380e-01 -1.196794609716118063e-01 -8.437447776910655950e-02 -2.219051873723057108e-03 3.153139483395250298e-01
-6.399999999999996803e+00 3.373933302381840194e-01 3.736097462880165754e-01 -7.916019204521972108e-02 -4.310801693136929319e-02 -1.445816745529318430e-02 3.753929303092098380e-01
-5.999999999999996447e+00 3.674514257528992411e-01 3.865802576405116264e-01 -3.505976038214478341e-02 4.943311714237574178e-03 -4.286922789519231891e-02 3.995029026897940483e-01
-5.599999999999996092e+00 4.674181463145260507e-01 4.821763341644230705e-01 4.397020297833570401e-02 4.037944102123780521e-02 -1.723918909577958347e-01 4.815922458794165140e-01
-5.199999999999995737e+00 5.433088029159011123e-01 5.856971269161959093e-01 1.192901414487872597e-01 6.655721045004804604e-02 -3.652894048543370853e-01 5.769595315996887130e-01
-4.799999999999995381e+00 6.577296046579864663e-01 6.393506049330648366e-01 1.832364864985572828e-01 8.272974837611803134e-02 -3.758115927977844217e-01 6.282259185119245526e-01
-4.399999999999995026e+00 7.148723873127167394e-01 7.018325925937235477e-01 2.701678899054824057e-01 8.233725941095049183e-02 -3.428821482665345144e-01 6.955775635126564271e-01
-3.999999999999994671e+00 7.358485741566831440e-01 6.880623391838680547e-01 3.497875695942941343e-01 6.989363000949497251e-02 -1.483319505882962908e-01 6.937276412399582259e-01
-3.599999999999994316e+00 7.664489196773709434e-01 7.489732872282777176e-01 4.825557207014780636e-01 2.237547177561784451e-01 -7.743767676706458936e-02 7.586377657235231498e-01
-3.199999999999993960e+00 8.327028392135538137e-01 7.651653021018369749e-01 5.753469854816728457e-01 3.164854226568449280e-01 -6.633663223226761441e-02 7.830793591792586383e-01
-2.799999999999993605e+00 8.340963059825829973e-01 7.410424661330833329e-01 6.657817595202470962e-01 4.270571717688070867e-01 -1.412052179125421539e-02 7.702434565575555503e-01
-2.399999999999993250e+00 8.081097257675424750e-01 7.183631925935076712e-01 7.716296630456827010e-01 5.301166260196442659e-01 -2.976672301733707116e-03 7.587444687813954536e-01
-1.999999999999992895e+00 7.973595548598555460e-01 6.151856516696283528e-01 8.009003517957598017e-01 5.581481331110511590e-01 2.309570746319530854e-03 6.675333255781602526e-01
-1.599999999999992539e+00 7.530768917726620160e-01 5.666550100505141074e-01 8.457548404077427362e-01 6.410422690846496740e-01 1.761564401845848726e-01 6.289872106301097610e-01
-1.199999999999992184e+00 6.960180323541100833e-01 4.724483017365372906e-01 8.297777104911996382e-01 6.411153692456268427e-01 2.596132196692709226e-01 5.468667770117399130e-01
-7.999999999999918288e-01 6.237767123603167319e-01 4.186363706646342164e-01 7.835523954033413174e-01 6.537521013358590372e-01 3.411295008273332874e-01 5.005551933096611394e-01
-3.999999999999914735e-01 4.983978613687183312e-01 3.955001299222173916e-01 7.521479644341397819e-01 6.359730468495794486e-01 4.040067943310297061e-01 4.837027240884702040e-01
8.881784197001252323e-15 4.609935359626169404e-01 3.600817018836192096e-01 6.568479309292591939e-01 5.453540970982493352e-01 4.045816649519954344e-01 4.449115321710993554e-01
4.000000000000092371e-01 4.220347541547966874e-01 2.965449876317306499e-01 6.488815206229382460e-01 6.065145113628294116e-01 4.723214661080524790e-01 3.794527445377806063e-01
8.000000000000095923e-01 3.656381184716730459e-01 2.225369827749896223e-01 6.176669763045550265e-01 6.483894829995853204e-01 4.778139795418698821e-01 3.002937323815695336e-01
1.200000000000009948e+00 3.629805085220615402e-01 1.234584667078285208e-01 5.684285423272592563e-01 6.160504966034899832e-01 4.881867979527105827e-01 1.963960540036487623e-01
1.600000000000010303e+00 2.486718806792128367e-01 5.521776229750492704e-02 5.351384123266303972e-01 5.628615231388716111e-01 5.244434026335800247e-01 1.484750733161779301e-01
2.000000000000010658e+00 1.984546301005487012e-01 -2.476210576655050316e-02 4.337653209819231637e-01 4.132745843913779304e-01 4.255017973596986747e-01 7.287613899348670266e-02
2.400000000000011013e+00 -6.666787215513972353e-02 -1.743259428200454042e-02 3.264513916839625884e-01 4.260798921339415957e-01 4.658569989154534019e-01 6.077857899403807385e-02
2.800000000000011369e+00 -1.239138754229183320e-01 -9.192996082226359555e-03 1.967568693402139413e-01 4.048924018373464273e-01 4.052640284389110725e-01 4.349835999472948661e-02
3.200000000000011724e+00 -2.152389391373968897e-01 -8.650308708217666065e-02 -5.558749696695827747e-02 2.173643680249390253e-01 2.938186835228995264e-01 -7.329168832976182268e-02
3.600000000000012079e+00 -2.530152524019911309e-01 -7.179490934733366581e-02 -1.775506019666517332e-01 1.352177101141798510e-01 2.440531689098164869e-01 -8.146867149961478649e-02
4.000000000000012434e+00 -1.623998894754814515e-01 -1.196313068368407284e-01 -2.998130566410172615e-01 -4.369774319548726943e-02 1.033064425034162237e-01 -1.495783504893524185e-01
4.400000000000012790e+00 -1.168399302049585309e-01 -5.959930149605768140e-02 -2.834909020166926918e-01 4.510067413388044177e-02 3.472919953525326342e-01 -1.028966509743171054e-01
4.800000000000013145e+00 -1.464888588414647863e-01 -2.985583289827024173e-02 -2.649604653111782282e-01 1.089565136620882779e-01 4.912639302869432067e-01 -8.709441685107947861e-02
5.200000000000013500e+00 -2.425672232865589972e-01 2.112255767894833519e-02 -2.499389876310977865e-01 1.568538857777937723e-01 5.046967560144253184e-01 -3.353436503094256449e-02
5.600000000000013856e+00 -2.588588884721571004e-01 5.432940994688879865e-02 -2.301655721712235203e-01 1.670223640186051517e-01 3.606889395634557127e-01 1.098418060789943529e-02
6.000000000000014211e+00 -3.099244067966794303e-01 -4.383473720889675962e-02 -3.475266335686219010e-01 2.064123787968127205e-02 1.657057663500187683e-01 -8.662946891495762469e-02
6.400000000000012790e+00 -2.977865063676332635e-01 -2.384654991805808949e-02 -4.000389012185209259e-01 4.964213432929437397e-03 1.219137960442007868e-01 -7.438009678146265125e-02
6.800000000000014921e+00 -3.331280878541713619e-01 -8.880363372074624728e-02 -4.401635778624755080e-01 -7.218934846200875111e-02 9.036927151379896619e-03 -1.384162660477418760e-01
7.200000000000017053e+00 -2.508254517867911093e-01 -8.012299841995607075e-02 -4.769305637009976229e-01 -1.838539284228495330e-01 -1.556573431109138650e-02 -1.360192398396515012e-01
7.600000000000015632e+00 -2.127205820504639577e-01 -6.174488948909311048e-03 -3.910813930312958542e-01 -2.102462577129313170e-01 1.616671257065080414e-02 -5.482109193371621780e-02
8.000000000000014211e+00 -1.822599236837997849e-01 -1.705745403333336352e-02 -3.427371380987440652e-01 -2.603146034307685097e-01 5.266068996962992160e-02 -4.532956144595493009e-02
8.400000000000016342e+00 -1.848949479564285792e-01 -3.653956600218136348e-03 -2.616357516652338955e-01 -2.873928123618273434e-01 6.790305110126806931e-04 -1.413811445589828811e-02
8.800000000000018474e+00 -1.889506392812241309e-01 -4.909107453037320212e-02 -2.470621960441804488e-01 -3.555624363653257514e-01 -6.482608794356189974e-02 -5.306620352247065631e-02
9.200000000000017053e+00 -1.692118207296841870e-01 -6.903003540372612545e-02 -1.834086418072956581e-01 -3.909176926262684093e-01 -2.506331628896789621e-01 -3.855879972411770801e-02
9.600000000000015632e+00 -1.191312683830195174e-01 -8.681958906961582956e-02 -9.838120154417259733e-02 -3.713521762660958458e-01 -4.136799540177306667e-01 -2.466218379528735058e-02
1.000000000000001776e+01 -6.158837209286847914e-02 -1.132150047208420746e-01 -7.469185077759765701e-02 -4.430392568588652491e-01 -5.285857805709339718e-01 -3.883916702116514685e-02
1.040000000000001990e+01 6.284373946955904011e-02 -3.418550245571125301e-03 -1.932769299807343341e-02 -3.715529241499516133e-01 -5.486218803895469565e-01 5.170926263067249229e-02
1.080000000000001847e+01 1.054024544407877739e-01 6.627633056899499830e-03 -2.135741201405799705e-02 -2.828420334608725550e-01 -4.146197368378574666e-01 4.583157647435612964e-02
1.120000000000001705e+01 1.490163996724389595e-01 2.109130638566519833e-01 8.710447832545389901e-02 -2.639094892512405810e-01 -4.999010910533734919e-01 2.088773823103475535e-01
1.160000000000001918e+01 2.884778092171281783e-01 3.318815494022708812e-01 8.923750075196661136e-02 -2.667265627267861872e-01 -5.059225398296117726e-01 2.725534623734607864e-01
1.200000000000002132e+01 3.575834695555011322e-01 3.757855721137057792e-01 1.487007138332989142e-01 -2.839340257240052789e-01 -5.391211553535432133e-01 3.097472365810327588e-01
1.240000000000001990e+01 5.642743190522102603e-01 4.230826743878426943e-01 2.869782955088452381e-01 -2.327574997304391879e-01 -4.861661775888777015e-01 3.887356536713001409e-01
1.280000000000001847e+01 6.104212991594007987e-01 4.468499232838343826e-01 3.817403594532647881e-01 -1.042269735209093717e-01 -3.131830668149339081e-01 4.321033429817139337e-01
1.320000000000002061e+01 6.950375608337602262e-01 4.782218855027933202e-01 5.130935303726097407e-01 1.118672632381250281e-01 -2.769547397776753184e-01 4.656116279963760651e-01
1.360000000000002274e+01 7.436191446379230019e-01 4.366798749377323596e-01 5.678315079575120272e-01 3.101363490154698255e-01 -1.447137450719867824e-01 4.381010903930763756e-01
1.400000000000002132e+01 7.712158602771319593e-01 5.564139320062687633e-01 6.930908737188088420e-01 5.392759085304289490e-01 2.110133687180111572e-03 5.793618805675391226e-01
1.440000000000001990e+01 7.543710159704684060e-01 7.162882153482037495e-01 6.839590880791217575e-01 6.324692771108768596e-01 8.705742969109948881e-02 7.031573627598880494e-01
1.480000000000002203e+01 7.865505097560075987e-01 7.577892608826616305e-01 6.395089326335560154e-01 6.597952024842284047e-01 4.382628153390487336e-02 7.679855826522218321e-01
1.520000000000002416e+01 7.759243057621716400e-01 8.178667055149919651e-01 6.388723487787661970e-01 7.383074774568216814e-01 3.973278813627344475e-01 8.164610270137403480e-01
