# # time shift (tau) HDelta HGamma HeII4685 HBeta HeI5875 HAlpha HeI5015 OI8446 HeI4471 HeI7065 OIII5007 LyALpha
-1.000000000000000000e+01 -9.350603869076107300e-02 -1.432686717891725747e-01 -5.054800877192024838e-02 -1.663843457297794481e-01 -3.912124291297396361e-01 -4.478149680531416377e-01 -2.827143975437051426e-01 -1.131391855254818279e-01 -1.401332791920474607e-01 -1.435423048420808312e-01 -2.937545008304976446e-01 -3.798781954396307503e-01
-9.500000000000000000e+00 -7.551885382128209478e-02 -1.145858370960273070e-01 -3.542136011642293969e-02 -5.328124890742457626e-02 -3.853590114466701744e-01 -3.427720883062569390e-01 -3.021201983589472118e-01 -3.484815679681807499e-02 -1.128072501631940672e-01 -7.608113716293912754e-02 -3.077416497026373432e-01 -3.456904325724789451e-01
-9.000000000000000000e+00 -1.692111210650533437e-01 -8.588765065559730849e-02 -1.381377275393783424e-02 1.407567505365771576e-01 -3.951101038724139647e-01 -2.713833977048812907e-01 -1.293892455905633065e-01 4.625259913280474477e-02 5.878079377230033264e-03 1.176605507744579726e-02 -1.294450055316911097e-01 -3.803660775899155855e-01
-8.500000000000000000e+00 -2.118893343055388567e-01 -1.949621030995701276e-01 -3.411924616301723057e-02 1.213444366220567117e-01 -4.653588368096086558e-01 -2.758321991321351918e-01 -1.862407023318002341e-01 -4.111238484541899357e-03 -6.643876279177893251e-02 -6.095229278611629525e-02 -2.009584383400674912e-01 -3.919021280202440449e-01
-8.000000000000000000e+00 -3.416933288866237373e-01 -3.624960174528566448e-01 -7.119550128384345700e-02 -5.069176581530096537e-02 -6.007290686910946587e-01 -3.525747537029501055e-01 -2.925613589576171458e-01 -1.693279103719633749e-01 -5.808306684807114373e-02 -1.596849714904051143e-01 -3.124814421647976737e-01 -4.662392387247070724e-01
-7.500000000000000000e+00 -3.882743152165299971e-01 -4.052126539278936290e-01 -6.199045384131983416e-02 -2.299654731564700350e-01 -6.692694334077315954e-01 -3.771219802404303101e-01 -4.837163658199726823e-01 -2.726728569054709395e-01 -1.875112894721292778e-01 -1.329913407356375643e-01 -5.102932911872186672e-01 -3.876017289867375037e-01
-7.000000000000000000e+00 -4.106262284133459506e-01 -3.468701912736569803e-01 -9.802997304638633169e-02 -3.507848128456479975e-01 -6.240752625057661707e-01 -3.284964910004956051e-01 -5.360683714563931890e-01 -2.426936703859752242e-01 -2.821632344517210900e-01 -4.090798579711747707e-02 -5.758450636011169799e-01 -2.811431033650895195e-01
-6.500000000000000000e+00 -4.054786971185107003e-01 -2.944909892501595960e-01 -7.133416761913805026e-02 -2.773615812477041032e-01 -5.140549347152528759e-01 -2.938810638883090354e-01 -5.393392117999596946e-01 -2.158579763432058596e-01 -3.053204547248026257e-01 -1.405808025347214836e-02 -5.773919337971386012e-01 -1.784517347945277499e-01
-6.000000000000000000e+00 -4.202947693692377085e-01 -2.934905648785950394e-01 -2.058589580295217686e-02 -1.900564061070296185e-01 -3.861744429562048442e-01 -3.070669386985195870e-01 -4.047176696012790287e-01 -2.117534652852856025e-01 -2.773554880076651297e-01 -9.011511373257710678e-02 -4.534622045553402536e-01 -1.184994569364464789e-01
-5.500000000000000000e+00 -3.081778666119441290e-01 -3.279541205437680462e-01 1.050442605021428832e-01 -1.833642150676804694e-01 -2.961934129918235570e-01 -3.446115137358990443e-01 -4.945934106752527537e-01 -3.972631089817644234e-01 -2.739411172111387294e-01 -1.743246486284169283e-01 -5.393782768093405844e-01 -2.523629214677048510e-02
-5.000000000000000000e+00 -2.131474567886255667e-01 -3.292609527450219842e-01 2.349276825702079075e-01 -2.163289549957750080e-01 -2.688296674828630772e-01 -3.657132024933229530e-01 -5.513460007341215441e-01 -5.580743342925857942e-01 -2.673329128539420063e-01 -2.319119127659273194e-01 -5.732979695057026648e-01 3.950040199954384101e-02
-4.500000000000000000e+00 -1.378840501193745738e-01 -2.277867935449143233e-01 3.021907698684738741e-01 -2.207837223575331576e-01 -1.625342076314068018e-01 -3.429371449638842773e-01 -7.146962990076332067e-01 -5.783455802356139985e-01 -3.107390168683240583e-01 -2.240772498014731440e-01 -7.399900096879188371e-01 1.491891236241336127e-01
-4.000000000000000000e+00 8.939851013082811271e-03 -6.271044966364473783e-02 3.275566928819444446e-01 -1.601641829841193021e-01 2.452991595752732762e-02 -1.970393414014496025e-01 -6.940312420688932171e-01 -3.250251584378901493e-01 -3.399888084522176834e-01 -1.670044971357730890e-01 -7.173595115911370890e-01 2.901870820968504572e-01
-3.500000000000000000e+00 2.556309617829498615e-01 1.801001800135882402e-01 4.999057863626818476e-01 1.104306808332472661e-01 2.653647695877787704e-01 4.023197940770946446e-03 -5.666142811657736145e-01 -2.426683735600240754e-01 -1.834526793636119812e-01 -5.678204560237967019e-02 -6.082494154643289797e-01 4.916586260703279532e-01
-3.000000000000000000e+00 4.652685205503143684e-01 3.394400792730097871e-01 6.098131612200162754e-01 3.020083309532148874e-01 4.271048853808936396e-01 1.778480959309279297e-01 -2.241913910264596854e-01 -1.109769522940022290e-01 -7.967684189663364058e-03 -3.468847612377617962e-03 -2.859210074848840266e-01 6.034021449179884922e-01
-2.500000000000000000e+00 6.098707975461051811e-01 4.915072405196591054e-01 7.413906956073126331e-01 4.334887134297447098e-01 5.579253205243964731e-01 2.926509245486435540e-01 -1.486215944399962019e-01 -1.185536828316817171e-01 3.521353731439914869e-02 1.016917418768453485e-01 -3.056776352634821281e-01 7.400445011568776987e-01
-2.000000000000000000e+00 6.636150844569075335e-01 5.489566629499407213e-01 7.585687485168730593e-01 4.553508416792317881e-01 5.562747464184571999e-01 3.075838126630433544e-01 -9.735776318203118174e-02 -1.410855608441778375e-01 8.296017956109759395e-02 2.071253568891656127e-01 -2.731562120782471959e-01 7.735218288020011546e-01
-1.500000000000000000e+00 7.483503679100631523e-01 6.880193290830415309e-01 7.711895886688793222e-01 5.868088197960665831e-01 6.646860163013532663e-01 4.623301053191542498e-01 -9.167590810188544492e-02 9.698921797976095549e-02 2.335283501019929375e-01 4.214112772559216458e-01 -3.279385812846886683e-01 8.412428278627366307e-01
-1.000000000000000000e+00 7.613614481111565802e-01 7.009808348470947248e-01 6.596849484032401012e-01 5.978845954124110129e-01 6.320572770801182738e-01 4.577398649007279330e-01 -5.600216580501548441e-02 1.710138659306553732e-01 2.696853935259875823e-01 4.788425716692767953e-01 -2.597370588693432847e-01 7.745498011170722785e-01
-5.000000000000000000e-01 8.145932252142810137e-01 8.251598790508842818e-01 6.374989091091965987e-01 7.609007452288440998e-01 8.972667790856858616e-01 6.815470852811225111e-01 2.214240285374135531e-01 4.640777070183972342e-01 2.929213204463654296e-01 5.426668910435303861e-01 -9.720151001938609481e-02 8.366631007015303823e-01
0.000000000000000000e+00 7.677103655362802481e-01 8.195565202416215111e-01 5.098849962712839190e-01 7.903041180018299805e-01 1.000000000000000000e+00 7.710519898690273433e-01 3.875337699460145169e-01 6.126957288578532834e-01 2.308959834578234449e-01 4.089389871172986468e-01 1.020497030192276944e-01 7.859761252946247945e-01
5.000000000000000000e-01 7.872597621073370577e-01 8.287888327551300449e-01 5.049728264370891839e-01 8.359733926199381937e-01 8.972667790856858616e-01 8.210304322633916740e-01 5.677824548897743018e-01 6.702361167080134186e-01 4.231756434694539659e-01 5.385731217823555017e-01 2.136086105306180816e-01 7.675537928133847609e-01
1.000000000000000000e+00 7.297583089206018947e-01 7.187162781975457992e-01 4.129079259736884167e-01 7.645581764865216901e-01 6.320572770801182738e-01 7.130079553881256693e-01 5.422392952507109065e-01 5.450936425129713214e-01 4.695472396630512302e-01 5.132811808655604047e-01 2.334480320742288173e-01 6.289929299520744532e-01
1.500000000000000000e+00 7.265093362828767276e-01 7.324507416911295588e-01 3.578995029138685169e-01 7.644178331301560991e-01 6.646860163013532663e-01 7.668019561754311209e-01 5.579150944715975946e-01 6.491333569947246307e-01 4.879388134726209691e-01 5.482254517121658566e-01 2.608184202775532534e-01 6.606008113702357409e-01
2.000000000000000000e+00 6.007607453289832700e-01 6.207495346809603909e-01 2.278165422656718841e-01 6.326411651271386383e-01 5.562747464184571999e-01 6.767300807374613258e-01 3.790593813183530392e-01 5.853564485734521483e-01 3.386638804494249144e-01 4.464816585364709267e-01 1.546906571750693571e-01 5.650203902668267109e-01
2.500000000000000000e+00 5.269660732389453983e-01 5.988893656969780377e-01 1.192944775859584861e-01 6.849797100987482512e-01 5.579253205243963620e-01 7.078282163804880955e-01 5.419924719120664536e-01 6.718375033277449448e-01 4.308017392948312319e-01 3.825820674440143510e-01 3.411320495203006842e-01 4.427267781909975386e-01
3.000000000000000000e+00 2.987915560855541885e-01 4.213388890838081213e-01 -7.512841077961929237e-02 5.502617773827345182e-01 4.271048853808936396e-01 5.749053492878826166e-01 5.401484654422195053e-01 5.647007119592997171e-01 3.015744988346233391e-01 2.473979579685131602e-01 4.400746563601402039e-01 1.542793462010675076e-01
3.500000000000000000e+00 2.105664600359466176e-01 3.291062877763396011e-01 -1.384347289332191755e-01 4.649018865163888625e-01 2.653647695877787704e-01 4.325730669596635214e-01 5.602594307028241349e-01 5.826640292278628674e-01 3.247149423360418119e-01 6.584605781251315348e-02 4.552339496163363419e-01 1.007302010439947021e-02
4.000000000000000000e+00 9.773952289367668356e-02 1.630671568773071622e-01 -1.811213395454363551e-01 2.393146185205615173e-01 2.452991595752734150e-02 1.708128701525025994e-01 3.871592305556496028e-01 3.918535352271330652e-01 2.422326765944844973e-01 -1.029567145031872744e-01 3.135944082839295932e-01 -1.638997931189595247e-01
4.500000000000000000e+00 4.518656110780894242e-03 4.617221177585170699e-02 -1.825788150827693523e-01 1.239105727502861909e-01 -1.625342076314068296e-01 2.220998766729552487e-02 1.413918694135139209e-01 3.407685239836328872e-01 2.978136974480899424e-01 -3.199202150444088177e-01 1.099532025565606586e-01 -2.358139918470369412e-01
5.000000000000000000e+00 -7.506972559568965420e-02 -3.754061338943160547e-02 -1.711070242099415883e-01 2.756067962446150099e-02 -2.688296674828630772e-01 -6.656428062415353786e-02 -1.640345218890256959e-02 2.707543426602042058e-01 3.307044792008516643e-01 -4.462590823555424024e-01 -2.424842384323111499e-03 -2.800758860799686945e-01
5.500000000000000000e+00 -9.628623204430332427e-02 -1.613431983869889064e-01 -1.688147569193845787e-01 -3.250680367051153596e-02 -2.961934129918236680e-01 -1.659628492633563046e-01 -2.112038511374310368e-02 8.185305809704354618e-02 3.135969193725403059e-01 -5.992076766092309104e-01 6.965680839096917432e-02 -3.116923808085806935e-01
6.000000000000000000e+00 -2.286756927609594481e-01 -3.432501185822914858e-01 -2.660727335869785826e-01 -2.169088232683695772e-01 -3.861744429562048442e-01 -3.259848803282665575e-01 -7.464662976318897636e-02 -1.398179379702817471e-01 1.471850922904219261e-01 -6.184641290361364563e-01 1.067407163975486739e-01 -4.399210990011644395e-01
6.500000000000000000e+00 -3.289463595613896230e-01 -4.140427408639794082e-01 -2.422779080495620352e-01 -2.691760227089693425e-01 -5.140549347152528759e-01 -4.102607149684409649e-01 -1.592837722499531872e-01 -2.677882416491606521e-01 1.026169284226497586e-01 -6.338875901582574635e-01 -2.190421252495037413e-02 -5.282559407411655528e-01
7.000000000000000000e+00 -4.734495969794852988e-01 -5.314147867848177942e-01 -3.254558104311655597e-01 -4.199118963778026847e-01 -6.240752625057661707e-01 -5.031671083343411954e-01 -2.655057103254029327e-01 -3.730284164195750707e-01 -4.668897958079654825e-02 -5.612160626165308974e-01 -1.473013184522578012e-01 -6.180196399480788472e-01
7.500000000000000000e+00 -4.886750524422708297e-01 -4.796559030462775874e-01 -2.738832033718934245e-01 -4.553422175526724569e-01 -6.692694334077315954e-01 -4.700887555746804947e-01 -3.737118084467979107e-01 -3.494066027387139339e-01 -1.681400852335704077e-01 -4.800885278333988371e-01 -2.722457283105611525e-01 -5.305550408988282118e-01
8.000000000000000000e+00 -4.994757987780784614e-01 -4.202275249577052674e-01 -2.731339483170240889e-01 -4.545717165001685878e-01 -6.007290686910948807e-01 -3.761629952759652507e-01 -3.831474597639277779e-01 -2.480719424185605093e-01 -2.673410119619129555e-01 -3.499309867631286708e-01 -2.913278654577096116e-01 -4.219189319110926428e-01
8.500000000000000000e+00 -4.785762198522017785e-01 -4.183198910286338723e-01 -2.805087836638560095e-01 -4.808356533654788434e-01 -4.653588368096087113e-01 -4.054782319303897875e-01 -4.811929471685223447e-01 -3.375355465279293865e-01 -4.337853127111149787e-01 -3.083224826168938226e-01 -4.652190891103599180e-01 -3.290143030903837085e-01
9.000000000000000000e+00 -5.066999694657070563e-01 -4.746748583164748236e-01 -3.429845243534933585e-01 -5.375437613335358744e-01 -3.951101038724139647e-01 -4.276272351341384725e-01 -5.088413234050865874e-01 -3.895340595913400761e-01 -6.099318644828991554e-01 -2.838232247735658076e-01 -5.002836429893753323e-01 -3.071178674453000634e-01
9.500000000000000000e+00 -4.601092860843577492e-01 -4.491482699026180803e-01 -2.023461002541191434e-01 -4.977836318881101452e-01 -3.853590114466701744e-01 -4.242545215401115621e-01 -4.744867755135514509e-01 -5.192763134934718083e-01 -5.533893017924524926e-01 -1.724609071755329182e-01 -4.716060380113844541e-01 -1.982649350723275639e-01
1.000000000000000000e+01 -4.434599366462123049e-01 -4.321300067447942928e-01 -9.445030134577032943e-02 -5.053411854842322359e-01 -3.912124291297397471e-01 -4.298794392237763606e-01 -5.300150743800482456e-01 -5.613113140980918736e-01 -5.492136683229191796e-01 -1.176735759406221660e-01 -5.126025621515124531e-01 -1.407832863540608992e-01
1.050000000000000000e+01 -3.815137502774936795e-01 -3.612329523418096322e-01 3.733913620985390008e-03 -3.917567002055249992e-01 -2.876030530357165382e-01 -3.575002369572757299e-01 -6.753249241127468050e-01 -5.225137729613356097e-01 -6.222252962990213465e-01 4.295890687196637914e-02 -6.977118251546213790e-01 -6.203486269882517445e-02
1.100000000000000000e+01 -2.989610571292585783e-01 -2.626156667334738071e-01 8.672825749007828655e-02 -2.727873000626587219e-01 -1.520044646092063856e-01 -2.724219212695223047e-01 -6.758682779944610308e-01 -4.066040039204329992e-01 -5.936740742758890299e-01 1.059937007097632722e-01 -6.826589875138124874e-01 9.710460392313942368e-03
1.150000000000000000e+01 -1.754838366889692192e-01 -1.917689731278130472e-01 1.621920574597706666e-01 -2.116457781791870052e-01 3.292939000398539817e-02 -1.662142115958270827e-01 -4.831058194883970369e-01 -3.392438492918440351e-01 -5.205355747318503035e-01 1.145105759583047757e-02 -4.443185586147641031e-01 1.040392917174900733e-01
1.200000000000000000e+01 -1.026134903573506091e-01 -1.616911443651743163e-01 2.300744559450248750e-01 -1.951730087075219111e-01 1.144816239385374468e-01 -1.689894988523335528e-01 -4.051641724724298066e-01 -3.510399108565988024e-01 -4.090357200258219472e-01 -1.279011819054996085e-02 -3.111527555212229013e-01 1.316853643836214949e-01
1.250000000000000000e+01 9.025014205267034573e-02 7.420506865222847859e-02 4.704153154129404601e-01 -6.603981382981449766e-02 2.305531888504717131e-01 -1.981803096215869336e-02 -3.229768019434775539e-01 -2.014824756854704524e-01 -2.824131810379408303e-01 3.605380572270179274e-01 -2.781846149067654927e-01 3.193000857833409034e-01
1.300000000000000000e+01 2.224583495734710203e-01 2.313572864589907296e-01 5.888027587920428019e-01 9.274056705895439290e-02 3.050904822764782809e-01 7.259252476398700415e-02 -2.454233849395461298e-01 -1.077171027887350863e-01 -6.348582774910316306e-02 5.876861716549344195e-01 -2.249648148605398745e-01 4.330526775509292436e-01
1.350000000000000000e+01 3.923104179078953369e-01 3.734514962620482104e-01 6.630556621388628002e-01 2.812348914251079357e-01 4.206239271699487858e-01 1.278137313906217987e-01 -1.900886234812605713e-01 -4.051052349595499896e-02 1.083579651174835928e-01 6.210709807139271899e-01 -2.650072960877578598e-01 5.069899202477927691e-01
1.400000000000000000e+01 5.526134600736251068e-01 5.129009404246797077e-01 7.038183468838972168e-01 4.950237815033194932e-01 5.889054558494932756e-01 2.715495836918397909e-01 9.120023939107037292e-02 9.400482995009498688e-02 3.527698520713696273e-01 6.037070757959714928e-01 6.781597643906472905e-02 6.434587048669044851e-01
1.450000000000000000e+01 6.902962025782112265e-01 6.607648530533958287e-01 7.067354976582114201e-01 6.655930807229710755e-01 7.525110980286022766e-01 4.742959976246862719e-01 2.913276388605550715e-01 2.365176327620470698e-01 5.377311786976715080e-01 6.624680480847705555e-01 2.295105090838682194e-01 6.917466919539214665e-01
1.500000000000000000e+01 7.649107294115428113e-01 7.532102439657171189e-01 7.039917181975361427e-01 7.677312678034856619e-01 8.228310699458416533e-01 6.272891887299412161e-01 4.940712815447008133e-01 3.818952819457459569e-01 6.501691772061748420e-01 6.913506152951928163e-01 4.155711483922632787e-01 7.319409635173040884e-01
