# # time shift (tau) Cont4010 Cont4200 Cont4440 Cont4765 Cont5100 Cont5600 Cont6045 Cont6110 Cont6880 Cont7390 Cont8015 Cont8900
-1.000000000000000000e+01 -4.369417059025878375e-02 9.943059078246274662e-02 1.486126672085670286e-01 1.344331782164094879e-01 2.186340176195735452e-01 1.352335800396621268e-01 2.085967070693968695e-01 4.777031543870605829e-02 2.191278270442734155e-02 -5.022933728568972078e-02 -8.825160916659000043e-02 -9.701887725025118425e-02
-9.000000000000000000e+00 1.189104006726842133e-01 2.278339639352615353e-01 2.371391316314830910e-01 2.206750352788079128e-01 2.881739250422832299e-01 2.190161988284501371e-01 2.348910918226732314e-01 1.070306719597354517e-01 1.452287314697986997e-01 1.201788562830296558e-01 6.044968857603525564e-02 7.448202913632290256e-02
-8.000000000000000000e+00 3.056974367505123080e-01 3.502039520333928291e-01 3.686092057742080819e-01 3.364636749630588453e-01 3.910390997123800449e-01 3.232723734220568357e-01 2.866018655711214391e-01 2.223079133607583635e-01 2.125577659772045491e-01 1.821939123311278053e-01 1.296814085912756931e-01 7.512753808716160497e-02
-7.000000000000000000e+00 4.587749105510466330e-01 4.947112879883066028e-01 5.162881132360224168e-01 4.963705609256932605e-01 5.252697673216318863e-01 4.649395809638295907e-01 4.566921040346956784e-01 3.988749367183128669e-01 3.471496617533826878e-01 2.585792790668032248e-01 1.992284324375371840e-01 1.314455772260188504e-01
-6.000000000000000000e+00 6.028035618133238405e-01 6.254370118587091465e-01 6.409995745549267321e-01 6.153894492163760610e-01 6.581422844248503434e-01 6.375555429033054056e-01 6.198065551148340679e-01 5.614842303305526139e-01 5.279813207312895607e-01 4.548043876936598839e-01 3.915615496536447582e-01 3.296581726846051219e-01
-5.000000000000000000e+00 6.708477915331800823e-01 6.679535162801919501e-01 6.775296526577756495e-01 6.363923211643749411e-01 6.823262690906337635e-01 6.781354729009860804e-01 6.699143945303247527e-01 6.019859188140536110e-01 5.878078927008681953e-01 4.964472502753498606e-01 4.830381752134039752e-01 3.995028151743621470e-01
-4.000000000000000000e+00 6.436743390703210110e-01 6.167874268766624368e-01 6.259480319604315834e-01 5.784039589823591898e-01 6.317207916807763279e-01 6.628281136455191902e-01 6.246501616100421650e-01 5.467638332006029556e-01 5.456223196626752703e-01 4.620878359438264638e-01 4.645504355213184722e-01 3.983517826324797229e-01
-3.000000000000000000e+00 7.405184837538969500e-01 6.936452725377914019e-01 7.003223243674415732e-01 6.682088824125814730e-01 6.960550306614350369e-01 6.892856684084903707e-01 6.538360710405102250e-01 6.265225537443616100e-01 6.216724635163920487e-01 5.707366678520697789e-01 5.561966114713663423e-01 5.382313488752364927e-01
-2.000000000000000000e+00 8.302799513607088677e-01 8.089987157024735032e-01 8.166543609138074977e-01 7.997843993082951464e-01 8.118303389475367560e-01 7.805810862014668228e-01 7.315464654173000625e-01 7.493221331726456214e-01 7.226657835717240630e-01 6.596580458581031703e-01 6.357575702450088961e-01 6.030787393414100972e-01
-1.000000000000000000e+00 9.092711916554980789e-01 9.126743873538607499e-01 9.228682549400675228e-01 8.999334443180621035e-01 9.151001832343783615e-01 8.919450607017820332e-01 8.471069523672005719e-01 8.687370261530662496e-01 8.472974302775768685e-01 7.888729381231263105e-01 7.587671161234735839e-01 7.474658336537953751e-01
0.000000000000000000e+00 9.821439450061780763e-01 9.886328667976119755e-01 1.000000000000000000e+00 9.854342687671576728e-01 9.898396670571275591e-01 9.722449149515538513e-01 9.624687772532370955e-01 9.807112946338345516e-01 9.695613131863802803e-01 9.301585746371711094e-01 9.119866748212669405e-01 8.949162114366097098e-01
1.000000000000000000e+00 8.914179232821412002e-01 9.156028551250625647e-01 9.228682549400675228e-01 9.018360875570703428e-01 9.235824140912101132e-01 9.368025960036898692e-01 9.587806298321354115e-01 9.351458706594931725e-01 9.498441793611480666e-01 9.219605159599802979e-01 9.038794010788813171e-01 9.064597390411004429e-01
2.000000000000000000e+00 7.933724476137501425e-01 8.127943488922968474e-01 8.166543609138074977e-01 7.844927634826137641e-01 8.209256509026297000e-01 8.300891003855951356e-01 8.648090038745916974e-01 8.363928392625998853e-01 8.878213386408573271e-01 9.024362986941454334e-01 8.868588349136830029e-01 9.132746269214162549e-01
3.000000000000000000e+00 6.619322070566056038e-01 6.823666695133425719e-01 7.003223243674415732e-01 6.466825377762416283e-01 6.794826384620203941e-01 6.588588572170049895e-01 7.363075542393368034e-01 7.078521410293552307e-01 7.583398440855693146e-01 7.824755529444075153e-01 7.697166305225577876e-01 8.111593887649917178e-01
4.000000000000000000e+00 5.559795548805672727e-01 6.157740284835100386e-01 6.259480319604315834e-01 5.792416181545086973e-01 6.033674823509587171e-01 5.530284796900377664e-01 6.304746258436848549e-01 6.275987130085989296e-01 6.442330223006883516e-01 6.705804224947089498e-01 6.085202227758992333e-01 6.689369898202340847e-01
5.000000000000000000e+00 6.159899414249758731e-01 6.774226297852488088e-01 6.775296526577756495e-01 6.332965150238576424e-01 6.324764270569895874e-01 6.223539497547164734e-01 6.606321248589803741e-01 6.700997009450255781e-01 6.852258744912775867e-01 6.953852210159521263e-01 6.466063821696961256e-01 6.953872452502820600e-01
6.000000000000000000e+00 5.847657289711725159e-01 6.451291902419689084e-01 6.409995745549267321e-01 6.301493289306082657e-01 6.180526743398433442e-01 6.221499421589844481e-01 6.397773031991433879e-01 6.438822390583062161e-01 6.266084868275606512e-01 6.053798891485207001e-01 5.926082915724522060e-01 6.085351861197896284e-01
7.000000000000000000e+00 4.727103662069309653e-01 5.323820258454449172e-01 5.162881132360224168e-01 5.503023879893911285e-01 5.278872486294552413e-01 5.605711612839009428e-01 5.184438440818790461e-01 5.065290085556579669e-01 5.259253478797799586e-01 4.805396735927754404e-01 4.585632317815910852e-01 5.252712827725298794e-01
8.000000000000000000e+00 3.293784560478111301e-01 3.693785784498046509e-01 3.686092057742080819e-01 3.785419045357067969e-01 3.811675358752623088e-01 3.675924356696673723e-01 3.435446089966592287e-01 3.374797585008850742e-01 3.612570758266271942e-01 3.203513742170228107e-01 3.203592653260653456e-01 3.942838547172935471e-01
9.000000000000000000e+00 1.254277357714023711e-01 1.496217064402445285e-01 2.371391316314830910e-01 1.763812268997578259e-01 1.772394825805379548e-01 1.346875928486949148e-01 1.442365862327602000e-01 1.381799222134920679e-01 1.533089858919380599e-01 1.065072932906376002e-01 1.052027223916601334e-01 1.604176832478539649e-01
1.000000000000000000e+01 7.183545073593992913e-02 1.036651806216684762e-01 1.486126672085670286e-01 6.371466965083659451e-02 6.625376987835869536e-02 3.089210339844963155e-02 4.696077301958655886e-02 5.016377053324853202e-02 1.073623664111883480e-01 1.294412879798878535e-01 1.429422078416382469e-01 1.577864292906397681e-01
1.100000000000000000e+01 1.165410669888764794e-01 9.312174978350652721e-02 1.024986301893535401e-01 4.493039366838534610e-02 7.754834401048939230e-04 4.799080221732458101e-02 -2.473405073410896854e-04 6.270225547982440084e-02 7.733535192164234240e-02 1.494770185028419518e-01 1.710852182732554017e-01 1.026861282918950097e-01
1.200000000000000000e+01 1.425004432518661157e-01 1.038626543873973074e-01 3.018028738430526131e-02 9.984520964963247702e-02 6.362831485248604535e-04 1.179285400598563960e-01 7.003267352359036912e-02 1.061850093829569408e-01 7.723380851512640088e-02 1.003298221067808749e-01 1.131098073227847917e-01 3.649393321754133140e-02
1.300000000000000000e+01 1.535931185934009680e-01 6.892347658064541804e-02 5.916844433570673384e-03 1.325197214163049975e-01 8.464730503278804219e-02 1.378108770887570278e-01 9.223756057780810313e-02 1.216023088208716407e-01 5.698585145809657165e-02 4.981228193189753128e-02 6.754909024820329733e-02 -8.639338624661901944e-03
1.400000000000000000e+01 1.097239344232597835e-01 1.612873429280456752e-02 2.212188779720647078e-02 7.808751734352906149e-02 1.231409757090747292e-01 2.456619871997821336e-02 1.068141995343186434e-01 6.549564458329185102e-02 -3.626805725947188086e-02 -1.584510884232947225e-01 -1.587195855693699920e-01 -2.109039966146805389e-01
1.500000000000000000e+01 2.470926726415108576e-01 1.529238449876576256e-01 1.984538282668703024e-01 2.062084937016999686e-01 3.522901467433956491e-01 1.522955024027645710e-01 2.595024529525485901e-01 1.781520806335754326e-01 9.241458341168554136e-02 -1.821009409514855876e-02 -5.341698807642292213e-03 -6.026099932453257008e-02
