# # time shift (tau) HDelta HGamma HeII4685 HBeta HeI5875 HAlpha HeI5015 OI8446 HeI4471 HeI7065 OIII5007
-1.000000000000000000e+01 7.629989122966787662e-02 8.482826798901262066e-02 7.865552791935188914e-02 2.033084724641036067e-01 -1.866878608137143569e-01 -2.409917579949512889e-01 -3.955805500450632062e-02 6.831371722321898099e-02 -9.093685611399299207e-02 5.410761814994154151e-02 -8.237820122938163681e-02
-9.000000000000000000e+00 -3.923644676798924980e-02 3.325721699807687726e-02 -6.162046296417714175e-04 1.037330456000939982e-01 -2.180975524137772625e-01 -1.708729056035563909e-01 -1.583136886327529413e-01 1.640074935139967660e-01 -2.054528060365246045e-01 6.078726887306758198e-02 -2.094124170330045054e-01
-8.000000000000000000e+00 -1.375192987236191211e-01 -3.701738101201696579e-02 2.259659924596102432e-02 2.044289071380631442e-02 -2.459787547927677065e-01 -2.135096282135618972e-01 -2.444517976209718557e-01 7.200912508993451144e-02 -3.898668228602931718e-01 -1.148321985930026573e-02 -3.384748392385322768e-01
-7.000000000000000000e+00 -1.047095865308984991e-01 -5.825340006714185837e-02 1.777051461366097596e-01 -8.905760505341106525e-02 -3.073146128321884163e-01 -3.186515049055363979e-01 -3.278718474183557885e-01 -1.794248854762893752e-01 -5.143854403539160902e-01 -5.067421460386183768e-02 -4.479145021300101615e-01
-6.000000000000000000e+00 -4.040885737422414935e-03 6.014437933835721506e-02 3.212140048188534824e-01 4.188975215540787639e-02 -1.922701023805913068e-01 -2.417049383420837860e-01 -3.709492324014090903e-01 -1.515908800599272688e-01 -4.904970890885544943e-01 6.018370044868397162e-02 -4.721166700058004317e-01
-5.000000000000000000e+00 1.221013161016188397e-01 1.147053431204773655e-01 3.858939887456407369e-01 2.010040102339668011e-01 -6.365334847125472817e-02 -1.412804310309782319e-01 -3.669972388600716284e-01 -1.601195008030929789e-01 -3.175753657937350205e-01 1.308014214052053981e-01 -4.332662566398651216e-01
-4.000000000000000000e+00 7.970777903393677644e-02 1.123363057094783762e-01 3.294027485082325901e-01 2.465677196969461860e-01 -1.041443384620916041e-01 -1.276742486266980725e-01 -3.994549785721692725e-01 -1.873912916070920587e-01 -1.494870722168081811e-01 2.160805999784317366e-01 -4.576054511759102272e-01
-3.000000000000000000e+00 1.248868357097658310e-01 1.823499838088157854e-01 3.437496037594579001e-01 3.048482897922817902e-01 1.357204329554727307e-01 -1.594731671174041965e-02 -4.616095671132863232e-01 -7.076430306258495173e-02 -1.119594657415171751e-01 1.474841796645262049e-01 -5.453274497320852454e-01
-2.000000000000000000e+00 3.327331426682965110e-01 2.930991676287772463e-01 4.571277513265792902e-01 3.770866887818418722e-01 3.663638688838507518e-01 1.213836273341756394e-01 -4.446288946664603836e-01 -5.662142582194064355e-02 -1.162322103139677432e-01 6.465147264406653771e-02 -6.274753433365782840e-01
-1.000000000000000000e+00 5.891094913771706132e-01 5.083325623607779509e-01 6.700146750973632326e-01 5.342738379738660726e-01 4.826820884665655731e-01 2.949700473722473015e-01 -2.723401263474224954e-01 9.358440271400594868e-02 -1.494268374000751534e-02 9.314264004038783074e-02 -5.468699246558090810e-01
0.000000000000000000e+00 7.744631080567913051e-01 7.162873562460259080e-01 8.279112788867105666e-01 7.148708468056781395e-01 6.437066212059436854e-01 5.611195460049708261e-01 -3.005163821714562644e-03 3.290287524729156865e-01 2.374408827888541962e-01 1.824144000502761764e-01 -3.267104367554243272e-01
1.000000000000000000e+00 8.692079081138160968e-01 8.199771342078281400e-01 7.900110479713793321e-01 7.913812332135352623e-01 6.796808076898935846e-01 6.543966268189830293e-01 1.315113381790168068e-01 3.828631810205169739e-01 2.969781271774704079e-01 4.436918931063925653e-01 -2.113938048432575656e-01
2.000000000000000000e+00 8.280066103380886444e-01 8.829666070464392558e-01 6.696988729033676035e-01 8.692161792238606299e-01 7.366639723637524728e-01 6.991847067110431579e-01 1.913140758710656364e-01 5.129667664077819378e-01 5.379643202112973643e-01 6.232842373189770857e-01 -1.571292648855424079e-01
3.000000000000000000e+00 6.658455358029042870e-01 7.695635505446154490e-01 3.598759732948480505e-01 8.693072343254385492e-01 7.477998805213824651e-01 7.070881163111226719e-01 1.866007704625393671e-01 5.418832287148047655e-01 4.164080422343008347e-01 5.303908545903952554e-01 -1.290892671643285028e-01
4.000000000000000000e+00 5.556121518047953955e-01 5.591672977206263440e-01 2.524948548516739999e-01 7.379635820941755631e-01 6.615608631876583878e-01 6.133031781312265895e-01 1.750006656333089050e-01 4.701189059997661346e-01 2.998375818829418504e-01 3.659675982082204460e-01 -1.379857930459157389e-01
5.000000000000000000e+00 5.587344492151256059e-01 5.247434376407640322e-01 3.894845796350882017e-01 6.979582330383016231e-01 5.447058341085452282e-01 6.764368626981396293e-01 2.360872181443766649e-01 5.237147783261099088e-01 2.939339717477433833e-01 8.800444034959682693e-02 -5.383561526802048414e-02
6.000000000000000000e+00 6.515406557000309462e-01 5.286117085588940556e-01 5.753194922826607716e-01 5.901238017448362516e-01 3.827497098078839199e-01 5.500925868687518427e-01 1.583656015435199738e-01 3.602217012273968844e-01 3.016362460713375437e-01 2.035604566787465458e-02 -5.606600034833007090e-02
7.000000000000000000e+00 6.435790401983219056e-01 6.039345199479269066e-01 5.816136444343367184e-01 5.311595958321568833e-01 3.339660403758109020e-01 4.012932083802087657e-01 1.186435664209228580e-01 3.715704450242409140e-01 4.983794610169287043e-01 -1.993561271186766043e-02 -8.306299792641427815e-02
8.000000000000000000e+00 5.512030023125611411e-01 5.935208823885387286e-01 4.783684537612240550e-01 5.614511618116502234e-01 2.983322503935176284e-01 2.922090986528154688e-01 2.263681161849592782e-01 4.412022895753380247e-01 7.846082179546626234e-01 6.073002904212200515e-02 8.918233604462752484e-02
9.000000000000000000e+00 3.378083835520843681e-01 2.319254035149744542e-01 7.455795824096085600e-02 3.660098601734363966e-01 1.907200039801408287e-01 9.585520890582090170e-02 1.734560315760105831e-02 2.190306821080179323e-01 6.534491838657016105e-01 -5.973192896385769168e-02 -1.506339925191632068e-01
1.000000000000000000e+01 7.325141013435573778e-02 2.878392437438481721e-03 -1.510222835572737621e-01 1.601058326241518448e-01 5.445890102297257229e-02 1.872059968245821104e-01 6.815756777574503988e-02 1.165976998620884553e-01 3.059172215727953836e-01 1.078653429907984879e-01 -9.398805092658835125e-02
1.100000000000000000e+01 -1.210035658733767117e-01 -9.545892855550670852e-02 -2.435199257987705757e-01 5.514597245843619322e-03 2.185874545198849411e-02 2.502483874903862482e-01 1.515817833799847913e-01 1.055222338639104918e-01 -4.039415741045158659e-01 1.323369142561117706e-01 -1.973141422670069978e-01
1.200000000000000000e+01 -1.124667535411392472e-01 -6.825950330363633745e-02 4.506136756521751663e-02 -2.281549702095928001e-01 -1.495847165126240330e-01 9.726711686844348448e-02 -1.374873662267351963e-02 -1.215201428969732433e-01 -6.033313860035443010e-01 -2.164847764002922337e-02 -4.328980823566925817e-01
1.300000000000000000e+01 -5.453328491598554567e-02 1.101479172390284617e-01 2.475800072769362981e-01 -1.459252057881804954e-01 -8.533509121104104755e-02 -3.320210643201173401e-02 -2.505918063941446894e-01 -1.746039276963722714e-02 -4.435478325299622160e-01 1.015963700179078610e-01 -4.425266306289480922e-01
1.400000000000000000e+01 6.912268060326185945e-03 -4.064047844713655766e-02 3.236912893885130482e-01 -6.377211944440991376e-02 3.049046056878499181e-02 -3.313884818885365346e-01 -3.079251464958296935e-01 -2.434819663816237822e-01 -4.269912908956728648e-02 -2.547783052984214924e-01 -8.235738145758228490e-02
1.500000000000000000e+01 9.940879603935788567e-02 -2.491923368217173820e-02 4.990151006825215285e-01 7.058153578960038588e-02 1.793502788614015353e-01 -2.692045991082600009e-01 -3.515854850589399394e-01 -3.062191144571719814e-01 2.518457984588611254e-01 1.059139644480088793e-01 -8.220913946543392109e-03
