# # time shift (tau) HDelta HGamma HeII4685 HBeta HeI5875 HAlpha HeI5015 OI8446 HeI4471 HeI7065 OIII5007
-1.000000000000000000e+01 1.385179045636241446e-01 1.194109517569309220e-01 2.463593262485409829e-02 2.472838056001591123e-01 -1.369389981419424918e-01 -1.790748277968511604e-01 1.034308130229688594e-02 7.828682756705004908e-02 1.138185871842418637e-02 1.992361322177873539e-01 -2.764980846302825257e-02
-9.000000000000000000e+00 -9.464226428107620770e-02 8.609447519455439013e-02 -8.253115413940018130e-02 2.137306428387176216e-01 -1.211721853608178218e-01 -5.925764992388025953e-02 -6.180035448689114724e-02 2.982656089758600748e-01 -1.624549183770387095e-01 1.130693132726995898e-01 -8.542358602597702188e-02
-8.000000000000000000e+00 -1.277215120756083622e-01 -4.157857545732345644e-02 -6.815632685245564572e-03 -8.154100515938336735e-02 -8.872923455367616452e-02 -2.395705417326508269e-01 -3.218288548283505524e-01 1.250054139004798670e-01 -5.455939434143004529e-01 -1.522586345539950481e-01 -4.258019281321335781e-01
-7.000000000000000000e+00 4.503470497116904281e-02 3.011540606998753047e-02 2.615946368572840131e-01 -8.653125875137557266e-02 -2.073368300917365070e-01 -2.735044409975315727e-01 -2.049525665196528790e-01 -1.792415641810154447e-01 -5.058012556852942154e-01 -8.063325633664131242e-02 -3.411330614618567347e-01
-6.000000000000000000e+00 1.655176326969235445e-01 1.941755616090096725e-01 4.435131438068541376e-01 1.818601761810061390e-01 -1.161637048242261383e-01 -1.619453733145179430e-01 -2.092684265376246189e-01 -1.041913981201620376e-01 -4.188579982572461224e-01 1.411621165842352754e-01 -3.084571992508809979e-01
-5.000000000000000000e+00 1.875144693845367805e-01 1.832047014791658435e-01 3.544562523472113424e-01 2.575897481622888008e-01 -6.131418556842151146e-02 -5.881737317498499096e-02 -2.983349757670643032e-01 -1.039071008216010533e-01 -2.175435052017982429e-01 2.348828412447799829e-01 -3.485084173483433689e-01
-4.000000000000000000e+00 8.560781271720226127e-03 1.830552428095631456e-01 1.354312819602244977e-01 3.206002238929918646e-01 -8.422876834493894793e-02 -2.971852712003301630e-02 -2.177631316824619745e-01 3.699765102315171611e-02 -8.251245976864599041e-02 3.545519070493204916e-01 -2.756406848324069458e-01
-3.000000000000000000e+00 -1.184231801050324856e-01 -2.283962168238606177e-02 8.449093470625709812e-02 2.287606538435025816e-01 -3.078845396403226409e-02 -8.281875340273170405e-02 -3.357969328015415478e-01 -3.726571334667620056e-02 1.071380453664189797e-03 1.272757104241027948e-01 -3.979762514371247839e-01
-2.000000000000000000e+00 -8.959365914405152675e-03 -7.363701654803625485e-02 1.315216678780959381e-01 1.245822663559612714e-01 5.345434796799360122e-02 -4.968843274289110740e-02 -4.977793826955466683e-01 -2.519551045010448576e-01 -1.155398791731873237e-01 -2.836711415214094451e-02 -5.848748017176106373e-01
-1.000000000000000000e+00 2.674362220073082108e-01 1.978403834462851840e-01 4.024202849318985198e-01 2.748907824738933692e-01 2.394240545051115610e-01 1.173003612437727439e-01 -4.373789164021019138e-01 2.110653738231049042e-02 -8.763379407116018982e-02 -1.389506195232688146e-01 -5.971769932832086125e-01
0.000000000000000000e+00 5.468512426047399400e-01 4.764101028377340508e-01 7.204632156048850211e-01 4.488321535508231208e-01 4.563934175640420587e-01 3.727017482873197229e-01 -1.471956340387794715e-01 1.845205740715007425e-01 9.267896353723828473e-02 -1.624608804187825106e-01 -3.889462705942790532e-01
1.000000000000000000e+00 7.681371771512270907e-01 6.515913575615253084e-01 8.371947000237138781e-01 5.293593294874753274e-01 4.561698306721964635e-01 3.719508466068416341e-01 -4.759506197609704448e-02 1.186709459555884832e-01 2.557140708039913890e-01 2.125947840942906120e-01 -3.330837673215084060e-01
2.000000000000000000e+00 8.049525947037936557e-01 7.784186934600167973e-01 7.648813543625868627e-01 6.940306194850365262e-01 6.708433605034240799e-01 5.182033429938682767e-01 9.941192564100695406e-02 2.655094082804265176e-01 5.642060150840284560e-01 5.215267878715286187e-01 -1.563243336178757326e-01
3.000000000000000000e+00 6.631377819744559421e-01 7.368105461025418190e-01 3.528898319708874132e-01 8.096209887380891868e-01 7.963110319509058010e-01 6.776551943581085036e-01 2.915750272043486913e-01 4.226350917141078467e-01 4.377483074102624938e-01 6.546243518752665747e-01 3.596954661904577799e-02
4.000000000000000000e+00 5.174369035170494069e-01 5.547982572003951063e-01 1.199610171289334504e-01 6.352671332158426054e-01 6.665266390161033172e-01 6.646431585328222980e-01 3.019421915746033358e-01 5.369372318773426578e-01 2.743148900381918720e-01 5.429047464470235784e-01 -3.808110911023825790e-03
5.000000000000000000e+00 4.266244402539249858e-01 4.804076251698617961e-01 1.685511865227663497e-01 5.549776590456617642e-01 5.879432801545453335e-01 7.078415970622675690e-01 3.975814939601707287e-01 5.378980925533651813e-01 7.771783960716605044e-02 3.032681790282925616e-01 1.337919334932274051e-01
6.000000000000000000e+00 4.334343861481835258e-01 3.494800266446542181e-01 3.001976895328957173e-01 3.945780453067380122e-01 3.569446551127000156e-01 4.252429507627609739e-01 3.204743330587788153e-01 2.142752399735418645e-01 5.114564864635967600e-02 1.235221321502846248e-01 1.627703485799823213e-01
7.000000000000000000e+00 4.417939234981634877e-01 4.340572248925047005e-01 3.486871472121135795e-01 3.820562034612362545e-01 2.466333587621006573e-01 3.356873555833713718e-01 2.422861450790516624e-01 3.248492156592980296e-01 3.211437397506932689e-01 -7.303849971121960036e-03 1.834827449461350346e-01
8.000000000000000000e+00 3.429413833230681163e-01 3.907946431877573623e-01 1.931915249878227714e-01 3.795367297233188109e-01 1.777533327126533669e-01 2.012962395986687136e-01 3.311585826695877532e-01 5.094809823825553474e-01 6.252613618597452350e-01 -1.524501341919591024e-01 3.876523492804103133e-01
9.000000000000000000e+00 1.659691471563161658e-01 3.906652872736580268e-02 -7.845600761414056601e-02 1.170815061713046668e-01 -4.561745960128539557e-02 -1.108882832811645680e-01 9.649782641589653431e-02 1.067331869003980277e-01 6.719352002393155221e-01 -2.901998452880052426e-01 1.739435849779916721e-01
1.000000000000000000e+01 -1.144909820918318943e-01 -1.286701843651691934e-01 -3.351925525273027340e-01 7.397007826628596017e-03 -1.539285790253913655e-01 -9.324891404445559417e-02 8.582143834186856113e-02 -2.432114295643456742e-02 3.842616385267413337e-01 -3.631971945005292579e-02 1.142136893624278449e-01
1.100000000000000000e+01 -3.014363521404806456e-01 -3.005447248528753112e-01 -5.760150970755674171e-01 -1.155503131265647465e-01 -1.692252081124149266e-01 7.825154762960456062e-03 1.676117553571744856e-01 2.042039810673979688e-02 -1.706349222762912343e-01 -1.227601068948405150e-01 1.685928440450763094e-02
1.200000000000000000e+01 -3.290090165317119952e-01 -2.791220403909949188e-01 -4.422061328961714999e-01 -3.622392818802089298e-01 -3.532062855818584035e-01 1.973067321423877668e-02 5.182932982398946037e-02 1.193334049371835154e-02 -5.223916233154813904e-01 -2.843741436986722548e-01 -2.483710080495369343e-01
1.300000000000000000e+01 -3.739953656584829589e-01 -2.406536577791024145e-01 -1.867627933165834087e-01 -4.571620724940864133e-01 -5.168616531326762908e-01 -2.125588155961772308e-01 -3.196743067629122526e-01 -8.298228433991303166e-02 -5.637589174828396832e-01 -2.148237752405044443e-01 -4.751067042743788438e-01
1.400000000000000000e+01 -4.488324254813673697e-01 -4.553149944923661208e-01 -8.372785581366898322e-02 -5.021724603831280165e-01 -4.077708829569887117e-01 -6.438430695517282087e-01 -4.829563182445385516e-01 -5.801243516278123957e-01 -5.029991614632578489e-01 -5.826779376541233457e-01 -2.940613313827684094e-01
1.500000000000000000e+01 -4.649539359336931077e-01 -4.903883927968762935e-01 9.399670561792369816e-02 -4.590087540517132081e-01 -3.010760144736326360e-01 -7.365121700024617191e-01 -6.639730458491872600e-01 -6.450494398041874966e-01 -2.820104361452684394e-01 -2.039463852176512659e-01 -3.485659634158778108e-01
