# # time shift (tau) HDelta HGamma HeII4685 HBeta HeI5875 HAlpha HeI5015 OI8446
-1.000000000000000000e+01 -7.512616478581635171e-02 1.339651488136749669e-01 -5.477827590384828915e-02 1.149697460138771471e-01 -3.076561780932968726e-01 -2.278858685487613889e-01 -2.000160967484107544e-01 -6.006658501147163487e-03
-9.000000000000000000e+00 -1.710106052428347068e-01 6.023783874894876600e-03 -9.361833112390197109e-02 -1.525818751486556282e-02 -3.147000162619128516e-01 -1.760849844230513717e-01 -2.960676936393887848e-01 5.029700422238562313e-02
-8.000000000000000000e+00 -2.416935173319240127e-01 -2.288277151131402898e-02 3.363958170954185062e-02 -3.434241243012849804e-02 -3.681443042820062850e-01 -2.314226060618855274e-01 -3.473570166891570277e-01 -9.093384243967297942e-02
-7.000000000000000000e+00 -1.993500379117079113e-01 -4.699125240073355469e-02 1.878832599163503259e-01 -1.461058161565030322e-01 -4.003276959604651908e-01 -2.912930858792891486e-01 -4.773020812775130017e-01 -1.988461071761805365e-01
-6.000000000000000000e+00 -1.542692903014644679e-02 8.579240981736815930e-02 3.587416126980030318e-01 9.385004024914100906e-04 -1.569486538138766263e-01 -1.661114152718375647e-01 -4.770265287587160952e-01 -5.921364682316597461e-02
-5.000000000000000000e+00 1.356454576793397759e-01 1.628552200347189172e-01 4.273379739327070048e-01 2.235090669193701418e-01 -3.326396119987042044e-02 -1.346196531971099453e-01 -4.212593818305221394e-01 -1.061392025037256465e-01
-4.000000000000000000e+00 1.759974829246858385e-01 1.802252389646362141e-01 3.952517273838332956e-01 3.397614806525315334e-01 -5.721779710923889650e-02 -1.088197560461817009e-01 -5.128604221740353797e-01 -1.200889959659756367e-01
-3.000000000000000000e+00 2.163850098056950833e-01 2.409725487516706510e-01 3.427260471151288290e-01 4.461864976068513622e-01 2.910265054649846528e-01 1.514780359704138712e-01 -4.237090159720139360e-01 1.918955638582856005e-01
-2.000000000000000000e+00 4.508074577228867730e-01 3.481922412789875132e-01 5.109987080848882313e-01 4.734676536255241208e-01 4.141260475535297747e-01 2.191551712993182188e-01 -4.178266585364519559e-01 1.400819071376367131e-01
-1.000000000000000000e+00 6.192386527504961657e-01 5.167917749568521346e-01 7.022627497343134628e-01 5.520619191710622875e-01 5.190595375742126372e-01 3.310385907166008002e-01 -3.767939428308264560e-01 1.674908183840913001e-01
0.000000000000000000e+00 7.781344978203453833e-01 7.051088678500011531e-01 8.502589943432748987e-01 7.029721335319225606e-01 6.527063099110088640e-01 5.364540805293723791e-01 -5.571289209723306879e-02 3.071586815594575248e-01
1.000000000000000000e+00 8.669223968732492347e-01 7.969757544286205642e-01 7.957013394284340180e-01 7.875011288329188952e-01 7.107188162443287549e-01 6.177654370466529876e-01 2.069481036088846593e-02 3.605071169329257530e-01
2.000000000000000000e+00 8.370226204430921690e-01 8.726465726494598840e-01 6.201051927033919275e-01 8.676647397533530093e-01 6.849832281832775038e-01 6.540432461835057332e-01 -4.512024394275887529e-02 5.046500262373299073e-01
3.000000000000000000e+00 6.331052286532862228e-01 7.656445031586520678e-01 2.540771953587959708e-01 8.699669197526317399e-01 7.284695598382426862e-01 6.866195911113953665e-01 2.307996810292178846e-02 5.607048701248127376e-01
4.000000000000000000e+00 4.379014090279100824e-01 4.610706888468399378e-01 1.374574919316347010e-01 6.908042706065224969e-01 5.938577870576162709e-01 5.453074386792473582e-01 1.715843508960106234e-02 4.128367162529627543e-01
5.000000000000000000e+00 4.947192648179254970e-01 4.433845465550224629e-01 2.877874491410737923e-01 6.300390765594112708e-01 5.010706767086887670e-01 5.953086202848753006e-01 1.728919400508466958e-02 4.631439161094371149e-01
6.000000000000000000e+00 5.325934667774435693e-01 4.210048352615912703e-01 4.996920013328881027e-01 5.003438007806770838e-01 3.294257920050399635e-01 4.466233772139389102e-01 -5.553943556101021556e-02 3.136749483597439658e-01
7.000000000000000000e+00 5.609028453619961940e-01 4.879561693668509337e-01 5.621512132052346455e-01 3.900249196266577512e-01 2.680434345478100444e-01 2.466431510353941925e-01 -6.517985556269066671e-02 2.061126595920081406e-01
8.000000000000000000e+00 4.758266361446221171e-01 5.633047639482515745e-01 4.790089765165145841e-01 4.252901094818206662e-01 1.803957885577156806e-01 9.266351828253749368e-02 -3.617266417912622795e-02 2.973218505655922383e-01
9.000000000000000000e+00 3.090943609443213003e-01 2.940350904337069582e-01 1.020654404707571072e-01 3.126005063447541144e-01 1.752902151055834856e-01 2.899396649086574684e-02 -1.125448289726885265e-01 1.403634606924739070e-01
1.000000000000000000e+01 7.278886632338808782e-02 2.032554239957168329e-02 -1.132909827305400019e-01 1.369709562129627078e-01 6.965377680486296852e-02 1.656892241687799583e-01 -1.702478854720670121e-01 8.339140716814863463e-02
1.100000000000000000e+01 -5.135158645449083847e-03 3.577710259275168614e-04 -1.331996222528296081e-01 9.553902842774061877e-02 1.031386696595399388e-01 3.768893931097371808e-01 -1.006246002791529731e-02 2.261390633766532654e-01
1.200000000000000000e+01 -2.635796742636373896e-02 -2.030543816843812660e-02 1.185564477121998778e-01 -9.916480215643865004e-02 1.143604786991136643e-02 2.632184734528708603e-01 -5.493674529975080267e-02 4.556446796813820588e-02
1.300000000000000000e+01 2.596972773129376660e-02 9.363089990849388089e-02 3.482388802699258878e-01 -8.202370249704077354e-02 3.884194394422826879e-02 7.832206106928428502e-02 -2.422200513815519207e-01 7.105449162610420755e-02
1.400000000000000000e+01 9.824424011135310386e-02 4.507123475194753370e-02 4.656025851732282228e-01 1.110126502032136517e-02 1.082867912607477640e-01 -2.368900064941806827e-01 -3.090395831864220511e-01 -1.188967503325282227e-01
1.500000000000000000e+01 1.722094825211106239e-01 4.207510936792226153e-02 5.575854593801681247e-01 1.650688722936599351e-01 2.155862567495996640e-01 -2.479714592787259364e-01 -2.528205848700963432e-01 -1.988421707176755704e-01
