# time shift (tau) 	 correlation coefficient 	 number of simulations: 10000	 FR: True	 RSS: True
-1.000000000000000000e+01 1.651000000000000000e+03
-9.000000000000000000e+00 5.100000000000000000e+01
-8.000000000000000000e+00 1.800000000000000000e+01
-7.000000000000000000e+00 8.000000000000000000e+00
-6.000000000000000000e+00 6.000000000000000000e+00
-5.000000000000000000e+00 4.000000000000000000e+00
-4.000000000000000000e+00 0.000000000000000000e+00
-3.000000000000000000e+00 0.000000000000000000e+00
-2.000000000000000000e+00 0.000000000000000000e+00
-1.000000000000000000e+00 0.000000000000000000e+00
0.000000000000000000e+00 1.800000000000000000e+01
1.000000000000000000e+00 3.690000000000000000e+02
2.000000000000000000e+00 8.760000000000000000e+02
3.000000000000000000e+00 6.850000000000000000e+02
4.000000000000000000e+00 4.750000000000000000e+02
5.000000000000000000e+00 8.560000000000000000e+02
6.000000000000000000e+00 9.230000000000000000e+02
7.000000000000000000e+00 5.740000000000000000e+02
8.000000000000000000e+00 3.800000000000000000e+02
9.000000000000000000e+00 4.570000000000000000e+02
1.000000000000000000e+01 7.860000000000000000e+02
1.100000000000000000e+01 9.500000000000000000e+02
1.200000000000000000e+01 5.020000000000000000e+02
1.300000000000000000e+01 1.870000000000000000e+02
1.400000000000000000e+01 4.800000000000000000e+01
1.500000000000000000e+01 1.760000000000000000e+02
