# # time shift (tau) HDelta HGamma HeII4685 HBeta HeI5875 HAlpha HeI5015 OI8446 HeI4471 HeI7065 OIII5007 LyALpha
-1.000000000000000000e+01 9.870488442313984923e-02 1.503841949765749864e-01 5.779637657194093558e-02 2.251197768530131538e-01 -1.118068245598777821e-01 -1.859605134960140294e-01 -2.414657947619355122e-02 1.493785951618956387e-01 -1.121137282098970539e-01 1.159187597182074897e-01 -6.980960944471313601e-02 -2.089958705032297637e-01
-9.000000000000000000e+00 -4.299610325770857056e-02 5.310302570733153177e-02 -3.489023849537863098e-02 1.375422443661158955e-01 -1.651106713811000548e-01 -1.714098950179173964e-01 -1.095052551315142675e-01 1.843648046722418110e-01 -2.180825873048952146e-01 7.173488989540964533e-02 -1.670274380046088136e-01 -2.495905317277843372e-01
-8.000000000000000000e+00 -1.170752723089363428e-01 -3.494754805289096433e-02 3.606366020032791830e-02 2.250566709130253154e-02 -1.968823488351440776e-01 -2.131648737460017373e-01 -2.348469130177790465e-01 8.030148320694006914e-02 -4.222852833687564811e-01 -4.483623855055915430e-02 -3.312696584738801797e-01 -1.824715196727661748e-01
-7.000000000000000000e+00 -6.368565845387459678e-02 -3.899765506463558767e-02 1.811170488050699579e-01 -6.364052593234301169e-02 -3.010396162440508450e-01 -2.772356954337334423e-01 -2.871125973639478968e-01 -1.509062523378353338e-01 -5.020402457802775054e-01 -3.085125860311344059e-02 -4.006913855759420273e-01 -5.845941925659060151e-02
-6.000000000000000000e+00 2.462553380208547943e-02 8.648518725039855415e-02 3.282440695906955752e-01 7.189202232956565242e-02 -2.068232491007140350e-01 -2.193074870236038643e-01 -3.134444792615648234e-01 -1.220879592661124058e-01 -4.590397774551792098e-01 8.388612480008061922e-02 -4.103661823522858909e-01 9.644495599109162431e-02
-5.000000000000000000e+00 8.559462392553988941e-02 1.249575543420394369e-01 3.624630024950792340e-01 1.903255596908912106e-01 -8.931333187260313833e-02 -1.512870498634829031e-01 -3.801960654478959700e-01 -1.315358554447108586e-01 -3.104063567236337029e-01 1.361710219129469435e-01 -4.428461410966232359e-01 1.537988439533644891e-01
-4.000000000000000000e+00 4.761319339660384509e-02 9.157240697112199734e-02 2.694284169462630163e-01 2.295610107739809169e-01 -1.226499570156349139e-01 -1.798988458101465349e-01 -3.904867719505558110e-01 -1.838461598074062064e-01 -1.517234390849837578e-01 2.107199959332198280e-01 -4.495908982238555618e-01 1.124135092753593135e-01
-3.000000000000000000e+00 6.452722775341263040e-02 1.107402200562602329e-01 3.026041457334938678e-01 2.775893771527926934e-01 8.815595852434104929e-02 -5.721301559147085047e-02 -4.507587145415506980e-01 -8.409436184132675074e-02 -1.016959813056512868e-01 1.092993220875363436e-01 -5.339022121760454986e-01 2.376289974917150660e-01
-2.000000000000000000e+00 2.649400488365334927e-01 2.123920207654773629e-01 4.149134344304543087e-01 3.271396249513239818e-01 2.758334007280645039e-01 9.789550744217560829e-02 -4.815461974747881069e-01 -1.008151894883236033e-01 -1.278087176587937024e-01 5.442642137849021400e-02 -6.387603926726348469e-01 3.825782018430196052e-01
-1.000000000000000000e+00 5.272578411716164482e-01 4.452315376657645096e-01 6.225198720281053255e-01 4.728246287873018039e-01 4.200172478739401249e-01 2.496196572634871713e-01 -3.183915453012187147e-01 5.111383758013021694e-02 -5.724712718757359042e-02 6.696517710517230215e-02 -5.768600591465169458e-01 5.776892027224928006e-01
0.000000000000000000e+00 7.210104533512657898e-01 6.877325425048870233e-01 8.275187799178597148e-01 6.698665239075602962e-01 6.185846745428456028e-01 5.288086431083076633e-01 -3.633248635943667204e-02 3.070231873705866477e-01 2.028374496452745868e-01 1.351306362372502179e-01 -3.528294533230237895e-01 7.948111487238388451e-01
1.000000000000000000e+00 8.511058574658553200e-01 7.830866752636067574e-01 7.974529632745828156e-01 7.457340139205244078e-01 6.416285222546141975e-01 5.825443491792661188e-01 5.558177599508269673e-02 3.139680997312506161e-01 2.806730411394268154e-01 4.053995795007019343e-01 -2.792864878896774150e-01 8.230959441966840817e-01
2.000000000000000000e+00 8.358011464695265236e-01 8.562853175239867332e-01 6.998480861382776474e-01 8.434873695343887423e-01 7.485085516058896937e-01 6.641473995336306668e-01 1.503012026553478264e-01 4.561009429229764822e-01 5.475029875270802648e-01 5.793564569227382943e-01 -1.834150007749383304e-01 8.652968916642954644e-01
3.000000000000000000e+00 6.967953779696751671e-01 7.922574230455863287e-01 4.104728258810180774e-01 8.998139361409972503e-01 7.900736102086454160e-01 7.491481494264233820e-01 2.184285856021719874e-01 5.435835693159860593e-01 4.398706841090390118e-01 5.685121518422781017e-01 -8.281784658312622838e-02 7.204393119916732147e-01
4.000000000000000000e+00 6.150606618088394484e-01 5.958350218878603055e-01 2.829588129522249140e-01 7.370386542403536412e-01 6.982963574420507635e-01 6.491883220266583265e-01 1.982630529528486008e-01 4.629469819978049849e-01 2.944606263920194755e-01 4.172018230859762533e-01 -1.328462944949798663e-01 6.559214491207470132e-01
5.000000000000000000e+00 5.927170401401240518e-01 6.070535670725794031e-01 4.121228922731096644e-01 7.253896669739681169e-01 6.078412396052512712e-01 7.358522510894904833e-01 2.962512900767652058e-01 5.613743121173140338e-01 2.991170021784948507e-01 2.126637745534709079e-01 -1.747193887428335340e-02 6.532625079593755713e-01
6.000000000000000000e+00 6.722440375688087943e-01 5.676259909390091174e-01 5.339440727961400901e-01 6.386600071864464434e-01 4.655583950707314900e-01 5.813027578866211131e-01 2.476109809377637916e-01 4.094789245285928025e-01 3.091343048829056084e-01 8.877262588690049139e-02 1.760653016158239548e-02 5.751994775502162760e-01
7.000000000000000000e+00 6.558127057811664606e-01 5.886127682530399863e-01 5.181884034898007751e-01 5.433994757721498647e-01 3.566280339588231429e-01 4.362726767064558642e-01 1.830570966542315325e-01 4.004609048484494283e-01 5.323770634094741050e-01 -2.111329392552474538e-02 -7.095829456480323705e-03 4.029713055558172830e-01
8.000000000000000000e+00 5.257409815897875482e-01 5.859678421172415108e-01 3.980526517787291718e-01 5.684374192323151664e-01 2.908347095931809179e-01 3.491222109506413318e-01 3.146108580107647157e-01 5.586446233216638690e-01 7.894131143041890342e-01 5.708959029989648520e-02 2.244568267489336910e-01 2.690810694713038353e-01
9.000000000000000000e+00 3.024745777000441560e-01 1.686940770794582156e-01 1.977879234252281904e-02 3.100789721143158983e-01 1.428394703372187213e-01 5.090990529871763232e-02 1.035909626077186896e-01 1.746370410794837180e-01 6.532252730024457055e-01 -1.673705915802393696e-01 -9.002292201978172315e-03 1.841944596074426843e-02
1.000000000000000000e+01 8.159779367370591230e-03 -2.158976617606620310e-02 -2.107466806046804919e-01 9.870400064230161474e-02 -3.371778895299491763e-02 1.067874459161374662e-01 1.080624910793028248e-01 6.511679891507252127e-02 3.324776876232486411e-01 7.293569322731385807e-02 -3.263402401329291991e-02 -3.025293857484526172e-02
1.100000000000000000e+01 -1.783448808721330436e-01 -1.362563786534057297e-01 -3.778264552969303747e-01 -1.787852937172685827e-02 -5.064331795569534250e-02 1.951095333580393498e-01 1.445715096716124193e-01 1.716233519419677056e-01 -3.310609449276995520e-01 6.777653647427554773e-02 -1.548175737356636272e-01 -5.282941149004172221e-02
1.200000000000000000e+01 -2.056630582586433942e-01 -1.930164601659751233e-01 -1.607907938391704983e-01 -3.018781145861418880e-01 -2.420247324955209500e-01 3.549530018593886199e-02 2.488664506996574044e-02 -1.244885284834985617e-01 -5.813931475187317233e-01 -2.457780206252875854e-01 -3.138971384223068761e-01 -3.651714653686013307e-02
1.300000000000000000e+01 -2.335408240786782386e-01 -6.307113338171774219e-02 8.586773217714768758e-02 -3.151589300111825587e-01 -3.162742111150018132e-01 -1.604046294629272451e-01 -3.641729279126939556e-01 -9.479950367466857819e-02 -5.062516451903879000e-01 1.957492936342935391e-02 -5.275885707074757791e-01 4.324354704705732355e-02
1.400000000000000000e+01 -1.937419854069588887e-01 -2.369560297279017513e-01 1.395463782468374936e-01 -2.584498243398863915e-01 -1.204038064141220998e-01 -4.813356106501168741e-01 -4.028890357916112830e-01 -3.975106097337159916e-01 -2.636245429333092805e-01 -4.088088607447635803e-01 -1.523714287818870028e-01 -9.006897192237905969e-02
1.500000000000000000e+01 -1.307082612094928320e-01 -2.205176353099338460e-01 3.815389613655627565e-01 -1.535833514289340340e-01 -3.744120007410004988e-03 -4.752142197484744424e-01 -4.642750501804228103e-01 -4.984121293723413615e-01 3.256092339067374886e-02 1.399095642256111167e-02 -1.348458668950828776e-01 -9.057536226345960784e-02
