# time shift (tau) 	 correlation coefficient 	 number of simulations: 20000	 FR: True	 RSS: True
-1.000000000000000000e+01 0.000000000000000000e+00
-9.500000000000000000e+00 0.000000000000000000e+00
-9.000000000000000000e+00 1.000000000000000000e+00
-8.500000000000000000e+00 1.000000000000000000e+00
-8.000000000000000000e+00 0.000000000000000000e+00
-7.500000000000000000e+00 0.000000000000000000e+00
-7.000000000000000000e+00 1.000000000000000000e+00
-6.500000000000000000e+00 5.000000000000000000e+00
-6.000000000000000000e+00 5.000000000000000000e+00
-5.500000000000000000e+00 1.800000000000000000e+01
-5.000000000000000000e+00 2.800000000000000000e+01
-4.500000000000000000e+00 6.800000000000000000e+01
-4.000000000000000000e+00 1.010000000000000000e+02
-3.500000000000000000e+00 1.300000000000000000e+02
-3.000000000000000000e+00 1.730000000000000000e+02
-2.500000000000000000e+00 1.710000000000000000e+02
-2.000000000000000000e+00 2.050000000000000000e+02
-1.500000000000000000e+00 2.290000000000000000e+02
-1.000000000000000000e+00 2.360000000000000000e+02
-5.000000000000000000e-01 2.030000000000000000e+02
0.000000000000000000e+00 2.470000000000000000e+02
5.000000000000000000e-01 6.440000000000000000e+02
1.000000000000000000e+00 1.004900000000000000e+04
1.500000000000000000e+00 6.627000000000000000e+03
2.000000000000000000e+00 1.230000000000000000e+02
2.500000000000000000e+00 1.300000000000000000e+01
3.000000000000000000e+00 4.900000000000000000e+01
3.500000000000000000e+00 1.640000000000000000e+02
4.000000000000000000e+00 9.400000000000000000e+01
4.500000000000000000e+00 4.100000000000000000e+01
5.000000000000000000e+00 7.900000000000000000e+01
5.500000000000000000e+00 6.800000000000000000e+01
6.000000000000000000e+00 4.700000000000000000e+01
6.500000000000000000e+00 2.600000000000000000e+01
7.000000000000000000e+00 3.800000000000000000e+01
7.500000000000000000e+00 2.800000000000000000e+01
8.000000000000000000e+00 1.200000000000000000e+01
8.500000000000000000e+00 2.000000000000000000e+00
9.000000000000000000e+00 7.000000000000000000e+00
9.500000000000000000e+00 9.000000000000000000e+00
1.000000000000000000e+01 3.000000000000000000e+00
1.050000000000000000e+01 0.000000000000000000e+00
1.100000000000000000e+01 0.000000000000000000e+00
1.150000000000000000e+01 0.000000000000000000e+00
1.200000000000000000e+01 3.000000000000000000e+00
1.250000000000000000e+01 2.100000000000000000e+01
1.300000000000000000e+01 3.100000000000000000e+01
