# # time shift (tau) Cont1150_not_optical_calibrated
-1.000000000000000000e+01 -2.624487219661471027e-01
-9.000000000000000000e+00 -1.137879794082682638e-01
-8.000000000000000000e+00 8.313648563558478921e-02
-7.000000000000000000e+00 2.704705413906912659e-01
-6.000000000000000000e+00 3.293056042675441275e-01
-5.000000000000000000e+00 3.899860527476557981e-01
-4.000000000000000000e+00 3.415919655162492630e-01
-3.000000000000000000e+00 4.043596586878241972e-01
-2.000000000000000000e+00 6.001216262853583672e-01
-1.000000000000000000e+00 8.365064402735744586e-01
0.000000000000000000e+00 8.957243158612514522e-01
1.000000000000000000e+00 7.064298131249806545e-01
2.000000000000000000e+00 4.993709985097132265e-01
3.000000000000000000e+00 2.933994252523848267e-01
4.000000000000000000e+00 2.094727586459249058e-01
5.000000000000000000e+00 1.539069796576661708e-01
6.000000000000000000e+00 1.878661308336071756e-01
7.000000000000000000e+00 1.520744771651700300e-01
8.000000000000000000e+00 -2.435699767182586684e-01
9.000000000000000000e+00 -4.681960308386846070e-01
1.000000000000000000e+01 -4.289620256092390171e-01
1.100000000000000000e+01 -3.378773211799058762e-01
1.200000000000000000e+01 -4.750440005157191559e-01
1.300000000000000000e+01 -5.917483985718001716e-01
