# # time shift (tau) UVW2
-1.000000000000000000e+01 -5.554584804932698461e-01
-9.000000000000000000e+00 -4.363357278798764005e-01
-8.000000000000000000e+00 -1.765553365169411637e-01
-7.000000000000000000e+00 4.291157032718678072e-02
-6.000000000000000000e+00 1.632019961670877484e-01
-5.000000000000000000e+00 2.615461163777040299e-01
-4.000000000000000000e+00 3.643496053777500743e-01
-3.000000000000000000e+00 4.733987391986865800e-01
-2.000000000000000000e+00 5.994877836719407771e-01
-1.000000000000000000e+00 8.317687240812956517e-01
0.000000000000000000e+00 9.999999999999997780e-01
1.000000000000000000e+00 8.317687240812956517e-01
2.000000000000000000e+00 5.994877836719407771e-01
3.000000000000000000e+00 4.733987391986865800e-01
4.000000000000000000e+00 3.643496053777500743e-01
5.000000000000000000e+00 2.615461163777040299e-01
6.000000000000000000e+00 1.632019961670877484e-01
7.000000000000000000e+00 4.291157032718678072e-02
8.000000000000000000e+00 -1.765553365169411637e-01
9.000000000000000000e+00 -4.363357278798764005e-01
1.000000000000000000e+01 -5.554584804932698461e-01
1.100000000000000000e+01 -4.616052077833683320e-01
1.200000000000000000e+01 -4.508482777041450951e-01
1.300000000000000000e+01 -4.918543236032466570e-01
