# # time shift (tau) HBeta_not_optical_calibrated LyAlpha_not_optical_calibrated OI8446_not_optical_calibrated SiIV1393_not_optical_calibrated NV1238_not_optical_calibrated CIV1548_not_optical_calibrated HeII1640_not_optical_calibrated OIII]1660_not_optical_calibrated Line8
-1.000000000000000000e+01 2.435320572957795637e-01 -1.684768820581074023e-01 4.899529416427255146e-01 2.717652619905813402e-02 -1.154406823090878970e-01 -2.798371118475349861e-02 -1.621479993089212090e-01 -3.295168176129628090e-01 0.000000000000000000e+00
-9.500000000000000000e+00 2.673899654290070593e-01 -2.119931223351654848e-01 5.401566812177960308e-01 3.857899319073337940e-02 -1.551862278919971527e-01 7.315351253589862102e-03 -1.189708749054831510e-01 -1.830576146258345305e-01 0.000000000000000000e+00
-9.000000000000000000e+00 2.154193686681987741e-01 -2.388911705725946522e-01 4.991278893299661013e-01 8.440394566775980684e-03 -1.756264176075404415e-01 -1.312006513575159419e-02 -8.468869309431038828e-02 -1.480224936954729342e-01 0.000000000000000000e+00
-8.500000000000000000e+00 1.801456960517218153e-01 -1.750840049534329590e-01 5.056220999013110173e-01 4.548329309184578201e-02 -9.442575663768970617e-02 3.033557160569799738e-02 -5.615737772419229779e-02 -1.483822760266730878e-01 0.000000000000000000e+00
-8.000000000000000000e+00 2.144257303767265199e-01 -1.328087144523112384e-01 5.117253938297353644e-01 2.668144225262976746e-02 -8.129840908016473799e-02 1.043166965375357316e-02 -4.469347486124430197e-02 -1.532794148816736535e-01 0.000000000000000000e+00
-7.500000000000000000e+00 3.134287837202597293e-01 -2.382912896438652700e-02 5.806865624675181525e-01 1.432760511062512454e-01 1.875205746612620614e-02 1.061631561851510419e-01 5.390336197194878221e-02 -4.651279085060391200e-02 0.000000000000000000e+00
-7.000000000000000000e+00 4.035341729950813194e-01 6.887232965283932029e-02 3.255427858727844015e-01 1.896034456701575777e-01 9.218006891985922047e-02 1.044036517370082739e-01 8.093562146461610873e-02 -1.301993635709675079e-01 0.000000000000000000e+00
-6.500000000000000000e+00 4.107979546498050638e-01 1.263526192300663542e-01 3.435917293156989238e-01 2.923908549190560313e-01 1.518718063377174632e-01 1.741615068571644720e-01 1.384468675780201052e-01 -7.795891743456542788e-02 0.000000000000000000e+00
-6.000000000000000000e+00 3.749784349477804368e-01 1.980122090754610764e-01 3.289960514814754822e-01 3.750293738188824610e-01 2.293806821274272656e-01 1.828842660818160160e-01 1.082652028971383823e-01 -1.940868045027609456e-01 0.000000000000000000e+00
-5.500000000000000000e+00 3.003116486146367725e-01 1.837565720115952594e-01 2.135099239093669610e-01 3.418633393908613316e-01 2.325114816782101190e-01 9.887652919693754039e-02 1.958805714834637238e-02 -3.134550906202254739e-01 0.000000000000000000e+00
-5.000000000000000000e+00 2.870632125321934680e-01 1.917899157145178668e-01 1.860496638495007793e-01 3.626508418908171438e-01 2.414894653643930300e-01 7.627240853395957088e-02 6.742521325599505622e-02 -2.406176322282960744e-01 0.000000000000000000e+00
-4.500000000000000000e+00 2.922175143767702377e-01 1.601803282697799313e-01 1.355134442100540682e-01 2.795307671658261439e-01 1.543674928331395524e-01 3.013228484427797962e-03 1.208169301447710973e-02 -2.669834957024901367e-01 0.000000000000000000e+00
-4.000000000000000000e+00 2.814759899430925305e-01 1.548640514819976388e-01 2.604939389835895375e-02 2.608305648407014954e-01 1.248968466796611665e-01 -1.386447956175970372e-02 6.932356273167673832e-02 -2.328928147089102674e-01 0.000000000000000000e+00
-3.500000000000000000e+00 1.861507811569085014e-01 6.027196639060362904e-02 -1.229975349891221648e-01 1.452831661547354658e-01 2.237668064219328762e-02 -1.239302914686725154e-01 3.226396892353713963e-02 -2.901857791706280443e-01 0.000000000000000000e+00
-3.000000000000000000e+00 2.474267375784539036e-01 2.038574329840547317e-01 -8.228971545007998656e-02 2.531316279737121921e-01 1.428703666071899914e-01 1.744033233377186715e-02 7.832834594022899943e-02 -3.174588340108694395e-01 0.000000000000000000e+00
-2.500000000000000000e+00 1.448418543587699503e-01 1.624525382612971858e-01 -1.342174624714661813e-01 2.131424135809781295e-01 1.322868230866262595e-01 3.082871750269475936e-02 1.085277174162210811e-01 -2.097833214867724783e-01 0.000000000000000000e+00
-2.000000000000000000e+00 2.278959214755801321e-01 2.812003675053651452e-01 -1.227506648739978556e-01 2.785280816676573012e-01 2.184698302853941565e-01 1.765361456012558561e-01 2.000168203353243357e-01 -7.102137592549473410e-02 0.000000000000000000e+00
-1.500000000000000000e+00 2.448911139012569238e-01 3.172843475992941364e-01 -3.105565893908884476e-02 3.267302623075428181e-01 2.800243967843860649e-01 2.679301811969974634e-01 3.491027261744633625e-01 8.471645074686454113e-02 0.000000000000000000e+00
-1.000000000000000000e+00 4.115801805528300772e-01 4.850329217057535169e-01 4.626410108284070843e-02 4.040529738639061508e-01 3.843325440725703923e-01 4.265269823191384368e-01 5.132913529976894651e-01 1.351313887863630492e-01 0.000000000000000000e+00
-5.000000000000000000e-01 5.299538530542631243e-01 6.008758914274717755e-01 8.458506090589781867e-02 4.509591961104078561e-01 4.845781184043029821e-01 5.598768534242274386e-01 6.528455285869863012e-01 1.961919317429666187e-01 0.000000000000000000e+00
0.000000000000000000e+00 6.610711445478221204e-01 7.647672029430758744e-01 2.546034665512780792e-01 5.725790896382538797e-01 6.525369873719109037e-01 6.934601815714436235e-01 7.094708643025944284e-01 1.956873379109895228e-01 0.000000000000000000e+00
5.000000000000000000e-01 7.655939590181799481e-01 8.780922646242268481e-01 4.181612985959195505e-01 6.991211597224102903e-01 7.365249062870178332e-01 8.143524443498963983e-01 7.130898842987961617e-01 1.792317273000336997e-01 0.000000000000000000e+00
1.000000000000000000e+00 8.146493078549721378e-01 9.022329992676028088e-01 4.395550581491211029e-01 7.749226337048098490e-01 7.574850279956114596e-01 8.216623124502517861e-01 6.693867978152183706e-01 1.484731594769444496e-01 0.000000000000000000e+00
1.500000000000000000e+00 8.189056132147827238e-01 8.619877833884155294e-01 4.110553486568626624e-01 7.867043101927062576e-01 7.088717129853014942e-01 7.697485281185145745e-01 5.556473034211967255e-01 1.194321292860533457e-01 0.000000000000000000e+00
2.000000000000000000e+00 7.792557779132154305e-01 7.903592396362337791e-01 3.978518046296032340e-01 6.837695268378577440e-01 6.204782954155414476e-01 6.491745509485520316e-01 4.297916908608944153e-01 7.521311848197027861e-02 0.000000000000000000e+00
2.500000000000000000e+00 6.950430149214816833e-01 6.869273883363389288e-01 4.076375541703947669e-01 5.347407405426199967e-01 5.028624068811271552e-01 5.210583647992301781e-01 2.752753622787957877e-01 3.868204172901338733e-03 0.000000000000000000e+00
3.000000000000000000e+00 6.382329971953935033e-01 6.439541395518681988e-01 4.733971834405186763e-01 3.746761742163574604e-01 4.060305834432254013e-01 4.916184211677574467e-01 2.308791354023042031e-01 2.748279622030655456e-02 0.000000000000000000e+00
3.500000000000000000e+00 5.670117874880964415e-01 6.097018460559762154e-01 4.936923829546345788e-01 2.509796307066418652e-01 3.763641659240479775e-01 4.319598130739568109e-01 2.074536414034736653e-01 8.459726849659870984e-04 0.000000000000000000e+00
4.000000000000000000e+00 5.526836142404831786e-01 5.984516911801101013e-01 4.282832000192252075e-01 1.825251717799304951e-01 3.451494283126611551e-01 4.781975261584749948e-01 2.396926531608337685e-01 9.994218993117263972e-02 0.000000000000000000e+00
4.500000000000000000e+00 4.598776701137435863e-01 5.463310009475589313e-01 2.738954352308877738e-01 1.378488898276735708e-01 3.494775529059952479e-01 4.299707846502901498e-01 2.906706903761706040e-01 1.605909963075109748e-01 0.000000000000000000e+00
5.000000000000000000e+00 4.239795471158405160e-01 4.688483589192390943e-01 2.041260912788622484e-01 1.161344704271601719e-01 3.305741369529163198e-01 3.801323932102451675e-01 2.697521443094555993e-01 1.088857212450414225e-01 0.000000000000000000e+00
5.500000000000000000e+00 3.340317763535272100e-01 3.586409637528207295e-01 1.393466180630779927e-01 7.113067545701154404e-02 2.703792290538234444e-01 3.092537531636490034e-01 3.050745127095899623e-01 3.299858493211205862e-02 0.000000000000000000e+00
6.000000000000000000e+00 2.950272357424715830e-01 2.516565126361867133e-01 1.985089263918883573e-01 1.535548131594202670e-02 2.147563358473750517e-01 2.281553958925044423e-01 3.343195307465618438e-01 -2.210600499561806917e-03 0.000000000000000000e+00
6.500000000000000000e+00 2.684857168002619532e-01 1.730587627893236391e-01 2.783690319102704036e-01 -6.065980837361868022e-02 1.467921863339664845e-01 2.157086328176751056e-01 3.743652835214368313e-01 1.226418718356486748e-01 0.000000000000000000e+00
7.000000000000000000e+00 1.894649616946734727e-01 7.957042673544392763e-02 3.544213097716644723e-01 -7.726927520501734870e-02 5.108404721977959084e-02 1.192459114785427154e-01 3.856232827429234566e-01 2.597729283738836603e-01 0.000000000000000000e+00
7.500000000000000000e+00 2.035808980631656218e-01 -1.190251265984687556e-02 4.410129527970497176e-01 -1.266926028720490871e-01 -1.248113762585888048e-01 3.119516613095362628e-02 3.084052840882114399e-01 2.788741914712989933e-01 0.000000000000000000e+00
8.000000000000000000e+00 1.773056557336762096e-01 -1.016403477815458756e-01 3.802665338892823321e-01 -8.285959463284346682e-02 -2.084695404125073426e-01 -9.261064256218601298e-02 2.040749497140493807e-01 2.235065443190181744e-01 0.000000000000000000e+00
8.500000000000000000e+00 2.517915441331805004e-01 -1.265152097549268329e-01 3.613859498571640461e-01 -1.343708663715482143e-01 -2.697860170572604077e-01 -1.180696487870013245e-01 7.848745618814381708e-02 1.316513590172878057e-01 0.000000000000000000e+00
9.000000000000000000e+00 2.806971474164049463e-01 -2.370294681430734351e-01 2.420430353495859888e-01 -2.712417191523350257e-01 -4.079590311377216949e-01 -2.502366502646263813e-01 -2.781018804905087682e-01 -1.029119663241592486e-01 0.000000000000000000e+00
9.500000000000000000e+00 2.482267149434009834e-01 -3.530962346483007552e-01 2.727206457968144315e-01 -4.976109258256677936e-01 -5.842729172312205455e-01 -3.172411054050762180e-01 -4.522203802961404229e-01 -1.137117888236015562e-01 0.000000000000000000e+00
1.000000000000000000e+01 4.189158306905124696e-02 -5.090604937500095017e-01 2.337403131559418479e-01 -6.442812208279659059e-01 -7.249881557947495114e-01 -3.671280952324642577e-01 -6.132618620849863422e-01 -7.555218815468933702e-02 0.000000000000000000e+00
1.050000000000000000e+01 -2.058168743950086199e-01 -5.338040761438198611e-01 2.189110998655418305e-01 -6.852446453535783188e-01 -6.023889956973196291e-01 -4.404738694827582401e-01 -5.267890304913455113e-01 -4.098683482843035880e-02 0.000000000000000000e+00
1.100000000000000000e+01 -4.973911224291781563e-01 -5.419161402352334900e-01 6.080652241467167374e-02 -6.507033398520268852e-01 -4.559446458087560439e-01 -5.103425589911654292e-01 -4.467914833471935965e-01 1.672489239299694563e-02 0.000000000000000000e+00
1.150000000000000000e+01 -6.669864078514802230e-01 -5.161800983511013463e-01 -1.065205533394257900e-02 -5.047433517671575665e-01 -2.756259132295345582e-01 -5.867425593553706742e-01 -4.042724238899942923e-01 5.274853134141924138e-02 0.000000000000000000e+00
1.200000000000000000e+01 -6.666356724335804618e-01 -3.608151223440727584e-01 -1.680035795879546712e-01 -1.878204446388302418e-01 2.078761710661165482e-02 -6.037744652781691368e-01 -3.139506200022036397e-01 -1.144406448316121205e-01 0.000000000000000000e+00
1.250000000000000000e+01 -5.683317229469206922e-01 -3.188292708307033929e-01 -2.903431211565735692e-01 6.581206297987483855e-02 1.965131316885225243e-01 -6.599120174376701398e-01 -2.966839157960629580e-01 -2.657496155336240840e-01 0.000000000000000000e+00
1.300000000000000000e+01 -5.220894820842342243e-01 -3.433278663688461574e-01 -4.388863969303293810e-01 1.407343455834021151e-01 2.111871684192426213e-01 -6.863332025200703512e-01 -3.408474434215938986e-01 -3.495592302481159708e-01 0.000000000000000000e+00
