# # time shift (tau) HDelta HGamma HeII4685 HBeta HeI5875 HAlpha HeI5015 OI8446
-1.000000000000000000e+01 9.675773917768804022e-03 1.746815025032499857e-01 2.727647344097122381e-02 1.305427528713125340e-01 -2.867061729831476002e-01 -2.143287914805697136e-01 -2.290483728203682179e-01 -4.107972002794605532e-02
-9.000000000000000000e+00 -1.782262290577615316e-01 5.717994345220454855e-02 -1.285034872945758633e-01 9.184930509776254026e-02 -3.126090675577566924e-01 -1.143527818659895307e-01 -2.345170836011866711e-01 1.042785679109679148e-01
-8.000000000000000000e+00 -2.726499746465554930e-01 -3.792674017066844511e-02 -1.957320855795701559e-02 -6.655137581651282552e-02 -3.431144216150682769e-01 -2.254496788834799426e-01 -3.860884241736927125e-01 -5.313097838329126910e-02
-7.000000000000000000e+00 -2.494323734434178430e-01 -8.759945964054187406e-02 1.569351154419345029e-01 -1.817438540482901321e-01 -3.879711030019900586e-01 -2.707442975228505078e-01 -4.906466697321717474e-01 -1.942300255106959861e-01
-6.000000000000000000e+00 -9.766480284856937644e-03 5.212683146663768530e-02 3.838884457370135284e-01 4.901691068814398311e-03 -1.429601464498483354e-01 -1.754880965833772177e-01 -4.656111758445622972e-01 -1.036629583894275314e-01
-5.000000000000000000e+00 1.644220180900375916e-01 1.659806084178609142e-01 4.778527920231918635e-01 2.223393565226550184e-01 -3.026730566208077344e-02 -1.198443909614446690e-01 -4.419872621748305308e-01 -1.334194926020612071e-01
-4.000000000000000000e+00 2.378322211981747092e-01 2.520888734665278630e-01 4.370838166551179738e-01 3.776137068853878676e-01 -8.045724330568423954e-03 -7.470059846187455943e-02 -5.120195671730075615e-01 -4.797337952973433628e-02
-3.000000000000000000e+00 2.610106611306033941e-01 2.848044936397278182e-01 3.659764441083436237e-01 4.830852039034869705e-01 3.237844895513775079e-01 1.331414341594966411e-01 -3.830512420610058810e-01 1.938592518322363734e-01
-2.000000000000000000e+00 4.684988165405867822e-01 3.688735700096399395e-01 5.077268180242142659e-01 5.131934338647217153e-01 4.207980684124140724e-01 2.330854610354970435e-01 -3.987529078177432518e-01 1.200287597451521748e-01
-1.000000000000000000e+00 6.143594573156638816e-01 5.094064388292963708e-01 6.445220598248302402e-01 5.769139163386211022e-01 5.245492991298852381e-01 3.690906886057031544e-01 -3.717720352060900346e-01 2.004073963864078378e-01
0.000000000000000000e+00 7.679135973512856150e-01 6.967841997498096518e-01 8.219553761885453058e-01 7.063322750736729105e-01 6.726967013149213193e-01 5.889309486988951736e-01 -7.902668414169644606e-03 3.591392905481716191e-01
1.000000000000000000e+00 8.532259941073362386e-01 7.877601986271521861e-01 7.901638720863822796e-01 7.593239060719236821e-01 6.599281754327861460e-01 6.101895266622283653e-01 -2.015531521887466149e-02 3.635538516447549551e-01
2.000000000000000000e+00 8.411617843334620037e-01 8.549347784519403248e-01 6.527684887664906288e-01 8.241106518676966086e-01 6.866218207912699878e-01 6.128587121257188519e-01 -5.832548811101787023e-02 4.619987980199989908e-01
3.000000000000000000e+00 6.431618590149468240e-01 7.863892085185695269e-01 2.921264561229828249e-01 8.890436252027904551e-01 7.611815304976194962e-01 6.746225183600442765e-01 4.434580735786077671e-02 5.393761780860439892e-01
4.000000000000000000e+00 4.862514054953006593e-01 4.638073418981199514e-01 1.425863237238473580e-01 7.007784331563978730e-01 5.990915611939354735e-01 5.288012776344213073e-01 -1.564195805908788484e-03 4.256313964109010861e-01
5.000000000000000000e+00 5.047467945383078414e-01 4.577004957197807755e-01 2.808087568641720044e-01 6.445444282451953111e-01 5.408485912318127253e-01 6.396833319589414479e-01 6.162407636279126910e-02 4.868541810608871812e-01
6.000000000000000000e+00 5.179192767530276242e-01 4.286480904872930209e-01 4.535666105128050019e-01 5.133466386894941502e-01 3.716630886005884982e-01 4.762542910719707590e-01 4.386653944907046437e-02 3.055473519055469378e-01
7.000000000000000000e+00 5.720478190985283096e-01 5.053429322341971286e-01 5.154937731604682938e-01 3.975165441499237673e-01 2.938294380014510043e-01 3.027587696470913636e-01 2.351941584958107748e-02 1.945107036515909826e-01
8.000000000000000000e+00 4.574268193560717122e-01 5.814236232123624060e-01 3.965291791482189465e-01 4.389198445976882912e-01 1.959028544767636992e-01 1.787794408798973056e-01 5.801682152259963338e-02 4.327078277193865397e-01
9.000000000000000000e+00 2.715778317084882598e-01 2.244750514559072374e-01 3.633689020363811695e-02 2.382953600366496949e-01 9.400941829751885415e-02 -3.792604080811146083e-02 -1.169558413734827218e-01 1.344297817551674545e-01
1.000000000000000000e+01 -4.041334859746002761e-02 -9.163425214666694185e-02 -1.974392930413665925e-01 2.253667021384425651e-02 -3.966794080498055319e-02 2.700061682917022365e-02 -1.687754660947046736e-01 -4.952997688219078209e-02
1.100000000000000000e+01 -1.163095359806527174e-01 -8.819124543892954693e-02 -2.181465400420248280e-01 1.554158319861609697e-02 -8.218450823135020622e-03 2.481961886619238611e-01 -5.670385923693406494e-02 1.273357448785398527e-01
1.200000000000000000e+01 -7.642905813944729509e-02 -7.822782097760688780e-02 -6.139805030161324742e-03 -1.413956650429646356e-01 1.838679916847139190e-03 2.305853239702593260e-01 5.905760700164555677e-02 5.378636132121333846e-03
1.300000000000000000e+01 -3.614434174828604074e-02 4.728285993717377955e-02 2.734945264936128329e-01 -1.440573179779235380e-01 -8.157156629901636535e-02 5.513762034368942244e-02 -3.140865247547671157e-01 9.224915310215289765e-02
1.400000000000000000e+01 2.717829607489107013e-02 -2.190280252747907330e-02 3.340686946593394713e-01 -5.588689705924353157e-02 4.424792190331392622e-02 -2.591223257328032492e-01 -3.065597478643937168e-01 -1.347087252846722871e-01
1.500000000000000000e+01 2.971866301402201205e-02 -9.035178250061838556e-02 4.963558567845002822e-01 1.699427857564926592e-02 8.505088577609307143e-02 -3.799193792807570857e-01 -3.387375892824521229e-01 -3.410154623806828100e-01
