# # time shift (tau) UVW2 Cont1150_not_optical_calibrated LyAlpha_not_optical_calibrated HBeta_not_optical_calibrated OI8446_not_optical_calibrated Cont1460_not_optical_calibrated
-1.000000000000000000e+01 -4.758158409317352344e-01 -2.432079327541651903e-01 9.530480728060751472e-03 4.259947139501820690e-01 5.639663284233156215e-01 -1.773515066081528813e-01
-9.500000000000000000e+00 -4.334254343163570500e-01 -1.730087317340989750e-01 -2.929284045301396022e-02 3.761289803716759694e-01 6.582415024311496499e-01 -9.347550101498719455e-02
-9.000000000000000000e+00 -4.708269375741748752e-01 -1.340111730749722341e-01 -1.185045115278144656e-01 2.564578075485800523e-01 5.609775259088535249e-01 -4.894312382646572035e-02
-8.500000000000000000e+00 -3.884004758791644862e-01 1.714446547426856995e-02 -3.356073808130546898e-02 2.356527582778485397e-01 6.166547024709521096e-01 1.220551000680204223e-01
-8.000000000000000000e+00 -2.756150373008182664e-01 1.018945814419150442e-01 -1.428706894996515861e-02 1.966223154207188961e-01 4.598546915858655604e-01 1.971572557927158964e-01
-7.500000000000000000e+00 -5.971137341120838493e-02 2.165839780747897403e-01 1.249065444273376735e-01 2.430886918845944211e-01 3.624350374078210146e-01 3.278676675599458412e-01
-7.000000000000000000e+00 1.174704803583132978e-01 2.331938402460583259e-01 1.760516893540233774e-01 2.904242569489458581e-01 2.189147759124788761e-01 3.488956102195351350e-01
-6.500000000000000000e+00 2.034121194836462365e-01 2.881748115011785738e-01 3.062591493827397371e-01 4.401032306389121018e-01 3.743153551291776293e-01 4.043488466313708285e-01
-6.000000000000000000e+00 2.113708491432449987e-01 2.710311421351110361e-01 3.142686382496147068e-01 4.461605809162845770e-01 3.160524351212261052e-01 3.909039097509503513e-01
-5.500000000000000000e+00 2.011858876370594129e-01 3.222514549639109438e-01 3.346296999228227653e-01 4.838024101672954713e-01 3.137036324980699842e-01 4.157256059655320968e-01
-5.000000000000000000e+00 2.289912962261398954e-01 2.897252728530800292e-01 2.364637131467085540e-01 4.019027510080644960e-01 1.433263274806826360e-01 3.618540112338994863e-01
-4.500000000000000000e+00 2.820616296833062808e-01 2.343519604583723659e-01 1.689923804039747401e-01 3.773343118137592045e-01 1.397461681209794526e-01 2.827541617189762158e-01
-4.000000000000000000e+00 2.716277166217386241e-01 1.829171811468646713e-01 7.153322185250074461e-02 2.990452962906423595e-01 6.728133046911258242e-02 2.194866142636127671e-01
-3.500000000000000000e+00 3.275578251896729132e-01 2.569796606845830000e-01 9.737330146480630000e-02 2.993996644844154065e-01 8.122645767735235667e-02 2.690671679774823688e-01
-3.000000000000000000e+00 3.519474911214340862e-01 3.230908225105554310e-01 4.491383098483400088e-02 2.224699992915694091e-01 4.703114273474978679e-02 3.161174856473202843e-01
-2.500000000000000000e+00 4.538312681864416498e-01 4.721513893712893095e-01 7.929487249934663584e-02 2.198368009111454913e-01 -3.145352716826863015e-02 4.558079552167676463e-01
-2.000000000000000000e+00 5.640251887273703968e-01 5.660127622618920107e-01 1.255078037310419503e-01 1.850484507605006101e-01 -1.034519389618001328e-01 5.517443339295723392e-01
-1.500000000000000000e+00 6.577927870386319764e-01 7.331074318532513345e-01 2.846396682229402897e-01 3.219240953656439808e-01 5.845554234761984186e-02 7.192022761637766326e-01
-1.000000000000000000e+00 7.824804897714370266e-01 8.194410083819412272e-01 4.074015052401382952e-01 3.998224558337661327e-01 1.616562627758736936e-01 8.184411685389118007e-01
-5.000000000000000000e-01 8.657827388176480010e-01 9.515987471095486150e-01 5.874936251335132198e-01 5.383294779833821542e-01 3.240101860031778802e-01 9.539281833649799758e-01
0.000000000000000000e+00 9.389580477721702900e-01 9.793797674988374835e-01 7.090456113231086155e-01 6.040870809509720774e-01 3.717600675181402248e-01 1.000000000000000000e+00
5.000000000000000000e-01 9.216813374536381165e-01 9.122476065927549449e-01 8.196795090271375983e-01 7.197262999091353919e-01 4.267995660988994078e-01 9.539281833649799758e-01
1.000000000000000000e+00 8.427694512652859071e-01 7.469518479726118265e-01 8.683366946051991331e-01 7.559329519747026715e-01 4.026113963791043693e-01 8.184411685389118007e-01
1.500000000000000000e+00 7.426624023627766968e-01 6.287579247304236896e-01 9.032025744933925848e-01 8.082606259036493324e-01 4.694571068770873046e-01 7.192022761637766326e-01
2.000000000000000000e+00 6.169629525662797542e-01 4.472423006958490266e-01 8.300561991727433142e-01 7.321317096067792018e-01 3.964598572167371549e-01 5.517443339295723392e-01
2.500000000000000000e+00 4.753428792345703591e-01 3.672000209263305281e-01 7.481160123194039446e-01 7.370142047779282279e-01 4.541791336133940149e-01 4.558079552167676463e-01
3.000000000000000000e+00 4.169820280442540494e-01 2.463996063104638423e-01 5.794958742097182647e-01 6.217413456557139284e-01 3.178959026608507710e-01 3.161174856473202843e-01
3.500000000000000000e+00 3.054685226306370627e-01 1.998591230737426505e-01 5.446758125859001431e-01 5.253426208912765905e-01 2.950554036603215691e-01 2.690671679774823688e-01
4.000000000000000000e+00 3.795325112458539651e-01 1.557877789096666632e-01 4.631142649065383976e-01 3.415837414071952738e-01 1.523102103530058482e-01 2.194866142636127671e-01
4.500000000000000000e+00 3.728975400576154398e-01 2.156559559774312018e-01 4.514388099983975833e-01 3.431964141065303453e-01 1.923568679400719517e-01 2.827541617189762158e-01
5.000000000000000000e+00 4.579999400068783810e-01 3.030483463677964284e-01 4.609468215384616707e-01 3.682335084685914306e-01 2.118615279347385305e-01 3.618540112338994863e-01
5.500000000000000000e+00 3.976664284104977076e-01 3.692294900232379051e-01 4.799047602668288226e-01 4.309211441666562226e-01 2.082727821136317881e-01 4.157256059655320968e-01
6.000000000000000000e+00 4.238033977386004292e-01 3.548071179963798727e-01 4.403140652433785718e-01 3.706830751249555189e-01 1.078213327486904072e-01 3.909039097509503513e-01
6.500000000000000000e+00 3.615143087561989432e-01 3.907607682094335066e-01 3.896889245911115962e-01 3.638024858269010009e-01 1.783363579589051506e-01 4.043488466313708285e-01
7.000000000000000000e+00 3.472818830659800682e-01 3.603963502198049840e-01 2.809847190704203856e-01 3.357912726915787127e-01 2.278059418624873156e-01 3.488956102195351350e-01
7.500000000000000000e+00 2.730175862616966431e-01 3.570238711574229562e-01 2.584860666975946075e-01 4.581437006920154875e-01 4.810638292440879704e-01 3.278676675599458412e-01
8.000000000000000000e+00 1.452778723384025583e-01 2.534159503302951810e-01 1.615513189674945838e-01 4.804210387649896496e-01 5.463953599058937183e-01 1.971572557927158964e-01
8.500000000000000000e+00 7.336763208372298894e-02 1.890891829283039560e-01 1.369363820778701224e-01 5.380803360227743859e-01 5.913584489884531337e-01 1.220551000680204223e-01
9.000000000000000000e+00 -7.972989308998150448e-02 1.578032540218192448e-02 4.455699763276712438e-02 4.730523810082856162e-01 4.600239399568694099e-01 -4.894312382646572035e-02
9.500000000000000000e+00 -1.424529917836360182e-01 -7.222887502958325046e-02 4.065783159742063224e-02 4.373395767973095039e-01 4.493592445397376900e-01 -9.347550101498719455e-02
1.000000000000000000e+01 -2.126029575204943511e-01 -1.925254243909678142e-01 -8.222502554678445819e-02 3.125363557612011456e-01 3.647336145830558651e-01 -1.773515066081528813e-01
1.050000000000000000e+01 -2.863921516240391929e-01 -1.389283416975519714e-01 -1.088531186504785586e-01 2.345199522856777907e-01 3.686571841015159889e-01 -1.057265036812796155e-01
1.100000000000000000e+01 -2.757030585501667463e-01 -9.085015717542443969e-02 -2.120212880365743291e-01 -5.536453717185444920e-03 2.413713021647037882e-01 -6.015104618219999089e-02
1.150000000000000000e+01 -2.386880313450745750e-01 -1.083217443002063712e-02 -2.054665509704594606e-01 -2.266497622020033353e-01 -2.029501350163220169e-02 3.119016084535562727e-02
1.200000000000000000e+01 -1.570633289337211302e-01 -4.165921640658033082e-02 -1.961530004914455450e-01 -4.670538123889344528e-01 -8.814751056720307454e-02 4.019189775550480181e-02
1.250000000000000000e+01 -1.044110436885215265e-01 -6.862467937084837377e-02 -6.451601352160357683e-02 -4.694003093727947551e-01 -7.228242705002696500e-02 5.757637168459584648e-02
1.300000000000000000e+01 -1.718098178739782544e-01 -1.804224421871856721e-01 -7.400214216583253513e-02 -4.933458344415512786e-01 -1.351069799042976249e-01 -3.415771531874236405e-02
1.350000000000000000e+01 -1.410899498310071443e-01 -1.252963473927930227e-01 -7.168163849829389811e-02 -3.993605710011152166e-01 -2.952774498751714605e-01 -3.804385218571560562e-02
1.400000000000000000e+01 -1.694093733890759679e-01 -1.605038989527565740e-01 -1.512038710058525026e-01 -3.802400453139785919e-01 -4.868766183768317157e-01 -1.650526165388453981e-01
1.450000000000000000e+01 -2.795614135454969201e-02 -6.701078326232176585e-02 -1.316668669545167092e-01 -2.931999397618526570e-01 -5.233543217486664734e-01 -1.646429667575715072e-01
1.500000000000000000e+01 9.385482980832846045e-02 -5.011556894106344862e-02 -1.368356741462908588e-01 -2.397261993608883479e-01 -5.017855556359757108e-01 -2.508204860140318404e-01
