# # time shift (tau) HDelta HGamma HeII4685 HBeta HeI5875 HAlpha HeI5015 OI8446 HeI4471 HeI7065 OIII5007 LyALpha
-5.000000000000000000e+00 1.881738400128622757e-01 2.112085566221754140e-01 3.631248421401984672e-01 2.813889767076109272e-01 -5.714013524671021638e-02 -6.040884548421891764e-02 -2.359762616138870728e-01 7.669405118025510171e-02 -2.325492216470124995e-01 2.287023325983226218e-01 -2.972368317991266884e-01 1.553254236038575375e-01
-4.500000000000000000e+00 1.254994276620215732e-01 1.969840990722545315e-01 2.694198669200960072e-01 3.447962291535596746e-01 -8.946454293033942462e-02 -4.078027168341791242e-02 -2.670176842364775371e-01 1.135286779136434193e-01 -1.467322890922822809e-01 3.083921232643636601e-01 -3.221734862102045849e-01 1.151549260903833721e-01
-4.000000000000000000e+00 1.297702056038142066e-02 1.454109030889250698e-01 1.622970376823952288e-01 3.227701041620376077e-01 -1.495783504893516969e-01 -8.295952253987737279e-02 -2.137207374838558105e-01 1.005292220243505924e-01 -4.593170855393249874e-02 3.446492574679491661e-01 -2.624726948128588977e-01 3.515754480183157921e-02
-3.500000000000000000e+00 -1.682913056305197080e-02 9.380756158322779703e-02 1.300244722190835311e-01 3.307355053869528994e-01 -7.902023089895543473e-02 -4.349443176612670381e-02 -3.452207955258932426e-01 9.661869442762655025e-02 1.443988763642203507e-02 2.997350115252130909e-01 -3.859791158179002313e-01 7.488797852430703617e-02
-3.000000000000000000e+00 -1.285450439528490196e-01 -3.954368040111350818e-02 6.082012852389630242e-02 2.110131480798731196e-01 -6.901364507247570446e-02 -9.869620636573042671e-02 -3.854991996810477328e-01 3.027827378383713547e-02 9.234651631443113046e-03 1.343603763071575530e-01 -4.296331962815596039e-01 1.695490815518095953e-02
-2.500000000000000000e+00 -8.026661864794044920e-02 -3.058444560474047474e-02 8.272064234159078044e-02 2.015293311762808570e-01 5.629183257594819190e-02 -3.724460188088228596e-02 -4.836207492369081207e-01 -3.768471349010835830e-02 -6.255176730517716943e-02 4.073106806248937006e-02 -5.819530174069428297e-01 6.084203628564641142e-02
-2.000000000000000000e+00 -2.349422291424356490e-02 -4.695781269964196397e-02 1.206422193722069824e-01 1.372355454918759432e-01 7.287613899348754920e-02 -4.819861573448104564e-02 -5.196247853436726238e-01 -1.312680095910881972e-01 -1.399850842447399324e-01 -6.356435573272843642e-02 -6.138647324257832105e-01 1.002658303743846485e-01
-1.500000000000000000e+00 1.432941282345372436e-01 1.073304617325288313e-01 3.068503521765765241e-01 2.289437473871253070e-01 1.624924879073091910e-01 5.014293017540134151e-02 -5.457535532842981985e-01 -3.184367106403184627e-02 -9.920614672130549649e-02 -1.099230982733420819e-01 -7.115408608650068967e-01 2.521758334937327928e-01
-1.000000000000000000e+00 2.775074977281788979e-01 1.968089470431127475e-01 4.397427504896070927e-01 2.552693560946612816e-01 2.306920596828913317e-01 6.937514601669104997e-02 -4.565505842343301479e-01 -1.420945937078463978e-02 -1.406506857100994212e-01 -1.911381729940757057e-01 -6.423391614586007048e-01 3.510325529057845562e-01
-5.000000000000000000e-01 4.449455175254276584e-01 3.651574233973241546e-01 6.437633268076972115e-01 3.747327597116901776e-01 3.627540205217382185e-01 2.404202829866133317e-01 -3.887453646455530376e-01 8.935178558607786981e-02 -5.976500410575051603e-02 -1.632061793228716251e-01 -6.712780417077138795e-01 5.299649675319195730e-01
0.000000000000000000e+00 5.808708860861510059e-01 4.898510768473372523e-01 7.782690153787074072e-01 4.503629302657361499e-01 4.449115321710992998e-01 3.381357944146701766e-01 -1.797887392970564102e-01 1.251982840120401397e-01 5.735272671767067260e-02 -1.308746473321588943e-01 -4.423346962153661410e-01 6.476847019219070800e-01
5.000000000000000000e-01 7.033476718983668885e-01 6.024349610978863012e-01 8.660592247776464081e-01 5.321073933712241466e-01 4.927116240102791256e-01 4.045217058728609594e-01 -1.334941618798908824e-01 1.474401138004937384e-01 1.604533284012436278e-01 7.463582401542613598e-02 -4.554057876498158741e-01 7.422998225737129641e-01
1.000000000000000000e+00 7.854345678481873261e-01 6.773001012859529713e-01 8.682063840265736854e-01 5.692542791629728871e-01 4.894835815245710542e-01 4.093129903266152780e-01 -4.821969682727851592e-02 1.461503695435201478e-01 2.088811465361535002e-01 2.701931489036201173e-01 -3.369572931526315651e-01 7.749930451605215875e-01
1.500000000000000000e+00 8.411539708622647327e-01 7.796783243478043746e-01 8.821688988613175519e-01 6.961831482540470351e-01 6.119708674048087715e-01 5.180943211017849936e-01 9.143665822672208954e-02 2.537415494017808415e-01 4.463186081318866738e-01 4.489052580156785432e-01 -2.348875297916416804e-01 8.537551542713541775e-01
2.000000000000000000e+00 8.076504436810314491e-01 8.044154562048417834e-01 7.613304356081859181e-01 7.310749668917431165e-01 6.675333255781610298e-01 5.505188517234889112e-01 1.168346752829273610e-01 3.017084060852011085e-01 5.264391702292625652e-01 5.731706566342187337e-01 -1.555565933826671132e-01 8.361238473919275771e-01
2.500000000000000000e+00 7.644669927038093560e-01 8.260532370623963061e-01 6.078833643566003975e-01 8.110663172913084029e-01 7.679439005175119348e-01 6.613151690149006168e-01 2.065504290980304802e-01 4.199345586665733654e-01 5.456868626075288553e-01 6.703571296466170892e-01 -8.893130866097627429e-02 7.968676184525638195e-01
3.000000000000000000e+00 6.375527920566373963e-01 7.490390328921697760e-01 3.583629524856863924e-01 7.997782492912293151e-01 7.652019910279876935e-01 6.573775711777798403e-01 2.068987670649473365e-01 4.128394096491635468e-01 4.099333576056843897e-01 6.810714353395154186e-01 -6.078256978762746482e-02 6.748145284709141656e-01
3.500000000000000000e+00 5.977798476516791304e-01 6.776299665960896501e-01 2.505494382887140103e-01 7.595212764317673670e-01 7.725656892122869657e-01 6.774914352590430955e-01 2.492285149270956623e-01 4.806339704371297428e-01 3.805699934843277954e-01 6.353410900979441500e-01 -6.022202580914927383e-02 6.686779981526271843e-01
4.000000000000000000e+00 4.976069545456819898e-01 5.354693046350220698e-01 1.424048464771747735e-01 6.506630181929378143e-01 6.937276412399582259e-01 6.193793529492011007e-01 2.308087636415883659e-01 4.124645988190883683e-01 2.312685037806643251e-01 5.243808308829300824e-01 -7.295719678493332860e-02 6.144411561474395489e-01
4.500000000000000000e+00 4.707048494701412400e-01 5.198730877112788251e-01 1.641189361557858495e-01 6.515126772983949044e-01 6.844904648247821521e-01 6.859381289965706952e-01 3.081643923734198598e-01 4.520411656720167981e-01 1.595163792829262794e-01 4.581691890280967794e-01 -3.088200154684101612e-03 6.151881999440438342e-01
5.000000000000000000e+00 4.511004272968320850e-01 4.706191265666382906e-01 2.414358713934164624e-01 6.017593777768821539e-01 6.011982214348384757e-01 6.827054628229973776e-01 3.268487066440089461e-01 4.008681647885187216e-01 9.705777800477696782e-02 2.727794662856752872e-01 5.016760970795147018e-02 5.901428251637416134e-01
5.500000000000000000e+00 4.912211719048009684e-01 4.551923643027249167e-01 3.500154896805457438e-01 5.770204258511226758e-01 5.104019462898901072e-01 6.249255399029105540e-01 3.233222722146622541e-01 3.765324795120475465e-01 1.411654302657231741e-01 1.622465065905506765e-01 8.062978463537037732e-02 5.626936300856995032e-01
6.000000000000000000e+00 5.256720358192153997e-01 4.257941321632848775e-01 4.118973187212297549e-01 4.857245459045189673e-01 3.995029026897936042e-01 5.109331125883921354e-01 2.478609483434690008e-01 2.844159534936093192e-01 1.113786133529033606e-01 1.121046924431571834e-01 6.326925544081073161e-02 5.008324989098288382e-01
6.500000000000000000e+00 5.732216075501967989e-01 4.719998659111640515e-01 4.630243661290079915e-01 4.704155781903203715e-01 3.626267351253462667e-01 4.744046844786197203e-01 2.143930229441523561e-01 3.534642838625793315e-01 2.411553688621785319e-01 1.678590048629272427e-02 5.762310401486855221e-02 4.459439375638645231e-01
7.000000000000000000e+00 5.621893857754757251e-01 5.350404225601664843e-01 4.709026409303654903e-01 4.662427000818245015e-01 3.220706492361208317e-01 4.196750777961709700e-01 2.236123473858900867e-01 4.212602284941993069e-01 3.767072893187229932e-01 1.301914257188666567e-03 1.107507339700075921e-01 3.484895878846293593e-01
7.500000000000000000e+00 5.486327769055380221e-01 5.865182850793455582e-01 4.750799716197344202e-01 5.310830377742210562e-01 3.151528562292811309e-01 3.920050266042318654e-01 3.253720746129827313e-01 5.955849534800959910e-01 6.158259556733542972e-01 -2.429760706983088991e-02 2.522500474604694731e-01 3.020453039920537042e-01
8.000000000000000000e+00 4.626501100048484583e-01 5.072005085847735018e-01 3.538582015962816185e-01 4.684436536008276253e-01 2.387711961834718954e-01 2.430217603928020165e-01 3.091580328366648756e-01 5.570235215734005152e-01 7.095924360543174325e-01 -5.873679615266795551e-02 2.879552205837637713e-01 1.677398681355651566e-01
8.500000000000000000e+00 4.032578112425299621e-01 3.586944382518624241e-01 2.377374789936578525e-01 3.976763609519461951e-01 1.696861921816550378e-01 1.028786427936778936e-01 2.272222263339275239e-01 4.360995138440147412e-01 7.673718747443334376e-01 -1.551712490472608452e-01 2.081405528486298395e-01 7.641968047808617159e-02
9.000000000000000000e+00 2.809778033827562416e-01 1.714411410955473669e-01 3.771130060662540584e-02 2.617443434941011393e-01 7.766439178860659598e-02 -2.553498360316146243e-02 8.584171685948360775e-02 2.424969931424177660e-01 7.440136996648047951e-01 -1.664748339334679028e-01 7.333259782760585821e-02 -4.308580770660461884e-02
9.500000000000000000e+00 1.710462282091467223e-01 8.995582776713249851e-02 -9.116395492959095126e-02 2.186106864232393032e-01 4.497317348754113070e-02 4.971440808733646605e-03 1.254827727007289950e-01 1.558581145903384368e-01 6.737799334007006369e-01 -9.359218411703673635e-02 7.349518528303022880e-02 -5.032180835025854004e-02
1.000000000000000000e+01 -2.489438827862237164e-03 -4.091315340690124952e-02 -2.881595408737983588e-01 1.284277894114586038e-01 -1.838535481838465477e-02 3.989526889342670524e-02 1.367680016487026473e-01 1.083116942582160458e-01 4.454048614248733440e-01 6.320310784477514189e-03 8.960913004616678779e-02 -1.328881125621579895e-01
