# time shift (tau) 	 correlation coefficient 	 number of simulations: 10000	 FR: True	 RSS: True
-1.000000000000000000e+01 8.100000000000000000e+01
-9.000000000000000000e+00 6.080000000000000000e+02
-8.000000000000000000e+00 1.184000000000000000e+03
-7.000000000000000000e+00 5.890000000000000000e+02
-6.000000000000000000e+00 4.450000000000000000e+02
-5.000000000000000000e+00 4.150000000000000000e+02
-4.000000000000000000e+00 7.020000000000000000e+02
-3.000000000000000000e+00 5.220000000000000000e+02
-2.000000000000000000e+00 6.450000000000000000e+02
-1.000000000000000000e+00 6.250000000000000000e+02
0.000000000000000000e+00 8.340000000000000000e+02
1.000000000000000000e+00 6.460000000000000000e+02
2.000000000000000000e+00 5.630000000000000000e+02
3.000000000000000000e+00 4.010000000000000000e+02
4.000000000000000000e+00 3.220000000000000000e+02
5.000000000000000000e+00 2.490000000000000000e+02
6.000000000000000000e+00 1.670000000000000000e+02
7.000000000000000000e+00 1.440000000000000000e+02
8.000000000000000000e+00 1.350000000000000000e+02
9.000000000000000000e+00 6.200000000000000000e+01
1.000000000000000000e+01 1.290000000000000000e+02
1.100000000000000000e+01 4.100000000000000000e+01
1.200000000000000000e+01 2.700000000000000000e+01
1.300000000000000000e+01 2.300000000000000000e+01
1.400000000000000000e+01 1.800000000000000000e+02
1.500000000000000000e+01 2.610000000000000000e+02
