# # time shift (tau) HBeta_not_optical_calibrated LyAlpha_not_optical_calibrated OI8446_not_optical_calibrated
-1.000000000000000000e+01 2.796633163824251977e-01 -2.671456305000720066e-01 3.253898904738237174e-01
-9.000000000000000000e+00 4.102380128127635084e-01 1.249875678525699252e-01 5.598170925697338873e-01
-8.000000000000000000e+00 4.442602397360124189e-01 2.463959292768176657e-01 4.359375820978695359e-01
-7.000000000000000000e+00 3.413676646702634709e-01 2.309423974127181312e-01 1.276040478046228943e-01
-6.000000000000000000e+00 2.889906880356840624e-01 2.817716999738142936e-01 1.569746706442149142e-01
-5.000000000000000000e+00 2.112824580054262769e-01 3.267210738474529697e-01 -2.269444083089819722e-02
-4.000000000000000000e+00 1.792743399924028314e-01 1.804798435558769565e-01 -3.518599922535192714e-01
-3.000000000000000000e+00 2.186981982328432550e-01 3.106892033079937665e-01 -1.583949744322791023e-02
-2.000000000000000000e+00 4.030434246221757943e-01 4.730265026223463010e-01 2.135730664504146559e-01
-1.000000000000000000e+00 6.134062046322298345e-01 7.329973949400067079e-01 3.001044025693305195e-01
0.000000000000000000e+00 1.000000000000000000e+00 7.772302987630135274e-01 6.601505230016000425e-01
1.000000000000000000e+00 6.134062046322298345e-01 6.036613022142449658e-01 4.277200241882401777e-01
2.000000000000000000e+00 4.030434246221756833e-01 2.939614492984086169e-01 5.660654266578231120e-01
3.000000000000000000e+00 2.186981982328432550e-01 2.234331089512843760e-01 1.650154661872687278e-01
4.000000000000000000e+00 1.792743399924028591e-01 1.560032145464947673e-01 -4.700448797438760290e-02
5.000000000000000000e+00 2.112824580054263046e-01 1.879017154217836605e-01 1.160240864860267729e-01
6.000000000000000000e+00 2.889906880356840624e-01 9.584402466495185735e-02 1.373867597549094932e-01
7.000000000000000000e+00 3.413676646702634709e-01 2.848710953330692019e-01 2.218931524366974106e-01
8.000000000000000000e+00 4.442602397360124189e-01 3.137374835531552275e-01 2.699741023171958187e-01
9.000000000000000000e+00 4.102380128127635084e-01 1.810327100537780787e-01 6.604618510530493869e-02
1.000000000000000000e+01 2.796633163824252533e-01 2.753267592715963330e-01 4.308954668579028091e-01
1.100000000000000000e+01 -9.118614421544081472e-02 3.066978631500042463e-01 1.517017406814592517e-01
1.200000000000000000e+01 -1.328976560064232815e-01 3.398682516469547776e-01 -3.850188136345759071e-01
1.300000000000000000e+01 1.306123641427269777e-01 2.596520933051366109e-01 -2.600443537059125565e-01
1.400000000000000000e+01 2.596953494642155746e-01 1.333903993083050965e-01 1.049959209961416270e-02
1.500000000000000000e+01 4.033997212826723189e-01 4.171282695419092912e-01 2.784688541802572415e-01
