# time shift (tau) 	 correlation coefficient 	 number of simulations: 10000	 FR: True	 RSS: True
-1.000000000000000000e+01 6.900000000000000000e+01
-9.000000000000000000e+00 6.000000000000000000e+00
-8.000000000000000000e+00 6.600000000000000000e+01
-7.000000000000000000e+00 1.000000000000000000e+02
-6.000000000000000000e+00 4.500000000000000000e+01
-5.000000000000000000e+00 1.400000000000000000e+01
-4.000000000000000000e+00 2.000000000000000000e+00
-3.000000000000000000e+00 1.900000000000000000e+01
-2.000000000000000000e+00 1.000000000000000000e+00
-1.000000000000000000e+00 4.000000000000000000e+00
0.000000000000000000e+00 5.900000000000000000e+01
1.000000000000000000e+00 2.890000000000000000e+02
2.000000000000000000e+00 5.896000000000000000e+03
3.000000000000000000e+00 3.430000000000000000e+02
4.000000000000000000e+00 1.600000000000000000e+01
5.000000000000000000e+00 1.190000000000000000e+02
6.000000000000000000e+00 1.000000000000000000e+00
7.000000000000000000e+00 3.000000000000000000e+00
8.000000000000000000e+00 3.900000000000000000e+01
9.000000000000000000e+00 1.900000000000000000e+02
1.000000000000000000e+01 2.780000000000000000e+02
1.100000000000000000e+01 4.390000000000000000e+02
1.200000000000000000e+01 2.160000000000000000e+02
1.300000000000000000e+01 2.200000000000000000e+01
1.400000000000000000e+01 4.510000000000000000e+02
1.500000000000000000e+01 1.313000000000000000e+03
