# # time shift (tau) HDelta HGamma HeII4685 HBeta HeI5875 HAlpha HeI5015 OI8446 HeI4471 HeI7065 OIII5007 LyALpha
-5.000000000000000000e+00 -2.763139850765843758e-02 1.163014209838854895e-01 1.722772815204901831e-01 1.786842351265969242e-01 -1.711070242099415883e-01 -8.348562061975323134e-02 -2.675232809975793824e-01 1.671939681195874078e-02 -5.400227511171040023e-02 2.934708338475546241e-01 -3.253217460232862845e-01 6.893921891927548562e-02
-4.500000000000000000e+00 -1.279217688839474343e-01 -8.670232942394929393e-03 3.140440388563812274e-02 1.935444666460818253e-01 -1.825788150827692968e-01 -7.417151763315577018e-02 -2.954984919983534297e-01 -8.359918750380869457e-03 -8.771886400960368646e-03 3.208310427332423664e-01 -3.370071759451146454e-01 9.898036290031893281e-03
-4.000000000000000000e+00 -1.903376033161415237e-01 -1.272032267697953967e-01 -4.807036112674300393e-02 1.362710625540481946e-01 -1.811213395454363551e-01 -1.616242953369537716e-01 -2.904836414780517240e-01 -1.094492748184955344e-01 -3.664682050065065644e-03 2.640663280656887490e-01 -3.171848004027100210e-01 -4.734703656061927529e-02
-3.500000000000000000e+00 -2.393247860223483570e-01 -2.024376653607756482e-01 -5.931516727280553014e-02 7.803892174597847065e-02 -1.384347289332192033e-01 -1.501686385733587981e-01 -4.384191893463056378e-01 -1.750265962815435450e-01 -5.719115244662867359e-02 1.184413768628943403e-01 -4.641396673400913775e-01 -3.082674678531919371e-02
-3.000000000000000000e+00 -2.935505392134503122e-01 -2.603807702290894532e-01 -6.010816753796985323e-02 -2.765227713874994497e-02 -7.512841077961922298e-02 -1.570008542143904728e-01 -4.786583658770211525e-01 -1.857588346644764576e-01 -1.709959108254280880e-01 -1.226967040475220178e-01 -5.128357398718272897e-01 -4.595105117325710281e-02
-2.500000000000000000e+00 -9.001986523134458684e-02 -8.383760298214060214e-02 1.474399630048303100e-01 1.338577241029369203e-02 1.192944775859585138e-01 -5.614574127997227354e-02 -5.865227486970712167e-01 -1.630655040834024239e-01 -2.990221428660552183e-01 -2.134924744895997373e-01 -6.739874833334782434e-01 1.458803956626317233e-01
-2.000000000000000000e+00 1.254399793895324411e-01 4.669639398979389538e-02 3.266868393505414914e-01 2.961887769421540917e-02 2.278165422656718564e-01 1.245348427860108048e-02 -5.882307556758270550e-01 -1.140802754911657835e-01 -3.706395838206850701e-01 -2.666295518324051095e-01 -6.731150789145339264e-01 3.284602014706031747e-01
-1.500000000000000000e+00 3.451881907916627412e-01 2.539897264880416894e-01 5.558898761835248115e-01 1.770839245998189759e-01 3.578995029138685169e-01 1.102048012547471451e-01 -4.953500573536739338e-01 -6.960426255824411768e-02 -3.170166620098153754e-01 -2.284383077119602201e-01 -6.745343560847463227e-01 4.900660665214768841e-01
-1.000000000000000000e+00 5.351687082945193463e-01 3.809353273393921713e-01 6.862972903088014887e-01 2.771884904881438683e-01 4.129079259736884167e-01 1.320496510606635199e-01 -2.309068208933079958e-01 -1.051717822053223200e-01 -2.375086244478435415e-01 -1.818517658384332936e-01 -4.492464004995218585e-01 5.683864107539107202e-01
-5.000000000000000000e-01 7.201534938678868514e-01 5.940857194943163222e-01 9.158919979011983514e-01 4.810255181520663448e-01 5.049728264370891839e-01 3.131315508489677657e-01 -7.479465264953927273e-02 3.408042887202617638e-02 2.577853329529048235e-02 5.564993403781896830e-02 -3.678227621010173864e-01 7.564255735237888079e-01
0.000000000000000000e+00 7.989507579331019960e-01 7.057066436303571777e-01 1.000000000000000000e+00 5.766132009077746812e-01 5.098849962712839190e-01 3.954832470390350352e-01 7.167121074144824910e-02 1.140294854574705335e-01 2.700381059527517946e-01 2.251920812948404738e-01 -1.632864682570417392e-01 8.267504830202963007e-01
5.000000000000000000e-01 8.533667664256396890e-01 7.989419919270464021e-01 9.158919979011983514e-01 6.885521955996469767e-01 6.374989091091964877e-01 5.243733148879543560e-01 1.174615946947853845e-01 2.674823124509244643e-01 3.645536480635210297e-01 4.810866986815930391e-01 -1.554814805953310675e-01 8.287895188556488879e-01
1.000000000000000000e+00 8.201107824163054172e-01 7.986400833978675173e-01 6.862972903088014887e-01 7.256440833198405382e-01 6.596849484032402122e-01 5.581994538692226504e-01 1.386108733641579494e-01 3.431723633596739376e-01 3.624612051982887273e-01 6.112695780350045904e-01 -9.219072606101981482e-02 7.178593354832323303e-01
1.500000000000000000e+00 8.049714685294154792e-01 8.414214684387828491e-01 5.558898761835248115e-01 8.209438532854711479e-01 7.711895886688793222e-01 6.711795134413042208e-01 3.499142772073864371e-01 5.326595523083192951e-01 5.969222499582480523e-01 7.291554364169908764e-01 8.273581014197874117e-02 7.236999536603259120e-01
2.000000000000000000e+00 6.648316086901133737e-01 7.664645514156614992e-01 3.266868393505414914e-01 7.817868349302767861e-01 7.585687485168732813e-01 6.526148140150938026e-01 3.818925224528258999e-01 5.782963081617282786e-01 6.005196255105768044e-01 7.223652172516594749e-01 1.345850426663602883e-01 6.216340403783648938e-01
2.500000000000000000e+00 5.390241851222837832e-01 7.044641913262166266e-01 1.474399630048303100e-01 7.828452897377050634e-01 7.413906956073125221e-01 7.062908895054880176e-01 4.346905302441496088e-01 6.616916806804751250e-01 4.860765172190093519e-01 7.035801586706492694e-01 1.320282175168010774e-01 5.524581122713432269e-01
3.000000000000000000e+00 3.350671187905273074e-01 5.262945134352527976e-01 -6.010816753796982548e-02 6.903967945136557649e-01 6.098131612200163865e-01 6.413205621661635103e-01 3.551799294624131687e-01 5.745860909112237014e-01 2.622263879003556841e-01 5.121433330731857136e-01 6.720077845383821968e-02 3.970617620862819108e-01
3.500000000000000000e+00 3.031346401880370411e-01 3.796642300828869665e-01 -5.931516727280553014e-02 5.801148295436779900e-01 4.999057863626819032e-01 5.658135699045965250e-01 2.959390882054316885e-01 4.588419134476174888e-01 1.950525041700442164e-01 3.421437236524622616e-01 8.788150200691010466e-03 3.823595286876150245e-01
4.000000000000000000e+00 2.189964504334849238e-01 1.731945308074512579e-01 -4.807036112674298312e-02 3.671414530214346383e-01 3.275566928819444446e-01 3.957643922960483174e-01 1.520041253730718966e-01 2.026825556838479925e-01 -3.990941928676161599e-03 1.426586138461851672e-01 -8.043146965332959031e-02 3.071111976373581687e-01
4.500000000000000000e+00 2.326552305214443783e-01 2.022530031400172901e-01 3.140440388563810192e-02 3.636714179684947812e-01 3.021907698684738741e-01 4.356309753197342705e-01 1.663537790189085208e-01 2.734947340748932199e-01 -9.171511357288737731e-02 1.610615221629196903e-02 -5.332558356840927383e-02 2.768560350679352133e-01
5.000000000000000000e+00 2.421006901520743881e-01 2.356044235982817092e-01 1.722772815204901831e-01 3.464691884152079071e-01 2.349276825702079075e-01 4.371967218799949206e-01 1.768102249762641132e-01 3.123454620766831780e-01 -7.017883021827410472e-02 -1.238033285971286424e-01 3.417403699544116491e-03 2.407422706605611695e-01
5.500000000000000000e+00 2.908689629538385724e-01 2.744862541626010843e-01 3.305165601813133680e-01 3.527330681501655851e-01 1.050442605021429110e-01 3.620613572875685526e-01 1.665989020423002398e-01 4.146283565739488086e-01 1.233250968982221585e-01 -2.628500266863644796e-01 5.095043914942935098e-02 2.061942726437475670e-01
6.000000000000000000e+00 3.133496586153113883e-01 2.688250033537047390e-01 3.964258596347392527e-01 2.645031767202604134e-01 -2.058589580295219074e-02 2.058818942349348591e-01 8.333483275578382199e-02 3.540507740762525168e-01 2.023044600815216698e-01 -2.985337865333805296e-01 4.997005927888885368e-02 1.405837671084025076e-01
6.500000000000000000e+00 3.172094651112314923e-01 2.494453410194472087e-01 3.940335037954110220e-01 1.949470740013037051e-01 -7.133416761913805026e-02 5.773499769744946247e-02 -4.912385600646669570e-02 2.656634029445521517e-01 3.207999943900098350e-01 -4.052507771023631244e-01 -4.759357502366099585e-02 8.857533338305109694e-02
7.000000000000000000e+00 2.612377406345713360e-01 2.129213315375547144e-01 3.128532609150173061e-01 1.067050071390343302e-01 -9.802997304638633169e-02 -9.092567772591511610e-02 -1.850801941270134587e-01 1.526337868869356296e-01 4.015409307954806994e-01 -3.713974824643125894e-01 -1.474954274101850371e-01 3.416646717217079743e-03
7.500000000000000000e+00 1.986225495533711083e-01 1.909039102234031393e-01 2.737884474368492693e-01 1.492049103791348030e-01 -6.199045384131980641e-02 -1.569709197861722250e-01 -1.235122198158002532e-01 1.343926634034021406e-01 5.886260082684138251e-01 -2.730388380199848530e-01 -5.682483488793419607e-02 1.339102417310805704e-04
8.000000000000000000e+00 5.478615894979355777e-02 6.722363560102030677e-02 1.214537359542232353e-01 8.656935000805082714e-02 -7.119550128384341536e-02 -2.536557214336760957e-01 -1.476766521155893352e-01 3.619229831190695634e-02 5.839093857661918907e-01 -1.381171299598816515e-01 -2.712952136800383940e-02 -9.160848527463122393e-02
8.500000000000000000e+00 -8.760832640323528223e-03 -6.744272054258479421e-02 -1.315543592952914294e-02 7.723047977508895601e-02 -3.411924616301726526e-02 -2.519420504499987890e-01 -1.731847215627171643e-01 -7.386335299532931220e-02 4.520716410987211109e-01 -9.929072200504920898e-02 -1.209083674242159706e-01 -1.519673053783076044e-01
9.000000000000000000e+00 -7.463611874139862434e-02 -1.949052183596300947e-01 -1.944723693547895649e-01 3.540265921647917091e-02 -1.381377275393784465e-02 -1.884170405503565737e-01 -1.785485120374431800e-01 -1.401942905353054658e-01 2.705561444180737407e-01 -5.583294369030706444e-02 -2.079522323827914521e-01 -1.875268327467892182e-01
9.500000000000000000e+00 -1.044324299714117776e-01 -2.050767152423784156e-01 -2.492297994794335225e-01 -7.840663066897034239e-03 -3.542136011642291193e-02 -4.075625930055612467e-02 -1.547359404564414564e-01 -1.516142735882545778e-01 6.309663644705944263e-02 2.397076370569044268e-02 -3.053851288728702817e-01 -1.124310985914141192e-01
1.000000000000000000e+01 -1.309458445666150106e-01 -1.677837607956030874e-01 -2.665278047137681350e-01 -4.856969000738348141e-02 -5.054800877192025532e-02 1.291269588407500113e-01 -7.688210430514920424e-02 -8.170494472399361663e-02 -1.417041364122098024e-01 1.237322161876647508e-01 -3.300475837076763952e-01 -2.159330549944638716e-02
