# # time shift (tau) HDelta HGamma HeII4685 HBeta HeI5875 HAlpha HeI5015 OI8446 HeI4471 HeI7065 OIII5007 LyALpha
-5.000000000000000000e+00 1.263407555101089264e-01 3.139256999388563285e-01 1.232656478037275766e-01 5.143317749628801838e-01 5.148912726626768688e-01 3.536533918339794802e-01 -6.990248858975711688e-02 4.219619555843537873e-01 -2.475085566033116136e-01 3.025711280810937653e-01 -5.802169706983004160e-02 3.274826700229287457e-01
-4.500000000000000000e+00 8.668256444393852844e-02 1.466304075348280889e-01 3.308676372972700619e-02 3.439971090048051239e-01 3.979180975139492427e-01 2.740439037774199393e-01 -8.360986623581345700e-02 3.063515840689362002e-01 -1.797404950716687266e-01 1.807838007244980949e-01 -9.016702613799032484e-02 2.265845569154329442e-01
-4.000000000000000000e+00 1.563256575854896913e-01 -5.675320463620388972e-02 2.772737585978177210e-02 6.143607262310629702e-02 1.033064425034162237e-01 2.407357264247442924e-02 -3.803331703804338493e-02 -1.079244581844076845e-01 2.271207848822695552e-02 -6.338966523087981308e-02 -7.129906171607092169e-02 6.927748096285318846e-02
-3.500000000000000000e+00 3.228792490852376851e-01 2.550864523963480290e-01 3.083322903458661779e-01 2.536603228839183766e-01 2.672309753614771077e-01 1.620006610211031095e-01 -1.100329038471496157e-01 -5.864675584510756212e-02 4.780467604630092571e-02 6.850371714005433488e-02 -1.405547603992648720e-01 3.929096367330433548e-01
-3.000000000000000000e+00 2.687924862496551826e-01 3.949037253951730997e-01 3.999805589891690105e-01 2.431207049101407613e-01 2.956352996298747815e-01 2.537064096904450006e-01 -1.123800108806433107e-01 9.136089449061859935e-02 -2.908273090535697103e-02 1.496332537059053835e-01 -1.218766346158366709e-01 5.021863936788306670e-01
-2.500000000000000000e+00 4.085553347112770295e-01 4.363263097248964995e-01 4.542595409108746707e-01 4.197140927559039891e-01 4.600610267661787711e-01 2.471135264322230907e-01 -1.221367105415617493e-01 8.038719681829686881e-02 4.776426347186506216e-02 1.084981375542869719e-01 -2.162231292965769991e-01 4.449055623264181469e-01
-2.000000000000000000e+00 4.804634884027988440e-01 3.635473703172301674e-01 3.726284381686977842e-01 4.608520090559495297e-01 4.255017973596987302e-01 1.660005127743058861e-01 -8.926112525188731328e-02 5.450733549456889676e-02 1.249005356125588717e-01 6.280226565237140290e-02 -1.956923328859336286e-01 2.915464659883895138e-01
-1.500000000000000000e+00 6.436783829633790921e-01 5.487310664582347730e-01 5.112117884430609216e-01 5.964796870845339161e-01 5.304192791089253900e-01 3.491674185439778144e-01 1.081756351110338410e-01 2.490551058291404218e-01 2.630804904767687358e-01 1.058126729524093146e-01 -1.277624444926938052e-01 4.263374437298571573e-01
-1.000000000000000000e+00 6.018853797194771982e-01 5.395523630534748705e-01 4.629468141470593490e-01 5.182063768153268857e-01 4.309852285134037619e-01 3.584418437328141804e-01 2.418714421858426111e-01 2.412222845119114667e-01 2.768444063661540944e-01 9.607802360227168936e-02 1.187103306618620541e-02 3.806614133884935747e-01
-5.000000000000000000e-01 6.556857333017400702e-01 6.778088922598650701e-01 4.971833033592796269e-01 6.506463655787817491e-01 4.864800947728138425e-01 5.363222266708882469e-01 2.445795110133770767e-01 6.061242803039369464e-01 4.417907281175089684e-01 2.421434958409276750e-01 -4.931973611334775076e-02 4.841593640096839568e-01
0.000000000000000000e+00 5.289478735352157734e-01 6.144626037276781361e-01 3.913914897286113748e-01 5.957926505938969663e-01 4.045816649519953234e-01 5.255862764135248444e-01 1.479201134855209765e-01 7.131230830319337244e-01 4.013994989235018518e-01 2.383539990680965392e-01 -6.690820776412349791e-02 4.540962123016784036e-01
5.000000000000000000e-01 5.565001984277584413e-01 5.369604896473385569e-01 3.361793152864879231e-01 5.527060883966687932e-01 3.982999866985924564e-01 5.007901375148706702e-01 2.484626626531679094e-01 5.627955895498727434e-01 3.932882701461673514e-01 2.407198228328886747e-01 3.488194744029980005e-03 4.616705138664473074e-01
1.000000000000000000e+00 4.319355611878461509e-01 2.946615032730309225e-01 1.446979203392745605e-01 3.166249935922756387e-01 2.721716626307019715e-01 2.900665665770968404e-01 2.132436045751885390e-01 1.808123564561723295e-01 1.570994080637479751e-01 1.365722912897529284e-01 4.815210606155574669e-02 2.987099228481051028e-01
1.500000000000000000e+00 3.178826469590474435e-01 3.445122981269971851e-01 1.212422499531673331e-01 4.048844741425653426e-01 2.054202394787127961e-01 3.195438166192673402e-01 3.350671894981498422e-01 2.407818145867856585e-01 2.112915061902825853e-01 3.242344504955956275e-01 1.053266095648740519e-01 2.681679279296294571e-01
2.000000000000000000e+00 -9.373918529196632876e-03 1.965881272822423143e-01 -5.264623895658050723e-03 2.462475504075916644e-01 2.309570746319544732e-03 1.653223607836883935e-01 2.157457600051268798e-01 1.794019364563445851e-01 2.179610549983683476e-02 3.545452967694943114e-01 1.972112782759642344e-02 7.089284159517328376e-02
2.500000000000000000e+00 -1.020697701971012838e-01 1.034622363553151653e-01 -9.843387729542227293e-02 2.234725519614653155e-01 -2.823298121650347908e-03 1.749327443529194448e-01 1.034095685219876826e-01 2.786678345517216160e-01 -9.057412213404153478e-02 2.949368887777897852e-01 -3.475619115513427920e-02 1.841848181276629914e-02
3.000000000000000000e+00 -1.753816111341239270e-01 -7.842617135512369719e-02 -2.085445581760570211e-01 6.714684117236943695e-02 -5.697351971773786938e-02 9.578514905359522547e-02 -6.958865072636626070e-02 2.251618786436750674e-01 -2.255577538737757737e-01 2.737367420152722261e-02 -9.777534723465541866e-02 -1.004022149093181937e-01
3.500000000000000000e+00 -2.024056896193404675e-01 -1.809294796563866714e-01 -2.812177209634676434e-01 -6.427837053262214217e-02 -7.742125178497831495e-02 1.208781732497325560e-02 -1.601354540890725098e-01 1.350418885899814514e-01 -3.810371053058984048e-01 -1.376230084191235603e-01 -2.180271736980399500e-01 -1.809927416276410905e-01
4.000000000000000000e+00 -2.133708297636841000e-01 -2.536483734047239591e-01 -2.239312424214544572e-01 -2.339428526354803417e-01 -1.483319505882962630e-01 -1.252169558583675624e-01 -2.046349500213994477e-01 -7.216018704283029550e-02 -4.437032998301638775e-01 -2.618167005413810644e-01 -2.288225754713206772e-01 -2.045843933118687563e-01
4.500000000000000000e+00 -2.473288198201736843e-01 -2.118326242118354075e-01 -1.871773135701779167e-02 -2.139334336199685549e-01 -3.719406669716762703e-01 -2.245759361746369753e-01 -3.279112763526363383e-01 -2.490944764658235486e-02 -2.411699270776535564e-01 -2.531120006416984758e-01 -2.685320729499988124e-01 -9.755093903166495162e-02
5.000000000000000000e+00 -2.168745266648048065e-01 -1.451437544915656908e-01 1.639588001820393715e-01 -1.649015914508686897e-01 -3.978588791771717759e-01 -2.607447921113925648e-01 -3.165048080404334607e-01 -4.502282915755756454e-02 -3.939501822471179471e-02 -1.989922227280406242e-01 -1.987122718806437205e-01 -3.330546053484504526e-02
5.500000000000000000e+00 -1.639650465339128338e-01 -2.079362872792931138e-01 2.394281451018637208e-01 -1.224382820103293024e-01 -2.284176235800174926e-01 -3.436139245946473464e-01 -4.483984774983794108e-01 -3.108835092995932969e-01 -1.899914676541133440e-01 -3.640001010703870499e-01 -3.049550943442288498e-01 -8.384734403312729678e-02
6.000000000000000000e+00 -3.293074238027044603e-02 -1.585209237977128205e-01 2.404582385634840280e-01 -6.603748812050286299e-02 -4.286922789519233279e-02 -3.011180100017121219e-01 -4.028198957108388711e-01 -4.022769602238616127e-01 -1.796854839097588585e-01 -3.344288625587963359e-01 -2.645689525864838298e-01 -6.894610503659470702e-02
6.500000000000000000e+00 4.964336119903418887e-02 -7.410234262521925297e-02 3.301220283312904513e-01 -2.698778815882558330e-02 -5.759012573188693543e-03 -2.691038072165617412e-01 -3.619266565545985470e-01 -3.983631449496549681e-01 4.837577872281385166e-02 -2.983142638496969479e-01 -3.236837236257453787e-01 -1.576402051225223727e-02
7.000000000000000000e+00 2.080024148173459375e-02 -1.842523402552754402e-02 2.451257803059459783e-01 -3.518867693532430618e-02 2.689825814263509772e-03 -2.150578212177561843e-01 -2.827598215824725925e-01 -2.427709786018490967e-01 1.735284118115721919e-01 -6.223981489102216325e-02 -2.805309169005198444e-01 -2.076731919441375529e-02
7.500000000000000000e+00 2.116830832027247478e-01 2.110181190888330005e-01 3.762670790687035471e-01 1.262417448312063428e-01 9.870238666892175439e-02 2.120348300050485524e-02 -4.102989921215219882e-01 9.396453789730561945e-02 1.896442967137080549e-01 3.031179065266695893e-01 -4.562992226709445820e-01 1.695888617146882882e-01
8.000000000000000000e+00 3.948788242635741241e-01 3.916454152414363676e-01 4.110460746190943704e-01 3.687641278832028413e-01 2.443529969552073466e-01 2.932180150746893088e-01 -2.151062178051040830e-01 3.298926472671966370e-01 3.623881855662081097e-01 4.307563195680145229e-01 -3.508122959242466754e-01 3.657499162425108530e-01
8.500000000000000000e+00 5.008286058779130023e-01 4.199267372697530476e-01 4.208644759798145785e-01 5.083854135271328456e-01 4.264495179566004657e-01 3.820282472002796692e-01 6.415364616393605390e-02 2.085688454988792739e-01 3.769334180131396206e-01 1.992296935401506597e-01 -2.466799961900464910e-01 4.542983972382945712e-01
9.000000000000000000e+00 4.162127999056364214e-01 3.061684617339176517e-01 2.770307128024853682e-01 4.244240175233989221e-01 4.282070811997628068e-01 3.353471959001798619e-01 1.200882291462928853e-01 3.120083194015137174e-02 1.686268667183053460e-01 1.118006711141250331e-01 -2.518063709801587335e-01 4.093999607838383348e-01
9.500000000000000000e+00 4.787819712133653538e-01 4.424721146965725493e-01 5.160136258633332140e-01 4.470035050964448753e-01 3.893392499747826974e-01 4.250822340774001451e-01 8.468977877572574087e-02 3.933786245826544070e-02 2.730682935007404666e-01 4.729425131317286368e-01 -3.231822176497861632e-01 5.905824318211666535e-01
1.000000000000000000e+01 3.731472330942211535e-01 4.268181993994754064e-01 4.888542381479658028e-01 3.453094909535031620e-01 3.082730515106777425e-01 4.485724820101518739e-01 5.570115888529276332e-02 6.726567835757019109e-02 1.375408348093530020e-01 6.453877592199175339e-01 -3.531706776282285132e-01 5.558173681768231456e-01
