# # time shift (tau) UVW2 Cont1150_not_optical_calibrated LyAlpha_not_optical_calibrated HBeta_not_optical_calibrated OI8446_not_optical_calibrated Cont1460_not_optical_calibrated
-1.000000000000000000e+01 -3.750287131058770429e-01 1.208024263017159344e-02 -3.701841984059369151e-01 2.490360360016232733e-01 3.731472330942210980e-01 -2.489438827866344989e-03
-9.599999999999999645e+00 -2.599822371503593965e-01 1.497417641385558884e-01 -3.225799674150924279e-01 2.612020252754367888e-01 4.690340103001160998e-01 1.459492948911992882e-01
-9.199999999999999289e+00 -6.808755934010554678e-02 2.420958820720196802e-01 -3.134927943031099451e-01 2.785879862529422879e-01 4.616872210316136371e-01 2.415081356281014724e-01
-8.799999999999998934e+00 -8.241662340854147284e-03 3.035328621127683646e-01 -2.766909128834149634e-01 2.323788105497268108e-01 3.959948436619672441e-01 3.080192198730108410e-01
-8.399999999999998579e+00 1.942971320376871702e-01 3.937829882311992824e-01 -1.223580516916774885e-01 2.689360433173106912e-01 4.969228709437774061e-01 4.192492368574801676e-01
-7.999999999999998224e+00 1.646266838331326976e-01 4.261570912153337387e-01 -4.219397591652992996e-02 2.521249472603531716e-01 3.948788242635741241e-01 4.626501100048533432e-01
-7.599999999999997868e+00 2.827486306218220946e-01 4.836920853150853405e-01 9.322769193221058792e-02 2.334588945139255967e-01 2.347712714456087202e-01 5.389856062586031449e-01
-7.199999999999997513e+00 3.973272804676174497e-01 4.961572105423371903e-01 1.515423251104821012e-01 2.292412167083739960e-01 9.824085349252763277e-02 5.641269598869738111e-01
-6.799999999999997158e+00 4.637685444020053782e-01 4.958583394026164215e-01 2.362688216783689621e-01 2.445265826250908880e-01 5.360621127099936267e-02 5.738737660010653219e-01
-6.399999999999996803e+00 5.161064754208780636e-01 4.982926946371601939e-01 2.766377237726722615e-01 2.885220866110767002e-01 3.421927751141399382e-02 5.690338180713208072e-01
-5.999999999999996447e+00 4.965483349317865169e-01 4.571810190293894571e-01 2.796205679587587811e-01 2.617839443923957732e-01 -3.293074238027048073e-02 5.256720358192240594e-01
-5.599999999999996092e+00 5.467362967208857505e-01 4.635774576198089525e-01 2.670417348666537793e-01 2.387490293196389279e-01 -1.388750023109023013e-01 4.929301839198447777e-01
-5.199999999999995737e+00 5.816365313810183402e-01 4.631934482769223260e-01 2.373536550451605109e-01 2.384637299403511435e-01 -2.150726022048571329e-01 4.729864863997152447e-01
-4.799999999999995381e+00 6.357616679364082035e-01 4.344398906764200263e-01 1.997976257702186453e-01 2.054949391703572159e-01 -2.079731014539354106e-01 4.286818917390592398e-01
-4.399999999999995026e+00 6.091519104116751571e-01 4.859436112995735302e-01 2.391629138981698210e-01 1.366458482925942963e-01 -2.549062974128922243e-01 4.812507071906986234e-01
-3.999999999999994671e+00 6.327953188704038556e-01 4.952566596966528900e-01 2.450012272685124226e-01 2.150744773050451697e-02 -2.133708297636840723e-01 4.976069545456774379e-01
-3.599999999999994316e+00 6.521857944338018687e-01 5.774130859803919824e-01 3.363313681320878601e-01 1.422057513202018564e-01 -1.960993738620819271e-01 5.813807689313279514e-01
-3.199999999999993960e+00 7.210618819586527284e-01 6.248000233853376884e-01 3.976131285255051218e-01 2.023588184544464763e-01 -1.966983047786735328e-01 6.303763861803788338e-01
-2.799999999999993605e+00 7.954877835300173672e-01 6.829950553416792580e-01 4.903472439579195652e-01 3.193536120038020232e-01 -1.180668317057545214e-01 7.028921272194493808e-01
-2.399999999999993250e+00 8.254811281620392238e-01 7.487740858129551258e-01 6.052305931707934183e-01 4.059424741532091652e-01 -9.164112119822973024e-02 7.780087531295987180e-01
-1.999999999999992895e+00 8.834071127517286737e-01 7.632271537419743623e-01 6.829776645042945349e-01 4.604860988475072414e-01 -9.373918529196681448e-03 8.076504436810263421e-01
-1.599999999999992539e+00 8.939123483696158612e-01 7.970201325892037891e-01 7.926242704205902490e-01 6.263934081981079594e-01 2.692027729933137437e-01 8.421897603971143509e-01
-1.199999999999992184e+00 8.862073823758073177e-01 7.710005737448257790e-01 8.444683654615868784e-01 7.024888285312784753e-01 4.143591619710610408e-01 8.186199232840638551e-01
-7.999999999999918288e-01 8.237123619893568227e-01 7.142946764697100104e-01 8.716785321815694321e-01 8.012014019820139499e-01 5.180532058338997992e-01 7.694997028651322513e-01
-3.999999999999914735e-01 7.219659954064162610e-01 5.970415128959158935e-01 8.846040151255730732e-01 8.387133097922971903e-01 5.513186615365542886e-01 6.754594596587066846e-01
8.881784197001252323e-15 6.386256990125160904e-01 4.856573650303062095e-01 8.687738656639286683e-01 7.993545605871047455e-01 5.289478735352157734e-01 5.808708860861497847e-01
4.000000000000092371e-01 5.130111184016432624e-01 3.699267798122957140e-01 8.326279852622879840e-01 8.209109875506181986e-01 6.385835523574209249e-01 4.724769790871600206e-01
8.000000000000095923e-01 3.575579469628180629e-01 2.460829955069577524e-01 7.464909405546794607e-01 7.878631150572331654e-01 6.470880533380222177e-01 3.553425139827555146e-01
1.200000000000009948e+00 2.893434325411166630e-01 1.139405092784615270e-01 6.168575446105968307e-01 7.152724606886884384e-01 6.349666095769213037e-01 2.125711653794457590e-01
1.600000000000010303e+00 9.486931193214084845e-02 2.888422810082002384e-02 4.978406717024973505e-01 6.514108227383870187e-01 6.241397762094735846e-01 1.187603645832392973e-01
2.000000000000010658e+00 7.146236777741472868e-02 -1.007297055515766482e-01 3.473133078868611001e-01 4.790120181411764433e-01 4.804634884027988440e-01 -2.349422291424537595e-02
2.400000000000011013e+00 -8.383885528617165961e-02 -1.462874686004231317e-01 2.232666804346863099e-01 3.540369026590893808e-01 4.354994854527566295e-01 -7.084601090979317228e-02
2.800000000000011369e+00 -1.034647030745055873e-01 -1.718351679571045176e-01 1.038986839187214517e-01 2.294210551950313648e-01 3.185591295056024452e-01 -1.011856501510779160e-01
3.200000000000011724e+00 -1.623258732520612146e-01 -1.220038661768038379e-01 -3.775052711142101725e-02 1.515357779031374363e-01 2.977394209124630264e-01 -8.425054737250189940e-02
3.600000000000012079e+00 -1.619710819613559560e-01 -1.099874146419450166e-02 -6.917742187783341989e-02 1.905245293641545656e-01 3.157464387574449027e-01 5.058481801742988060e-03
4.000000000000012434e+00 -3.537585773827793545e-02 1.007164280547010599e-02 -1.404740243917711462e-01 5.641722675883040217e-02 1.563256575854896635e-01 1.297702056037969287e-02
4.400000000000012790e+00 -3.819514483981829855e-02 1.102611016349324680e-01 -1.545764487614177396e-01 4.151028215981492075e-02 1.042617379389594173e-01 1.046398502886518311e-01
4.800000000000013145e+00 1.992531780721684687e-02 1.658742972151493744e-01 -1.905736967588445296e-01 1.585439558484853101e-02 7.419333743960969396e-02 1.474693501141833840e-01
5.200000000000013500e+00 -1.721345108496688536e-02 2.533481586478891767e-01 -1.715442030968230558e-01 6.451862428446777931e-02 1.582354742802706549e-01 2.145393946080811076e-01
5.600000000000013856e+00 1.192234482468539428e-02 3.001997708845277057e-01 -1.602141739601081472e-01 7.421387096622369950e-02 1.976052937310170121e-01 2.473041273893129000e-01
6.000000000000014211e+00 8.271053816899416600e-04 2.198804405903190540e-01 -2.251202919902489663e-01 -6.867442658304794001e-03 1.490328976584042175e-01 1.551434381133514617e-01
6.400000000000012790e+00 2.572824426071399634e-02 2.373745419648861932e-01 -1.954309892022930983e-01 7.355770017107761405e-02 2.233903660672317271e-01 1.717865866330889613e-01
6.800000000000014921e+00 -2.199061097038654961e-02 1.534767891564722819e-01 -1.960563945117508311e-01 7.092808967673633336e-02 2.045385038832297497e-01 9.302534366745485173e-02
7.200000000000017053e+00 -2.377751406090226893e-02 1.016282910278020618e-01 -1.804023054732004083e-01 1.173926115730686420e-01 2.155783839617044229e-01 3.251308979444098718e-02
7.600000000000015632e+00 -9.188955978612578512e-02 7.886919367601086250e-02 -1.151207207554910406e-01 1.698829727395981815e-01 1.766215513522283453e-01 1.311898974743310430e-02
8.000000000000014211e+00 -8.911816600240884956e-02 -2.355777141856312679e-02 -1.481858268749920160e-01 1.244324738334301739e-01 7.890676172599141169e-02 -7.140703735399561713e-02
8.400000000000016342e+00 -4.577359538286515650e-02 1.109038353841505092e-02 -8.556223949864739942e-02 8.717803490147500722e-02 3.100940759124040658e-02 -5.905109106676506570e-03
8.800000000000018474e+00 -5.431856257810432909e-02 -4.718349564522057726e-02 -1.226758826353270132e-01 2.074378908836109481e-02 8.872886216116763342e-03 -5.249167768112240895e-02
9.200000000000017053e+00 -2.009634829398448952e-02 5.691546552115663016e-02 -7.169503487175069023e-02 3.010778287184094626e-03 1.197558114089274442e-02 6.156194795575978262e-02
9.600000000000015632e+00 -4.529515969433774158e-03 1.504899304606048260e-01 -1.248629175824518198e-02 -1.055865847524181320e-02 -7.741823782502904594e-04 1.668778804956222439e-01
1.000000000000001776e+01 4.022902041554346497e-02 1.737095101890971938e-01 4.336883129831381467e-03 -2.109692616471730842e-01 -1.449329587078211634e-01 2.117247564093776291e-01
1.040000000000001990e+01 2.169307737857165685e-01 2.857996846051503170e-01 1.170969232923029235e-01 -3.121236517618939388e-01 -3.618110349173778717e-01 3.346781978953335956e-01
1.080000000000001847e+01 2.987893977298624604e-01 2.404817629726698769e-01 1.367291762754605788e-01 -3.848001903825787329e-01 -3.896525573273277865e-01 3.238554206251031964e-01
1.120000000000001705e+01 3.014669055976108014e-01 3.005843330306804950e-01 2.839190658569450965e-01 -3.138350453494023196e-01 -3.248028776641755933e-01 4.048849571634164368e-01
1.160000000000001918e+01 3.573297657199926425e-01 2.921600307833018828e-01 3.349845226290814049e-01 -2.210154731505722669e-01 -2.502813594125385954e-01 4.026215468361231120e-01
1.200000000000002132e+01 3.010022032873237441e-01 2.987825638049097510e-01 3.282327866239391767e-01 -2.167806742903968797e-01 -3.653174959011001310e-01 3.730278005677752362e-01
1.240000000000001990e+01 4.092069646948775508e-01 3.790702974577591089e-01 3.627202369633090173e-01 -8.107824405008293156e-02 -4.262918026296772522e-01 3.959508644715913350e-01
1.280000000000001847e+01 4.535023629218622454e-01 3.732913373864162887e-01 3.166189353860524580e-01 -1.695338107520268089e-02 -3.896991481126530488e-01 3.390132283783369171e-01
1.320000000000002061e+01 4.970807476263279234e-01 4.636852912701783236e-01 3.661842879460803779e-01 1.340897686919497733e-01 -3.299748461216505113e-01 3.819967654808886781e-01
1.360000000000002274e+01 5.859584263476065313e-01 5.281814843803884774e-01 3.897802798545222380e-01 2.729524706317196237e-01 -1.757613132130059208e-01 4.067848011950739862e-01
1.400000000000002132e+01 6.293239779202532969e-01 5.769322655698583269e-01 4.599363658558000001e-01 4.413427732831499695e-01 4.733192427407309499e-02 4.276475716504569702e-01
1.440000000000001990e+01 6.483329418292704815e-01 5.878943272386316643e-01 5.379217529481724602e-01 5.508570502591504381e-01 2.740319461284512759e-01 4.558630634960330053e-01
1.480000000000002203e+01 6.236113705295063259e-01 5.791081520520577897e-01 6.162499296449917008e-01 5.827218197213908102e-01 1.941666929277481579e-01 5.040064628338867259e-01
1.520000000000002416e+01 6.360862313863451245e-01 6.686343933218992230e-01 6.123543081420006473e-01 5.653244304903095596e-01 1.566259388233528782e-01 6.480746781844368698e-01
