# # time shift (tau) HDelta HGamma HeII4685 HBeta HeI5875 HAlpha HeI5015 OI8446 HeI4471 HeI7065 OIII5007 LyALpha
-5.000000000000000000e+00 -1.169583548539342849e-02 -3.082081011926957742e-02 2.421006901520744159e-01 1.369166279090759109e-01 -7.506972559568972359e-02 -1.253752951546173444e-01 -3.365506032847543350e-01 -2.288781831713928572e-01 -1.014657031944600357e-01 1.315751619328541788e-01 -3.839186950576360946e-01 1.686333337485328987e-01
-4.500000000000000000e+00 -2.121165229395441387e-02 -2.041906289759411186e-02 2.326552305214443506e-01 1.433743127884437585e-01 4.518656110780908119e-03 -5.371945339743204595e-02 -4.458066313750670417e-01 -2.117589508703530410e-01 -1.013587164447120048e-01 1.303617987316640636e-01 -4.732366623938494832e-01 2.293672068543735065e-01
-4.000000000000000000e+00 -2.868162712046938567e-02 -2.126243654094230051e-02 2.189964504334849515e-01 5.875918276853098199e-02 9.773952289367671131e-02 -8.764843349672757356e-03 -5.085994117314796004e-01 -1.483008383621862436e-01 -1.296502068534323704e-01 7.300709976086433572e-02 -5.057719659905007825e-01 2.796974539601846388e-01
-3.500000000000000000e+00 8.642386096684645524e-02 7.885402683712944283e-02 3.031346401880370411e-01 1.550373783714388831e-01 2.105664600359466454e-01 3.622584517966122991e-02 -5.762344597534273527e-01 -2.033009370729314536e-01 -6.760946104876855434e-02 7.443939129951554490e-02 -5.923415173651501719e-01 3.769082851542103763e-01
-3.000000000000000000e+00 2.022943658920322019e-01 1.357246325781664431e-01 3.350671187905273629e-01 1.970851895679119059e-01 2.987915560855541885e-01 6.270122620935872360e-02 -4.774724586181774422e-01 -2.119852980812750864e-01 -9.073058876146476714e-02 -1.016636670017599664e-02 -5.242394645601713421e-01 4.171002344590205579e-01
-2.500000000000000000e+00 4.237528615537235477e-01 3.578509790380434152e-01 5.390241851222837832e-01 3.666640670696290627e-01 5.269660732389453983e-01 2.074986945473282218e-01 -3.409176704217030673e-01 -1.833448242694745156e-01 -9.294392692175190707e-02 -1.481022346824814595e-02 -5.038255784017905414e-01 5.863819886418530913e-01
-2.000000000000000000e+00 5.807537458944556086e-01 4.698650727073320210e-01 6.648316086901133737e-01 4.186998285133256559e-01 6.007607453289832700e-01 2.406531880854918815e-01 -2.087968098744853729e-01 -1.315309483040433269e-01 -8.528649927135772968e-02 -4.288639001156654279e-02 -3.951964206775918642e-01 6.828529067634824257e-01
-1.500000000000000000e+00 7.345055950793177857e-01 6.627770995648814001e-01 8.049714685294153682e-01 5.761192659626954704e-01 7.265093362828767276e-01 4.448790367834218884e-01 -1.485045309669592029e-01 1.262064522593617788e-01 4.823448957839118756e-02 1.061467215699466726e-01 -4.341670222951486968e-01 8.031165359896549338e-01
-1.000000000000000000e+00 8.323232913934907051e-01 7.403279053080774608e-01 8.201107824163054172e-01 6.504988013355433862e-01 7.297583089206018947e-01 5.198169542442544477e-01 -1.923485344981426537e-02 2.008959405960408229e-01 1.387962768133191582e-01 1.939932740874517059e-01 -3.026079009333819680e-01 8.181217850381370393e-01
-5.000000000000000000e-01 9.463938646994909387e-01 8.623103693681389847e-01 8.533667664256396890e-01 7.879118205182465973e-01 7.872597621073370577e-01 6.674857738715946898e-01 2.308580530622062477e-01 3.831889279640255941e-01 3.538687302399696200e-01 4.038933202737313155e-01 -1.390113305729143711e-01 8.865853700951603633e-01
0.000000000000000000e+00 1.000000000000000000e+00 8.992885440158970844e-01 7.989507579331019960e-01 8.314338478824252476e-01 7.677103655362801371e-01 7.186947335122841896e-01 3.541291590679452317e-01 4.458195696288883014e-01 4.564310120729441200e-01 4.523346961311076053e-01 5.801639383919986875e-02 8.918980630926008901e-01
5.000000000000000000e-01 9.463938646994909387e-01 9.380072218162691655e-01 7.201534938678868514e-01 9.021662628540521034e-01 8.145932252142810137e-01 8.213600667457554572e-01 4.945264352839554567e-01 6.317511679634395527e-01 5.770523122120885251e-01 6.139218179692135235e-01 1.487940363580536607e-01 8.715045931934044532e-01
1.000000000000000000e+00 8.323232913934905941e-01 9.002762574454715727e-01 5.351687082945193463e-01 8.895497772142749726e-01 7.613614481111565802e-01 8.111801960184873428e-01 4.737338798736266954e-01 6.607568059422506135e-01 5.229810151440751342e-01 6.530890681294394540e-01 1.689054077921324781e-01 7.482718845564686472e-01
1.500000000000000000e+00 7.345055950793177857e-01 8.433122613555887881e-01 3.451881907916627412e-01 8.805018755272051578e-01 7.483503679100631523e-01 8.262513121090246937e-01 5.967352674077681662e-01 7.297331625936094301e-01 6.535245896890740092e-01 7.134513149100266682e-01 3.066162837936431407e-01 6.487732207953251784e-01
2.000000000000000000e+00 5.807537458944557196e-01 7.172635876309871872e-01 1.254399793895324688e-01 7.808469667162450945e-01 6.636150844569074225e-01 7.343175139086299819e-01 5.162844007312277217e-01 6.627956654048029472e-01 5.457202406642728265e-01 6.563867801340154129e-01 2.625742157639365804e-01 5.025300390934934747e-01
2.500000000000000000e+00 4.237528615537234922e-01 5.720961890923412785e-01 -9.001986523134461460e-02 6.809466827745386253e-01 6.098707975461052921e-01 6.557452861819195178e-01 5.231431167323373765e-01 7.024873108192828397e-01 3.627643423732779260e-01 5.152480198542284118e-01 2.316957619888471986e-01 3.762761290395095770e-01
3.000000000000000000e+00 2.022943658920322019e-01 3.487196360332982525e-01 -2.935505392134502012e-01 5.058472017533059972e-01 4.652685205503144239e-01 5.211039878975916029e-01 4.132014542509370170e-01 5.779833481274536666e-01 1.119935035612792673e-01 2.780916446002056341e-01 1.599885302741975712e-01 1.714223917160297428e-01
3.500000000000000000e+00 8.642386096684649688e-02 2.006341805398115519e-01 -2.393247860223483570e-01 4.289147502711658233e-01 2.556309617829498615e-01 4.410993044261597440e-01 4.086826958500644480e-01 5.546246196871622569e-01 1.735981381277165170e-01 4.973186128310738002e-02 2.126580505216562333e-01 7.975687210730095233e-02
4.000000000000000000e+00 -2.868162712046939955e-02 -1.118471900043438438e-04 -1.903376033161415792e-01 2.158841188576823278e-01 8.939851013082783515e-03 2.503098814388518556e-01 2.621285836842292549e-01 3.540119853887557788e-01 6.083706510207433082e-02 -1.508758844534507926e-01 1.636939253033681818e-01 -4.177735956301803499e-02
4.500000000000000000e+00 -2.121165229395436530e-02 -9.886855076172662571e-02 -1.279217688839474343e-01 8.115847156316362276e-02 -1.378840501193745460e-01 8.948856118057349485e-02 4.095010688738109916e-02 2.121308854009848477e-01 -1.027393501232679862e-01 -3.721575500491698385e-01 1.273879919768589053e-02 -1.157669925240579212e-01
5.000000000000000000e+00 -1.169583548539347706e-02 -1.077789309848479482e-01 -2.763139850765844452e-02 1.866657679384681190e-02 -2.131474567886256222e-01 2.187009710389125478e-02 -3.823992149617783110e-02 1.643347274694089977e-01 -8.240687608071495251e-02 -5.187234820230079979e-01 -1.639137778024291059e-02 -1.689274229965366803e-01
5.500000000000000000e+00 -2.339966900833610752e-02 -9.751805310699529494e-02 9.920272828840277779e-02 -3.237044384643700257e-02 -3.081778666119440180e-01 -8.375506795022971684e-02 -1.070289630580146673e-01 1.484018058753352742e-01 9.973997011556859360e-02 -6.427107418915403159e-01 -4.690594624335293894e-02 -2.021384140390278805e-01
6.000000000000000000e+00 -9.804672993335186715e-02 -1.208082595679826898e-01 1.206028334804934710e-01 -1.619012449359153727e-01 -4.202947693692377085e-01 -2.443436979700872036e-01 -1.432862493463718800e-01 3.659751007903772752e-02 1.537107523167205447e-01 -6.056989628291251648e-01 5.816760150973779298e-03 -2.896536704478144264e-01
6.500000000000000000e+00 -9.954711867883997423e-02 -6.734265882669841774e-02 1.722329079078204761e-01 -1.234796482438488274e-01 -4.054786971185107003e-01 -3.067892508713847000e-01 -1.802757921898388571e-01 1.896859456480408032e-02 2.074421800391313964e-01 -5.214239747340698727e-01 -1.918836177239209920e-02 -2.859113971528260967e-01
7.000000000000000000e+00 -1.547876915257336283e-01 -1.427317079213026307e-01 5.413740084027826582e-02 -2.067020726959561683e-01 -4.106262284133459506e-01 -4.491130092107378236e-01 -3.408141085966632788e-01 -8.842194426700508703e-02 2.165993838597579657e-01 -4.536302261199998132e-01 -1.897747839400568681e-01 -3.524975177125628245e-01
7.500000000000000000e+00 -1.721151032387459590e-01 -2.349663724344337734e-01 -1.374606877210520980e-02 -2.331635890744931383e-01 -3.882743152165299971e-01 -5.489918133560793834e-01 -4.889821639241039852e-01 -2.678167412948656012e-01 2.325899807578388767e-01 -4.300430646027343928e-01 -3.988252329714930822e-01 -3.379697546056767421e-01
8.000000000000000000e+00 -2.467465963873780033e-01 -2.983635125852138192e-01 -1.198529876922740656e-01 -2.395393288774600726e-01 -3.416933288866237928e-01 -5.181014349408865627e-01 -4.482000725017024623e-01 -3.215547004978321355e-01 2.218016139230463701e-01 -3.123796009747412117e-01 -3.496746328125494574e-01 -3.306191706011586406e-01
8.500000000000000000e+00 -2.323028697899510719e-01 -2.535390230157778535e-01 -1.287627987946697306e-01 -1.757554107808803889e-01 -2.118893343055388567e-01 -3.206130101028399348e-01 -3.882736848823669096e-01 -3.122772157410362848e-01 1.041893230609530901e-01 -7.981829568684703502e-02 -3.700363128679041713e-01 -1.899482775687655334e-01
9.000000000000000000e+00 -2.946990411870410997e-01 -3.188981596728159840e-01 -2.712029432148757024e-01 -1.855973720202312993e-01 -1.692111210650533715e-01 -2.087754722199271495e-01 -3.799547470547413042e-01 -2.525514619437930208e-01 -1.220796647602750418e-01 3.135185042072573258e-02 -4.086486542002480959e-01 -1.855829649696831285e-01
9.500000000000000000e+00 -2.603695119165597704e-01 -2.903354327628915876e-01 -2.564189792071727703e-01 -1.319121585108205819e-01 -7.551885382128212254e-02 -7.142389715140179396e-02 -2.920447546245388826e-01 -1.887696578994473295e-01 -3.566860472871776766e-01 9.971084993315457168e-02 -4.214597745330903034e-01 -8.028592299368862706e-02
1.000000000000000000e+01 -2.562809981252515135e-01 -2.899448991350671578e-01 -2.296838584838593600e-01 -2.127674954670766005e-01 -9.350603869076103136e-02 1.977072605217267132e-02 -2.261870574991561300e-01 -2.196580657519213720e-01 -5.327994896430899852e-01 3.631917616200087962e-02 -4.342060883464279319e-01 3.206502228837580792e-03
