# # time shift (tau) HDelta HGamma HeII4685 HBeta HeI5875 HAlpha HeI5015 OI8446
-1.000000000000000000e+01 4.096560324105026629e-02 1.964345709366687731e-01 9.550280787135390081e-02 1.533216366342317338e-01 -3.086068691274834741e-01 -2.613718399396817160e-01 -1.738451728522083795e-01 -1.207209847833400213e-01
-9.000000000000000000e+00 -1.432564993333943215e-01 6.065136394353580485e-02 -1.316248932253465120e-01 9.801833008052551754e-02 -3.683341648303101179e-01 -1.467411235850476781e-01 -2.438232484626487451e-01 5.843320919242517286e-02
-8.000000000000000000e+00 -3.380164649801613019e-01 -5.429360487456061368e-02 -1.060507396690061610e-01 -3.296992853079288438e-02 -3.276112107735963952e-01 -1.653534048315359883e-01 -3.771435665395228565e-01 4.066222973056886347e-02
-7.000000000000000000e+00 -3.632379304581772050e-01 -2.004360257950190682e-01 4.015301565394633482e-02 -2.223919487149226271e-01 -4.793006716934843925e-01 -2.977577957594063074e-01 -4.805739507840580682e-01 -2.291665311603493793e-01
-6.000000000000000000e+00 -1.975282267665218472e-01 -1.445724252385951758e-01 2.736651620300507570e-01 -1.288112363626522927e-01 -2.999489732499194261e-01 -2.638108738211886184e-01 -5.086671056843594663e-01 -1.604607719260515153e-01
-5.000000000000000000e+00 3.202707589045292180e-02 -1.820637668317352797e-02 4.236310130127655671e-01 1.124630913827324302e-01 -1.300686674145369870e-01 -1.441758919729845267e-01 -4.741396769598446026e-01 -1.648507365582292383e-01
-4.000000000000000000e+00 1.610842427273693478e-01 9.583017952137476425e-02 3.885664368719030648e-01 2.306286571716457956e-01 -5.585545574576492728e-02 -1.839252574165649301e-01 -6.103605368477902360e-01 -1.147957280644571337e-01
-3.000000000000000000e+00 3.144001534443803259e-01 2.987227433511743802e-01 4.986341605487867312e-01 4.104967835944422494e-01 3.777685908208389676e-01 6.976239668816547335e-02 -4.584267036949490892e-01 1.904407374597572034e-01
-2.000000000000000000e+00 5.858642127422291068e-01 4.389178340833700398e-01 6.384275385579237794e-01 5.347737856931830125e-01 5.369246192645767968e-01 2.301881591862869891e-01 -3.352799066930449712e-01 5.616088281215748934e-02
-1.000000000000000000e+00 7.538837290981701411e-01 5.797494052964530242e-01 7.566974676715230164e-01 6.394654988492178838e-01 5.924514275208990766e-01 4.417968832229493548e-01 -1.994844744617036425e-01 1.276915498602222143e-01
0.000000000000000000e+00 8.207367586452286590e-01 8.148045239736474432e-01 7.835933336888090128e-01 8.025425134004364747e-01 7.613968745262783555e-01 7.792824211164044446e-01 8.665633408166784069e-02 4.878354802971763271e-01
1.000000000000000000e+00 8.218276802371811129e-01 8.318188781470663429e-01 5.492395921527462033e-01 7.953196980349330758e-01 7.403612623483613042e-01 7.319066951329912252e-01 1.091313770838468478e-01 5.299835962744507967e-01
2.000000000000000000e+00 7.042553639013670042e-01 7.880775561726471867e-01 4.377681769762525876e-01 7.604110730896236348e-01 7.263319805813328589e-01 6.182831519905566120e-01 1.324371229861155130e-01 5.565148582111590914e-01
3.000000000000000000e+00 4.937049857057168034e-01 5.808839155848735114e-01 1.576483565237923601e-01 7.639448762254437142e-01 6.103372242958718941e-01 5.506147019925280439e-01 7.718301082198072982e-02 4.494984865896763937e-01
4.000000000000000000e+00 3.962428313535534263e-01 2.216188700561572689e-01 5.713252849672192935e-02 4.852649070781707152e-01 4.046536750003138505e-01 3.448711228177374633e-01 9.573221114751138960e-03 1.558516382198456562e-01
5.000000000000000000e+00 3.668532846391045488e-01 4.192145364562895882e-01 2.271164947056234229e-01 5.192184214500965567e-01 3.270409157621006480e-01 5.091583193147555253e-01 1.718658971964694693e-01 5.287094907772846852e-01
6.000000000000000000e+00 3.538116200215363771e-01 3.352127636380117792e-01 2.575974361686257375e-01 3.041909954396391225e-01 1.154657900862769426e-01 1.813934912386135079e-01 4.931766621597925143e-02 2.316280371546231842e-01
7.000000000000000000e+00 2.671186585458623086e-01 2.371386104273682793e-01 1.827675363234164130e-01 1.025893582001123072e-01 2.429445056912821199e-02 -2.201925555443251525e-02 -4.365000333323949128e-02 -1.009707925207398438e-01
8.000000000000000000e+00 7.240618953537043823e-02 2.202376216247429186e-01 -1.296851057496176129e-02 1.996778187874208299e-01 -7.597011632196257191e-02 5.304681319321893906e-02 -4.587693822956517842e-02 2.868750810626741199e-01
9.000000000000000000e+00 -8.872237874489971587e-02 -1.842612016846025824e-01 -2.846331594825283196e-01 -9.165106229105032809e-02 -1.383784990067625231e-01 -5.416578574704292159e-02 -2.041858971082344265e-01 4.564039531142102812e-02
1.000000000000000000e+01 -3.630660214308168987e-01 -4.011032337578096518e-01 -1.774619228161923024e-01 -4.059167827436103715e-01 -3.600551456203923140e-01 -1.259058799413908525e-01 -4.614112696677039049e-01 -1.651196746127195358e-01
1.100000000000000000e+01 -2.925556756465334529e-01 -2.445727802611205592e-01 -1.190872025573443474e-02 -2.492711984912108214e-01 -1.483727125525504120e-01 -9.683705983652682314e-02 -3.353756677077924797e-01 -2.111377800587878606e-01
1.200000000000000000e+01 -1.389870509871456716e-01 -1.678049460267144466e-01 2.177103813066373350e-01 -2.070016381094858804e-01 -3.154974165020155152e-03 -1.736635542247717823e-01 -1.458938697988748090e-01 -4.318416831095508446e-01
1.300000000000000000e+01 1.100164457606212232e-01 1.264304310817147559e-01 4.013866676500216224e-01 7.490884139063255787e-02 1.046738811369666289e-01 1.743259124264329163e-02 -4.448643903518776366e-01 1.892960083180684761e-01
1.400000000000000000e+01 2.914579606099730325e-01 1.288740005382963405e-01 4.049398083939506066e-01 2.346620470386259205e-01 3.266407463652051812e-01 -6.520552040553961870e-04 -6.897729306706565366e-02 8.974119082783137136e-02
1.500000000000000000e+01 2.526463540000672969e-01 1.718281908208973696e-01 5.933582483128362339e-01 2.726723426805439665e-01 2.950201097942601880e-01 -2.713996729826032017e-02 6.206421023932902348e-02 -2.551912987602732441e-01
