# Cont5100 timestamps [MJD], fluxes [ergs/s/cm2/A], fluxerrs [ergs/s/cm2/A]
5.758166000000000349e+04 2.639971727146474614e-15 3.120687408231112150e-17
5.758266000000000349e+04 2.768378987586088012e-15 1.110293522019433263e-17
5.758365000000000146e+04 2.485624536464848752e-15 2.807173347579895813e-17
5.758377999999999884e+04 2.574609098719822328e-15 2.451507243696909402e-17
5.758458000000000175e+04 2.421763697453678341e-15 1.690938556516363984e-17
5.758556999999999971e+04 2.259864149256096323e-15 2.425454876592236884e-17
5.758654000000000087e+04 2.200456839318720042e-15 2.375989529434868370e-17
5.758755999999999767e+04 2.446705490120881787e-15 2.297794721672679043e-17
5.758848000000000320e+04 2.538407209284543266e-15 1.944724668971775557e-17
5.758941000000000349e+04 2.643739779682114971e-15 1.506029332109426534e-17
5.759041000000000349e+04 2.578532509954739160e-15 2.230188779978602646e-17
5.759140000000000146e+04 2.469525457692419096e-15 1.031493973599341173e-17
5.759238999999999942e+04 2.417014788327911620e-15 1.613760352020783396e-17
5.759338999999999942e+04 2.448054117828794128e-15 2.668608668556095248e-17
5.759431999999999971e+04 2.408896692212528397e-15 1.210318428483659142e-17
5.759530999999999767e+04 2.465977871951081273e-15 1.103784642723661752e-17
5.759643000000000029e+04 2.253781533815318503e-15 1.561834443278222554e-17
5.759741999999999825e+04 2.281723297860665752e-15 3.294769597478584340e-17
5.759829000000000087e+04 2.171810808973098675e-15 1.616666307773989411e-17
5.759927999999999884e+04 2.054788904080033377e-15 2.129647757231913634e-17
5.760020999999999913e+04 1.951413562125770343e-15 1.529726760276616654e-17
5.760219999999999709e+04 1.780000973662685477e-15 1.050692956624206092e-17
5.760319000000000233e+04 1.808576324024674629e-15 1.948380101396199272e-17
5.760418000000000029e+04 1.780430048790028984e-15 1.284406504145504062e-17
5.760523999999999796e+04 1.830100431393935580e-15 1.879564936710297765e-17
5.760616999999999825e+04 1.777810003830604022e-15 1.099469243928041811e-17
