# time shift (tau) 	 correlation coefficient 	 number of simulations: 10000	 FR: True	 RSS: True
-1.000000000000000000e+01 2.460000000000000000e+02
-9.000000000000000000e+00 9.800000000000000000e+01
-8.000000000000000000e+00 5.600000000000000000e+01
-7.000000000000000000e+00 2.100000000000000000e+01
-6.000000000000000000e+00 1.260000000000000000e+02
-5.000000000000000000e+00 1.190000000000000000e+02
-4.000000000000000000e+00 3.050000000000000000e+02
-3.000000000000000000e+00 3.000000000000000000e+02
-2.000000000000000000e+00 4.390000000000000000e+02
-1.000000000000000000e+00 5.110000000000000000e+02
0.000000000000000000e+00 2.190000000000000000e+02
1.000000000000000000e+00 1.640000000000000000e+02
2.000000000000000000e+00 2.045000000000000000e+03
3.000000000000000000e+00 3.795000000000000000e+03
4.000000000000000000e+00 3.560000000000000000e+02
5.000000000000000000e+00 1.650000000000000000e+02
6.000000000000000000e+00 2.720000000000000000e+02
7.000000000000000000e+00 2.520000000000000000e+02
8.000000000000000000e+00 1.040000000000000000e+02
9.000000000000000000e+00 1.210000000000000000e+02
1.000000000000000000e+01 3.800000000000000000e+01
1.100000000000000000e+01 5.000000000000000000e+01
1.200000000000000000e+01 9.000000000000000000e+00
1.300000000000000000e+01 5.000000000000000000e+00
1.400000000000000000e+01 7.200000000000000000e+01
1.500000000000000000e+01 1.120000000000000000e+02
