# time shift (tau) 	 correlation coefficient 	 number of simulations: 10000	 FR: True	 RSS: True
-1.000000000000000000e+01 8.110000000000000000e+02
-9.000000000000000000e+00 1.289000000000000000e+03
-8.000000000000000000e+00 5.270000000000000000e+02
-7.000000000000000000e+00 1.480000000000000000e+02
-6.000000000000000000e+00 2.810000000000000000e+02
-5.000000000000000000e+00 5.470000000000000000e+02
-4.000000000000000000e+00 5.340000000000000000e+02
-3.000000000000000000e+00 5.390000000000000000e+02
-2.000000000000000000e+00 5.440000000000000000e+02
-1.000000000000000000e+00 6.520000000000000000e+02
0.000000000000000000e+00 8.180000000000000000e+02
1.000000000000000000e+00 6.060000000000000000e+02
2.000000000000000000e+00 5.130000000000000000e+02
3.000000000000000000e+00 4.260000000000000000e+02
4.000000000000000000e+00 3.010000000000000000e+02
5.000000000000000000e+00 2.330000000000000000e+02
6.000000000000000000e+00 1.570000000000000000e+02
7.000000000000000000e+00 4.390000000000000000e+02
8.000000000000000000e+00 1.660000000000000000e+02
9.000000000000000000e+00 9.300000000000000000e+01
1.000000000000000000e+01 5.600000000000000000e+01
1.100000000000000000e+01 9.800000000000000000e+01
1.200000000000000000e+01 1.200000000000000000e+01
1.300000000000000000e+01 1.000000000000000000e+00
1.400000000000000000e+01 4.400000000000000000e+01
1.500000000000000000e+01 1.650000000000000000e+02
