# time shift (tau) 	 correlation coefficient 	 number of simulations: 20000	 FR: True	 RSS: True
-1.000000000000000000e+01 3.000000000000000000e+00
-9.000000000000000000e+00 2.000000000000000000e+00
-8.000000000000000000e+00 1.000000000000000000e+00
-7.000000000000000000e+00 2.000000000000000000e+00
-6.000000000000000000e+00 4.000000000000000000e+00
-5.000000000000000000e+00 1.300000000000000000e+01
-4.000000000000000000e+00 2.000000000000000000e+01
-3.000000000000000000e+00 2.500000000000000000e+01
-2.000000000000000000e+00 1.140000000000000000e+02
-1.000000000000000000e+00 1.110000000000000000e+02
0.000000000000000000e+00 7.300000000000000000e+01
1.000000000000000000e+00 1.967000000000000000e+03
2.000000000000000000e+00 4.028000000000000000e+03
3.000000000000000000e+00 2.430000000000000000e+02
4.000000000000000000e+00 5.170000000000000000e+02
5.000000000000000000e+00 1.377000000000000000e+03
6.000000000000000000e+00 1.929000000000000000e+03
7.000000000000000000e+00 1.495000000000000000e+03
8.000000000000000000e+00 1.880000000000000000e+03
9.000000000000000000e+00 1.665000000000000000e+03
1.000000000000000000e+01 1.818000000000000000e+03
1.100000000000000000e+01 1.096000000000000000e+03
1.200000000000000000e+01 5.880000000000000000e+02
1.300000000000000000e+01 2.700000000000000000e+02
1.400000000000000000e+01 1.830000000000000000e+02
1.500000000000000000e+01 1.400000000000000000e+02
1.600000000000000000e+01 7.600000000000000000e+01
1.700000000000000000e+01 1.440000000000000000e+02
1.800000000000000000e+01 2.160000000000000000e+02
1.900000000000000000e+01 0.000000000000000000e+00
2.000000000000000000e+01 0.000000000000000000e+00
2.100000000000000000e+01 0.000000000000000000e+00
