# # time shift (tau) Cont4010 Cont4200 Cont4440 Cont4765 Cont5100 Cont5600 Cont6045 Cont6110 Cont6880 Cont7390 Cont8015 Cont8900 Cont1150 Cont1460
-1.000000000000000000e+01 1.016757885645476478e-02 5.090933584390800598e-02 1.234851207447233423e-01 1.210579822180362849e-02 1.605732054901738426e-01 6.691743877330000312e-02 7.869058348715668449e-02 -2.381391039841723387e-02 -1.805641303111410467e-02 6.335460287352979308e-03 -3.826524328211015902e-02 -5.387001268424000677e-02 -1.673652075217438862e-01 -1.131328304298756388e-01
-9.500000000000000000e+00 1.355636824471079249e-01 1.889727736778423761e-01 2.348829771182610604e-01 1.579766681323144240e-01 2.752011618911386348e-01 1.956600046169731932e-01 1.827938516223383547e-01 1.019973552866395017e-01 9.448748381277879971e-02 1.233801223643023470e-01 1.100156017214429759e-02 2.831344842599796754e-02 -4.280056531014903715e-02 1.305492491993682364e-02
-9.000000000000000000e+00 1.128040237112948874e-01 1.546956257015455749e-01 1.909211336762579314e-01 1.550978840387418900e-01 2.232241764732140199e-01 1.674277520023323418e-01 1.832959286343955885e-01 7.747096361739712334e-02 5.264009643810757533e-02 5.492655866209355392e-02 -1.135190327661502463e-01 -3.182543048517908618e-02 -2.906133306763823004e-02 1.112619489229533729e-02
-8.500000000000000000e+00 2.333966494085981114e-01 2.801931432959857693e-01 2.862802086076235430e-01 2.582564300507338428e-01 3.223649856855257401e-01 2.860248110628236251e-01 2.731045694952951575e-01 1.924243583336658070e-01 1.468650454240461034e-01 1.407984955485492573e-01 -4.283055914455442814e-02 1.834867596537793216e-02 6.665522278672968148e-02 1.004410710296016057e-01
-8.000000000000000000e+00 2.697131600526255779e-01 2.816890986371998196e-01 3.224441854525538775e-01 2.668079779236155469e-01 3.407016773659398701e-01 2.863502894188909575e-01 2.738603493514704112e-01 1.912527956941983964e-01 1.376717080264411586e-01 1.095034235613206730e-01 6.198857476791337640e-03 -9.585577523069075540e-03 8.353617897020126914e-02 1.135707451738054014e-01
-7.500000000000000000e+00 3.773999214894206977e-01 3.868599499814255327e-01 4.197908568347757940e-01 3.543888811896165336e-01 4.252738728190221806e-01 3.992138396727816785e-01 3.544176843254599474e-01 2.712634672171643779e-01 2.250799496097618535e-01 1.531000681875331337e-01 1.127679552207181690e-01 3.022091994147000846e-02 1.792200924977085941e-01 2.136323872841565941e-01
-7.000000000000000000e+00 3.776897964714488465e-01 3.712423639908193351e-01 4.266223196976737242e-01 3.420851970931432229e-01 3.952343332984731283e-01 3.848143953985246890e-01 3.401972979372455130e-01 2.282478278324286125e-01 2.097748416983803987e-01 9.664157093303339663e-02 1.151882494609826613e-01 3.204511096978147899e-03 1.874594731046600460e-01 2.335929829727261819e-01
-6.500000000000000000e+00 5.026087226133191255e-01 4.943166538652457032e-01 5.249185818666051162e-01 4.608280236471538061e-01 5.008284371009523728e-01 5.043943204954688397e-01 4.324955071136464824e-01 3.515436250349088798e-01 3.479501725235291110e-01 2.442516595516067424e-01 2.545614075860917480e-01 1.681619130289193076e-01 3.215043348743896745e-01 3.659142230967564191e-01
-6.000000000000000000e+00 5.419151114289044724e-01 5.334440688902140071e-01 5.417348415901515057e-01 5.014116524884881798e-01 5.255772274593324411e-01 5.330611649626473270e-01 4.175409047111079963e-01 3.813717271640245654e-01 3.880002647336683319e-01 3.163852534469214772e-01 2.915596529402689763e-01 2.385744187809064332e-01 4.094127646561953604e-01 4.434489171448462441e-01
-5.500000000000000000e+00 5.773684355700072768e-01 5.511147632000669150e-01 5.506669529380729955e-01 5.326528631059328500e-01 5.339318247024650299e-01 5.568387068674764961e-01 4.528712436055617463e-01 4.301063250398126647e-01 4.191903974972695512e-01 3.464120152069375402e-01 3.022030596607068187e-01 2.839967916743412202e-01 4.864170182824064659e-01 4.914088803445024745e-01
-5.000000000000000000e+00 5.487422993050821152e-01 4.973125747085281878e-01 5.030174235591144960e-01 4.982230548859242214e-01 4.843661647995370911e-01 5.337871153375552957e-01 4.327555737148250925e-01 4.048285380231847475e-01 3.686992206608319389e-01 2.891446678092979283e-01 2.198477912528768452e-01 2.300283357997252864e-01 4.667258934352757627e-01 4.559106207755300733e-01
-4.500000000000000000e+00 5.332526422847364556e-01 4.785770121802911947e-01 4.760220171026577907e-01 4.796511515861195951e-01 4.523733843837698387e-01 5.036181270432882329e-01 4.091066834975755073e-01 3.915626700065207855e-01 3.413488669560445499e-01 2.494114263670214882e-01 2.076180785810599894e-01 2.010552935484482273e-01 4.724835625975447595e-01 4.441492511936936394e-01
-4.000000000000000000e+00 5.295152936895238804e-01 4.666757404341139726e-01 4.744347970296823869e-01 4.763036180969982825e-01 4.455829808477201892e-01 4.762299775510094868e-01 3.849070658894847563e-01 3.748535365802658781e-01 3.222643756121496561e-01 2.119516563440509704e-01 2.114095645982822791e-01 1.632054577770747639e-01 4.686640752607272309e-01 4.412665865231382711e-01
-3.500000000000000000e+00 5.988056108421515589e-01 5.364304895363354309e-01 5.493396417387303998e-01 5.446007016168785686e-01 5.207459036358779159e-01 5.326926175271247121e-01 4.463271562356366240e-01 4.421151404562395637e-01 4.228921497607056601e-01 3.252243895144922847e-01 3.601513522249304433e-01 3.150724073670769232e-01 5.451985045290841381e-01 5.313611025225587481e-01
-3.000000000000000000e+00 6.135356718808117060e-01 5.621513067898076255e-01 5.685576242173475681e-01 5.631711375420185295e-01 5.511693545848597164e-01 5.454492065273457424e-01 4.398746247589697678e-01 4.510047537405522666e-01 4.604740574658442442e-01 3.680195357618867291e-01 4.270751421086015909e-01 3.646179490792492706e-01 5.655097787119234276e-01 5.697308483457633743e-01
-2.500000000000000000e+00 7.489945697114770429e-01 7.114420594649459861e-01 7.107489691399899723e-01 7.156157347276115299e-01 6.898421031279997617e-01 6.620694602827517095e-01 5.746484879584318195e-01 6.152052852550259354e-01 6.228189304902413959e-01 5.590275826671342596e-01 5.863173877325984495e-01 5.355909262989875241e-01 7.461055252876477306e-01 7.574406621969864695e-01
-2.000000000000000000e+00 8.107157193526588479e-01 7.947185009718562565e-01 7.775417497355314733e-01 7.978623513000533407e-01 7.662440248871287274e-01 7.233450977012170213e-01 6.348827292522778443e-01 7.138345141776446523e-01 6.982803131702777222e-01 6.496631556410471520e-01 6.344516350121907067e-01 5.847654415214413870e-01 8.479660047938895051e-01 8.529837513911288083e-01
-1.500000000000000000e+00 8.772346359753812051e-01 8.620098923919159439e-01 8.545796892803729783e-01 8.824278695346741141e-01 8.435817435424410871e-01 8.184042629195019680e-01 7.692059512193083481e-01 8.304924061581608896e-01 8.051335938555387317e-01 7.655770351786768124e-01 7.374569221894181625e-01 7.034697182093345713e-01 9.119920342072089792e-01 9.205500738476846134e-01
-1.000000000000000000e+00 8.510447658429094453e-01 8.463545346771033095e-01 8.430628866047886749e-01 8.738467424980790321e-01 8.435284382705527939e-01 8.503936315870974649e-01 8.192776898117268836e-01 8.579387865457734907e-01 8.219914359283706506e-01 7.792896283996753048e-01 7.261111170422920313e-01 7.113788491313117746e-01 8.572652719959055201e-01 8.667548976493534285e-01
-5.000000000000000000e-01 8.619299333988270639e-01 8.668402602674573076e-01 8.737607362351902385e-01 8.873625401006712821e-01 8.814075386237087972e-01 8.849757268342111072e-01 9.017710286079645421e-01 9.140160528219790637e-01 8.835278603195033664e-01 8.579742235795544403e-01 8.211060555315232712e-01 8.100688763526260328e-01 7.929660439127856897e-01 8.200208318721022849e-01
0.000000000000000000e+00 8.174685164987732788e-01 8.287414255792413531e-01 8.455205433852356345e-01 8.387780407193690113e-01 8.569413985654594779e-01 8.486805916014280582e-01 9.032058553743904650e-01 8.959768819498575843e-01 8.746386218825449310e-01 8.601040737124442392e-01 8.348344821158919515e-01 8.297229147515915448e-01 6.610254549591429996e-01 7.065016378691113541e-01
5.000000000000000000e-01 7.555929249365993527e-01 7.674689125392017974e-01 7.936136940070979140e-01 7.594341826476613821e-01 7.989747426282012288e-01 8.021069087666752306e-01 8.656402999443510993e-01 8.371107568997421255e-01 8.589048358229203206e-01 8.584937736231333938e-01 8.676473677778773208e-01 8.513427710554886119e-01 5.370776452322281180e-01 6.030660497030546630e-01
1.000000000000000000e+00 6.202052104833359891e-01 6.376180904946595618e-01 6.732480455697931188e-01 6.126735875186839486e-01 6.757432635378646246e-01 6.915321080646599228e-01 7.556715409380739823e-01 7.045039762896256885e-01 7.668209371609520097e-01 7.688915621257752520e-01 7.950065571741409265e-01 7.772957603306041019e-01 3.576295434126938177e-01 4.364965281793353191e-01
1.500000000000000000e+00 5.562083524666683321e-01 5.908996699710128420e-01 6.069680885921988622e-01 5.348063525171473653e-01 6.066221793644208660e-01 6.157614358530836274e-01 6.971398779758313236e-01 6.488226959194532961e-01 7.247253603337439065e-01 7.635460808980495395e-01 7.751915971444385267e-01 7.889498678657840269e-01 2.577354793327835125e-01 3.435594206710001486e-01
2.000000000000000000e+00 4.222629443664744353e-01 4.652568326358435535e-01 4.686687509987284006e-01 3.875820130039457356e-01 4.602018525220652467e-01 4.653843901814728734e-01 5.505278752928155495e-01 5.076592204057943647e-01 6.009520398874301783e-01 6.719101735369648054e-01 6.555400020301693775e-01 7.095937834818324408e-01 1.307623195510140834e-01 2.110281526603925428e-01
2.500000000000000000e+00 3.649559934022587049e-01 4.063833169864726758e-01 4.140728475647141860e-01 3.390760893216822058e-01 3.970316894066634461e-01 3.952348823782846909e-01 4.773774355840852968e-01 4.497033064058064689e-01 5.282516792364166935e-01 6.138626649285947590e-01 5.619356596464873954e-01 6.503044000834367067e-01 9.405386738174316419e-02 1.676954455924764831e-01
3.000000000000000000e+00 2.801311423055543037e-01 3.131245033443261772e-01 3.291518248837629335e-01 2.671038525588819157e-01 3.051410254817248369e-01 3.054145017410166973e-01 3.770443725410232982e-01 3.649441062314934259e-01 4.240159296502625796e-01 5.068730647772182740e-01 4.301833070172862983e-01 5.341189092120073312e-01 6.607877103333205382e-02 1.201056554413547639e-01
3.500000000000000000e+00 2.865704375464207532e-01 3.357028650668769654e-01 3.390130158883984390e-01 2.847702601218671803e-01 3.172887029813253879e-01 2.804601576853989475e-01 3.735068844388134135e-01 3.594101595720209930e-01 3.809365083657341167e-01 4.389723833298090350e-01 3.573053920118492988e-01 4.615056533760436563e-01 1.059417952100624588e-01 1.540397425950041088e-01
4.000000000000000000e+00 1.875507405247154591e-01 2.539745780594475089e-01 2.370353052616557266e-01 2.040314000889618395e-01 2.316548855894151049e-01 1.740220321322553665e-01 2.586235106983200138e-01 2.520069376068422851e-01 2.383518791554505023e-01 2.674629337558679931e-01 1.911896821676726532e-01 2.790644673697431632e-01 8.053141437073334241e-02 1.088929992864987872e-01
4.500000000000000000e+00 2.299328723929193741e-01 2.929699722734396272e-01 2.827459569348542701e-01 2.475342502308060244e-01 2.749719123708169177e-01 2.289636774511245587e-01 2.613220540725457175e-01 2.641410456999411238e-01 2.468021618895234748e-01 2.372388971000797264e-01 2.069471947241648402e-01 2.525664784728747780e-01 1.746418517141662130e-01 1.907275605276963493e-01
5.000000000000000000e+00 2.503002908778981794e-01 2.981945377461296953e-01 2.920593877788469905e-01 2.566068041394117261e-01 2.842730301005308435e-01 2.639797358166894314e-01 2.433882169822590424e-01 2.520857168846561969e-01 2.460024116367129365e-01 2.069643940872541443e-01 2.236338130058878604e-01 2.338796338608164493e-01 2.456747558829203426e-01 2.455467479841078327e-01
5.500000000000000000e+00 2.894929114581672458e-01 3.336538083993540460e-01 3.169753506275605481e-01 2.944569222109496565e-01 3.047578757934956695e-01 3.077513378096303764e-01 2.669640101942834520e-01 2.723972018003705253e-01 2.723647097949069562e-01 2.147060624294951370e-01 2.394996352083352820e-01 2.570945579017206439e-01 3.519517246987575176e-01 3.383456457501191617e-01
6.000000000000000000e+00 2.282463115430488632e-01 2.626714254309563956e-01 2.436665671773179387e-01 2.347509528765112652e-01 2.290133574877859512e-01 2.514205187149595733e-01 2.045864625715215213e-01 2.101446072599287285e-01 2.093847396661453475e-01 1.473848030096602257e-01 1.761879771857709498e-01 2.075502806440590597e-01 3.374482296810739634e-01 3.117217884436087050e-01
6.500000000000000000e+00 2.214683768331054958e-01 2.313120034604555508e-01 2.257228239953426030e-01 2.268867828820425592e-01 2.149539054178438713e-01 2.430572368557305796e-01 1.710719711138166121e-01 1.865183036604537714e-01 1.814510362774766628e-01 1.285069640115579226e-01 1.224535945939625170e-01 1.798439287122754471e-01 3.327567058314756521e-01 2.899248047170266407e-01
7.000000000000000000e+00 9.841516544973409608e-02 8.698052329983615993e-02 9.769691129397900520e-02 1.072701359543867528e-01 8.985597022272398537e-02 1.261248603457477968e-01 3.475600259168811629e-02 5.464803714959477754e-02 5.958928041070547799e-02 1.815438710685256946e-02 -1.903312682120189905e-02 6.415687275812859136e-02 2.015062109630144094e-01 1.462648002365544708e-01
7.500000000000000000e+00 7.161375779042807033e-02 3.067744081380843757e-02 6.269087928169089774e-02 5.995029819808517235e-02 5.210271434528300494e-02 6.153966215527999217e-02 2.946903066693478714e-03 -2.668930602138735488e-03 2.798384477113714970e-03 -4.447291003159020012e-02 -7.914223582829274517e-02 9.533683711523618931e-03 1.167700956151092873e-01 7.329695336474928435e-02
8.000000000000000000e+00 -4.910859542030615588e-02 -1.089184942980086224e-01 -6.846464275783450959e-02 -8.554410343824796203e-02 -8.226684670196270088e-02 -9.695638354597294062e-02 -1.236665083305920482e-01 -1.473881401473867148e-01 -1.289764717462318355e-01 -1.688525809915126796e-01 -1.810614538618678937e-01 -1.085336330525394355e-01 -5.001812235194997430e-02 -7.434607576934346151e-02
8.500000000000000000e+00 -5.420846885563421202e-02 -1.222609381846771759e-01 -5.728440907591936249e-02 -9.020343842612983665e-02 -8.414159998957149167e-02 -1.307227480443532430e-01 -1.457371943795454650e-01 -1.621743944933987658e-01 -1.460106795538313462e-01 -1.792417096406306309e-01 -1.661743873679203953e-01 -1.479279926149719149e-01 -9.833814886765895880e-02 -1.003365448003252502e-01
9.000000000000000000e+00 -1.416763888805516736e-01 -2.045871540393250365e-01 -1.225626248847848099e-01 -1.637969800715089186e-01 -1.669181826442057703e-01 -2.201185074973820432e-01 -2.339328827582962123e-01 -2.343456233721252224e-01 -2.206521746509038651e-01 -2.365117208326613651e-01 -2.038411938521862976e-01 -2.437327788390444838e-01 -2.026106652904513528e-01 -1.834850296646330092e-01
9.500000000000000000e+00 -8.104031370790618083e-02 -1.178188977719733105e-01 -7.289992808459289098e-02 -1.018034783055202230e-01 -1.369332114785907217e-01 -1.656202418332321513e-01 -1.615925469120956526e-01 -1.621826804126398347e-01 -1.332356312879559579e-01 -1.316690076279851129e-01 -1.039774145043840525e-01 -1.678933516607821197e-01 -1.056088260591983297e-01 -6.980133980447311703e-02
1.000000000000000000e+01 -8.154656728246217900e-02 -8.280563148461675405e-02 -9.443479856335361411e-02 -9.341667620450636034e-02 -1.604643730998659978e-01 -1.557291528212621234e-01 -1.394752722154476987e-01 -1.355325310147892370e-01 -9.598223038459799406e-02 -6.498173390349162859e-02 -5.817963392449956861e-02 -1.220672745871514003e-01 -4.361326336084263289e-02 1.514183396498006845e-03
1.050000000000000000e+01 1.853605661678791802e-02 2.578051122566788617e-02 -1.080053832808198881e-02 1.980454974989484876e-02 -7.176623067079551666e-02 -3.295453614799619124e-02 -3.798342569209536140e-02 -8.367390324274925212e-03 1.350735459261581499e-03 4.633458588519528271e-02 4.841212064702998114e-02 -4.490499566924090191e-02 1.210283762728917023e-01 1.595035237898519698e-01
1.100000000000000000e+01 5.513896517310695050e-02 5.664728690086360402e-02 1.258503879994898877e-02 6.181615568490304163e-02 -3.760827881241994575e-02 1.403340300021099080e-02 -4.216868127613598860e-03 4.693971496479381472e-02 2.122458362692038192e-02 7.776094281466452984e-02 7.164178124615477872e-02 -3.219681245896258148e-02 1.682530254708528572e-01 2.043523945982927137e-01
1.150000000000000000e+01 1.294524610684071597e-01 1.098444745570639342e-01 6.718645719919220938e-02 1.432734100776734409e-01 4.940712685629747997e-02 1.124148200291749528e-01 9.406118161990500992e-02 1.239925317702642443e-01 6.770685188936036158e-02 9.395176078033165568e-02 9.083339670198983806e-02 -4.767115296734930618e-03 2.019044211191209914e-01 2.420771141552095773e-01
1.200000000000000000e+01 1.134617496581299817e-01 7.165619735179597216e-02 3.273504827778157128e-02 1.298918946214595027e-01 5.083777672699887201e-02 1.108577945409745108e-01 9.489223973140607782e-02 1.014229684143614918e-01 1.660595477855878258e-02 2.020457147588479441e-03 2.039885347310511909e-03 -8.448078057756806813e-02 1.597378699616914255e-01 1.829135801893715385e-01
1.250000000000000000e+01 1.924645896225215536e-01 1.369383193189614711e-01 9.875830366775964486e-02 2.115452050655270422e-01 1.781351024344394740e-01 1.979231928973451404e-01 1.664421179403764717e-01 1.700340071059392721e-01 6.784743020886785381e-02 2.309899017482089020e-02 4.133831348460094424e-02 -5.181287673301983310e-02 2.300894498131472454e-01 2.132760938622137170e-01
1.300000000000000000e+01 1.930023440817114633e-01 1.281998608362368564e-01 9.878312097987552998e-02 2.159802430207168333e-01 2.247589550387028567e-01 2.034782526709751904e-01 1.657947548999365583e-01 1.604986758521713130e-01 5.424740067122919146e-02 -1.020773007864484924e-02 2.115187018005945663e-02 -6.706864051537772542e-02 2.250976644277586369e-01 1.693603555437413477e-01
1.350000000000000000e+01 2.412638256132435821e-01 1.761934852008535390e-01 1.619712846499345438e-01 2.596249987501865197e-01 2.887697913402125782e-01 2.609314914452234291e-01 2.159914185943428155e-01 2.031103657524416795e-01 1.233142270371591354e-01 3.932583247983621050e-02 6.956309774605913543e-02 1.130766939272671856e-03 2.884473064683956700e-01 1.883516579981096561e-01
1.400000000000000000e+01 3.251048750975216173e-01 2.612806089750458471e-01 2.593693095520476222e-01 3.398549531109101296e-01 3.875084514769241428e-01 3.405618384137744092e-01 3.162493925200097200e-01 2.851241113016396711e-01 2.070755854979066113e-01 1.125791610647192270e-01 1.144906611644271183e-01 7.446438336730898389e-02 3.901947041541125039e-01 2.361824272862428908e-01
1.450000000000000000e+01 4.489728625526042682e-01 4.217712863498377374e-01 4.274241080793856895e-01 4.691898000452865425e-01 5.448364462735202363e-01 4.849805143584214884e-01 4.756346224775787057e-01 4.329685964680931032e-01 3.865558940568764035e-01 3.311276649750415912e-01 3.016072128706688282e-01 2.748566936843033215e-01 5.436318609114092482e-01 3.909218450872462003e-01
1.500000000000000000e+01 5.890635799013330676e-01 5.758265809379151667e-01 5.943522211647590536e-01 6.000222321163390937e-01 6.889425610779731368e-01 6.187624352885847667e-01 6.358790833509706530e-01 5.803722891323970234e-01 5.369062261205871378e-01 5.149360624297105726e-01 4.787623196060836195e-01 4.594500751953091155e-01 6.021948867169701902e-01 5.213743678931179737e-01
