# # time shift (tau) UVW2 Cont1150_not_optical_calibrated LyAlpha_not_optical_calibrated HBeta_not_optical_calibrated OI8446_not_optical_calibrated
-1.000000000000000000e+01 -5.153212162477474045e-01 -1.234651552399400332e-01 -1.999073799858746003e-01 2.753267620778562241e-01 5.618070430083782485e-01
-9.000000000000000000e+00 -2.342336008167003603e-01 -2.268942140850188638e-03 -1.633976425092468765e-01 1.810327101647513648e-01 4.781561292375358097e-01
-8.000000000000000000e+00 -9.396347979024902153e-02 8.364325553347891351e-02 -3.075213198556271676e-02 3.137374831682514520e-01 3.782894849782802993e-01
-7.000000000000000000e+00 8.217386219723672725e-02 2.259742931569941882e-01 -5.151929920823136722e-02 2.848711016187305822e-01 7.673473376993206196e-02
-6.000000000000000000e+00 2.544906587210890025e-01 4.097975137410552748e-01 -3.356368394811086453e-02 9.584402940608571786e-02 5.871272254595742007e-02
-5.000000000000000000e+00 4.733488395740184096e-01 4.640155527037318484e-01 5.157576535689797903e-02 1.879017168394776227e-01 3.581438743284433984e-02
-4.000000000000000000e+00 6.009501881851907479e-01 4.712701277834869806e-01 1.557596928675057391e-01 1.560032227310780006e-01 -2.557477012234883329e-01
-3.000000000000000000e+00 6.447513605501566936e-01 5.866251089008932551e-01 2.279280330712314950e-01 2.234331146184850569e-01 -1.580569430085539684e-01
-2.000000000000000000e+00 7.885912020384240328e-01 8.265122002938556367e-01 4.739808063271712113e-01 2.939614489832822475e-01 6.646893165378886525e-02
-1.000000000000000000e+00 8.978481969702643006e-01 8.313324395253957055e-01 7.564464267092538829e-01 6.036612992048140391e-01 2.917322625889295917e-01
0.000000000000000000e+00 7.540805999855004771e-01 5.967988838041383692e-01 9.999999999999997780e-01 7.772302972250573205e-01 4.698241724459270019e-01
1.000000000000000000e+00 4.735146933429903449e-01 2.981644208994927991e-01 7.564464267092538829e-01 7.329973945500443122e-01 3.386858454951329755e-01
2.000000000000000000e+00 2.705713439827046596e-01 3.996359935871362373e-02 4.739808063271712668e-01 4.730265029736254734e-01 3.602804053287299579e-01
3.000000000000000000e+00 1.972309739961058128e-01 5.735034978944928558e-03 2.279280330712314673e-01 3.106892018923961274e-01 4.369410008366920173e-01
4.000000000000000000e+00 1.487281359536867797e-01 2.810190256534820380e-02 1.557596928675057391e-01 1.804798417761260543e-01 2.996571256949735751e-02
5.000000000000000000e+00 1.838096002667239104e-01 2.475542119933139551e-01 5.157576535689802066e-02 3.267210756895447821e-01 1.697914432474058599e-01
6.000000000000000000e+00 1.923149387853383407e-01 3.758492783686118166e-01 -3.356368394811083677e-02 2.817717035669594638e-01 3.464339271847015622e-01
7.000000000000000000e+00 6.374164592258255158e-02 2.347335192211139898e-01 -5.151929920823136722e-02 2.309424009584439830e-01 5.328087363773033047e-01
8.000000000000000000e+00 -1.326398447960236981e-01 -4.208860278121040119e-03 -3.075213198556275493e-02 2.463959309049589264e-01 3.106852501294159463e-01
9.000000000000000000e+00 -2.343227148752967670e-01 -1.143839088131078929e-01 -1.633976425092468487e-01 1.249875691960793539e-01 4.760877978640095515e-02
1.000000000000000000e+01 -1.586800098120879077e-01 3.889647298026592537e-03 -1.999073799858745448e-01 -2.671456350453688122e-01 -8.905029968483324510e-02
1.100000000000000000e+01 4.383492823326961413e-02 1.296749340331626865e-01 -5.533291873573473185e-03 -4.338189336725895573e-01 -1.608127433691298735e-01
1.200000000000000000e+01 1.611906709733554877e-01 1.117131964400025629e-01 1.805361859724677054e-01 -4.173251028914840566e-01 -5.223729739945406347e-01
1.300000000000000000e+01 2.971777077248456411e-01 1.939246953914573746e-01 2.032522115941177987e-01 -1.932221520645863722e-01 -5.660824807026743066e-01
1.400000000000000000e+01 5.071989762362432153e-01 4.364439377966508049e-01 2.175042994786712813e-01 1.512303720605395196e-01 -1.749071738101074247e-01
1.500000000000000000e+01 6.912193260601335876e-01 6.611453930378823340e-01 5.699476496125219782e-01 4.922085057634383309e-01 1.031494580587345583e-01
