# # time shift (tau) HDelta HGamma HeII4685 HBeta HeI5875 HAlpha HeI5015 OI8446 HeI4471 HeI7065 OIII5007 LyALpha
-1.000000000000000000e+01 4.336883129826683836e-03 1.431937527293958845e-01 -2.062415150144366466e-02 2.641336733138497372e-01 -7.469185077759653291e-02 -1.188186659223365305e-01 -3.710941343761117728e-02 2.820579967093926888e-01 -2.010740134809031188e-01 8.525311799535534307e-02 -7.175054263745542227e-02 -2.722581308683544865e-01
-9.000000000000000000e+00 -1.005241313046967983e-01 -9.847514092333253810e-03 -7.160745269779093813e-02 1.020448153269921249e-02 -2.195039906745823999e-01 -2.319109164016435187e-01 -1.313289637175161784e-01 1.411926859829810144e-01 -2.804563963176008867e-01 -3.396595646062304519e-02 -2.172801195663213170e-01 -2.734443036130561056e-01
-8.000000000000000000e+00 -1.481858268749935148e-01 -8.404415746803219067e-02 4.529620736061086561e-02 1.994392094746148467e-02 -3.427371380987435656e-01 -2.481000414374964214e-01 -1.702201894665196502e-01 -1.833348632726925637e-02 -3.031359152856071826e-01 3.633612155043169922e-02 -2.513126219027127517e-01 -1.865994298651992844e-01
-7.000000000000000000e+00 -2.083177475027784553e-01 -2.303973301840342158e-01 8.116811469946315361e-02 -6.172314094394262818e-02 -4.949226062333810239e-01 -3.414657737533932091e-01 -3.490633099276540530e-01 -2.621531289633629025e-01 -3.367833336652726883e-01 -1.425381705867644760e-02 -3.980080989398184776e-01 -2.299525927010769577e-01
-6.000000000000000000e+00 -2.251202919902449417e-01 -1.033253640331573131e-01 1.247217561266867614e-01 -4.027152105303877239e-02 -3.475266335686210128e-01 -2.155558529964487213e-01 -4.671718713980929083e-01 -1.049523795792508818e-01 -3.924902881217733341e-01 5.515075998148777532e-03 -5.082850072839928401e-01 -1.091583245383179329e-01
-5.000000000000000000e+00 -1.715832484494817234e-01 -8.902192873243931770e-02 1.445872963715985893e-01 5.013875343071343832e-02 -2.510003810030949634e-01 -2.209188321212063599e-01 -3.537677890933160763e-01 -1.359451683456872895e-01 -1.882828678436350156e-01 1.297544872579391856e-03 -3.965856530318725426e-01 -2.105350422410531830e-02
-4.000000000000000000e+00 -1.404740243917669551e-01 -2.313257004201564881e-01 2.117834801738370798e-01 -7.964554139790328002e-02 -2.998130566410167064e-01 -3.443512905669023905e-01 -5.161034188173856396e-01 -4.575769802430245670e-01 -4.576046995431880954e-02 -3.743441967055706476e-02 -5.277602090239970067e-01 5.383414994375248369e-02
-3.000000000000000000e+00 -1.914940624037553274e-02 -6.111687819320200249e-02 2.363422231424068820e-01 5.786832481241030446e-02 6.123238587971147062e-04 -1.379366331933146728e-01 -5.970021199966559777e-01 -3.268373206875992421e-01 -7.171810221826509235e-02 -5.479618274834614777e-02 -6.144637556880881979e-01 1.620937822026966291e-01
-2.000000000000000000e+00 3.473133078868649859e-01 2.682689096654323757e-01 4.843220517510162804e-01 2.540896189819670248e-01 4.337653209819233302e-01 1.313129634283710656e-01 -4.518312839168756589e-01 1.052706828622698709e-03 -1.579676198177771551e-01 -1.619539037316927166e-01 -5.887276393113761719e-01 4.748986034334631845e-01
-1.000000000000000000e+00 6.625469651628039802e-01 5.470320940571349322e-01 7.430596637395376902e-01 4.344069870187263760e-01 5.430717675332850103e-01 3.105410623170785089e-01 -1.275967522460192405e-01 5.911665043939606790e-02 -4.373067811091538304e-02 -4.067274267193253696e-03 -4.068376792118464369e-01 6.975670950134209569e-01
0.000000000000000000e+00 8.687738656639311108e-01 7.750153160187377432e-01 9.071362178617442540e-01 6.582500189434969950e-01 6.568479309292590829e-01 5.310498284817155579e-01 1.141635959012834711e-01 2.366291435723374692e-01 2.644406236151785605e-01 3.577834139445961181e-01 -1.779186605873235849e-01 9.514655568845519218e-01
1.000000000000000000e+00 8.417577005968354120e-01 8.287410592462818304e-01 6.491065788563058492e-01 8.090965604732036631e-01 7.789760098039140157e-01 7.060122553010512725e-01 3.337233981975090691e-01 3.759370116038602272e-01 3.247521565928450649e-01 6.726867747398539432e-01 5.638941255937931357e-02 7.885499454959997712e-01
2.000000000000000000e+00 6.829776645042970884e-01 8.200361880698812111e-01 3.400761462186940864e-01 8.391539288792939644e-01 8.009003517957600238e-01 7.748449864515647434e-01 4.956673929015265601e-01 6.665879796897002940e-01 4.966580827109313701e-01 7.440553095754303126e-01 2.258666999533536501e-01 6.593759830440162339e-01
3.000000000000000000e+00 4.127013631280058159e-01 5.786256896860332288e-01 -3.309861535690795942e-02 6.632705081468031061e-01 5.944013632156288640e-01 6.709689013116912903e-01 3.318599034678019755e-01 7.180375827220621954e-01 2.847213992098025503e-01 4.518126366228780721e-01 8.421365404025392409e-02 4.175910094783759074e-01
4.000000000000000000e+00 2.450012272685060388e-01 2.332611241776444411e-01 -3.273405775905496862e-02 3.984480602801962479e-01 3.497875695942941343e-01 3.575127290595465634e-01 2.805360729624122307e-01 2.988127151669601744e-01 1.372117659245122023e-01 8.948091899250526504e-02 1.325096059617171251e-01 2.655815898165016509e-01
5.000000000000000000e+00 2.139555893974654510e-01 1.686967849611581693e-01 1.416875196436530870e-01 3.655100491883391811e-01 1.507468519531343643e-01 2.705644616629502286e-01 1.716429934723955053e-01 2.310711646292502863e-01 1.872344502592254156e-01 -2.026942542285161686e-01 6.958056747966021027e-02 8.446642469921546159e-02
6.000000000000000000e+00 2.796205679587518422e-01 2.018549017315989236e-01 2.382154785663697094e-01 2.581664694057748677e-01 -3.505976038214444340e-02 1.944940729117364264e-01 9.552493910859888304e-02 2.918076293306985369e-01 3.391415072983045009e-01 -3.785852960214187157e-01 8.686797809952849503e-02 -1.512084388410943857e-02
7.000000000000000000e+00 1.763138532922548518e-01 1.513646386175761527e-01 1.248081965440235724e-01 8.158984684712372593e-02 -1.609662899957031157e-01 -1.849740647816845718e-02 -6.955534661101885063e-02 2.457981757199285411e-01 4.155194251458538268e-01 -3.902875965440797956e-01 -8.246313873631926084e-02 -1.105009203879009638e-01
8.000000000000000000e+00 -4.219397591652792462e-02 -4.176534357194801317e-02 2.535079305631643670e-03 -4.486700008977634324e-02 -2.722311720103314236e-01 -2.649065581993693685e-01 -1.091351332551125375e-01 -9.953782860657742204e-02 4.288376189393050542e-01 -2.758958782561167222e-01 -7.802724052536631760e-02 -1.693618416045194475e-01
9.000000000000000000e+00 -2.954111588902456065e-01 -3.218168041611659258e-01 -3.089473866094553101e-01 -1.651361544157061712e-01 -2.340484231885759936e-01 -3.299553893542022109e-01 -3.190282796332947202e-01 -3.301136447102999139e-01 -1.081076850642028429e-02 -1.314981520471599774e-01 -3.554838915055837933e-01 -2.986390299290417882e-01
1.000000000000000000e+01 -3.701841984059262014e-01 -3.878993382611767293e-01 -4.121411369597247076e-01 -2.891902907312440263e-01 -2.118167165363916415e-01 -1.012014915873747090e-01 -2.427084465026488336e-01 -1.591790291731959850e-01 -3.904542660461564618e-01 -1.165056084271093306e-01 -3.636586196650857250e-01 -1.954473235071891857e-01
1.100000000000000000e+01 -2.787055031309284558e-01 -2.386195448381286111e-01 -1.413986889150834481e-01 -3.128188790149230014e-01 -2.173436846958097246e-01 2.424459648614750440e-02 -2.736126706146149723e-01 -7.399325100562501034e-02 -6.942771952619483100e-01 3.662079817359366329e-02 -5.008326093897907949e-01 3.475963519173311950e-02
1.200000000000000000e+01 -2.090589150775958305e-01 -1.677883314454137742e-01 1.954606874516864878e-01 -3.521250409995659858e-01 -2.090998532833526491e-01 -2.018287055981560218e-01 -3.762727188328360839e-01 -3.943360880366630350e-01 -6.688255871518106188e-01 -5.157010552868293574e-02 -5.152565545740952491e-01 1.348719559858859995e-01
1.300000000000000000e+01 -6.676662397986957154e-02 1.270716553514390432e-02 4.270848109616372512e-01 -1.491335506168455227e-01 4.098550547782349451e-02 -2.801362341912523313e-01 -4.296024125513644432e-01 -3.991274622743790634e-01 -3.166476176056028935e-01 1.709873184332962315e-01 -3.692455108139889863e-01 1.516772071239558262e-01
1.400000000000000000e+01 1.878114355613558495e-01 1.465760607608941613e-01 4.323085001341673284e-01 1.581593590396425386e-01 3.614602671270253920e-01 -1.446132685092547110e-01 -2.512623825494498808e-01 -7.537686848526103933e-02 1.585537334095378503e-01 1.662031652097263335e-01 -1.397071392190159939e-02 1.924558435203347351e-01
1.500000000000000000e+01 5.308858436626924249e-01 3.556531137498616935e-01 6.264224143250176624e-01 4.479745494790378091e-01 5.062819352206026080e-01 2.455438153895646014e-01 3.695801961799114604e-03 1.409594118648693772e-01 5.950943407149030806e-01 4.773614052355045767e-01 2.037499098480645143e-01 5.485379617055230472e-01
1.600000000000000000e+01 5.621506906192554887e-01 5.112066598507652992e-01 5.142626799624532286e-01 5.894047640211563799e-01 6.183584538318951385e-01 5.213852767025159984e-01 3.642586288837126318e-01 3.159411602996280433e-01 5.011784893768398419e-01 6.672597308790322312e-01 3.620770266961427231e-01 6.844380875229574279e-01
1.700000000000000000e+01 6.567059012962123132e-01 7.077751427387413141e-01 4.969465143897913162e-01 6.869196116438411881e-01 6.991481048833487755e-01 7.227351998918286613e-01 6.686561678207698645e-01 4.452660848509302216e-01 3.913815264355476331e-01 6.899640275778835541e-01 3.726572516471021723e-01 6.591059382585946480e-01
1.800000000000000000e+01 8.398612388656461203e-01 9.354251621402771555e-01 -2.583162431693950337e-02 8.317472896912434521e-01 5.605390666983730563e-01 9.206612608006423670e-01 7.276666499163542134e-01 9.120095829350323147e-01 3.440938862744383209e-01 3.053020014551521832e-01 2.798460698659537282e-01 5.604122852831321389e-01
1.900000000000000000e+01 8.048982387801062455e-01 6.830412679706879819e-01 -2.499998083944486860e-01 7.616561698471300268e-01 -8.363135496478099618e-02 6.819605184694643718e-01 4.894955764428233769e-01 8.507359482169398746e-01 7.010277767528368953e-01 -3.635974177546761332e-01 2.823882174931928724e-01 6.062127117182412039e-01
2.000000000000000000e+01 3.561897784591110394e-01 1.933099806563420842e-01 -5.793123948119228706e-01 5.515152157240323927e-01 -9.898246731522541975e-02 3.256114166481628436e-01 4.379965240494929080e-01 3.888605034518466397e-01 5.602092765957567000e-01 -8.998872812344363981e-01 6.336783443836087049e-01 3.768788081220504904e-01
