# time shift (tau) 	 correlation coefficient 	 number of simulations: 20000	 FR: True	 RSS: True
-1.000000000000000000e+01 5.800000000000000000e+01
-9.000000000000000000e+00 1.000000000000000000e+00
-8.000000000000000000e+00 7.000000000000000000e+00
-7.000000000000000000e+00 3.000000000000000000e+00
-6.000000000000000000e+00 0.000000000000000000e+00
-5.000000000000000000e+00 3.000000000000000000e+00
-4.000000000000000000e+00 1.000000000000000000e+00
-3.000000000000000000e+00 0.000000000000000000e+00
-2.000000000000000000e+00 0.000000000000000000e+00
-1.000000000000000000e+00 5.000000000000000000e+00
0.000000000000000000e+00 1.870000000000000000e+02
1.000000000000000000e+00 1.506000000000000000e+03
2.000000000000000000e+00 6.083000000000000000e+03
3.000000000000000000e+00 1.348000000000000000e+03
4.000000000000000000e+00 7.700000000000000000e+01
5.000000000000000000e+00 9.000000000000000000e+00
6.000000000000000000e+00 3.300000000000000000e+01
7.000000000000000000e+00 5.000000000000000000e+00
8.000000000000000000e+00 5.000000000000000000e+00
9.000000000000000000e+00 3.000000000000000000e+00
1.000000000000000000e+01 3.300000000000000000e+01
1.100000000000000000e+01 1.950000000000000000e+02
1.200000000000000000e+01 4.800000000000000000e+01
1.300000000000000000e+01 5.100000000000000000e+01
1.400000000000000000e+01 1.040000000000000000e+02
1.500000000000000000e+01 7.570000000000000000e+02
1.600000000000000000e+01 1.956000000000000000e+03
1.700000000000000000e+01 2.401000000000000000e+03
1.800000000000000000e+01 4.922000000000000000e+03
1.900000000000000000e+01 1.990000000000000000e+02
2.000000000000000000e+01 0.000000000000000000e+00
2.100000000000000000e+01 0.000000000000000000e+00
