# time shift (tau) 	 correlation coefficient 	 number of simulations: 10000	 FR: True	 RSS: True
-1.000000000000000000e+01 2.962000000000000000e+03
-9.000000000000000000e+00 5.990000000000000000e+02
-8.000000000000000000e+00 1.308000000000000000e+03
-7.000000000000000000e+00 3.170000000000000000e+02
-6.000000000000000000e+00 1.380000000000000000e+02
-5.000000000000000000e+00 2.700000000000000000e+01
-4.000000000000000000e+00 2.000000000000000000e+00
-3.000000000000000000e+00 0.000000000000000000e+00
-2.000000000000000000e+00 1.000000000000000000e+00
-1.000000000000000000e+00 1.300000000000000000e+02
0.000000000000000000e+00 8.540000000000000000e+02
1.000000000000000000e+00 3.430000000000000000e+02
2.000000000000000000e+00 1.760000000000000000e+02
3.000000000000000000e+00 4.800000000000000000e+02
4.000000000000000000e+00 4.000000000000000000e+00
5.000000000000000000e+00 4.200000000000000000e+01
6.000000000000000000e+00 2.190000000000000000e+02
7.000000000000000000e+00 1.211000000000000000e+03
8.000000000000000000e+00 3.440000000000000000e+02
9.000000000000000000e+00 1.490000000000000000e+02
1.000000000000000000e+01 3.000000000000000000e+01
1.100000000000000000e+01 1.220000000000000000e+02
1.200000000000000000e+01 1.400000000000000000e+01
1.300000000000000000e+01 5.000000000000000000e+00
1.400000000000000000e+01 9.500000000000000000e+01
1.500000000000000000e+01 4.280000000000000000e+02
