# time shift (tau) 	 correlation coefficient 	 number of simulations: 20000	 FR: True	 RSS: True
-1.000000000000000000e+01 1.305000000000000000e+03
-9.000000000000000000e+00 1.290000000000000000e+02
-8.000000000000000000e+00 6.400000000000000000e+01
-7.000000000000000000e+00 7.700000000000000000e+01
-6.000000000000000000e+00 4.700000000000000000e+01
-5.000000000000000000e+00 3.000000000000000000e+00
-4.000000000000000000e+00 0.000000000000000000e+00
-3.000000000000000000e+00 1.000000000000000000e+00
-2.000000000000000000e+00 0.000000000000000000e+00
-1.000000000000000000e+00 0.000000000000000000e+00
0.000000000000000000e+00 3.800000000000000000e+01
1.000000000000000000e+00 7.100000000000000000e+01
2.000000000000000000e+00 2.665000000000000000e+03
3.000000000000000000e+00 5.562000000000000000e+03
4.000000000000000000e+00 1.440000000000000000e+02
5.000000000000000000e+00 5.600000000000000000e+01
6.000000000000000000e+00 1.830000000000000000e+02
7.000000000000000000e+00 2.600000000000000000e+01
8.000000000000000000e+00 1.000000000000000000e+01
9.000000000000000000e+00 3.100000000000000000e+01
1.000000000000000000e+01 5.300000000000000000e+01
1.100000000000000000e+01 1.830000000000000000e+02
1.200000000000000000e+01 5.300000000000000000e+01
1.300000000000000000e+01 4.200000000000000000e+01
1.400000000000000000e+01 2.420000000000000000e+02
1.500000000000000000e+01 4.970000000000000000e+02
1.600000000000000000e+01 1.008000000000000000e+03
1.700000000000000000e+01 1.141000000000000000e+03
1.800000000000000000e+01 4.814000000000000000e+03
1.900000000000000000e+01 1.555000000000000000e+03
2.000000000000000000e+01 0.000000000000000000e+00
2.100000000000000000e+01 0.000000000000000000e+00
