# time shift (tau) 	 correlation coefficient 	 number of simulations: 20000	 FR: True	 RSS: True
-1.000000000000000000e+01 4.900000000000000000e+01
-9.000000000000000000e+00 1.200000000000000000e+01
-8.000000000000000000e+00 2.600000000000000000e+01
-7.000000000000000000e+00 5.000000000000000000e+00
-6.000000000000000000e+00 0.000000000000000000e+00
-5.000000000000000000e+00 3.000000000000000000e+00
-4.000000000000000000e+00 0.000000000000000000e+00
-3.000000000000000000e+00 0.000000000000000000e+00
-2.000000000000000000e+00 0.000000000000000000e+00
-1.000000000000000000e+00 1.000000000000000000e+00
0.000000000000000000e+00 1.030000000000000000e+02
1.000000000000000000e+00 3.793000000000000000e+03
2.000000000000000000e+00 6.920000000000000000e+03
3.000000000000000000e+00 4.870000000000000000e+02
4.000000000000000000e+00 8.000000000000000000e+00
5.000000000000000000e+00 1.800000000000000000e+01
6.000000000000000000e+00 2.700000000000000000e+01
7.000000000000000000e+00 2.000000000000000000e+00
8.000000000000000000e+00 1.000000000000000000e+00
9.000000000000000000e+00 5.000000000000000000e+00
1.000000000000000000e+01 2.000000000000000000e+00
1.100000000000000000e+01 4.000000000000000000e+00
1.200000000000000000e+01 2.000000000000000000e+00
1.300000000000000000e+01 6.000000000000000000e+01
1.400000000000000000e+01 2.790000000000000000e+02
1.500000000000000000e+01 1.150000000000000000e+03
1.600000000000000000e+01 1.097000000000000000e+03
1.700000000000000000e+01 1.885000000000000000e+03
1.800000000000000000e+01 3.958000000000000000e+03
1.900000000000000000e+01 1.030000000000000000e+02
2.000000000000000000e+01 0.000000000000000000e+00
2.100000000000000000e+01 0.000000000000000000e+00
