# # time shift (tau) HBeta_not_optical_calibrated LyAlpha_not_optical_calibrated OI8446_not_optical_calibrated SiIV1393_not_optical_calibrated NV1238_not_optical_calibrated CIV1548_not_optical_calibrated HeII1640_not_optical_calibrated OIII]1660_not_optical_calibrated
-1.000000000000000000e+01 2.435320572957799246e-01 -1.684768820581069582e-01 4.899529416427187423e-01 2.576269472272644384e-02 -1.154406823090876610e-01 -2.798371118475330432e-02 -1.621479993089208205e-01 -3.295168176129624760e-01
-9.500000000000000000e+00 2.673899654290073369e-01 -2.119931223351650407e-01 5.401566812177904797e-01 3.761856303956473413e-02 -1.551862278919970140e-01 7.315351253590132719e-03 -1.189708749054827763e-01 -1.830576146258342529e-01
-9.000000000000000000e+00 2.154193686681992737e-01 -2.388911705725941526e-01 4.991278893299624930e-01 8.829470647949408391e-03 -1.756264176075404693e-01 -1.312006513575129582e-02 -8.468869309431004133e-02 -1.480224936954726844e-01
-8.500000000000000000e+00 1.801456960517229811e-01 -1.750840049534326259e-01 5.056220999013084638e-01 4.632338932940183174e-02 -9.442575663768992822e-02 3.033557160569839289e-02 -5.615737772419190921e-02 -1.483822760266728935e-01
-8.000000000000000000e+00 2.144257303767279632e-01 -1.328087144523107943e-01 5.117253938297334770e-01 2.875008803887315820e-02 -8.129840908016493228e-02 1.043166965375389235e-02 -4.469347486124371910e-02 -1.532794148816732094e-01
-7.500000000000000000e+00 3.134287837202611171e-01 -2.382912896438602393e-02 5.806865624675164872e-01 1.459663001752804501e-01 1.875205746612609858e-02 1.061631561851512917e-01 5.390336197194924017e-02 -4.651279085060352342e-02
-7.000000000000000000e+00 4.035341729950830958e-01 6.887232965283977826e-02 3.255427858727808488e-01 1.920359828188157869e-01 9.218006891985910944e-02 1.044036517370084405e-01 8.093562146461649731e-02 -1.301993635709670638e-01
-6.500000000000000000e+00 4.107979546498072843e-01 1.263526192300666873e-01 3.435917293156945385e-01 2.943080615222257168e-01 1.518718063377173244e-01 1.741615068571646940e-01 1.384468675780204661e-01 -7.795891743456509482e-02
-6.000000000000000000e+00 3.749784349477834344e-01 1.980122090754612985e-01 3.289960514814698200e-01 3.767818390464120482e-01 2.293806821274271268e-01 1.828842660818162658e-01 1.082652028971386321e-01 -1.940868045027606126e-01
-5.500000000000000000e+00 3.003116486146397701e-01 1.837565720115955648e-01 2.135099239093605217e-01 3.431374508145334512e-01 2.325114816782100358e-01 9.887652919693766529e-02 1.958805714834649381e-02 -3.134550906202253073e-01
-5.000000000000000000e+00 2.870632125321956885e-01 1.917899157145182276e-01 1.860496638494947008e-01 3.643693372482290083e-01 2.414894653643929190e-01 7.627240853395958475e-02 6.742521325599504234e-02 -2.406176322282960467e-01
-4.500000000000000000e+00 2.922175143767717920e-01 1.601803282697802366e-01 1.355134442100482395e-01 2.822903080619023064e-01 1.543674928331394969e-01 3.013228484427605408e-03 1.208169301447697269e-02 -2.669834957024901367e-01
-4.000000000000000000e+00 2.814759899430936407e-01 1.548640514819978053e-01 2.604939389835354141e-02 2.647163961665671694e-01 1.248968466796610832e-01 -1.386447956175988760e-02 6.932356273167650240e-02 -2.328928147089103229e-01
-3.500000000000000000e+00 1.861507811569095838e-01 6.027196639060364985e-02 -1.229975349891276049e-01 1.480985060878613202e-01 2.237668064219314884e-02 -1.239302914686726959e-01 3.226396892353668167e-02 -2.901857791706282663e-01
-3.000000000000000000e+00 2.474267375784551803e-01 2.038574329840545929e-01 -8.228971545008388622e-02 2.556173062072849000e-01 1.428703666071899359e-01 1.744033233377194347e-02 7.832834594022851371e-02 -3.174588340108697171e-01
-2.500000000000000000e+00 1.448418543587716711e-01 1.624525382612970192e-01 -1.342174624714684572e-01 2.149330367137579079e-01 1.322868230866262873e-01 3.082871750269498834e-02 1.085277174162206648e-01 -2.097833214867726725e-01
-2.000000000000000000e+00 2.278959214755818530e-01 2.812003675053650897e-01 -1.227506648739986328e-01 2.812282486686559779e-01 2.184698302853941565e-01 1.765361456012560504e-01 2.000168203353239749e-01 -7.102137592549477574e-02
-1.500000000000000000e+00 2.448911139012583393e-01 3.172843475992940254e-01 -3.105565893908694697e-02 3.298972817254967049e-01 2.800243967843858428e-01 2.679301811969976299e-01 3.491027261744633625e-01 8.471645074686470767e-02
-1.000000000000000000e+00 4.115801805528311319e-01 4.850329217057535169e-01 4.626410108284344236e-02 4.084436289389753449e-01 3.843325440725701148e-01 4.265269823191387144e-01 5.132913529976893541e-01 1.351313887863632435e-01
-5.000000000000000000e-01 5.299538530542640125e-01 6.008758914274718865e-01 8.458506090590145465e-02 4.575871343438362437e-01 4.845781184043026490e-01 5.598768534242276607e-01 6.528455285869863012e-01 1.961919317429668685e-01
0.000000000000000000e+00 6.610711445478230086e-01 7.647672029430756524e-01 2.546034665512810768e-01 5.798519203908375497e-01 6.525369873719106817e-01 6.934601815714438455e-01 7.094708643025942063e-01 1.956873379109895505e-01
5.000000000000000000e-01 7.655939590181811694e-01 8.780922646242268481e-01 4.181612985959210493e-01 7.074660725623200808e-01 7.365249062870179442e-01 8.143524443498966203e-01 7.130898842987962727e-01 1.792317273000337552e-01
1.000000000000000000e+00 8.146493078549730260e-01 9.022329992676030308e-01 4.395550581491215469e-01 7.826130565278732742e-01 7.574850279956114596e-01 8.216623124502520081e-01 6.693867978152181486e-01 1.484731594769442831e-01
1.500000000000000000e+00 8.189056132147833900e-01 8.619877833884157514e-01 4.110553486568611081e-01 7.917477576166221942e-01 7.088717129853017163e-01 7.697485281185147965e-01 5.556473034211963924e-01 1.194321292860529848e-01
2.000000000000000000e+00 7.792557779132152085e-01 7.903592396362340011e-01 3.978518046296024568e-01 6.885185230364474496e-01 6.204782954155414476e-01 6.491745509485524757e-01 4.297916908608938602e-01 7.521311848196982064e-02
2.500000000000000000e+00 6.950430149214810172e-01 6.869273883363388178e-01 4.076375541703939342e-01 5.389572075858886091e-01 5.028624068811269332e-01 5.210583647992302891e-01 2.752753622787951215e-01 3.868204172900790994e-03
3.000000000000000000e+00 6.382329971953919490e-01 6.439541395518680877e-01 4.733971834405188428e-01 3.789120901936097185e-01 4.060305834432252903e-01 4.916184211677575577e-01 2.308791354023034814e-01 2.748279622030590230e-02
3.500000000000000000e+00 5.670117874880946651e-01 6.097018460559761044e-01 4.936923829546355780e-01 2.540466727115404666e-01 3.763641659240477555e-01 4.319598130739568109e-01 2.074536414034729437e-01 8.459726849652342284e-04
4.000000000000000000e+00 5.526836142404819574e-01 5.984516911801098793e-01 4.282832000192265398e-01 1.839598136557863417e-01 3.451494283126611551e-01 4.781975261584749948e-01 2.396926531608328803e-01 9.994218993117187644e-02
4.500000000000000000e+00 4.598776701137431422e-01 5.463310009475588203e-01 2.738954352308894946e-01 1.385953212370293897e-01 3.494775529059954700e-01 4.299707846502899833e-01 2.906706903761697158e-01 1.605909963075102254e-01
5.000000000000000000e+00 4.239795471158409046e-01 4.688483589192390388e-01 2.041260912788637194e-01 1.152580360785226549e-01 3.305741369529164309e-01 3.801323932102450565e-01 2.697521443094549887e-01 1.088857212450410339e-01
5.500000000000000000e+00 3.340317763535282647e-01 3.586409637528207295e-01 1.393466180630793250e-01 6.972420866181042176e-02 2.703792290538236109e-01 3.092537531636490034e-01 3.050745127095896292e-01 3.299858493211201699e-02
6.000000000000000000e+00 2.950272357424720271e-01 2.516565126361867133e-01 1.985089263918899394e-01 1.580657205869968884e-02 2.147563358473749129e-01 2.281553958925044978e-01 3.343195307465615107e-01 -2.210600499562044574e-03
6.500000000000000000e+00 2.684857168002616201e-01 1.730587627893236946e-01 2.783690319102721245e-01 -5.664802223287099259e-02 1.467921863339662902e-01 2.157086328176750500e-01 3.743652835214364427e-01 1.226418718356483417e-01
7.000000000000000000e+00 1.894649616946728066e-01 7.957042673544410805e-02 3.544213097716662486e-01 -6.814740515625454520e-02 5.108404721977959084e-02 1.192459114785425767e-01 3.856232827429231236e-01 2.597729283738833272e-01
7.500000000000000000e+00 2.035808980631649556e-01 -1.190251265984664658e-02 4.410129527970513275e-01 -1.146665503885885978e-01 -1.248113762585885966e-01 3.119516613095358465e-02 3.084052840882115509e-01 2.788741914712987158e-01
8.000000000000000000e+00 1.773056557336756267e-01 -1.016403477815455980e-01 3.802665338892839975e-01 -7.175273725505799949e-02 -2.084695404125066764e-01 -9.261064256218598523e-02 2.040749497140499358e-01 2.235065443190183132e-01
8.500000000000000000e+00 2.517915441331801674e-01 -1.265152097549264443e-01 3.613859498571654338e-01 -1.253296174016224618e-01 -2.697860170572597416e-01 -1.180696487870011441e-01 7.848745618814464975e-02 1.316513590172881942e-01
9.000000000000000000e+00 2.806971474164049463e-01 -2.370294681430731853e-01 2.420430353495872378e-01 -2.684402257525043134e-01 -4.079590311377211398e-01 -2.502366502646260482e-01 -2.781018804905083242e-01 -1.029119663241588323e-01
9.500000000000000000e+00 2.482267149434013997e-01 -3.530962346483005332e-01 2.727206457968149866e-01 -4.967814371696901432e-01 -5.842729172312204344e-01 -3.172411054050757739e-01 -4.522203802961400343e-01 -1.137117888236013064e-01
1.000000000000000000e+01 4.189158306905178819e-02 -5.090604937500093907e-01 2.337403131559411817e-01 -6.471253645360683926e-01 -7.249881557947495114e-01 -3.671280952324639246e-01 -6.132618620849863422e-01 -7.555218815468914273e-02
1.050000000000000000e+01 -2.058168743950078705e-01 -5.338040761438199722e-01 2.189110998655403595e-01 -6.897887129481458102e-01 -6.023889956973201842e-01 -4.404738694827579071e-01 -5.267890304913457333e-01 -4.098683482843041431e-02
1.100000000000000000e+01 -4.973911224291772681e-01 -5.419161402352337120e-01 6.080652241466923125e-02 -6.532643041279102558e-01 -4.559446458087567100e-01 -5.103425589911652072e-01 -4.467914833471936520e-01 1.672489239299698727e-02
1.150000000000000000e+01 -6.669864078514795569e-01 -5.161800983511013463e-01 -1.065205533394541354e-02 -5.050330536984005692e-01 -2.756259132295350023e-01 -5.867425593553707852e-01 -4.042724238899944034e-01 5.274853134141938710e-02
1.200000000000000000e+01 -6.666356724335796846e-01 -3.608151223440728694e-01 -1.680035795879566973e-01 -1.896940604240396344e-01 2.078761710661113787e-02 -6.037744652781694699e-01 -3.139506200022034732e-01 -1.144406448316119401e-01
1.250000000000000000e+01 -5.683317229469200260e-01 -3.188292708307033929e-01 -2.903431211565745684e-01 5.888947050634188440e-02 1.965131316885220247e-01 -6.599120174376702508e-01 -2.966839157960627915e-01 -2.657496155336239729e-01
1.300000000000000000e+01 -5.220894820842341133e-01 -3.433278663688461574e-01 -4.388863969303293810e-01 1.283976157591855127e-01 2.111871684192420107e-01 -6.863332025200703512e-01 -3.408474434215940096e-01 -3.495592302481161928e-01
1.350000000000000000e+01 -4.858235262123201115e-01 -3.326081041128924332e-01 -5.764507113736030419e-01 2.863611296408690166e-01 1.809019678081380811e-01 -5.001351451942422921e-01 -2.140259540267049621e-01 -2.402755602613730612e-01
1.400000000000000000e+01 -5.386069586017243616e-01 -5.583635867195125835e-01 -4.965344208590115604e-01 3.184542504695930809e-01 -4.151227242912124138e-02 -5.073859676099210514e-01 -2.638773655897526105e-01 -5.220181719729902886e-02
1.450000000000000000e+01 -3.768060552328099666e-01 -4.156057514683892951e-01 -4.612518387702650435e-01 4.443828547722337152e-01 -6.717759860975369701e-02 -2.065138197287914035e-01 -4.163496918464258678e-02 7.384828600351622807e-02
1.500000000000000000e+01 -4.816373756145908569e-01 -4.624543943438440552e-01 -4.156761222203639861e-01 5.057502846925661100e-01 -4.409318593135515274e-03 -5.488261779992141542e-02 1.536028923444391070e-01 2.461247556211367260e-01
