# time shift (tau) 	 correlation coefficient 	 number of simulations: 10000	 FR: True	 RSS: True
-1.000000000000000000e+01 2.000000000000000000e+00
-9.500000000000000000e+00 4.000000000000000000e+00
-9.000000000000000000e+00 1.000000000000000000e+01
-8.500000000000000000e+00 4.000000000000000000e+00
-8.000000000000000000e+00 0.000000000000000000e+00
-7.500000000000000000e+00 4.000000000000000000e+00
-7.000000000000000000e+00 1.000000000000000000e+00
-6.500000000000000000e+00 5.000000000000000000e+00
-6.000000000000000000e+00 1.000000000000000000e+01
-5.500000000000000000e+00 0.000000000000000000e+00
-5.000000000000000000e+00 2.000000000000000000e+00
-4.500000000000000000e+00 0.000000000000000000e+00
-4.000000000000000000e+00 4.000000000000000000e+00
-3.500000000000000000e+00 1.000000000000000000e+00
-3.000000000000000000e+00 1.000000000000000000e+00
-2.500000000000000000e+00 2.000000000000000000e+00
-2.000000000000000000e+00 1.000000000000000000e+00
-1.500000000000000000e+00 1.000000000000000000e+01
-1.000000000000000000e+00 5.400000000000000000e+01
-5.000000000000000000e-01 4.830000000000000000e+02
0.000000000000000000e+00 2.942000000000000000e+03
5.000000000000000000e-01 3.754000000000000000e+03
1.000000000000000000e+00 1.163000000000000000e+03
1.500000000000000000e+00 1.860000000000000000e+02
2.000000000000000000e+00 2.000000000000000000e+01
2.500000000000000000e+00 1.000000000000000000e+00
3.000000000000000000e+00 0.000000000000000000e+00
3.500000000000000000e+00 2.000000000000000000e+00
4.000000000000000000e+00 5.000000000000000000e+00
4.500000000000000000e+00 7.000000000000000000e+00
5.000000000000000000e+00 7.000000000000000000e+00
5.500000000000000000e+00 3.400000000000000000e+01
6.000000000000000000e+00 9.200000000000000000e+01
6.500000000000000000e+00 1.660000000000000000e+02
7.000000000000000000e+00 5.000000000000000000e+01
7.500000000000000000e+00 2.900000000000000000e+01
8.000000000000000000e+00 1.000000000000000000e+00
8.500000000000000000e+00 9.000000000000000000e+00
9.000000000000000000e+00 1.000000000000000000e+00
9.500000000000000000e+00 0.000000000000000000e+00
1.000000000000000000e+01 1.000000000000000000e+00
1.050000000000000000e+01 1.800000000000000000e+01
1.100000000000000000e+01 1.800000000000000000e+01
1.150000000000000000e+01 2.000000000000000000e+01
1.200000000000000000e+01 0.000000000000000000e+00
1.250000000000000000e+01 2.200000000000000000e+01
1.300000000000000000e+01 3.000000000000000000e+00
1.350000000000000000e+01 5.000000000000000000e+00
1.400000000000000000e+01 1.120000000000000000e+02
1.450000000000000000e+01 1.830000000000000000e+02
1.500000000000000000e+01 5.510000000000000000e+02
