# time shift (tau) 	 correlation coefficient 	 number of simulations: 10000	 FR: True	 RSS: True
-1.000000000000000000e+01 2.000000000000000000e+00
-9.500000000000000000e+00 1.100000000000000000e+01
-9.000000000000000000e+00 1.700000000000000000e+01
-8.500000000000000000e+00 1.000000000000000000e+00
-8.000000000000000000e+00 1.000000000000000000e+00
-7.500000000000000000e+00 7.000000000000000000e+00
-7.000000000000000000e+00 3.000000000000000000e+00
-6.500000000000000000e+00 1.400000000000000000e+01
-6.000000000000000000e+00 2.000000000000000000e+00
-5.500000000000000000e+00 0.000000000000000000e+00
-5.000000000000000000e+00 0.000000000000000000e+00
-4.500000000000000000e+00 0.000000000000000000e+00
-4.000000000000000000e+00 3.000000000000000000e+00
-3.500000000000000000e+00 1.000000000000000000e+00
-3.000000000000000000e+00 0.000000000000000000e+00
-2.500000000000000000e+00 0.000000000000000000e+00
-2.000000000000000000e+00 0.000000000000000000e+00
-1.500000000000000000e+00 2.400000000000000000e+01
-1.000000000000000000e+00 3.300000000000000000e+01
-5.000000000000000000e-01 1.630000000000000000e+02
0.000000000000000000e+00 1.030000000000000000e+02
5.000000000000000000e-01 6.900000000000000000e+01
1.000000000000000000e+00 3.800000000000000000e+01
1.500000000000000000e+00 4.500000000000000000e+01
2.000000000000000000e+00 1.700000000000000000e+01
2.500000000000000000e+00 7.000000000000000000e+00
3.000000000000000000e+00 1.700000000000000000e+01
3.500000000000000000e+00 1.500000000000000000e+01
4.000000000000000000e+00 9.100000000000000000e+01
4.500000000000000000e+00 1.460000000000000000e+02
5.000000000000000000e+00 6.000000000000000000e+01
5.500000000000000000e+00 3.500000000000000000e+01
6.000000000000000000e+00 2.300000000000000000e+01
6.500000000000000000e+00 2.270000000000000000e+02
7.000000000000000000e+00 2.890000000000000000e+02
7.500000000000000000e+00 1.221000000000000000e+03
8.000000000000000000e+00 4.990000000000000000e+02
8.500000000000000000e+00 1.260000000000000000e+02
9.000000000000000000e+00 5.500000000000000000e+01
9.500000000000000000e+00 2.290000000000000000e+02
1.000000000000000000e+01 1.240000000000000000e+02
1.050000000000000000e+01 2.890000000000000000e+02
1.100000000000000000e+01 4.640000000000000000e+02
1.150000000000000000e+01 1.003000000000000000e+03
1.200000000000000000e+01 1.840000000000000000e+02
1.250000000000000000e+01 1.120000000000000000e+02
1.300000000000000000e+01 9.800000000000000000e+01
1.350000000000000000e+01 3.360000000000000000e+02
1.400000000000000000e+01 3.170000000000000000e+02
1.450000000000000000e+01 5.340000000000000000e+02
1.500000000000000000e+01 2.945000000000000000e+03
