# # time shift (tau) HDelta HGamma HeII4685 HBeta HeI5875 HAlpha HeI5015 OI8446 HeI4471 HeI7065 OIII5007 LyALpha
-1.000000000000000000e+01 1.886056543251167159e-02 2.060231456643488515e-02 1.100306901656333963e-01 1.270629364234713010e-01 -3.044785404226236225e-01 -3.151046983040174387e-01 -1.858379043864887836e-01 6.422753171636316066e-04 2.734396485896617782e-02 -3.121948694703519794e-03 -1.833011319588672139e-01 -3.153743372360832131e-01
-9.000000000000000000e+00 -1.206745897079260221e-01 -5.783085547420960260e-02 -1.055025148580079342e-01 6.155663517053092115e-02 -3.444940519442736271e-01 -2.795988881780473445e-01 -2.303877693818172923e-01 5.938901578492658540e-02 -7.782686860869172940e-02 5.728446525025977787e-02 -2.706896555591426501e-01 -3.879521902840835645e-01
-8.000000000000000000e+00 -2.691883658595178863e-01 -1.309278537586199276e-01 -3.110521846654509120e-02 -1.195184596777117483e-02 -2.822963102084088405e-01 -2.366478624316221135e-01 -2.676567266780212617e-01 7.938021194056502083e-02 -3.305490739370507969e-01 -8.593191712230245638e-02 -3.758812526890931149e-01 -2.349300060309376381e-01
-7.000000000000000000e+00 -2.420686951769096262e-01 -2.399297650912808333e-01 9.121177555509971113e-02 -2.070472885691089782e-01 -4.596871862079614512e-01 -3.395796055122712875e-01 -4.091946798788527184e-01 -3.152529450198117145e-01 -5.086085728845841647e-01 -5.071914447823124006e-02 -5.233393682442665229e-01 -1.186258460855221381e-01
-6.000000000000000000e+00 -1.193869395358109903e-01 -1.114983056442547249e-01 2.466391780708272474e-01 -9.258617672542822363e-02 -3.187980771105571876e-01 -2.763942763346819431e-01 -4.371686138849868453e-01 -3.044051461478425313e-01 -5.063128737033191218e-01 4.810534891801414997e-02 -5.305459074882519221e-01 9.790730741180003749e-02
-5.000000000000000000e+00 -1.953823335689612584e-02 4.540356839531430044e-02 3.747999776767623192e-01 1.493009964442519044e-01 -8.637306424528784499e-02 -7.430318246977768437e-02 -4.257727904754945447e-01 -1.650313663417505572e-01 -2.876817514628799977e-01 5.568329318193522559e-02 -4.546909603071168648e-01 1.852529228942555728e-01
-4.000000000000000000e+00 7.968739262172029603e-02 4.398777973909249323e-02 3.462827012250733749e-01 6.064775932448764062e-02 -3.708800030709617085e-02 -2.391580054217630202e-01 -5.671475380722545978e-01 -2.989720931082274769e-01 -2.302901353879219515e-01 2.337775506017326227e-02 -5.953993772623547009e-01 2.177789907975983819e-01
-3.000000000000000000e+00 2.939947066768136552e-01 2.828656744961371428e-01 5.265040024426619336e-01 2.761241202269192896e-01 3.134260123753527250e-01 -3.673469510155694118e-02 -5.169250163694019129e-01 -1.415688226281971718e-01 -4.956152540371068504e-02 3.062787520381904383e-02 -6.061830523466849030e-01 4.913065239478512369e-01
-2.000000000000000000e+00 5.879794594431184684e-01 4.910819385207016996e-01 6.697336851598070240e-01 5.613189308650050613e-01 5.853966614150070136e-01 2.788578321338195387e-01 -2.565296290686771008e-01 -4.026789732640729397e-02 2.277833550125154399e-02 1.422726463905119310e-01 -4.386225228494640138e-01 6.728277045029795733e-01
-1.000000000000000000e+00 7.986619445110847426e-01 6.524133489041564760e-01 7.298607938930914418e-01 6.868184423229934943e-01 6.237272511192593072e-01 4.800202909585129518e-01 -5.876028468728098503e-02 1.431035851202585585e-01 1.744484749671239288e-01 3.176961853080416676e-01 -3.710807640915109729e-01 7.537083928431351776e-01
0.000000000000000000e+00 8.467811328425560724e-01 8.862519169270679509e-01 7.570219884130375831e-01 8.389195182791037153e-01 7.816007176137368395e-01 8.168171291578426585e-01 2.341037175006649984e-01 5.954008522976722562e-01 3.657815271112120348e-01 4.407793374346009596e-01 -1.057528390712199895e-01 8.994159671473612727e-01
1.000000000000000000e+00 8.309364954463169806e-01 8.570900163491990131e-01 5.628633538340120923e-01 8.482682677967170459e-01 7.515701624150803450e-01 7.685516525195703608e-01 3.028344193815573626e-01 5.769583577651569151e-01 3.259571995869190997e-01 5.412732176422907493e-01 -6.034766503355958045e-02 7.821007870986806942e-01
2.000000000000000000e+00 7.083781353508082912e-01 7.753528291985453125e-01 4.276993713403677844e-01 7.871106075202050079e-01 6.923214349827111480e-01 6.614217178379100393e-01 3.291015107437453846e-01 5.305412845538418631e-01 4.979763864065131496e-01 4.816785884296621023e-01 -2.304567180955562067e-02 7.021503534170864258e-01
3.000000000000000000e+00 5.074236425359468505e-01 6.235479483714246873e-01 1.894251134861671959e-01 8.008984358715838248e-01 6.204377317169297301e-01 6.760447271554455018e-01 2.781300278943238391e-01 6.553955276306318023e-01 3.940465635011097256e-01 3.556068185035711204e-01 6.513282239808848573e-02 4.851742824582910285e-01
4.000000000000000000e+00 4.269373234207776147e-01 2.578229727302921992e-01 7.298216522821709962e-02 4.957501494618474780e-01 4.034401134054386162e-01 4.304054287731463591e-01 2.341383384735837847e-01 3.572121975263737870e-01 2.744381101763789244e-01 -3.869752125434662571e-02 8.856716786856030921e-02 2.681796373203975126e-01
5.000000000000000000e+00 3.505582065482563681e-01 3.805294944198245877e-01 3.127598529548912820e-01 4.339200668169358455e-01 1.391191729271286648e-01 4.419711341530466742e-01 1.984820645792082505e-01 4.203786712929339364e-01 3.871287011453227178e-01 -4.845433560077454932e-02 5.133786695445272108e-02 2.817403206755338951e-01
6.000000000000000000e+00 3.433275266748874732e-01 3.179058991441864324e-01 3.231766560273976463e-01 3.354140386074073166e-01 1.001049414007363636e-01 1.691241370198819094e-01 7.842284497465616677e-02 2.306072491034365513e-01 3.079630795016529143e-01 -1.914793585902070938e-01 -1.365432809647923462e-02 1.700360332850522072e-01
7.000000000000000000e+00 2.341409260191269492e-01 1.518274750854060051e-01 1.694525767911302105e-01 1.410025461941638025e-01 9.348725337103992727e-03 -4.568029903443866779e-02 -2.018444028394720396e-02 -2.702483878858728122e-02 4.106038513996444483e-01 -2.942095819491143960e-01 -1.555584727421349400e-01 -6.657810858177402868e-02
8.000000000000000000e+00 5.306326181818304955e-02 1.364976709155868440e-01 -1.230404628203371487e-02 1.777300095679737180e-01 -1.225438614712542063e-01 5.525055513689658415e-02 -5.025045266148295275e-02 3.402250245950336760e-01 4.330075031450849599e-01 -8.057415901146194187e-03 -1.076825819912617943e-01 -4.956777308889000894e-02
9.000000000000000000e+00 -1.103686262856446443e-01 -2.591191178300177866e-01 -2.590279865942379800e-01 -7.747589655438354150e-02 -1.306125618451068338e-01 -7.724232491858677718e-02 -1.771139222107416811e-01 -6.746382378406802494e-02 -2.963407948133685299e-02 -3.284333556249475206e-01 -2.077977802926429529e-01 -1.062607208627756039e-01
1.000000000000000000e+01 -3.879719612297926057e-01 -3.607810706606957574e-01 -2.026321151959953326e-01 -3.919697720824968368e-01 -2.897189901116394850e-01 -1.712270912370804643e-01 -2.010498524316947644e-01 -4.025515921287594612e-01 -4.820698459135328018e-01 -6.241861603894523214e-02 -2.575463915338321863e-01 -9.377366370208797819e-02
1.100000000000000000e+01 -2.915211605879272083e-01 -1.674520011901657335e-01 5.566180854789296722e-02 -2.934505351563029274e-01 -1.831040417705689372e-01 -1.409905575216056361e-01 -4.244640652998315500e-01 -2.369864327648404378e-01 -6.945281281160409215e-01 2.553153679906547957e-01 -6.299446538692966557e-01 6.076092377058178035e-02
1.200000000000000000e+01 -4.465719470074399483e-02 -6.042622216437891491e-02 2.177817913436598807e-01 -1.639152667716177736e-01 7.018726663456008319e-02 -1.275003996847578480e-01 -2.251079567693877737e-01 -3.222973404139472531e-01 -5.028193486695005099e-01 -1.651805270950211790e-01 -3.363853463786788955e-01 9.328042779174233745e-02
1.300000000000000000e+01 9.940833775462487587e-02 1.593164626583127297e-01 4.644809752869000219e-01 3.350399144970632459e-02 6.365927115760579291e-02 -8.764012070447785296e-02 -4.117165751342050095e-01 -3.621535667286203408e-02 4.473102433714257198e-02 3.413659822615444650e-01 -3.643249379081693329e-01 2.665327283383452373e-01
1.400000000000000000e+01 3.074044398785190646e-01 1.639636287538214776e-01 3.871936689336488158e-01 2.494668634213030867e-01 4.181669396769500668e-01 2.978735810553539975e-02 -1.264249288618866929e-01 -2.315560104684524431e-03 2.286003055638828330e-01 7.813740249573414287e-02 1.830258861086635214e-01 3.654505429635200309e-01
1.500000000000000000e+01 3.926346733870459405e-01 3.076852663440673430e-01 6.120748192230899276e-01 3.845836434634474221e-01 4.843065693503388891e-01 2.056453914725217547e-01 2.071749088711309639e-01 -1.033964678749088317e-01 4.146918737529716181e-01 5.773923262517175470e-01 2.858812373131529583e-01 4.728128188694014078e-01
