# Cont5100 timestamps [MJD], fluxes [ergs/s/cm2/A], fluxerrs [ergs/s/cm2/A]
5.758166000000000349e+04 2.632152912938015267e-15 3.120687408231112150e-17
5.758266000000000349e+04 2.769734677723158978e-15 1.110293522019433263e-17
5.758365000000000146e+04 2.493218160731510569e-15 2.807173347579895813e-17
5.758377999999999884e+04 2.572788783625252065e-15 2.451507243696909402e-17
5.758458000000000175e+04 2.419440277125962070e-15 1.690938556516363984e-17
5.758556999999999971e+04 2.262760761224365741e-15 2.425454876592236884e-17
5.758654000000000087e+04 2.200783334914547066e-15 2.375989529434868370e-17
5.758755999999999767e+04 2.451194542415030874e-15 2.297794721672679043e-17
5.758848000000000320e+04 2.530674607344417814e-15 1.944724668971775557e-17
5.758941000000000349e+04 2.645416894457844761e-15 1.506029332109426534e-17
5.759041000000000349e+04 2.574867745325056033e-15 2.230188779978602646e-17
5.759140000000000146e+04 2.471559971598066018e-15 1.031493973599341173e-17
5.759238999999999942e+04 2.418258549756259571e-15 1.613760352020783396e-17
5.759338999999999942e+04 2.439963849943777103e-15 2.668608668556095248e-17
5.759431999999999971e+04 2.400983162093965443e-15 1.210318428483659142e-17
5.759530999999999767e+04 2.467176097634530269e-15 1.103784642723661752e-17
5.759643000000000029e+04 2.257564586404911484e-15 1.561834443278222862e-17
5.759741999999999825e+04 2.285771832315753381e-15 3.294769597478584340e-17
5.759829000000000087e+04 2.171781782582744838e-15 1.616666307773989411e-17
5.759927999999999884e+04 2.062917635323151382e-15 2.129647757231913634e-17
5.760020999999999913e+04 1.951448327068064431e-15 1.529726760276616654e-17
5.760219999999999709e+04 1.767888135937832908e-15 1.050692956624206092e-17
5.760319000000000233e+04 1.813526046386960284e-15 1.948380101396199272e-17
5.760418000000000029e+04 1.786289628619260455e-15 1.284406504145504062e-17
5.760523999999999796e+04 1.830790814575310979e-15 1.879564936710297765e-17
5.760616999999999825e+04 1.779573771961247005e-15 1.099469243928041811e-17
