# Cont4440 timestamps [MJD], fluxes [ergs/s/cm2/A], fluxerrs [ergs/s/cm2/A]
5.758166000000000349e+04 3.562925826965178395e-15 3.603016828311578300e-17
5.758266000000000349e+04 3.734707332183786274e-15 2.608341860891293960e-17
5.758365000000000146e+04 3.403460118859842636e-15 3.692412785920885502e-17
5.758377999999999884e+04 3.411413346570339393e-15 6.737836494407125226e-18
5.758458000000000175e+04 3.381613221981660355e-15 1.354904528765305588e-17
5.758556999999999971e+04 3.109893125186861785e-15 3.350561357730261580e-17
5.758654000000000087e+04 3.032786296684498077e-15 3.069433783984451455e-17
5.758755999999999767e+04 3.374847131440700347e-15 3.048475832549835867e-17
5.758848000000000320e+04 3.479355085395328469e-15 1.879710229817200455e-17
5.758941000000000349e+04 3.596484841168445325e-15 2.153042133801566086e-17
5.759041000000000349e+04 3.550121559843183430e-15 3.913315263074449985e-17
5.759140000000000146e+04 3.388585322049130652e-15 8.567090454348781637e-18
5.759238999999999942e+04 3.295548432621977975e-15 4.474775253259263660e-17
5.759338999999999942e+04 3.420723431652357786e-15 3.995017998828015776e-17
5.759431999999999971e+04 3.366583466420041272e-15 3.673218918629799544e-17
5.759530999999999767e+04 3.319194246788559311e-15 1.243993385338479576e-17
5.759643000000000029e+04 3.080795010458966373e-15 3.643396290708108470e-17
5.759741999999999825e+04 3.073534844698934377e-15 2.816465418492318661e-17
5.759829000000000087e+04 3.011748439120786087e-15 4.091973756091368723e-17
5.759927999999999884e+04 2.912991221149900656e-15 2.379190347494998806e-17
5.760020999999999913e+04 2.763646520686300790e-15 2.632559211647169693e-17
5.760219999999999709e+04 2.520590697984812687e-15 4.634835488926828291e-17
5.760319000000000233e+04 2.532145506245404646e-15 2.461311231643666617e-17
5.760418000000000029e+04 2.502646112461134066e-15 3.620197294047128163e-17
5.760523999999999796e+04 2.455482418196277994e-15 3.198542370549442874e-17
5.760616999999999825e+04 2.420387673392023693e-15 2.730496645013151009e-17
