# Cont1150 timestamps [MJD], fluxes [ergs/s/cm2/A], fluxerrs [ergs/s/cm2/A]
5.758166000000000349e+04 1.097207893606998726e-14 2.896010356900082258e-16
5.758266000000000349e+04 1.276461254671415776e-14 4.761835012696020493e-16
5.758365000000000146e+04 9.398200100895998011e-15 3.488382552860928645e-16
5.758377999999999884e+04 9.498959679691280955e-15 6.153796115241889442e-16
5.758458000000000175e+04 7.884510472450273675e-15 5.539383093543585600e-16
5.758556999999999971e+04 6.839751916245980962e-15 2.913667114109350596e-16
5.758654000000000087e+04 8.154961201846688737e-15 5.956320195901436765e-16
5.758755999999999767e+04 1.191550702559198802e-14 2.931786326023422907e-16
5.758848000000000320e+04 1.213997250825588955e-14 2.385614150425495468e-16
5.758941000000000349e+04 1.292999366757975682e-14 1.388535282088944539e-16
5.759041000000000349e+04 1.340490807987271087e-14 2.890460946498085674e-16
5.759140000000000146e+04 1.044427807273437859e-14 4.690609564710550949e-16
5.759238999999999942e+04 9.504777063495075393e-15 5.164771155546457257e-16
5.759338999999999942e+04 9.791404214220560205e-15 3.127707649820916371e-16
5.759431999999999971e+04 1.053004104380261173e-14 2.696973612020053141e-16
5.759530999999999767e+04 1.056260261810466190e-14 5.510685498691278414e-16
5.759643000000000029e+04 8.422894265002742777e-15 5.768326877925906365e-16
5.759741999999999825e+04 8.057972631833705383e-15 1.266859739307069351e-16
5.759829000000000087e+04 7.577930958492035071e-15 3.384656008509336177e-16
5.759927999999999884e+04 8.150088423557879590e-15 3.174492836871332507e-16
5.760020999999999913e+04 5.677633957307202789e-15 1.993722671980695621e-16
5.760219999999999709e+04 6.822534458400220884e-15 1.696891348556590488e-16
5.760319000000000233e+04 5.760090537120203299e-15 4.246377461215989791e-16
5.760418000000000029e+04 5.531587651470757842e-15 1.872677417818245533e-16
5.760523999999999796e+04 5.652848374104665591e-15 2.986591380435309944e-16
5.760616999999999825e+04 6.353913992534876734e-15 2.880081380414758610e-16
