# Cont6045 timestamps [MJD], fluxes [ergs/s/cm2/A], fluxerrs [ergs/s/cm2/A]
5.758166000000000349e+04 2.038384569389418275e-15 8.499161269017052363e-18
5.758266000000000349e+04 2.126780210303439469e-15 4.121131258306672022e-17
5.758365000000000146e+04 2.068122148911258922e-15 1.622791257591686180e-17
5.758377999999999884e+04 2.087008159427124775e-15 2.025505994198027618e-17
5.758458000000000175e+04 2.026722320102986484e-15 1.074919637112269300e-17
5.758556999999999971e+04 1.858882687599440506e-15 1.607795633217298624e-17
5.758654000000000087e+04 1.655558609205720685e-15 1.672224429376824389e-17
5.758755999999999767e+04 1.890746153825403575e-15 1.766061801077263552e-17
5.758848000000000320e+04 2.003392223177796383e-15 1.033879442455126265e-17
5.758941000000000349e+04 1.969040622582762188e-15 6.011792820199765840e-18
5.759041000000000349e+04 2.029129882480969836e-15 1.071468533234800079e-17
5.759140000000000146e+04 1.964860075709812042e-15 1.700381316228298342e-17
5.759238999999999942e+04 1.941023041147538188e-15 1.567879982581668960e-17
5.759338999999999942e+04 1.905948836527613317e-15 1.127804464459689915e-17
5.759431999999999971e+04 2.019512090035032496e-15 4.586202861166080115e-18
5.759530999999999767e+04 1.984881046619900063e-15 1.587083950878576453e-17
5.759643000000000029e+04 1.834501943347412307e-15 1.468495467316763354e-17
5.759741999999999825e+04 1.790565416348617534e-15 3.031689632324158347e-18
5.759829000000000087e+04 1.739356696569162403e-15 1.817683822126076381e-17
5.759927999999999884e+04 1.676763154386867997e-15 1.473935733065046422e-17
5.760020999999999913e+04 1.597731280352666378e-15 1.195816899502593132e-17
5.760219999999999709e+04 1.419245733182507385e-15 2.113261724774885212e-17
5.760319000000000233e+04 1.489191182361999661e-15 5.477349778870288546e-18
5.760418000000000029e+04 1.392913650636107182e-15 1.727965202883931655e-17
5.760523999999999796e+04 1.465391800112401837e-15 3.692314904978216863e-18
5.760616999999999825e+04 1.403670158004860488e-15 1.760400513080883475e-18
