# Cont6110 timestamps [MJD], fluxes [ergs/s/cm2/A], fluxerrs [ergs/s/cm2/A]
5.758166000000000349e+04 2.110777816617558452e-15 2.631202494920754358e-17
5.758266000000000349e+04 2.269724295725217329e-15 1.764005209035549114e-17
5.758365000000000146e+04 2.058818455769835628e-15 4.898600598319995567e-18
5.758377999999999884e+04 2.133660946876531151e-15 1.170890231461242610e-17
5.758458000000000175e+04 2.045148268876707852e-15 1.485834029268777319e-17
5.758556999999999971e+04 1.855619447202188903e-15 1.956169076939423854e-17
5.758654000000000087e+04 1.766214014359935642e-15 1.534913065689670181e-17
5.758755999999999767e+04 1.999389432255366381e-15 1.068005997599191060e-17
5.758848000000000320e+04 2.082336189707146163e-15 1.166734550382475017e-17
5.758941000000000349e+04 2.061434592756592405e-15 1.147121798766036957e-17
5.759041000000000349e+04 2.116377133370578623e-15 1.406977019866276879e-17
5.759140000000000146e+04 2.067895102465140661e-15 2.129407500602596331e-17
5.759238999999999942e+04 1.991708051853480891e-15 3.233003602042274053e-17
5.759338999999999942e+04 2.025015118170172058e-15 1.058935862473749309e-17
5.759431999999999971e+04 2.073759300137274148e-15 6.885110189824915601e-18
5.759530999999999767e+04 2.118459617015508634e-15 8.140163158993142422e-18
5.759643000000000029e+04 1.902293958992776549e-15 1.402323607257139648e-17
5.759741999999999825e+04 1.850295252591779803e-15 9.471755935123284747e-18
5.759829000000000087e+04 1.816823994805389866e-15 1.332570707511708216e-17
5.759927999999999884e+04 1.768738871099360728e-15 1.527494157662388324e-17
5.760020999999999913e+04 1.674326766521985162e-15 1.299611362756666471e-17
5.760219999999999709e+04 1.562031506620390693e-15 5.640358252937074379e-18
5.760319000000000233e+04 1.536633558164547702e-15 1.399249205258297592e-17
5.760418000000000029e+04 1.486839711595358147e-15 2.173421164150141570e-17
5.760523999999999796e+04 1.520448446636286616e-15 1.240886808747458455e-17
5.760616999999999825e+04 1.516707001791194962e-15 1.977136938839939906e-17
