# Cont6880 timestamps [MJD], fluxes [ergs/s/cm2/A], fluxerrs [ergs/s/cm2/A]
5.758166000000000349e+04 1.918125645204511268e-15 8.246437979502129832e-18
5.758266000000000349e+04 2.005068513015794268e-15 1.483068826646587897e-17
5.758365000000000146e+04 1.851080862737279044e-15 5.364356953255195736e-18
5.758377999999999884e+04 1.886030654635983174e-15 1.587255762355468422e-17
5.758458000000000175e+04 1.882056773990591579e-15 1.462107254134483049e-17
5.758556999999999971e+04 1.745184562448677555e-15 2.341450327224559716e-17
5.758654000000000087e+04 1.618521427178524053e-15 1.465815134958540070e-17
5.758755999999999767e+04 1.752664969166761979e-15 9.795572000324037223e-18
5.758848000000000320e+04 1.785344474946247333e-15 1.691314612481393185e-17
5.758941000000000349e+04 1.905041900882887940e-15 1.033580329441316678e-17
5.759041000000000349e+04 1.915542494306192403e-15 7.474816476025702156e-18
5.759140000000000146e+04 1.808781970913674693e-15 1.338894038937440752e-17
5.759238999999999942e+04 1.862454635272838267e-15 6.500792655194914605e-18
5.759338999999999942e+04 1.822719654715903013e-15 1.076903179620941316e-17
5.759431999999999971e+04 1.895593235092112046e-15 1.027958190106008681e-17
5.759530999999999767e+04 1.899302817844304854e-15 8.256361798260870854e-18
5.759643000000000029e+04 1.693926536572056733e-15 9.423805910661563379e-18
5.759741999999999825e+04 1.690778764325795353e-15 1.213502520140784856e-17
5.759829000000000087e+04 1.688543765705604065e-15 1.425277748105185029e-17
5.759927999999999884e+04 1.630967106604194289e-15 1.289544328794987412e-17
5.760020999999999913e+04 1.549004603663034086e-15 1.830425213283303461e-17
5.760219999999999709e+04 1.432295026834072940e-15 9.075619966995890838e-18
5.760319000000000233e+04 1.384858404696991896e-15 4.708792717143450267e-18
5.760418000000000029e+04 1.340251292210218652e-15 1.039951673242407111e-17
5.760523999999999796e+04 1.333433163324577054e-15 6.906342155925883967e-18
5.760616999999999825e+04 1.397533674574188247e-15 7.321382413652951121e-18
