# Cont4200 timestamps [MJD], fluxes [ergs/s/cm2/A], fluxerrs [ergs/s/cm2/A]
5.758166000000000349e+04 3.626185579024552062e-15 2.760420231070494582e-17
5.758266000000000349e+04 3.830303742268883925e-15 3.769554224080281015e-17
5.758365000000000146e+04 3.383075057207506394e-15 2.301972044148348220e-17
5.758377999999999884e+04 3.526043238520876543e-15 3.541100573580754688e-17
5.758458000000000175e+04 3.401060025230266215e-15 2.972502114819559676e-17
5.758556999999999971e+04 3.155823676899279069e-15 2.592703543840194222e-17
5.758654000000000087e+04 3.147189901892899536e-15 3.936598936658337828e-17
5.758755999999999767e+04 3.453994474198087319e-15 3.634155647430657046e-17
5.758848000000000320e+04 3.551671699408974834e-15 3.000779691677214676e-17
5.758941000000000349e+04 3.673251673404537472e-15 1.899600206038340600e-17
5.759041000000000349e+04 3.671968310310842649e-15 3.974334873721676856e-17
5.759140000000000146e+04 3.351041618150497288e-15 2.659515972153656816e-17
5.759238999999999942e+04 3.413100272667067067e-15 1.676607008918168186e-17
5.759338999999999942e+04 3.410360936101125077e-15 3.270823053572470733e-17
5.759431999999999971e+04 3.479665871094163045e-15 3.704143370560138067e-17
5.759530999999999767e+04 3.496679218516515903e-15 3.271845063405320202e-17
5.759643000000000029e+04 3.143013154140376291e-15 2.102029099403185310e-17
5.759741999999999825e+04 3.106758690535617877e-15 3.705747212982658012e-17
5.759829000000000087e+04 3.031294321203027089e-15 2.011192905039785009e-17
5.759927999999999884e+04 3.023997293511465941e-15 2.088325249583955656e-17
5.760020999999999913e+04 2.786131015214695584e-15 2.981532580278466428e-17
5.760219999999999709e+04 2.665051490714747339e-15 1.848000848912197171e-17
5.760319000000000233e+04 2.555190424781363192e-15 3.029545246429431231e-17
5.760418000000000029e+04 2.507228009736114472e-15 2.346218595961794731e-17
5.760523999999999796e+04 2.579056521473287650e-15 2.232534764727425129e-17
5.760616999999999825e+04 2.525541446117560854e-15 2.818430098943574715e-17
