# Cont4010 timestamps [MJD], fluxes [ergs/s/cm2/A], fluxerrs [ergs/s/cm2/A]
5.758166000000000349e+04 3.975744539801473847e-15 0.000000000000000000e+00
5.758266000000000349e+04 4.211419089290337055e-15 0.000000000000000000e+00
5.758365000000000146e+04 3.700652978113785601e-15 0.000000000000000000e+00
5.758377999999999884e+04 3.736251580761717415e-15 2.507773256114565085e-17
5.758458000000000175e+04 3.733468508761238086e-15 0.000000000000000000e+00
5.758556999999999971e+04 3.412202533385707827e-15 0.000000000000000000e+00
5.758654000000000087e+04 3.365028341852520005e-15 0.000000000000000000e+00
5.758755999999999767e+04 3.892758731275719039e-15 2.990970312329140030e-18
5.758848000000000320e+04 3.864112850492491257e-15 0.000000000000000000e+00
5.758941000000000349e+04 4.055977152826478970e-15 0.000000000000000000e+00
5.759041000000000349e+04 4.164737066439718919e-15 3.225007188332666601e-18
5.759140000000000146e+04 3.792277403008892827e-15 0.000000000000000000e+00
5.759238999999999942e+04 3.743558055353782017e-15 0.000000000000000000e+00
5.759338999999999942e+04 3.768501932114548804e-15 1.401346330864878848e-17
5.759431999999999971e+04 3.733290518513530731e-15 0.000000000000000000e+00
5.759530999999999767e+04 3.768053444497069159e-15 0.000000000000000000e+00
5.759643000000000029e+04 3.445706037682304630e-15 8.669396703040428341e-18
5.759741999999999825e+04 3.340591235158820074e-15 3.734220819854735419e-17
5.759829000000000087e+04 3.247965686927558931e-15 0.000000000000000000e+00
5.759927999999999884e+04 3.140956126821211194e-15 9.140929349376133231e-17
5.760020999999999913e+04 2.969565133321044006e-15 0.000000000000000000e+00
5.760219999999999709e+04 2.792306821195162125e-15 0.000000000000000000e+00
5.760319000000000233e+04 2.712851886448417993e-15 1.282179185780165720e-17
5.760418000000000029e+04 2.684653267735737033e-15 0.000000000000000000e+00
5.760523999999999796e+04 2.726502595399627030e-15 0.000000000000000000e+00
5.760616999999999825e+04 2.687777886312686289e-15 0.000000000000000000e+00
