# Cont4765 timestamps [MJD], fluxes [ergs/s/cm2/A], fluxerrs [ergs/s/cm2/A]
5.758166000000000349e+04 2.907424137982483367e-15 2.652469504559728473e-17
5.758266000000000349e+04 3.146319132355932279e-15 3.031690931925531121e-17
5.758365000000000146e+04 2.743428487072221209e-15 3.455373295489597081e-17
5.758377999999999884e+04 2.775752595758428345e-15 9.067719604659074951e-18
5.758458000000000175e+04 2.641612749658658153e-15 3.361413613337648640e-17
5.758556999999999971e+04 2.403295311120360255e-15 2.885492276197974313e-17
5.758654000000000087e+04 2.398330130877984872e-15 2.344889677605866389e-17
5.758755999999999767e+04 2.783917051729814412e-15 1.482008821372605106e-17
5.758848000000000320e+04 2.901113763764387870e-15 2.388164653693086583e-17
5.758941000000000349e+04 2.948001923241482145e-15 3.385556302303874890e-17
5.759041000000000349e+04 2.910984017453771852e-15 2.041640145868855336e-17
5.759140000000000146e+04 2.822426609512312592e-15 5.858977554138505563e-17
5.759238999999999942e+04 2.676298948519433030e-15 6.319878625827205795e-18
5.759338999999999942e+04 2.679900049439525778e-15 3.164940718205466183e-17
5.759431999999999971e+04 2.746505880058622705e-15 1.924001156823717613e-17
5.759530999999999767e+04 2.763138894460414379e-15 9.149360532704573881e-18
5.759643000000000029e+04 2.467297346854146326e-15 8.807458563591536434e-18
5.759741999999999825e+04 2.425757031830187612e-15 2.031118454009632924e-17
5.759829000000000087e+04 2.331398821327443258e-15 9.707139869478330471e-18
5.759927999999999884e+04 2.249577349430823295e-15 5.641993208884174733e-18
5.760020999999999913e+04 2.106528749437162499e-15 6.529179633442726541e-17
5.760219999999999709e+04 1.999512053413340049e-15 3.495388584200853797e-17
5.760319000000000233e+04 1.943529042015438663e-15 3.076805210030972302e-17
5.760418000000000029e+04 1.920524442005969039e-15 1.085908272511782618e-17
5.760523999999999796e+04 1.931052150633375335e-15 3.055646076086366489e-17
5.760616999999999825e+04 1.922582993395972072e-15 3.871763287707893150e-17
