# Cont7390 timestamps [MJD], fluxes [ergs/s/cm2/A], fluxerrs [ergs/s/cm2/A]
5.758166000000000349e+04 1.825156828067476598e-15 1.430996301484611541e-17
5.758266000000000349e+04 1.901804923714905117e-15 8.818521960619291466e-18
5.758365000000000146e+04 1.729955108643433475e-15 1.533889564605335260e-17
5.758377999999999884e+04 1.773875383518417640e-15 1.432685491358845303e-17
5.758458000000000175e+04 1.815428293140605453e-15 2.102309470302242032e-17
5.758556999999999971e+04 1.669604044650683531e-15 1.851557262591673186e-17
5.758654000000000087e+04 1.580061957720239043e-15 6.271731636430070355e-18
5.758755999999999767e+04 1.640330308768984250e-15 1.874073199211337904e-17
5.758848000000000320e+04 1.623699193459205837e-15 1.449986889138407069e-17
5.758941000000000349e+04 1.748619176740041137e-15 1.556963406390118720e-17
5.759041000000000349e+04 1.794306010991204606e-15 1.143372858953921815e-17
5.759140000000000146e+04 1.701287781620741636e-15 2.077041013868831357e-17
5.759238999999999942e+04 1.765925996327037605e-15 1.461172630722939553e-17
5.759338999999999942e+04 1.746062584465286556e-15 1.490824350163751972e-17
5.759431999999999971e+04 1.797951866792542852e-15 2.257436420278643135e-17
5.759530999999999767e+04 1.861793810621865294e-15 2.210260877107592876e-17
5.759643000000000029e+04 1.574136406281438308e-15 1.935637793094344112e-17
5.759741999999999825e+04 1.579899275310901943e-15 1.957371820958724288e-17
5.759829000000000087e+04 1.637079436842328904e-15 7.114551002630479715e-18
5.759927999999999884e+04 1.586290332831106739e-15 6.313189019068903184e-18
5.760020999999999913e+04 1.520113283828258319e-15 6.559483783998647260e-18
5.760219999999999709e+04 1.373504921502936254e-15 2.254329780489700758e-17
5.760319000000000233e+04 1.334677913157089192e-15 1.241850913266068082e-17
5.760418000000000029e+04 1.302240734441335906e-15 7.732025810595462485e-18
5.760523999999999796e+04 1.299909048983203089e-15 1.187898019507972616e-17
5.760616999999999825e+04 1.355015653950882908e-15 1.097001461721241461e-17
