# HAlpha timestamps [MJD], fluxes [ergs/s/cm2/A], fluxerrs [ergs/s/cm2/A]
5.758166000000000349e+04 1.401845715784286774e-12 4.059710240747200283e-16
5.758266000000000349e+04 1.445402483777058278e-12 4.113981769259620634e-16
5.758365000000000146e+04 1.435878946637786809e-12 1.352447216307560592e-16
5.758377999999999884e+04 1.461337259671481892e-12 3.621039816799845419e-16
5.758458000000000175e+04 1.456209678549501202e-12 3.779472235864345379e-16
5.758556999999999971e+04 1.470223649404240588e-12 5.590463951969056385e-16
5.758654000000000087e+04 1.403241400907194168e-12 3.910226858059539446e-16
5.758755999999999767e+04 1.385508496010280878e-12 2.675413892153233126e-16
5.758848000000000320e+04 1.365910829681907350e-12 3.768583358434233850e-16
5.758941000000000349e+04 1.410354697829586348e-12 2.778781257556505844e-16
5.759041000000000349e+04 1.447466717108730094e-12 2.809985637809719046e-16
5.759140000000000146e+04 1.374920713887266069e-12 4.360023703172601366e-16
5.759238999999999942e+04 1.439684176288385268e-12 4.529426584851359421e-16
5.759338999999999942e+04 1.461478600761000255e-12 2.744919690005649918e-16
5.759431999999999971e+04 1.461459640844246089e-12 2.336774966733682272e-16
5.759530999999999767e+04 1.498542801692281675e-12 2.161489078140278720e-16
5.759643000000000029e+04 1.402439759388490347e-12 2.982852927934145664e-16
5.759741999999999825e+04 1.410279368050667223e-12 2.904548030591382883e-16
5.759829000000000087e+04 1.451845057324179139e-12 3.557815338672521975e-16
5.759927999999999884e+04 1.444471704498573673e-12 3.654530158790199677e-16
5.760020999999999913e+04 1.420668470907617797e-12 4.119994260506580481e-16
5.760219999999999709e+04 1.389488930678537304e-12 1.956192190197852075e-16
5.760319000000000233e+04 1.334560360578051024e-12 2.239362307319791870e-16
5.760418000000000029e+04 1.322333046645098440e-12 3.908707903462269934e-16
5.760523999999999796e+04 1.308307324151954056e-12 2.374859416289234496e-16
5.760616999999999825e+04 1.346596262604838075e-12 3.286672599784844345e-16
