# HBeta timestamps [MJD], fluxes [ergs/s/cm2/A], fluxerrs [ergs/s/cm2/A]
5.758166000000000349e+04 3.678884380192943024e-13 3.783892257849585710e-16
5.758266000000000349e+04 3.701752549253508586e-13 2.037767756838461085e-16
5.758365000000000146e+04 3.839832471320711664e-13 3.926077558413159090e-16
5.758377999999999884e+04 3.911795582217606362e-13 2.272371990432670111e-16
5.758458000000000175e+04 3.833998769171291928e-13 2.903769396210195912e-16
5.758556999999999971e+04 3.779402638722227653e-13 3.219113983957209240e-16
5.758654000000000087e+04 3.696694387792641578e-13 3.041421725170035529e-16
5.758755999999999767e+04 3.622833699984417499e-13 2.556775773225724005e-16
5.758848000000000320e+04 3.505047793140669834e-13 2.716939609434873654e-16
5.758941000000000349e+04 3.657481184261769717e-13 2.905550193559008309e-16
5.759041000000000349e+04 3.806250553305878287e-13 2.776104068615805534e-16
5.759140000000000146e+04 3.591948128147969597e-13 3.685664613816778828e-16
5.759238999999999942e+04 3.719312130310834309e-13 1.596345249604492913e-16
5.759338999999999942e+04 3.858605567084387544e-13 3.253413105894571204e-16
5.759431999999999971e+04 3.639752202387284014e-13 1.905697354399846374e-16
5.759530999999999767e+04 3.731647627775937356e-13 1.327635259463895187e-16
5.759643000000000029e+04 3.733421767505194021e-13 1.676138123637883291e-16
5.759741999999999825e+04 3.773793025584500995e-13 3.620374264122387430e-16
5.759829000000000087e+04 3.818383186001489977e-13 1.593442656581822141e-16
5.759927999999999884e+04 3.666042218699406239e-13 1.974306723254060629e-16
5.760020999999999913e+04 3.594187223475952002e-13 3.745384242454173745e-16
5.760219999999999709e+04 3.472061984669721145e-13 2.590314142508890879e-16
5.760319000000000233e+04 3.362719719660400185e-13 2.958944884380795588e-16
5.760418000000000029e+04 3.311113357825157705e-13 1.556123015958097090e-16
5.760523999999999796e+04 3.297428027600114712e-13 2.994170127679113999e-16
5.760616999999999825e+04 3.270042451175654749e-13 2.769413344255058097e-16
