# HDelta timestamps [MJD], fluxes [ergs/s/cm2/A], fluxerrs [ergs/s/cm2/A]
5.758166000000000349e+04 1.022173958877813373e-13 2.165730141488876514e-16
5.758266000000000349e+04 9.721274746206079879e-14 2.614155693864762250e-16
5.758365000000000146e+04 1.030020769579460536e-13 2.246559100245713733e-16
5.758377999999999884e+04 1.092291831553199414e-13 4.634594416820506802e-16
5.758458000000000175e+04 9.632758284013753113e-14 2.538283011717578024e-16
5.758556999999999971e+04 8.780349282813689307e-14 2.246214078780364266e-16
5.758654000000000087e+04 8.268125426363083552e-14 3.577102075118342554e-16
5.758755999999999767e+04 7.713044637313179230e-14 3.688024059001948251e-16
5.758848000000000320e+04 9.595712937229336995e-14 2.451376644103614810e-16
5.758941000000000349e+04 9.332024105449022091e-14 1.271723259271175097e-16
5.759041000000000349e+04 9.448849728566739354e-14 2.416036675749454361e-16
5.759140000000000146e+04 9.673549949262432002e-14 1.782547160452758791e-16
5.759238999999999942e+04 9.453783954118099535e-14 1.175231814836371599e-16
5.759338999999999942e+04 9.108439618235696711e-14 3.618323744382800266e-16
5.759431999999999971e+04 9.492708908919195184e-14 1.563206810923992676e-16
5.759530999999999767e+04 9.738214423561518569e-14 2.955230555966206894e-16
5.759643000000000029e+04 9.537260623868662797e-14 2.462153600338897925e-16
5.759741999999999825e+04 9.872804372734476651e-14 5.220071522826715777e-16
5.759829000000000087e+04 9.450832418548582846e-14 1.081101836430516244e-16
5.759927999999999884e+04 9.856033518424954139e-14 6.024844765751048266e-16
5.760020999999999913e+04 8.475089359622602181e-14 2.188534269660312902e-16
5.760219999999999709e+04 8.403455587039984331e-14 1.391733453286677689e-16
5.760319000000000233e+04 7.940274001613280518e-14 3.377901600397220882e-16
5.760418000000000029e+04 7.169152519510485785e-14 2.284475368091555989e-16
5.760523999999999796e+04 7.252587926596281182e-14 1.873343180571911343e-16
5.760616999999999825e+04 7.963634803673480685e-14 2.674749978415641730e-16
