# HeI4471 timestamps [MJD], fluxes [ergs/s/cm2/A], fluxerrs [ergs/s/cm2/A]
5.758166000000000349e+04 1.120580367732180787e-14 1.428810594295591714e-16
5.758266000000000349e+04 1.008525125668710695e-14 1.335246371522493822e-16
5.758365000000000146e+04 1.261371350125112686e-14 1.610932276684452534e-16
5.758377999999999884e+04 1.199231694982592733e-14 1.891197839915310101e-16
5.758458000000000175e+04 1.259678762343618399e-14 1.070864318672560061e-16
5.758556999999999971e+04 1.249661985963899511e-14 1.501454038658360627e-16
5.758654000000000087e+04 1.095703200393309887e-14 1.375473604849959924e-16
5.758755999999999767e+04 1.186910925245356276e-14 1.121026187500677278e-16
5.758848000000000320e+04 1.105358835566629965e-14 1.931458770791383393e-16
5.758941000000000349e+04 1.228603308108087356e-14 1.871247849702495880e-16
5.759041000000000349e+04 1.317044980827397559e-14 1.435050487235502757e-16
5.759140000000000146e+04 1.214572714170041963e-14 1.724258937605642016e-16
5.759238999999999942e+04 1.284617381732039210e-14 1.044556091520620061e-16
5.759338999999999942e+04 1.149488789235286333e-14 1.859135360619516598e-16
5.759431999999999971e+04 1.135737943289807624e-14 1.033527793964852042e-16
5.759530999999999767e+04 1.118315495267437986e-14 8.217688322714504326e-17
5.759643000000000029e+04 1.270352937267621464e-14 5.432982161661770194e-17
5.759741999999999825e+04 1.382819191128298447e-14 1.388900084095184610e-16
5.759829000000000087e+04 1.366892050680410237e-14 1.269494034224520650e-16
5.759927999999999884e+04 1.351724188031060134e-14 1.554790739616929028e-16
5.760020999999999913e+04 1.180214174975829637e-14 2.207655270602180351e-16
5.760219999999999709e+04 1.069979281531591962e-14 1.503611383247284967e-16
5.760319000000000233e+04 1.235983111452490232e-14 1.661434206257420708e-16
5.760418000000000029e+04 1.003633748941822984e-14 6.330078393596127008e-17
5.760523999999999796e+04 1.108639202769915731e-14 1.067333222645874302e-16
5.760616999999999825e+04 9.279183240601883171e-15 1.916347302769916757e-16
