# HeI5875 timestamps [MJD], fluxes [ergs/s/cm2/A], fluxerrs [ergs/s/cm2/A]
5.758166000000000349e+04 1.209168911317465509e-13 7.746526985058782736e-17
5.758266000000000349e+04 1.382187512252913233e-13 3.556073892317157432e-16
5.758365000000000146e+04 1.106818631858917659e-13 2.106395380671463379e-16
5.758377999999999884e+04 1.141390741828506715e-13 1.984730682044563762e-16
5.758458000000000175e+04 1.145521403335382869e-13 9.341056363121779463e-17
5.758556999999999971e+04 1.068384852158112815e-13 3.082089186245497481e-16
5.758654000000000087e+04 1.234250979673076822e-13 1.555609785932824804e-16
5.758755999999999767e+04 1.083681428651236513e-13 1.498490250887949845e-16
5.758848000000000320e+04 1.102193071963116473e-13 2.122896554124615521e-16
5.758941000000000349e+04 1.088124626677535693e-13 5.103963914436472130e-17
5.759041000000000349e+04 1.150952620227296617e-13 9.090983056342409437e-17
5.759140000000000146e+04 1.141284530446425691e-13 2.410894761658942481e-16
5.759238999999999942e+04 1.286146194647703416e-13 2.529228266209424246e-16
5.759338999999999942e+04 1.271073400993285688e-13 1.104960867199199156e-16
5.759431999999999971e+04 1.163004482129560577e-13 1.257432665253376272e-16
5.759530999999999767e+04 1.299842748450981483e-13 1.625306924026249809e-16
5.759643000000000029e+04 1.194241847661691903e-13 1.246086902073677494e-16
5.759741999999999825e+04 1.203832099305517183e-13 2.970417113242195995e-17
5.759829000000000087e+04 1.267773555757809857e-13 2.058626666491662997e-16
5.759927999999999884e+04 1.179793317167526002e-13 1.444076977898060091e-16
5.760020999999999913e+04 1.062652830337132220e-13 3.618112329010999079e-16
5.760219999999999709e+04 1.180152143357685361e-13 2.071534286693863510e-16
5.760319000000000233e+04 8.529944766099723545e-14 4.961409847988357552e-17
5.760418000000000029e+04 1.149623767204131719e-13 2.568766147553458965e-16
5.760523999999999796e+04 1.065334445923213476e-13 3.620382371667193047e-17
5.760616999999999825e+04 1.072422562079527877e-13 1.502251901397213791e-17
