# HeI7065 timestamps [MJD], fluxes [ergs/s/cm2/A], fluxerrs [ergs/s/cm2/A]
5.758166000000000349e+04 3.754225573515970524e-14 2.423632264142362244e-16
5.758266000000000349e+04 3.815436883808535509e-14 2.817581470611615647e-16
5.758365000000000146e+04 4.648557853829622156e-14 2.181055922857581852e-16
5.758377999999999884e+04 4.418440212919245441e-14 3.487677265569212352e-16
5.758458000000000175e+04 4.778864565324513395e-14 3.884653271181287875e-16
5.758556999999999971e+04 4.955972298102975543e-14 4.877288457223623469e-16
5.758654000000000087e+04 4.069852113118683719e-14 2.547881359187354001e-16
5.758755999999999767e+04 3.203879853143802574e-14 3.216432297697767592e-16
5.758848000000000320e+04 3.506545564104599804e-14 3.668464625157580696e-16
5.758941000000000349e+04 3.666882396180168909e-14 2.908392966337447274e-16
5.759041000000000349e+04 3.934230749338892019e-14 2.075767046405879599e-16
5.759140000000000146e+04 4.120630231060754303e-14 3.746632921292072288e-16
5.759238999999999942e+04 4.373336963526050413e-14 2.246270339365669897e-16
5.759338999999999942e+04 4.493619018215972146e-14 2.894598117060004136e-16
5.759431999999999971e+04 3.893187233821659855e-14 3.501852193407644717e-16
5.759530999999999767e+04 4.594234123364277109e-14 3.187231664948296399e-16
5.759643000000000029e+04 3.944040805767865315e-14 3.229771493830098913e-16
5.759741999999999825e+04 4.213470864510637605e-14 3.613547593210560896e-16
5.759829000000000087e+04 4.033589765156031656e-14 2.545514082348013597e-16
5.759927999999999884e+04 3.794422394942128413e-14 2.363657026150162333e-16
5.760020999999999913e+04 4.188973797021251927e-14 3.006376723009221894e-16
5.760219999999999709e+04 3.484631168212159340e-14 3.458060322051123225e-16
5.760319000000000233e+04 3.794896226765145148e-14 1.801099451187030727e-16
5.760418000000000029e+04 3.374035072024333831e-14 2.077299010119709526e-16
5.760523999999999796e+04 3.888622249537918155e-14 2.021848744650760565e-16
5.760616999999999825e+04 4.120704495605469582e-14 2.095443084343950803e-16
