# HeII4685 timestamps [MJD], fluxes [ergs/s/cm2/A], fluxerrs [ergs/s/cm2/A]
5.758166000000000349e+04 9.164969780760876248e-14 3.917965324153207216e-16
5.758266000000000349e+04 9.746607407710430007e-14 3.156744139147856515e-16
5.758365000000000146e+04 9.034428798826382698e-14 4.439188674226641987e-16
5.758377999999999884e+04 9.366522176775680814e-14 9.692637760657550588e-17
5.758458000000000175e+04 9.335356843960288975e-14 2.833707435872414014e-16
5.758556999999999971e+04 6.215391241864469103e-14 3.885249779860198578e-16
5.758654000000000087e+04 5.534511480185620988e-14 3.388530139148089422e-16
5.758755999999999767e+04 7.338606617019386733e-14 2.877375766587298977e-16
5.758848000000000320e+04 8.381456020674124328e-14 2.454280228914904543e-16
5.758941000000000349e+04 9.028515476824398234e-14 3.379582560081442607e-16
5.759041000000000349e+04 9.807866440099695383e-14 3.773598665279910399e-16
5.759140000000000146e+04 8.287237550688516168e-14 3.940371161856911378e-16
5.759238999999999942e+04 8.220401890349110549e-14 2.938334743470349298e-16
5.759338999999999942e+04 7.788769903229360603e-14 4.140049212164200882e-16
5.759431999999999971e+04 7.795254668011286464e-14 3.547454994528118765e-16
5.759530999999999767e+04 8.745677445225760530e-14 1.352871728162013271e-16
5.759643000000000029e+04 8.608508516304748685e-14 2.926855474683441874e-16
5.759741999999999825e+04 8.418758228546867921e-14 3.039243101538847527e-16
5.759829000000000087e+04 6.381847128574189488e-14 3.173960445375524933e-16
5.759927999999999884e+04 6.841353596111264384e-14 1.904839105181454396e-16
5.760020999999999913e+04 6.530075989436001265e-14 4.815150540957437186e-16
5.760219999999999709e+04 5.533266613472308752e-14 5.091837197775068535e-16
5.760319000000000233e+04 6.615255950699007513e-14 3.407346788485638931e-16
5.760418000000000029e+04 5.544480342031672268e-14 2.996098694718223470e-16
5.760523999999999796e+04 6.545558946610192272e-14 3.839847102386974963e-16
5.760616999999999825e+04 6.122100932054431851e-14 4.042562335222850676e-16
