# HGamma timestamps [MJD], fluxes [ergs/s/cm2/A], fluxerrs [ergs/s/cm2/A]
5.758166000000000349e+04 1.713937189350071842e-13 3.445185368285311548e-16
5.758266000000000349e+04 1.761005668014674209e-13 3.293936621902169309e-16
5.758365000000000146e+04 1.745054343480195388e-13 3.551416624190999325e-16
5.758377999999999884e+04 1.769212741081000739e-13 2.994234007136583724e-16
5.758458000000000175e+04 1.736430022053871513e-13 2.589008142825039168e-16
5.758556999999999971e+04 1.688956195682286821e-13 3.360551423929873882e-16
5.758654000000000087e+04 1.640002058766784563e-13 4.225571604629673052e-16
5.758755999999999767e+04 1.556435653043031465e-13 4.227906369318080893e-16
5.758848000000000320e+04 1.550308029520831092e-13 2.718593770439543413e-16
5.758941000000000349e+04 1.637477048736133626e-13 2.042493779682780190e-16
5.759041000000000349e+04 1.743411239823602289e-13 3.677714593429520248e-16
5.759140000000000146e+04 1.668828323420857696e-13 1.771136532082970216e-16
5.759238999999999942e+04 1.703253074184431365e-13 2.876961013887342880e-16
5.759338999999999942e+04 1.675153018155465512e-13 4.257721720861033864e-16
5.759431999999999971e+04 1.640917240980488756e-13 3.088559940838929069e-16
5.759530999999999767e+04 1.785134803736526068e-13 2.940956482814450517e-16
5.759643000000000029e+04 1.700492385280751936e-13 3.387569667503470694e-16
5.759741999999999825e+04 1.712632150644680379e-13 4.075626348813383386e-16
5.759829000000000087e+04 1.691383320563369084e-13 2.860090741724300412e-16
5.759927999999999884e+04 1.616349372590511952e-13 2.572682262863498342e-16
5.760020999999999913e+04 1.639500372659700560e-13 2.980656037561114361e-16
5.760219999999999709e+04 1.570034228442937090e-13 3.368411021116364946e-16
5.760319000000000233e+04 1.522988962070503040e-13 3.354133809558678806e-16
5.760418000000000029e+04 1.444889057377785010e-13 3.546277586444075808e-16
5.760523999999999796e+04 1.457760744678573716e-13 3.022453734857968014e-16
5.760616999999999825e+04 1.515593893605574622e-13 3.452215804590812802e-16
