# LyAlpha_not_optical_calibrated timestamps [MJD], fluxes [ergs/s/cm2/A], fluxerrs [ergs/s/cm2/A]
5.758166000000000349e+04 8.914300876584285328e-13 1.215216334056360564e-15
5.758266000000000349e+04 9.487547552387715906e-13 1.582398013558312321e-15
5.758365000000000146e+04 8.826457963050504218e-13 1.007679627934816660e-16
5.758377999999999884e+04 9.323938991727521972e-13 5.312384445473523168e-16
5.758458000000000175e+04 9.033552306595534640e-13 9.151279326380807532e-16
5.758556999999999971e+04 7.520479637769733453e-13 4.947774002862384754e-16
5.758654000000000087e+04 7.221761409973571421e-13 2.227321489902671327e-15
5.758755999999999767e+04 7.693223945821522447e-13 1.245903136630041648e-15
5.758848000000000320e+04 8.637098778807198857e-13 2.065636691706177041e-16
5.758941000000000349e+04 8.411042423172326524e-13 3.865395674299601904e-16
5.759041000000000349e+04 8.679247005973529307e-13 7.130511604952135552e-16
5.759140000000000146e+04 9.028946407064192866e-13 1.917899497260028864e-15
5.759238999999999942e+04 9.115041466658955410e-13 7.893123226254518367e-17
5.759338999999999942e+04 8.690278133848738685e-13 1.358462200331435362e-15
5.759431999999999971e+04 8.576145949372772579e-13 8.814293231784398344e-16
5.759530999999999767e+04 9.005270137468184582e-13 4.134852763959754587e-16
5.759643000000000029e+04 8.622048975424857830e-13 2.685138408513819950e-15
5.759741999999999825e+04 8.188649163346685768e-13 5.591942848998403409e-16
5.759829000000000087e+04 7.798357291563809257e-13 1.039431930926993268e-15
5.759927999999999884e+04 7.795881756335030877e-13 7.726577422679820338e-16
5.760020999999999913e+04 7.911495305761477430e-13 4.431581362641190591e-16
5.760219999999999709e+04 6.687461915098615920e-13 6.768541530703758052e-16
5.760319000000000233e+04 7.515283318922538203e-13 2.463504919801442721e-16
5.760418000000000029e+04 7.071361958497817058e-13 2.436792621210718792e-16
5.760523999999999796e+04 7.126982346743825061e-13 1.149752768971501188e-15
5.760616999999999825e+04 6.856163282095040540e-13 8.176186017098650021e-16
