# OI8446 timestamps [MJD], fluxes [ergs/s/cm2/A], fluxerrs [ergs/s/cm2/A]
5.758166000000000349e+04 8.360250085342806864e-14 4.603053312269811687e-16
5.758266000000000349e+04 8.719728621770465107e-14 4.169868837794174283e-16
5.758365000000000146e+04 8.237363677518152256e-14 3.885100307821412605e-16
5.758377999999999884e+04 8.488226052936103094e-14 4.782359491082152255e-16
5.758458000000000175e+04 8.631056736039455578e-14 4.220183238566565172e-16
5.758556999999999971e+04 8.747282184881473351e-14 3.677451827736586975e-16
5.758654000000000087e+04 8.718328685670347541e-14 3.734401115495396459e-16
5.758755999999999767e+04 8.327387410350097854e-14 2.892488613313902549e-16
5.758848000000000320e+04 7.788914522016691903e-14 4.861733488548377980e-16
5.758941000000000349e+04 8.258294064615806349e-14 3.552502754333091703e-16
5.759041000000000349e+04 8.514002783047095028e-14 5.292132426752011582e-16
5.759140000000000146e+04 8.143261224585162792e-14 4.196010742434601640e-16
5.759238999999999942e+04 8.313128233481434489e-14 4.561651162302775572e-16
5.759338999999999942e+04 8.493330152314593582e-14 3.781171970959046017e-16
5.759431999999999971e+04 8.360069334035723077e-14 4.554257990912126673e-16
5.759530999999999767e+04 8.927379722779638387e-14 4.082162956205162441e-16
5.759643000000000029e+04 8.228715902580849561e-14 2.785219582764425388e-16
5.759741999999999825e+04 8.269310922081341434e-14 4.118813022551907851e-16
5.759829000000000087e+04 9.153001326251901893e-14 4.171709925385946266e-16
5.759927999999999884e+04 8.507895201717861507e-14 3.545785776573306603e-16
5.760020999999999913e+04 8.431856555845759411e-14 4.456085214477622295e-16
5.760219999999999709e+04 8.456904562827377933e-14 4.067268219255304702e-16
5.760319000000000233e+04 8.284864533578260071e-14 3.734888576090617352e-16
5.760418000000000029e+04 7.700480758598059659e-14 3.938270554385262681e-16
5.760523999999999796e+04 7.550998380824239233e-14 2.965792878193986964e-16
5.760616999999999825e+04 8.060605256105798306e-14 2.706725930626984723e-16
