# # time shift (tau) Cont4010 Cont4200 Cont4440 Cont4765 Cont5100 Cont5600 Cont6045 Cont6110 Cont6880 Cont7390 Cont8015 Cont8900
-1.000000000000000000e+01 1.873433239587257021e-02 1.100102918196552149e-01 1.577864292906397681e-01 1.458857450634908348e-01 2.241167074305109308e-01 1.449722578744679358e-01 1.900969415738263113e-01 2.159249311222508072e-02 2.127339602653708847e-03 -1.049228038783638489e-01 -7.764576973563540319e-02 -1.175570172407821024e-01
-9.000000000000000000e+00 4.366482747126256003e-02 1.281134159600876565e-01 1.604176832478539649e-01 1.303865063077631059e-01 2.031686342398895118e-01 1.494417212216594404e-01 8.759506799282856804e-02 -3.602017703190461134e-02 8.881769120108004567e-03 -3.524328216047297596e-02 -6.234918901320335438e-02 -6.866936235284246126e-02
-8.000000000000000000e+00 3.746201218639590991e-01 3.766818201205928696e-01 3.942838547172935471e-01 3.428589130442196709e-01 3.746557816444043842e-01 3.120359878229453932e-01 2.292446519556441686e-01 2.125447855757890414e-01 2.072530477958555994e-01 1.844130761275864505e-01 1.270514513627163944e-01 9.170335545766340746e-02
-7.000000000000000000e+00 4.917788063917133967e-01 4.869137865462839776e-01 5.252712827725298794e-01 4.869113201929469725e-01 4.944178083831503034e-01 4.668931619385556786e-01 4.596579066576414463e-01 4.062131438350831125e-01 3.141103619130386493e-01 2.057284083169328703e-01 1.827550099785331117e-01 6.057573706055544016e-02
-6.000000000000000000e+00 6.154727211523050023e-01 5.999013312468095549e-01 6.085351861197896284e-01 5.660022417168153464e-01 6.039726714860902401e-01 6.367253376872696879e-01 5.620881554075407571e-01 5.073708161511468751e-01 4.841040510088054916e-01 3.941237778161099659e-01 3.627257682592461285e-01 2.805588069853557354e-01
-5.000000000000000000e+00 7.603164831013077274e-01 7.064591964276110136e-01 6.953872452502820600e-01 6.398168658812033449e-01 6.875003153179650717e-01 7.157739387680885912e-01 6.411879738155588093e-01 6.038891779112265379e-01 6.098762438440786804e-01 5.195064290583787381e-01 5.682789169726407685e-01 4.502517791699582328e-01
-4.000000000000000000e+00 7.109757433873176158e-01 6.600239290551733751e-01 6.689369898202340847e-01 6.555812599557218068e-01 6.709920476472908124e-01 6.715570842615552483e-01 6.108738044026884584e-01 5.983102419026473662e-01 5.544491712253702964e-01 4.480940846851771409e-01 4.360516138665884722e-01 3.615637549979598964e-01
-3.000000000000000000e+00 8.418484067552427508e-01 8.053468593219403893e-01 8.111593887649917178e-01 8.047488966595743864e-01 8.187619976388400556e-01 7.938033538814361911e-01 7.349481874841797824e-01 7.550812329622031971e-01 7.399030624218123631e-01 6.742312958687289859e-01 6.161544734947952406e-01 6.263090624646254767e-01
-2.000000000000000000e+00 9.082080875962033062e-01 8.924682320361614352e-01 9.132746269214162549e-01 8.823967383947339815e-01 9.047227076873256557e-01 8.485897293498657623e-01 8.551928457260600247e-01 8.827859039836236654e-01 8.474053194462749516e-01 7.846189005558917851e-01 7.764943043949392720e-01 7.396442139474064259e-01
-1.000000000000000000e+00 8.498107856856393916e-01 8.803471393970930814e-01 9.064597390411004429e-01 8.598082019283733723e-01 8.920132075382636305e-01 9.020679727049785157e-01 8.989303252513300979e-01 8.858560333018741240e-01 8.965341066340162257e-01 8.505306828512335660e-01 8.339212221870628827e-01 8.313311771996343413e-01
0.000000000000000000e+00 8.825396028894618716e-01 9.057974521365100840e-01 8.949162114366097098e-01 8.700920882116094379e-01 8.849415384209485813e-01 8.936845857003552496e-01 9.165630219806710777e-01 9.150821528851085240e-01 9.661602068909491692e-01 9.867159135172322015e-01 9.754630222258112715e-01 9.999999999999998890e-01
1.000000000000000000e+00 7.008770077629642437e-01 7.339708826723821966e-01 7.474658336537953751e-01 7.089444631641890204e-01 7.322986615184851056e-01 7.516051389200908428e-01 8.004369569736041745e-01 7.792067481861295608e-01 8.078136150069984422e-01 8.260454605183704668e-01 7.980779605353182093e-01 8.313311771996343413e-01
2.000000000000000000e+00 5.477162976608908052e-01 6.024703069354977458e-01 6.030787393414100972e-01 5.701716738387951899e-01 5.921517724241737168e-01 5.865979457350709581e-01 6.571275213619776068e-01 6.273848323376294278e-01 6.795002718009972575e-01 6.993741797571726426e-01 6.563686656766019034e-01 7.396442139474064259e-01
3.000000000000000000e+00 4.607595868186490917e-01 5.099085700206564820e-01 5.382313488752364927e-01 4.683177731264440702e-01 5.088234097529747979e-01 4.674138196317805249e-01 5.429177864782647189e-01 5.282638604462882581e-01 5.657599713112749784e-01 5.953486078396861281e-01 5.776420967718245425e-01 6.263090624646254767e-01
4.000000000000000000e+00 2.949332480368249687e-01 4.005398236641380949e-01 3.983517826324797229e-01 3.531569510168462434e-01 3.581471791798294113e-01 3.171200829712156888e-01 3.775055471766385340e-01 3.674913260673313697e-01 3.808564799953318980e-01 3.677795139650350542e-01 3.012537828942923324e-01 3.615637549979598964e-01
5.000000000000000000e+00 3.596552997018503950e-01 4.201928639155546596e-01 3.995028151743621470e-01 3.928514049778994988e-01 3.863873085471060120e-01 4.181397756885324446e-01 3.759777264450285816e-01 3.722141207459346290e-01 4.018290168509550675e-01 4.137315330843527317e-01 3.681937348223384143e-01 4.502517791699582328e-01
6.000000000000000000e+00 3.056011196901054494e-01 3.090937164319572106e-01 3.296581726846051219e-01 3.398561331219169812e-01 3.115165230242619709e-01 3.183526900439276330e-01 3.007147567288950274e-01 2.997217090887026036e-01 2.720041609852728026e-01 2.381786439830688995e-01 2.164757832130423387e-01 2.805588069853557354e-01
7.000000000000000000e+00 7.454745816243102396e-02 1.385515134196741160e-01 1.314455772260188504e-01 1.616213624186621234e-01 1.369194854246822135e-01 1.383775370587631559e-01 7.122970017925865649e-02 8.083680308348475951e-02 9.427212312452779019e-02 1.760354657419447785e-02 3.265627314088152822e-02 6.057573706055544016e-02
8.000000000000000000e+00 4.527160499915854064e-02 4.743011504080882346e-02 7.512753808716160497e-02 3.469109900316989098e-02 4.034584719320283980e-02 3.474065965115893939e-02 -2.854945107859774289e-03 -4.212867453916704918e-03 4.631485388087071275e-02 3.057209262518062465e-02 6.687995525829107391e-02 9.170335545766340746e-02
9.000000000000000000e+00 2.380788896616069239e-02 1.951749192021005885e-03 7.448202913632290256e-02 5.759498605986484998e-03 -2.821244490980710090e-02 -3.859833670465694783e-02 -5.491823631838103209e-02 -1.631144024302460388e-02 -2.291674734868876656e-02 -2.027715436648839381e-02 -2.157518806993314470e-02 -6.866936235284246126e-02
1.000000000000000000e+01 -1.433079240120298595e-02 -6.203457722255176221e-02 -9.701887725025118425e-02 -6.878032155613549026e-02 -1.168749469752419917e-01 -9.725314028061035621e-02 -9.354568767709318944e-02 -8.372037847689023371e-02 -1.040495001508855433e-01 -6.382099635065921484e-02 -6.534258299802414571e-02 -1.175570172407821024e-01
1.100000000000000000e+01 1.372672857216974962e-01 1.048492997205179716e-02 -1.342607294386025801e-02 2.851638314787912493e-02 1.970768082664306475e-02 7.207388644027469538e-02 1.530591585320417725e-02 4.233950897077227993e-02 -1.723578082584175525e-02 6.633507457174829536e-03 4.165630897901375501e-02 -7.707066735817394432e-02
1.200000000000000000e+01 1.955008303740103370e-01 1.429496124684694336e-01 9.109720836819149015e-02 1.756808586648046788e-01 1.452721988045774792e-01 1.482675234427598687e-01 1.389403592041090485e-01 1.578839359130174425e-01 9.898529271671767382e-02 3.079542988343853677e-02 6.804412812595525550e-02 -4.275692394372999916e-02
1.300000000000000000e+01 3.097056901697153863e-01 2.436795093450556116e-01 2.262377703756644487e-01 2.927897883101295284e-01 3.551265646971113465e-01 2.927249273238495819e-01 3.246801260021848767e-01 2.847088462495947492e-01 2.170137804214040955e-01 1.648822677600460807e-01 1.666063864583798571e-01 1.098500050803710021e-01
1.400000000000000000e+01 4.743031133969402569e-01 3.647920115498561877e-01 4.298446078738135112e-01 4.079800792323716729e-01 4.657523279812849082e-01 3.778351690847818745e-01 4.346835114290831248e-01 4.037376291126696937e-01 3.539278558042104894e-01 3.025176626883750441e-01 2.531936699921705225e-01 2.358032176130223090e-01
1.500000000000000000e+01 6.243559722148979141e-01 5.438133069544019982e-01 5.256785594561786956e-01 5.396460999796937053e-01 6.176980837710257521e-01 5.412830750267569879e-01 5.768552263367506816e-01 5.357225495482988986e-01 4.716893094151408672e-01 4.564047385572450599e-01 4.718060098270345781e-01 4.281532067184158907e-01
