# # time shift (tau) HDelta HGamma HeII4685 HBeta HeI5875 HAlpha HeI5015 OI8446 HeI4471 HeI7065 OIII5007
-1.000000000000000000e+01 1.886056543252069909e-02 2.060231456643345227e-02 1.100306901656417924e-01 1.270629364234668324e-01 -3.044785404226228454e-01 -3.151046983040171057e-01 -1.858379043865001079e-01 6.422753171682737267e-04 2.734396485897725576e-02 -3.121948694711152578e-03 -1.833011319588779831e-01
-9.000000000000000000e+00 -1.206745897079146979e-01 -5.783085547421210060e-02 -1.055025148579936678e-01 6.155663517052969991e-02 -3.444940519442730720e-01 -2.795988881780470114e-01 -2.303877693818235928e-01 5.938901578492866706e-02 -7.782686860868254231e-02 5.728446525024769032e-02 -2.706896555591498665e-01
-8.000000000000000000e+00 -2.691883658595097817e-01 -1.309278537586215096e-01 -3.110521846653150832e-02 -1.195184596777475530e-02 -2.822963102084080633e-01 -2.366478624316218360e-01 -2.676567266780360277e-01 7.938021194056532615e-02 -3.305490739370430808e-01 -8.593191712231287860e-02 -3.758812526891101014e-01
-7.000000000000000000e+00 -2.420686951769038253e-01 -2.399297650912830815e-01 9.121177555510864843e-02 -2.070472885691105047e-01 -4.596871862079612292e-01 -3.395796055122712875e-01 -4.091946798788629880e-01 -3.152529450198098271e-01 -5.086085728845768372e-01 -5.071914447824202310e-02 -5.233393682442790684e-01
-6.000000000000000000e+00 -1.193869395358088115e-01 -1.114983056442565013e-01 2.466391780708334924e-01 -9.258617672542918120e-02 -3.187980771105574096e-01 -2.763942763346814990e-01 -4.371686138849982250e-01 -3.044051461478428644e-01 -5.063128737033114612e-01 4.810534891800768986e-02 -5.305459074882641346e-01
-5.000000000000000000e+00 -1.953823335689169882e-02 4.540356839531329430e-02 3.747999776767650393e-01 1.493009964442511828e-01 -8.637306424528853888e-02 -7.430318246977787866e-02 -4.257727904755089776e-01 -1.650313663417473653e-01 -2.876817514628748906e-01 5.568329318193654398e-02 -4.546909603071309092e-01
-4.000000000000000000e+00 7.968739262172197524e-02 4.398777973909175770e-02 3.462827012250728753e-01 6.064775932449320561e-02 -3.708800030709652473e-02 -2.391580054217631313e-01 -5.671475380722513782e-01 -2.989720931082253674e-01 -2.302901353879215629e-01 2.337775506017605864e-02 -5.953993772623531466e-01
-3.000000000000000000e+00 2.939947066768134887e-01 2.828656744961376979e-01 5.265040024426631549e-01 2.761241202269226203e-01 3.134260123753526139e-01 -3.673469510155676077e-02 -5.169250163694083522e-01 -1.415688226281990314e-01 -4.956152540371103893e-02 3.062787520382295736e-02 -6.061830523466937848e-01
-2.000000000000000000e+00 5.879794594431173582e-01 4.910819385207014776e-01 6.697336851598099106e-01 5.613189308650062825e-01 5.853966614150072356e-01 2.788578321338194277e-01 -2.565296290686878700e-01 -4.026789732640827235e-02 2.277833550125208523e-02 1.422726463905140126e-01 -4.386225228494787798e-01
-1.000000000000000000e+00 7.986619445110849647e-01 6.524133489041556988e-01 7.298607938930958827e-01 6.868184423229954927e-01 6.237272511192596403e-01 4.800202909585136180e-01 -5.876028468728245607e-02 1.431035851202573927e-01 1.744484749671285084e-01 3.176961853080383369e-01 -3.710807640915183558e-01
0.000000000000000000e+00 8.467811328425579598e-01 8.862519169270672847e-01 7.570219884130411359e-01 8.389195182791042704e-01 7.816007176137367285e-01 8.168171291578429916e-01 2.341037175006631110e-01 5.954008522976718121e-01 3.657815271112112576e-01 4.407793374345989057e-01 -1.057528390712275668e-01
1.000000000000000000e+00 8.309364954463203112e-01 8.570900163491993462e-01 5.628633538340113152e-01 8.482682677967202656e-01 7.515701624150801230e-01 7.685516525195703608e-01 3.028344193815670771e-01 5.769583577651574702e-01 3.259571995869156025e-01 5.412732176422918595e-01 -6.034766503355762368e-02
2.000000000000000000e+00 7.083781353508112888e-01 7.753528291985455345e-01 4.276993713403677289e-01 7.871106075202060071e-01 6.923214349827113701e-01 6.614217178379104833e-01 3.291015107437491038e-01 5.305412845538399758e-01 4.979763864065089307e-01 4.816785884296637121e-01 -2.304567180955888195e-02
3.000000000000000000e+00 5.074236425359507363e-01 6.235479483714239102e-01 1.894251134861681118e-01 8.008984358715822705e-01 6.204377317169293971e-01 6.760447271554457238e-01 2.781300278943095727e-01 6.553955276306320243e-01 3.940465635011031198e-01 3.556068185035722862e-01 6.513282239807041685e-02
4.000000000000000000e+00 4.269373234207770040e-01 2.578229727302910335e-01 7.298216522821628083e-02 4.957501494618442583e-01 4.034401134054390603e-01 4.304054287731470252e-01 2.341383384735708506e-01 3.572121975263737315e-01 2.744381101763774256e-01 -3.869752125434299667e-02 8.856716786854403056e-02
5.000000000000000000e+00 3.505582065482560905e-01 3.805294944198224227e-01 3.127598529548932249e-01 4.339200668169317376e-01 1.391191729271278321e-01 4.419711341530466187e-01 1.984820645791876281e-01 4.203786712929347136e-01 3.871287011453223292e-01 -4.845433560077597179e-02 5.133786695442978110e-02
6.000000000000000000e+00 3.433275266748844201e-01 3.179058991441865989e-01 3.231766560273930944e-01 3.354140386074070390e-01 1.001049414007363636e-01 1.691241370198816041e-01 7.842284497465316917e-02 2.306072491034381056e-01 3.079630795016526368e-01 -1.914793585902034023e-01 -1.365432809648475798e-02
7.000000000000000000e+00 2.341409260191281982e-01 1.518274750854047839e-01 1.694525767911343461e-01 1.410025461941657732e-01 9.348725337104849681e-03 -4.568029903443884820e-02 -2.018444028393646950e-02 -2.702483878858683020e-02 4.106038513996508321e-01 -2.942095819491173936e-01 -1.555584727421309987e-01
8.000000000000000000e+00 5.306326181818653981e-02 1.364976709155847068e-01 -1.230404628202770578e-02 1.777300095679762992e-01 -1.225438614712531238e-01 5.525055513689620945e-02 -5.025045266147552814e-02 3.402250245950340091e-01 4.330075031450899004e-01 -8.057415901156059559e-03 -1.076825819912559101e-01
9.000000000000000000e+00 -1.103686262856416189e-01 -2.591191178300177311e-01 -2.590279865942329840e-01 -7.747589655437915612e-02 -1.306125618451058623e-01 -7.724232491858654126e-02 -1.771139222107218636e-01 -6.746382378406863556e-02 -2.963407948133477826e-02 -3.284333556249530162e-01 -2.077977802926272710e-01
1.000000000000000000e+01 -3.879719612297911069e-01 -3.607810706606967566e-01 -2.026321151959868672e-01 -3.919697720824968923e-01 -2.897189901116401511e-01 -1.712270912370804643e-01 -2.010498524316979285e-01 -4.025515921287607379e-01 -4.820698459135320801e-01 -6.241861603895666744e-02 -2.575463915338367382e-01
1.100000000000000000e+01 -2.915211605879292622e-01 -1.674520011901654559e-01 5.566180854788787408e-02 -2.934505351563024278e-01 -1.831040417705699919e-01 -1.409905575216056084e-01 -4.244640652998345476e-01 -2.369864327648402713e-01 -6.945281281160415876e-01 2.553153679906540185e-01 -6.299446538692969888e-01
1.200000000000000000e+01 -4.465719470074692998e-02 -6.042622216437644467e-02 2.177817913436548847e-01 -1.639152667716176626e-01 7.018726663455994441e-02 -1.275003996847573762e-01 -2.251079567693913819e-01 -3.222973404139474196e-01 -5.028193486695009540e-01 -1.651805270950118532e-01 -3.363853463786830034e-01
1.300000000000000000e+01 9.940833775462289135e-02 1.593164626583125076e-01 4.644809752868969133e-01 3.350399144970857279e-02 6.365927115760491861e-02 -8.764012070447783909e-02 -4.117165751342044544e-01 -3.621535667286124999e-02 4.473102433713896375e-02 3.413659822615511263e-01 -3.643249379081617279e-01
1.400000000000000000e+01 3.074044398785166776e-01 1.639636287538258630e-01 3.871936689336445969e-01 2.494668634213038916e-01 4.181669396769503444e-01 2.978735810553554547e-02 -1.264249288618876088e-01 -2.315560104685669349e-03 2.286003055638790860e-01 7.813740249575780450e-02 1.830258861086714040e-01
1.500000000000000000e+01 3.926346733870457739e-01 3.076852663440676761e-01 6.120748192231042495e-01 3.845836434634450907e-01 4.843065693503386115e-01 2.056453914725211440e-01 2.071749088711196118e-01 -1.033964678749092481e-01 4.146918737529702303e-01 5.773923262517262067e-01 2.858812373131326412e-01
