# # time shift (tau) HDelta HGamma HeII4685 HBeta HeI5875 HAlpha HeI5015 OI8446 HeI4471 HeI7065 OIII5007
-1.000000000000000000e+01 9.128978047603845958e-02 1.295181043208895044e-01 7.182492349010033417e-02 2.165234217770729552e-01 -1.552337016212164134e-01 -1.949231901871877892e-01 -5.596804464245942051e-02 1.269055365082396580e-01 -6.019193043362855433e-02 1.195912820205519839e-01 -9.120502727546933586e-02
-9.000000000000000000e+00 -8.262202149016813213e-02 2.760224717616992576e-02 -7.832276277133745634e-02 1.570027740228772395e-01 -2.233700529730816009e-01 -1.697132268345633577e-01 -1.039732506972953219e-01 1.781083546073320978e-01 -1.539818747386312303e-01 9.756415986298451470e-02 -1.461332603362239801e-01
-8.000000000000000000e+00 -1.972513069462127067e-01 -9.701850674435807953e-02 -2.262938771444032021e-02 -2.133274895098436277e-02 -2.516829273031725434e-01 -2.530632947526861853e-01 -2.762088859330827373e-01 7.054281945671000975e-02 -4.154082727101147121e-01 -7.142144657517840445e-02 -3.747702213338510724e-01
-7.000000000000000000e+00 -1.281069196227725138e-01 -9.592052471661202673e-02 1.573278631645898540e-01 -1.391864236362728158e-01 -3.286976745337343853e-01 -3.120250326289225606e-01 -3.503014532037678208e-01 -1.780043609187885734e-01 -5.336102277504086722e-01 -8.526956834042245803e-02 -4.605473151880050686e-01
-6.000000000000000000e+00 2.336890064192447686e-02 5.010240608058244560e-02 3.505951173989350078e-01 2.763453816180051412e-02 -2.058814511288296623e-01 -2.586962070584841178e-01 -3.620886842534283279e-01 -1.808144425103412889e-01 -5.113849397431720067e-01 3.709630192922096226e-02 -4.626890087237652827e-01
-5.000000000000000000e+00 1.264493423229386404e-01 1.356296928484819753e-01 4.273117346566317476e-01 2.056117385423817390e-01 -9.220038823966006380e-02 -1.417189077577654943e-01 -3.617943655899956701e-01 -1.788249431843017823e-01 -2.899466401578327801e-01 1.207176613887653571e-01 -4.279270161299881248e-01
-4.000000000000000000e+00 1.080771999546157602e-01 1.562152053921437578e-01 3.331902704980467256e-01 2.517342070984304736e-01 -7.015847007848743933e-02 -1.308200748219767451e-01 -4.130795560362972019e-01 -1.553117442087439681e-01 -1.509276339274108758e-01 2.422403515876133673e-01 -4.670839266317313720e-01
-3.000000000000000000e+00 1.186812063297037895e-01 1.690910739760426995e-01 3.159073873940793087e-01 3.085930235146431833e-01 1.478524656009875260e-01 -2.805289565207053082e-02 -4.390024852819808809e-01 -6.906162261916112821e-02 -7.341974044854865378e-02 1.531926276482353244e-01 -5.300293788600232148e-01
-2.000000000000000000e+00 3.065001097189054557e-01 2.717608977347742427e-01 4.429950037240902860e-01 3.856108197168217622e-01 3.384163880944248692e-01 1.281893360237505441e-01 -4.247000374770690811e-01 -7.720242724786771649e-02 -9.810052938033331227e-02 9.665577910643052828e-02 -5.974984888483898526e-01
-1.000000000000000000e+00 5.506093252184198761e-01 4.620308072370937769e-01 6.162187731958334025e-01 5.033779084047831365e-01 4.699233996657161128e-01 2.850471138059880172e-01 -3.053725793260896326e-01 8.020849466442189768e-02 -5.590144476748421659e-02 8.405697004176460041e-02 -5.728642216802101172e-01
0.000000000000000000e+00 7.658821919608740370e-01 7.156854009155728669e-01 8.248687636044421678e-01 6.970988182419980417e-01 6.555820343832442498e-01 5.810381969969891092e-01 1.073572039419999624e-02 3.455932813132780446e-01 2.015752040023349179e-01 1.569783567265428115e-01 -3.110871445002254543e-01
1.000000000000000000e+00 8.628429013245393353e-01 8.179004172410002660e-01 8.027622963350495855e-01 7.793547367808308923e-01 6.473410768543658156e-01 6.253919720799622217e-01 1.127415993569650665e-01 3.760319915466975305e-01 2.866022780426237260e-01 4.230786328620107506e-01 -2.313485905759337102e-01
2.000000000000000000e+00 8.399780192120104294e-01 8.624436763841267783e-01 6.976885525093547979e-01 8.427771776638894874e-01 7.185363553002637182e-01 6.517516538926626524e-01 1.645818246521337236e-01 4.522332522882832606e-01 5.665809789102881355e-01 5.729753052601098684e-01 -1.620063986973062919e-01
3.000000000000000000e+00 6.738576418264623502e-01 7.889896561931071250e-01 3.618420524572358854e-01 8.960611770332500559e-01 7.837558018056816067e-01 7.235846320365293405e-01 2.068990559451245326e-01 5.669857879482045337e-01 4.586932740541718734e-01 5.675175062436854656e-01 -8.764338441628759246e-02
4.000000000000000000e+00 5.742691395463207504e-01 5.521385849752049602e-01 2.315074501584835909e-01 7.407755790323757861e-01 6.592415832583601309e-01 6.194923539199077567e-01 2.069684636239058628e-01 4.872141889946625115e-01 3.494413178014381671e-01 3.734681472294965054e-01 -1.060174447362258882e-01
5.000000000000000000e+00 5.376387296269975469e-01 5.266554304320107960e-01 3.590955530853480182e-01 6.799384115764589565e-01 5.383129687162224730e-01 6.933635116412284471e-01 2.470457329211775965e-01 5.177570298146354499e-01 2.649150012652984332e-01 1.335272419495722729e-01 -5.923022953354535602e-02
6.000000000000000000e+00 6.164358343698368436e-01 5.173204956799783982e-01 5.269669640727173698e-01 5.738670945219173092e-01 3.931338697602371202e-01 5.510990597023966986e-01 1.976184162942543621e-01 3.723628072281708334e-01 2.461695007057773665e-01 4.731282956235167980e-02 -3.199270245525190348e-02
7.000000000000000000e+00 6.273874712497695683e-01 5.730633091725338968e-01 5.467762064117636100e-01 5.031804514310312948e-01 3.204007624931956011e-01 4.041181990161160087e-01 1.411585944150653693e-01 3.546386485022666180e-01 4.401609903132884249e-01 -5.360332057300297437e-02 -6.759505172628169078e-02
8.000000000000000000e+00 4.954120808568378553e-01 5.614082167877900709e-01 4.395965690714188634e-01 5.194829874771506040e-01 2.240889042650579532e-01 2.676806316308946720e-01 2.082862475819912684e-01 4.721041906592667869e-01 7.512401133629542649e-01 2.018725563250392194e-02 1.135718094411627827e-01
9.000000000000000000e+00 2.900889664595515116e-01 1.590990650955526331e-01 5.411520168331074299e-02 2.954496241576377025e-01 1.452911061859413766e-01 1.553844457577944344e-02 -3.557966163751016819e-02 1.526641741663946061e-01 6.303886091535968461e-01 -1.446286618786839506e-01 -1.111601890943664239e-01
1.000000000000000000e+01 -8.801720493556271230e-03 -7.602889005199192640e-02 -1.912612870564784351e-01 8.304264635038066666e-02 1.397929531137732939e-02 7.569909239229800912e-02 6.577448675046121407e-02 -1.440418810510404532e-02 2.883380403550914184e-01 5.415771609273481446e-02 -3.706617566127187735e-02
1.100000000000000000e+01 -1.337675109870074264e-01 -1.030759372088733833e-01 -2.314994896567874882e-01 1.497854806272680417e-03 -1.534246391658924610e-02 2.112773424136204226e-01 6.826806582265278200e-02 9.107450486238784226e-02 -3.452017059654515774e-01 2.286655922601715241e-01 -2.781958433533363029e-01
1.200000000000000000e+01 -9.637055581883449684e-02 -6.351740068165363795e-02 -4.559015376676371634e-02 -1.922082119859758742e-01 -8.170207371301579924e-02 1.575509534615641138e-01 6.854699393652841088e-02 -5.479293286004943697e-02 -6.110867884112883841e-01 -9.016698955343482869e-02 -3.551877300321620856e-01
1.300000000000000000e+01 -6.584312961757937677e-02 1.047680748947107249e-01 2.319418869741613487e-01 -1.614849590473032004e-01 -1.466945963154908106e-01 -8.369839006221794359e-03 -2.141406130091820792e-01 2.121803450266785199e-02 -4.114355965169810281e-01 1.385192363367198920e-01 -4.365663048222655496e-01
1.400000000000000000e+01 -1.189334080892445397e-02 -4.947333776986580223e-02 2.615411663763148598e-01 -8.320926422015989532e-02 3.925933987613400289e-05 -3.166126261566502564e-01 -3.057772293956585452e-01 -2.203694161310175703e-01 -1.067609749534314256e-01 -3.074305787575167814e-01 -1.152462571605817748e-01
1.500000000000000000e+01 3.102984919602357755e-02 -8.521220422493264168e-02 4.764118121074460421e-01 1.111787731249648525e-02 1.157255332645432955e-01 -3.349885157171511030e-01 -3.468132152060858786e-01 -3.818955978159503939e-01 2.072426101084758610e-01 3.474706252220768898e-02 2.534339173506788834e-03
