# # time shift (tau) HDelta HGamma HeII4685 HBeta HeI5875 HAlpha HeI5015 OI8446 HeI4471 HeI7065 OIII5007 LyALpha
-1.000000000000000000e+01 1.429409792839704541e-01 1.587616050804754320e-01 3.857797623469577664e-02 2.488435546279308408e-01 -7.787003367272941901e-02 -1.510866325503819052e-01 -1.116765928716868805e-02 1.274067458228454186e-01 -2.687230723199647911e-02 2.133521069789961200e-01 -5.324841903249871722e-02 -1.674963224356759983e-01
-9.000000000000000000e+00 -5.872250101558622315e-02 9.086512037860530744e-02 -8.545486270039752419e-02 2.189769209032392250e-01 -8.255165131193184513e-02 -7.352162269451990861e-02 -5.173685891567775946e-02 2.715056022360398114e-01 -2.056292087833948012e-01 1.125801440005920889e-01 -8.409065773992907555e-02 -2.528405943677230483e-01
-8.000000000000000000e+00 -1.096628401770652905e-01 -2.132030050851772829e-02 1.188512946995829919e-02 -2.679822098139393940e-02 -9.384399281615143917e-02 -2.114701885919044178e-01 -2.575660214316408680e-01 1.371303449283505227e-01 -5.177155645438575871e-01 -1.264693425579572483e-01 -3.682261884915601913e-01 -1.654692725938711195e-01
-7.000000000000000000e+00 5.015985311440410155e-02 4.527133577140903670e-02 2.633140927856489344e-01 -8.475010913727268336e-02 -1.949038674870188226e-01 -2.459430484340207057e-01 -2.192793108470351693e-01 -1.340027577899095268e-01 -5.204346877885872580e-01 -7.314965236303441753e-02 -3.445992793653175346e-01 5.078473840987124399e-02
-6.000000000000000000e+00 1.727208236020940646e-01 2.012723071167119571e-01 4.246274748264551313e-01 1.538355835614343969e-01 -1.096770941332556731e-01 -1.803021972809039086e-01 -2.315217071855138198e-01 -1.052825874022605690e-01 -4.441826369206873792e-01 1.370589719110626992e-01 -3.325001341843711322e-01 1.922173036279746228e-01
-5.000000000000000000e+00 1.875152155652997088e-01 2.170647492408616652e-01 3.739318872821154605e-01 2.889536376242575755e-01 -4.035925157600776803e-02 -7.164929393213560760e-02 -2.580101326061707834e-01 -8.134706442674538573e-02 -2.268695387870675595e-01 2.216672271361325719e-01 -3.211904217748982049e-01 1.601402464574082085e-01
-4.000000000000000000e+00 2.785201312222602282e-02 1.655554494361303475e-01 1.515362380319875135e-01 3.319350201614321705e-01 -1.003377027129213894e-01 -4.621752346038641990e-02 -2.139826752710305424e-01 7.267779851215058762e-03 -6.177403782229518026e-02 3.556618291918182129e-01 -2.701860162545087762e-01 5.478807075781985669e-02
-3.000000000000000000e+00 -1.184963231102229009e-01 -3.950039765375266271e-02 5.674902658150236812e-02 2.132146700784938731e-01 -6.186532884234097196e-02 -7.559154539706500198e-02 -3.348273662362296621e-01 -3.729913768047927319e-02 4.098721234271456015e-03 1.574044153532548340e-01 -3.895944994995153010e-01 4.680576684020188588e-02
-2.000000000000000000e+00 -3.708409836723450259e-02 -6.008326036637434003e-02 1.218174178988697121e-01 1.369202586650968279e-01 4.373377999762799451e-02 -3.277366729167082576e-02 -5.041300195521661864e-01 -1.911312522060675811e-01 -1.226053300475793278e-01 -1.883329725278047595e-02 -5.883249798823404486e-01 1.069085667664795569e-01
-1.000000000000000000e+00 2.442091026950021782e-01 1.786359210012069820e-01 3.885112194910572692e-01 2.464540911316305261e-01 2.326179541992446642e-01 7.660157829260970386e-02 -4.555172633739087429e-01 -1.344995119078027518e-02 -1.480718970295466508e-01 -1.812657083580476169e-01 -6.239009286889237726e-01 3.195579863395711651e-01
0.000000000000000000e+00 5.550108715958912420e-01 4.728233981426882560e-01 7.443259119661613799e-01 4.379979406380723472e-01 4.463966658943562815e-01 3.446708643740530320e-01 -1.778363979666835459e-01 1.611818037116354574e-01 7.486596458574568125e-02 -1.641860412265535585e-01 -4.303897643513858728e-01 6.216102693489565789e-01
1.000000000000000000e+00 7.766940319146593552e-01 6.491435926746406126e-01 8.573624353895324957e-01 5.523429856116014447e-01 4.505478196355787168e-01 3.831362226253633430e-01 -4.280352463477433284e-02 1.175042647048039901e-01 2.648870054511976990e-01 2.205139226553887721e-01 -3.159255694106801737e-01 7.543508744704552349e-01
2.000000000000000000e+00 8.039317603127478229e-01 7.690342699145126248e-01 7.718476358411914262e-01 6.960812161017105870e-01 6.502434066329331186e-01 5.123364865729511664e-01 6.650058344195280968e-02 2.490617464284893556e-01 5.573270545898945105e-01 5.297717504134319411e-01 -1.839851313135058009e-01 8.353565857937932382e-01
3.000000000000000000e+00 6.517518124164137783e-01 7.595509838209908438e-01 3.572517380059210268e-01 8.060248936279782450e-01 8.020351279038916426e-01 6.848768828880076320e-01 2.678751875896645540e-01 4.494633781482338941e-01 4.285927916959282324e-01 6.691303343136177917e-01 2.902372448191466864e-03 6.659454195720915237e-01
4.000000000000000000e+00 5.267585775142863413e-01 5.646662582352449666e-01 1.474928621614006174e-01 6.494877185331926484e-01 6.920220157344060263e-01 6.487058663259429592e-01 2.851918886433864597e-01 5.136059814059241724e-01 2.603023296675717191e-01 5.478823452743871725e-01 -3.702364284325414950e-02 6.266814872935293490e-01
5.000000000000000000e+00 4.532664889855512746e-01 4.793722960048566462e-01 2.063163279362430491e-01 5.757596489245748739e-01 5.919362811887869391e-01 6.953991418935299151e-01 3.534050146553956440e-01 4.919346326107114642e-01 9.634113413338296628e-02 2.940401607345622947e-01 7.211301566775588090e-02 5.984695203922922868e-01
6.000000000000000000e+00 4.840523667942020491e-01 4.029575067526299237e-01 3.489185336559947337e-01 4.600966601126972866e-01 4.020352285323722241e-01 4.995917970718857237e-01 3.116366169398769315e-01 2.840774350094580347e-01 7.682094331740932369e-02 1.579524625628818124e-01 1.472220084712416166e-01 4.821326648357423528e-01
7.000000000000000000e+00 4.915774419074978585e-01 4.720540714350480727e-01 3.820532800337311796e-01 4.169895915421634180e-01 2.993676226809481866e-01 3.895066982723839333e-01 2.745251312964827606e-01 3.744743549575010322e-01 3.218148105464183617e-01 -2.679810863654799244e-02 1.915055365484130412e-01 2.759540493144173601e-01
8.000000000000000000e+00 3.970977222603946921e-01 4.476319986195317902e-01 2.796495246230213949e-01 3.977289505403638903e-01 1.799707885567694565e-01 2.105826058962816383e-01 3.167393709389875744e-01 4.796533361443929278e-01 6.670000713398192005e-01 -8.333542539051280729e-02 3.478767957122178012e-01 1.067379085482863810e-01
9.000000000000000000e+00 2.135021983350208485e-01 1.051049241593781658e-01 -3.483335339145367249e-02 1.907528662804304498e-01 2.842585239826651150e-02 -8.397157662034060444e-02 9.702497749871513699e-02 1.285855945898520813e-01 6.969247748999863878e-01 -2.243930896480965109e-01 1.494801591394079865e-01 -1.120159739233196339e-01
1.000000000000000000e+01 -6.164530572192425395e-02 -1.009601412281029703e-01 -3.233962643392489511e-01 7.008134935412840827e-02 -8.254358300911388002e-02 -4.313383369057599559e-02 1.522883374650516042e-01 1.531854369688157025e-02 4.507976042526576910e-01 -4.810027207032759045e-02 1.656601393635888653e-01 -2.207114291094907643e-01
1.100000000000000000e+01 -2.457134001742637963e-01 -2.433088291574754813e-01 -5.541279853924163668e-01 -7.123043372712320465e-02 -1.500535209988443919e-01 8.628493847606759359e-02 1.884415641629211824e-01 1.250405737630426728e-01 -1.300076891548477276e-01 -7.393234285197460010e-02 4.227313165398174227e-03 -2.717897900817080603e-01
1.200000000000000000e+01 -3.031397961154773668e-01 -2.615758839145627124e-01 -4.179625474419187969e-01 -3.476143115732668321e-01 -3.491707219721231770e-01 4.977758034030963646e-02 7.820068318249316641e-02 1.788903488335372508e-02 -5.239768823805357467e-01 -2.763108742339336898e-01 -2.295651071611611860e-01 -1.992065972123511219e-01
1.300000000000000000e+01 -3.842077123351145262e-01 -2.323939196164895582e-01 -1.704958616097895230e-01 -4.582073766453205188e-01 -4.969286332360744463e-01 -2.208548323837697391e-01 -2.774110701963960479e-01 -1.321988421466860353e-01 -6.031944398933259954e-01 -2.058636741513770185e-01 -4.480013295954832220e-01 -1.447777624096242555e-01
1.400000000000000000e+01 -4.322645894746080519e-01 -4.223657109461954606e-01 -7.163545612424448983e-02 -4.830488845641308648e-01 -4.004283028778172771e-01 -6.340875210867369383e-01 -4.933312830168460339e-01 -5.273424720300465829e-01 -4.764211195440455349e-01 -5.486645011710216124e-01 -3.333762478957165709e-01 -3.228043899714633236e-01
1.500000000000000000e+01 -4.261416420971768648e-01 -4.768868188806768549e-01 7.697326390872484547e-02 -4.326706351746409385e-01 -2.829851731686571226e-01 -7.047732933077669459e-01 -6.556642281438179731e-01 -5.907244254825723129e-01 -2.415070298961968509e-01 -2.777991340621444039e-01 -3.091307452532983113e-01 -4.094708389152260652e-01
