# # time shift (tau) HDelta HGamma HeII4685 HBeta HeI5875 HAlpha HeI5015 OI8446 HeI4471 HeI7065 OIII5007
-1.000000000000000000e+01 5.603512702889811015e-02 1.121329597724852190e-01 2.150524308359870115e-02 2.317895988865971146e-01 -1.782349835643867175e-01 -1.933697257207731834e-01 -3.530555615945198816e-02 1.380732680679052637e-01 -4.133993113863577984e-02 1.393821852990702603e-01 -6.006102487789637123e-02
-9.000000000000000000e+00 -1.287498723058064232e-01 -8.700120495807334847e-03 -1.169986089083363268e-01 1.015045535157835244e-01 -2.209784180678435184e-01 -1.920901697310424261e-01 -1.628252518933754889e-01 1.915425167540365514e-01 -2.051920309441900014e-01 5.539125687186663427e-02 -2.085017528338813375e-01
-8.000000000000000000e+00 -2.367617852968048053e-01 -1.309544854776842071e-01 -5.147854077685853208e-02 -1.639753531270768741e-02 -3.086199660422350721e-01 -2.616625657318395470e-01 -2.430805262093880259e-01 5.143271840874316658e-02 -3.935430848433287832e-01 -7.361987861519561638e-02 -3.376220178614424139e-01
-7.000000000000000000e+00 -1.742593369921938140e-01 -1.750905093061227435e-01 1.463211219718555389e-01 -1.626592719977906498e-01 -4.283270569819324081e-01 -3.621179837132061374e-01 -3.601652446437237365e-01 -2.367805389450275966e-01 -4.982589858546803696e-01 -1.028442923447515367e-01 -4.603202205863355934e-01
-6.000000000000000000e+00 -5.242750626439426909e-02 -1.346398780481531179e-02 3.211704924157114949e-01 -3.788745456364393804e-02 -2.792019933964189904e-01 -2.741580727008338658e-01 -4.550702271950666233e-01 -2.013337208177471416e-01 -4.967362302178233158e-01 7.543310188720781309e-03 -5.309317857458063505e-01
-5.000000000000000000e+00 7.056952520615261681e-02 9.733654445973057012e-02 3.830586159895797982e-01 1.705651134517702228e-01 -1.162390560617919955e-01 -1.776384386266089965e-01 -3.977694749225625936e-01 -1.864487760754534040e-01 -2.941091132243809914e-01 8.536448723880592226e-02 -4.573154532203196898e-01
-4.000000000000000000e+00 6.099723502623377591e-02 8.120785583784129180e-02 3.389626669594895114e-01 2.014157168843733747e-01 -1.166259347229046395e-01 -1.971886901270337167e-01 -4.188578028010537246e-01 -2.393403831351638145e-01 -1.018545708004831851e-01 1.607985796552786062e-01 -4.783036109447105222e-01
-3.000000000000000000e+00 1.220668210287693678e-01 1.346830419563811998e-01 3.464407645920601908e-01 2.457156855249880423e-01 1.416327792332386926e-01 -4.250966659694786765e-02 -5.249481736983659941e-01 -1.422654576733450582e-01 -7.712407341291312168e-02 1.216906435660730784e-01 -5.980028574894173943e-01
-2.000000000000000000e+00 3.626934263027939975e-01 2.998786606507030106e-01 4.689475481909651799e-01 3.791935993745199074e-01 4.059653687880293571e-01 1.515452682956620056e-01 -4.487005695661715476e-01 -7.314590959400278647e-02 -1.318905337505419939e-01 7.443733753361277128e-02 -6.253263387012157892e-01
-1.000000000000000000e+00 6.143783542999986524e-01 5.404092280345083044e-01 6.936230190168459764e-01 5.453492067597636161e-01 5.462375425490634262e-01 3.466494212780815709e-01 -2.126872738276158192e-01 1.161520389996164027e-01 -5.619158807227211255e-02 8.894247586588907573e-02 -5.036022944813451918e-01
0.000000000000000000e+00 8.225336523260173838e-01 7.665332332728675979e-01 8.621941009248214050e-01 7.188369594331491808e-01 6.877621270071245796e-01 6.065433071360465389e-01 4.887800272206836716e-02 3.514598573614638455e-01 2.129025386974943701e-01 2.400185651106568618e-01 -2.841126600586839079e-01
1.000000000000000000e+00 9.081182668512798317e-01 8.580813834981706467e-01 7.829893369737845887e-01 8.138225684403493920e-01 7.057100444052848420e-01 6.764480875188532139e-01 1.898541503524232565e-01 4.003729392838171752e-01 3.305658723101239649e-01 5.252885958121712440e-01 -1.457259303313641896e-01
2.000000000000000000e+00 8.172737649540602334e-01 8.972732729941359509e-01 6.164090942830484643e-01 9.138183026967587885e-01 7.768784670251940305e-01 7.322380998060131763e-01 2.816635056281426852e-01 5.599963308803788120e-01 5.996392329526201159e-01 6.568465510827635745e-01 -3.088192971459131908e-02
3.000000000000000000e+00 6.141590495218854917e-01 7.349732113312363868e-01 2.341897152404191496e-01 8.667380474365208309e-01 7.507752546952014550e-01 7.137550868574457086e-01 2.492830483407789122e-01 6.225225553489135422e-01 4.396488862359109184e-01 5.138440453239063732e-01 -3.750771444220496464e-02
4.000000000000000000e+00 4.950527132898116522e-01 4.807879474588232505e-01 1.451795712131067895e-01 6.588677501727346897e-01 5.946409584124363601e-01 5.812004733467794892e-01 2.241962055952478605e-01 4.975474736224147487e-01 3.124683509077166299e-01 2.763029952225756758e-01 -6.649631794391155926e-02
5.000000000000000000e+00 4.766955650762966235e-01 4.428673800044606867e-01 3.262197507968287447e-01 6.263754369043867953e-01 4.187301980457133199e-01 5.989819908707220142e-01 2.462393198550765216e-01 4.617886706430835431e-01 2.796003563520204627e-01 1.487646638404239302e-02 -1.656013694237805367e-02
6.000000000000000000e+00 5.455246613594119109e-01 4.261273493976135418e-01 4.842591241819020342e-01 4.983877397528104769e-01 2.350528892502795619e-01 4.373524698504203667e-01 1.307452451175941111e-01 2.972485775060717539e-01 2.842729367005072394e-01 -1.221266127180433703e-01 -5.394939751961888574e-02
7.000000000000000000e+00 4.830629300820659111e-01 4.783084236629643327e-01 4.252177987270773230e-01 3.810173825217079147e-01 1.692454202931494289e-01 2.957852027688042118e-01 7.515095101904417652e-02 3.921590740106893902e-01 4.483443295469307088e-01 -1.868214903637517854e-01 -8.410685471191189921e-02
8.000000000000000000e+00 3.297862917670896232e-01 3.611391288260085708e-01 3.038547798422640556e-01 3.223897766804817433e-01 4.280649593667076869e-02 7.163935009314614799e-02 7.810087222707644272e-02 3.077513187858929578e-01 6.669474734562776952e-01 -1.144503330178669454e-01 2.154624961710187303e-02
9.000000000000000000e+00 5.720310173965304640e-02 -6.256120643620349808e-02 -6.430239505983630088e-02 9.460410942016171665e-02 -4.826086853262973736e-02 -1.845779922831659592e-01 -2.255430488637326092e-01 -1.435304686868560664e-01 4.084225781910466591e-01 -1.697626031362335641e-01 -2.820416061166823307e-01
1.000000000000000000e+01 -1.986957503230876443e-01 -2.282135863757278615e-01 -2.715826793555688456e-01 -6.683560448960004785e-02 -5.864489643682278819e-02 -1.117153376208138149e-02 -1.280951091876336156e-01 -1.257558339691882965e-01 -2.772936854751967273e-02 6.866886444077746621e-02 -2.115545294750093008e-01
1.100000000000000000e+01 -1.904232938364727734e-01 -1.701372530971193286e-01 -2.088840448725209076e-01 -1.294231799688044804e-01 -2.043555819530767925e-02 1.705976600690108091e-01 -1.571258486417022315e-02 3.227426578457581741e-02 -5.772812820478973039e-01 1.286593613810827486e-01 -3.372384579036857843e-01
1.200000000000000000e+01 -7.211188786898940772e-02 -2.936243138339995895e-02 1.721563670127536638e-01 -2.343228392198989929e-01 -1.438480096064143343e-01 6.805168688114121567e-02 -1.367332820205453547e-01 -1.582689934812704646e-01 -6.175438161398500991e-01 5.095622340037603282e-02 -5.264518435018572529e-01
1.300000000000000000e+01 9.546635846568569950e-03 1.582170711897407100e-01 3.953619487643009189e-01 -7.575688765908525357e-02 1.093997151134190257e-02 -7.142231267339450851e-02 -2.945964230128911288e-01 -1.107879222918126821e-01 -3.632468120018508273e-01 1.950537454633460843e-01 -4.103248675768252918e-01
1.400000000000000000e+01 1.242192608876470233e-01 7.206261811649281035e-02 4.055501081921553119e-01 7.795097889196274388e-02 2.401147214255993090e-01 -2.330017297675919807e-01 -2.032301848758924778e-01 -1.864862443379456947e-01 6.960254641139748677e-02 -1.283046246153423942e-01 4.713385782028910176e-02
1.500000000000000000e+01 3.350471617729571250e-01 1.976536261983612985e-01 6.198258838562515916e-01 2.807165616799401908e-01 3.424642657617408270e-01 -1.963662048921815256e-02 -2.014869162207699183e-01 -5.879270636989228360e-02 4.740999720456580135e-01 3.362466332252871393e-01 6.677513206200004492e-02
