# # time shift (tau) Cont4010 Cont4200 Cont4440 Cont4765 Cont5100 Cont5600 Cont6045 Cont6110 Cont6880 Cont7390 Cont8015 Cont8900 Cont1150
-1.000000000000000000e+01 -6.075697121209333584e-02 -2.061353663346591342e-02 6.866167312690293900e-02 -3.204936687114749716e-02 1.226969789507958708e-01 6.846588136110876022e-02 1.279330237016775285e-01 -4.673914380806622193e-02 -4.624932057187038092e-02 -6.041794847142394759e-02 -1.124614396368385505e-01 -9.579581451359109323e-02 -2.962715616997879664e-01
-9.000000000000000000e+00 7.744724458811133583e-02 1.148977569776762908e-01 1.599813120119504273e-01 7.098435008493014786e-02 1.836806895404586859e-01 9.484768941596664893e-02 8.891493658736218664e-02 -2.767915448688737512e-02 1.325781156649942505e-02 2.670857907947846860e-02 -5.669957990188866787e-02 -2.766767898692139988e-02 -1.493254562985713574e-01
-8.000000000000000000e+00 3.091931515394284458e-01 3.142702351628334778e-01 3.582356620711736883e-01 2.912880480946054562e-01 3.545014701481060682e-01 2.813116400046601351e-01 2.251746244077552916e-01 1.710934303443930604e-01 1.398392831308214179e-01 1.231865605538377401e-01 1.714232700403044846e-02 -1.262093527739296950e-02 9.175298720471788960e-02
-7.000000000000000000e+00 4.822045844631281941e-01 4.940991973691176153e-01 5.289138848296799367e-01 4.876311523685953886e-01 5.153147453800070998e-01 4.826573714819327732e-01 4.526631444608024690e-01 3.817378583172603701e-01 3.191323931084524279e-01 2.316783440997193244e-01 1.431320152046950400e-01 8.616264230384521050e-02 2.468428872692158826e-01
-6.000000000000000000e+00 6.443628752136791871e-01 6.488033334332297120e-01 6.724569798180395352e-01 6.311729497380214049e-01 6.699656950923787990e-01 6.608646733448741983e-01 5.945025271779484921e-01 5.473309583763134034e-01 5.245847670623196013e-01 4.397537303658552998e-01 3.830354360518195556e-01 3.154746344690764759e-01 3.822228888049095108e-01
-5.000000000000000000e+00 6.863300442530873013e-01 6.613538265468642541e-01 6.837977450440451133e-01 6.455654720314513151e-01 6.725345231861543649e-01 6.912378744145606380e-01 6.274126997239806158e-01 5.729363446329638343e-01 5.633486646713030677e-01 4.618494772735123877e-01 4.432493540118063180e-01 3.855032130903340848e-01 4.854751632750239909e-01
-4.000000000000000000e+00 6.505231850303075936e-01 6.045431058707102512e-01 6.316857849138555192e-01 6.062704149064185311e-01 6.200773941704003089e-01 6.599179692106597050e-01 5.841333332138728407e-01 5.357671479524239722e-01 5.213499356981813326e-01 4.347834646205807618e-01 3.968475118269548796e-01 3.786062202021197587e-01 4.524765589432231949e-01
-3.000000000000000000e+00 7.348374003879338812e-01 6.922671287419290831e-01 7.010029921469488334e-01 6.863410476355219503e-01 6.880348529843820504e-01 6.811983482558934266e-01 6.298926536925341102e-01 6.153322884543004356e-01 6.171587804349527584e-01 5.583234139947503838e-01 5.370292819263537965e-01 5.303627933345292922e-01 5.598826064216035903e-01
-2.000000000000000000e+00 8.435394556317310499e-01 8.279223967059581302e-01 8.326759840289633674e-01 8.260070742564828983e-01 8.266580147344604335e-01 7.873302481830500854e-01 7.319153044420524390e-01 7.569407134363388412e-01 7.417590012312373915e-01 6.867144214906972799e-01 6.675654732318884177e-01 6.259341667338879089e-01 7.495333651259225016e-01
-1.000000000000000000e+00 9.297496226974426570e-01 9.291719002008570483e-01 9.310566796406789525e-01 9.276875778383448790e-01 9.241397589597648565e-01 9.150652880883856088e-01 8.720185997343898876e-01 8.914689086389530059e-01 8.794789007419925309e-01 8.352253523815293956e-01 8.026989716034649280e-01 7.851482005182197632e-01 8.535058362556198208e-01
0.000000000000000000e+00 9.725730197727826543e-01 9.813820153390175882e-01 9.816517584740824809e-01 9.817296818929253099e-01 9.815779104648804099e-01 9.783773455027348076e-01 9.855944319487347505e-01 9.999999999999997780e-01 9.811458825551284679e-01 9.542174557369488275e-01 9.291073495399042592e-01 9.160756724922435312e-01 8.491509601730549139e-01
1.000000000000000000e+00 8.316699146213458738e-01 8.479154982189363032e-01 8.692362641833565329e-01 8.362531300296476289e-01 8.707916779188451528e-01 8.950012664678448360e-01 9.248568504551508695e-01 8.914689086389530059e-01 9.144998180438612678e-01 8.903600455626643484e-01 8.719608452406131249e-01 8.836470504090983002e-01 6.292135257422826200e-01
2.000000000000000000e+00 7.170102305754378902e-01 7.312684397663232749e-01 7.538196212873369273e-01 6.834483670798416899e-01 7.501545711576942388e-01 7.498432077917174254e-01 7.915593231788504713e-01 7.569407134363388412e-01 8.282712839248733694e-01 8.478585419851932814e-01 8.380758465066927565e-01 8.761086697388533739e-01 4.387719489571192399e-01
3.000000000000000000e+00 5.708058431424212209e-01 5.852890506125513204e-01 6.157654004734576247e-01 5.438679256746656865e-01 5.947575930992667903e-01 5.730657462106016897e-01 6.388309023002592957e-01 6.153322884543004356e-01 6.727330753570388566e-01 7.098489122956606057e-01 6.743790157616020853e-01 7.413943828441622586e-01 3.553297136315360372e-01
4.000000000000000000e+00 4.759384734415816331e-01 5.387448890510651012e-01 5.315533385206430150e-01 4.871663281273407309e-01 5.147037486784977744e-01 4.706785567922178171e-01 5.376932470265312070e-01 5.357671479524239722e-01 5.583996114623618334e-01 5.974020796543937362e-01 5.035350678870889052e-01 5.957811031833504245e-01 3.225911631733004437e-01
5.000000000000000000e+00 5.464446758890872946e-01 5.943555138783396252e-01 5.868847612999983365e-01 5.423589477977723838e-01 5.534437909219402929e-01 5.394268590919353290e-01 5.596725166536988816e-01 5.729363446329638343e-01 5.870287177906299281e-01 5.893048261342239691e-01 5.718821475303588198e-01 6.015598093392076073e-01 4.866604753245457049e-01
6.000000000000000000e+00 5.209936549285747454e-01 5.615477866334119827e-01 5.568676880231041570e-01 5.375379945370382107e-01 5.288927365666657998e-01 5.396597319132476755e-01 5.379306357434536778e-01 5.473309583763134034e-01 5.226004780450117515e-01 4.717726011838739852e-01 4.975166463407423301e-01 5.008642906067115597e-01 5.576590131700245312e-01
7.000000000000000000e+00 4.009741411898997687e-01 4.126841821366029617e-01 3.984085770791065961e-01 4.156981820688431251e-01 3.995813520636296023e-01 4.439745513707601399e-01 3.631031788355095768e-01 3.817378583172603701e-01 3.976289310041424274e-01 3.405994875463548843e-01 3.311562095785610671e-01 3.950553589310222824e-01 4.528801169371327040e-01
8.000000000000000000e+00 2.379937830770026963e-01 1.952539549162798371e-01 2.216923189743616462e-01 2.097737572923049632e-01 2.156280026483021195e-01 2.100349237119080725e-01 1.754083279370007298e-01 1.710934303443930604e-01 1.815275167336413698e-01 1.315785747544778173e-01 1.197126909083621876e-01 1.975481685654384700e-01 2.607083214740465449e-01
9.000000000000000000e+00 4.365968784009283121e-02 -1.612964069866538314e-02 9.016221464178131306e-02 3.327631853290114600e-02 4.581820692091731484e-02 -1.019456948893721765e-02 -5.902072490734551480e-03 -2.767915448688737512e-02 -1.676813127570767753e-02 -6.078010339703199261e-02 -6.507086160128275343e-02 -4.369850204983210390e-02 -3.158964099253162156e-02
1.000000000000000000e+01 1.664370080392462911e-02 1.325975640447938850e-02 3.711103442130248009e-02 -6.763480268436946816e-03 -1.025621438050550692e-02 -6.796595095963710309e-02 -2.185635479439312565e-02 -4.673914380806622193e-02 1.045822670969174563e-02 4.642854608621095613e-02 4.938275576514526005e-02 2.629889096868177900e-02 -8.355077032381141855e-02
1.100000000000000000e+01 1.217525954268235955e-01 1.292059874630347438e-01 9.658911185019430912e-02 1.070094234202950134e-01 2.123384652080692603e-02 6.134536904855304729e-02 4.784712050181384735e-02 1.024580487614794588e-01 1.021127602723194139e-01 1.703787135060277347e-01 1.747353605005251276e-01 7.759346091825432279e-02 1.976466880370074120e-01
1.200000000000000000e+01 1.969715961260282699e-01 1.917004520232717946e-01 1.230778899242706420e-01 2.147683879230271320e-01 9.587855502828150633e-02 2.020823697538338681e-01 1.746866752295519465e-01 2.021089982788178419e-01 1.571442390220814389e-01 1.618346275044173499e-01 1.700342296582046109e-01 8.996715545136652059e-02 2.708949195291823764e-01
1.300000000000000000e+01 2.530633344808604912e-01 1.924625911331295236e-01 1.648084972703787177e-01 2.793317743896359673e-01 2.348790425566227857e-01 2.631486200835433387e-01 2.148507173545498028e-01 2.385908855457034572e-01 1.525538671545984548e-01 1.110090450784369243e-01 1.393251884034437671e-01 6.212615784047493400e-02 2.212815925228883707e-01
1.400000000000000000e+01 2.660522715247094494e-01 1.917976295685127619e-01 1.941798034258424566e-01 2.836218092420128567e-01 2.944143594349706294e-01 2.459230765310929101e-01 2.371314002790811115e-01 2.152021120452461411e-01 1.109206080695397667e-01 -1.288338661611738295e-02 -7.314375103302343806e-03 -5.456892191382896329e-02 2.989920264288489227e-01
1.500000000000000000e+01 4.436217017334916912e-01 4.023733211210741567e-01 4.341473970309013275e-01 4.675878221380836974e-01 5.771627381683726021e-01 4.661612185526846641e-01 4.923117029828664171e-01 4.129158382542346128e-01 3.376490383977577281e-01 2.724523251125550716e-01 2.558301012530895813e-01 2.286562136978770032e-01 3.998553043316158684e-01
