# # time shift (tau) HDelta HGamma HeII4685 HBeta HeI5875 HAlpha HeI5015 OI8446 HeI4471 HeI7065 OIII5007
-1.000000000000000000e+01 7.904442799051976387e-02 -6.167846928348583863e-02 -1.665363380401611165e-02 1.670229415276121565e-01 -3.071740096770766426e-01 -1.043790545017195814e-01 2.750270621454112274e-02 1.652697374561648280e-01 3.146106545889096329e-01 1.396154257482610794e-01 -6.539836853860804544e-02
-9.000000000000000000e+00 -1.024355983570725132e-01 -1.158100910910891679e-01 -1.461111018280735752e-01 3.345145326371080918e-02 -2.425995805001073535e-01 -1.126275475136662430e-01 -1.116201265517818425e-01 2.252200225894331331e-01 1.794537239394498607e-01 5.550909161341226888e-02 -2.117209544407891997e-01
-8.000000000000000000e+00 -2.221477223292475656e-01 -1.945774055495850252e-01 -7.931169097066639861e-02 -5.058529421505153501e-02 -2.816178107126265928e-01 -1.708287993891434153e-01 -1.886034232792644372e-01 7.462243129308131218e-02 -6.118571755640224430e-02 -7.349021820753559586e-02 -3.385188651645210101e-01
-7.000000000000000000e+00 -1.542534158040848313e-01 -1.520795595330430849e-01 1.188283681190827057e-01 -1.591066165700337209e-01 -3.947458578709845956e-01 -2.566592215965954882e-01 -2.813401936072458254e-01 -2.148173074482974676e-01 -2.194402830038275631e-01 -1.030715030136492572e-01 -4.590448177327355328e-01
-6.000000000000000000e+00 -7.873355126761993894e-02 7.170088216131184633e-02 3.067544041307161407e-01 -3.169194859712815004e-02 -2.884823008033737812e-01 -1.448180056917984793e-01 -3.805888810409783218e-01 -1.796724066945826759e-01 -2.410239422922608454e-01 7.828183107848829536e-03 -5.276797404091868593e-01
-5.000000000000000000e+00 5.280623977488192733e-03 2.201587660494821463e-01 3.919567706056008571e-01 1.934694567462420522e-01 -2.063260744462999119e-01 -5.521646964177728822e-02 -3.402740928266477782e-01 -1.711713337462540396e-01 -1.035809888124941958e-01 8.538568330376386517e-02 -4.502748285684135543e-01
-4.000000000000000000e+00 1.015030389991963128e-02 2.296660467287038876e-01 3.326194635705717051e-01 2.373318334599719415e-01 -2.528535516320110643e-01 -8.880469059283585542e-02 -3.718140433577605819e-01 -2.321685513534326173e-01 -2.034204371160845681e-02 1.606502040188557134e-01 -4.718672312383351830e-01
-3.000000000000000000e+00 4.040575018882835295e-02 2.634310643043862310e-01 3.401261413247613774e-01 2.551353418948003604e-01 6.348996862477269965e-02 3.735381911260481080e-02 -5.079692235167039271e-01 -1.429739676731754117e-01 -5.142607709684823142e-02 1.221489515581660884e-01 -5.927850305020150312e-01
-2.000000000000000000e+00 3.039090460616181710e-01 3.728306472572200936e-01 4.689778326709280742e-01 3.665498196314555535e-01 3.441643977035370172e-01 2.143823564701690110e-01 -4.388001611561537785e-01 -8.566291280160766297e-02 -1.030171515412985350e-01 7.582838088706346513e-02 -6.217306778925508759e-01
-1.000000000000000000e+00 5.731251624252904353e-01 5.847263770170543218e-01 6.803682568028188715e-01 5.239373876568758082e-01 4.065357558570167340e-01 4.062854240111831716e-01 -1.996313896119349951e-01 8.449144201348986194e-02 -3.798375630750766563e-02 9.067906948151625846e-02 -5.041204083062513774e-01
0.000000000000000000e+00 7.760075962184341813e-01 7.723508548304466315e-01 8.517971635816055098e-01 6.951625077980000400e-01 4.809162086386440937e-01 6.541766076158658239e-01 6.917498962272104757e-02 3.286589290924351037e-01 2.294592110487696512e-01 2.420198736653428606e-01 -2.867429709897209023e-01
1.000000000000000000e+00 8.618941064633234284e-01 8.185015655817060587e-01 7.581198539541789128e-01 7.948168439661129625e-01 4.287859995202235042e-01 7.270348335760380420e-01 2.239775525753277818e-01 3.761163540938907701e-01 3.710809844459532769e-01 5.263304325349211776e-01 -1.470397828247227423e-01
2.000000000000000000e+00 7.252718241266056243e-01 8.034922783209665909e-01 5.959324325346322393e-01 9.009451136259081228e-01 4.258638264582710331e-01 7.634781242199911722e-01 3.039283553397023607e-01 5.516389953414522207e-01 5.797257102571058418e-01 6.577494540456765293e-01 -3.578141858480648335e-02
3.000000000000000000e+00 5.328534121630508213e-01 5.783963705812800171e-01 2.151295501354151263e-01 8.275802114730712589e-01 5.488710769727387362e-01 7.208269708167125422e-01 2.428397610454433031e-01 6.208105749360695036e-01 4.399199612023095840e-01 5.144129515371416161e-01 -4.186768633255730232e-02
4.000000000000000000e+00 4.717847722528882848e-01 3.532748851305201887e-01 1.673131228251049651e-01 6.121915467412361034e-01 4.955605498593514957e-01 5.769387212980505719e-01 2.015824864599986554e-01 5.082227900172060497e-01 2.153067912017459506e-01 2.774397128683369629e-01 -7.572928340447598883e-02
5.000000000000000000e+00 4.360092266656637183e-01 3.700818371091113557e-01 3.673705380021559108e-01 6.206893042617285250e-01 3.180432384230424958e-01 5.983849430590610918e-01 2.395887576502294947e-01 4.651010870198654112e-01 2.230309361728930462e-01 1.705623035920878980e-02 -2.339398564026488880e-02
6.000000000000000000e+00 5.638157692933790655e-01 4.576809803641466168e-01 5.382666227411935234e-01 4.992328683518836852e-01 1.159606277635309157e-01 4.387823812604493834e-01 1.571653336601848139e-01 2.936133485798839704e-01 1.993796392695158515e-01 -1.201464330789039636e-01 -5.543906332295649164e-02
7.000000000000000000e+00 5.317612400659605942e-01 5.959469297828456913e-01 4.981498629007310996e-01 3.608828872857364201e-01 5.103285818747930330e-02 2.948270960918494277e-01 9.634611211701382683e-02 4.052141380556827932e-01 3.754696206996119834e-01 -1.849285567375748562e-01 -8.347404529446038335e-02
8.000000000000000000e+00 3.528147946077142549e-01 4.998502086305887659e-01 3.495734483762797939e-01 3.383167370927223638e-01 -5.139229883692930656e-02 6.737247507970517413e-02 6.952134477193042117e-02 3.144477721704700968e-01 6.636509319294920939e-01 -1.135469053401284290e-01 2.377249462670284752e-02
9.000000000000000000e+00 6.480217869534815600e-02 -5.254199095974957517e-02 -1.499068209495102999e-01 1.150381014673393237e-01 -7.982036684922927394e-02 -2.005339523714766425e-01 -2.453686523465218872e-01 -1.368556368987213778e-01 5.614645325159789424e-01 -1.704607033260340798e-01 -2.873784192618843436e-01
1.000000000000000000e+01 -1.972477496318494894e-01 -3.036077142064451673e-01 -3.724436039198099069e-01 -6.124857696558037856e-02 4.087775381604139002e-03 -1.593299857784558765e-02 -1.458890913003606515e-01 -1.229160812627295707e-01 1.618837079327842821e-01 6.634718777524928335e-02 -2.159029517079215088e-01
1.100000000000000000e+01 -2.018148408514803815e-01 -2.431619508072790092e-01 -2.580634570678634332e-01 -1.274409832857098801e-01 3.639708056045644347e-02 1.831112502963959943e-01 1.989559666889265804e-02 1.358189471853438191e-02 -5.555070189780637602e-01 1.269032389912057579e-01 -3.410200542968228055e-01
1.200000000000000000e+01 -1.169317335728815438e-01 -6.806041367269359543e-03 1.762410305949222988e-01 -2.481253454904585598e-01 -1.725578054975615561e-01 7.901565367226591474e-02 -1.252972446931839567e-02 -1.588350584773243201e-01 -7.654943287477925518e-01 5.095473879022845848e-02 -5.224057773604546817e-01
1.300000000000000000e+01 -6.874520809811451860e-02 2.586253793901696629e-01 4.011595959011243773e-01 -8.407076083698325486e-02 4.238084032917131816e-02 -4.171899066164706793e-02 -2.205044339412291499e-01 -1.064303770787383835e-01 -4.639773993923047568e-01 1.961777940169473489e-01 -3.959274150242060308e-01
1.400000000000000000e+01 6.356703697778760820e-02 1.242104662173238727e-01 4.288753200684741751e-01 9.852288364411294908e-02 2.434217339573667149e-01 -2.154716041182119513e-01 -2.604894601897599915e-01 -1.796290826662870210e-01 -2.789380189862294274e-02 -1.272278776348532425e-01 6.057390086687665376e-02
1.500000000000000000e+01 3.100164872084260059e-01 1.828038599243166917e-01 5.598242038949509114e-01 3.014749130756479989e-01 2.554712563452893326e-01 1.315552665645446095e-03 -3.221090770253884905e-01 -6.369079658088050433e-02 4.689260962342673977e-01 3.379800646520546015e-01 6.945916460420588356e-02
