# # time shift (tau) UVW2 Cont1150_not_optical_calibrated LyAlpha_not_optical_calibrated HBeta_not_optical_calibrated OI8446_not_optical_calibrated Cont1460_not_optical_calibrated
-1.000000000000000000e+01 6.830160781214281163e-02 1.783403158430310609e-01 -2.427084465026717319e-01 1.664836963560766686e-02 5.570115888529275638e-02 1.367680016486860772e-01
-9.599999999999999645e+00 1.097827798864280668e-01 1.734514654478598317e-01 -2.319328740360908636e-01 -5.265977418038737118e-04 7.137587057927981260e-02 1.276660479799114345e-01
-9.199999999999999289e+00 1.487782530942829418e-01 1.703480952673988025e-01 -3.083209223434556501e-01 1.689183897583339256e-01 1.158922993402071722e-01 1.063834374180609582e-01
-8.799999999999998934e+00 1.257641800799283449e-01 1.313083029565868809e-01 -3.136070716260186408e-01 2.553361029137054539e-01 9.062330275252135359e-02 6.348670115643645362e-02
-8.399999999999998579e+00 1.420853892052227063e-01 3.019015111960879905e-01 -1.825240297058197680e-01 5.268269206059476850e-02 -2.238042640934929245e-03 2.523915707784905038e-01
-7.999999999999998224e+00 2.206534780307120580e-01 3.678106959986329194e-01 -1.091351332551186298e-01 -2.249385206431589179e-01 -2.151062178051041385e-01 3.091580328366733132e-01
-7.599999999999997868e+00 4.302518957555949153e-01 3.705576530096633681e-01 -8.791321855404628238e-02 -3.801416480796274699e-01 -3.976045864452619760e-01 3.323461970705006152e-01
-7.199999999999997513e+00 4.725855533090698168e-01 3.137628404295055295e-01 -8.318146023675360157e-02 -3.028336047362270578e-01 -3.643740592017166158e-01 2.747634368576677977e-01
-6.799999999999997158e+00 5.708242031746948442e-01 2.159310445700455272e-01 -2.508283316253471368e-02 -1.131854930331126774e-01 -2.687976084930432386e-01 1.804263067354783812e-01
-6.399999999999996803e+00 4.671736837830210987e-01 2.683132091122510388e-01 5.821090055418914888e-02 -8.960425893638157557e-02 -4.002629014555924014e-01 2.280123768747407964e-01
-5.999999999999996447e+00 5.480321617003802714e-01 2.827408385793271361e-01 9.552493910858793347e-02 -1.066675082020245857e-01 -4.028198957108388711e-01 2.478609483434732752e-01
-5.599999999999996092e+00 5.233624422599780779e-01 3.559537110714887653e-01 1.345833202235702797e-01 -1.146666513635657414e-01 -4.354666908603907483e-01 3.128101953549922154e-01
-5.199999999999995737e+00 4.412233517059266363e-01 3.893967824354714891e-01 1.651891871134165690e-01 -1.256852710313591248e-01 -3.961589910496519096e-01 3.334897742550571031e-01
-4.799999999999995381e+00 4.859005564758124285e-01 3.749965596236335963e-01 1.678464356811403269e-01 -1.127753129339525151e-01 -2.695719815814989206e-01 3.196658594347870364e-01
-4.399999999999995026e+00 4.145243219879416463e-01 3.271592025225564804e-01 2.155213819832787481e-01 -1.673096400027751784e-01 -3.201143815869694764e-01 2.978911170364912375e-01
-3.999999999999994671e+00 4.063062440036412926e-01 2.265899196165739038e-01 2.805360729624161720e-01 -1.627882282092344424e-01 -2.046349500213994199e-01 2.308087636416030763e-01
-3.599999999999994316e+00 3.510717391096837003e-01 2.443623555910040546e-01 3.775759965106048055e-01 5.151329327717846240e-02 -1.666983347452327124e-01 2.507978503834312201e-01
-3.199999999999993960e+00 3.659368113451093585e-01 2.420480147946255656e-01 3.592933020751493123e-01 1.896065593670397953e-01 -1.107758442877273264e-01 2.266434134115065391e-01
-2.799999999999993605e+00 3.436315657344307106e-01 2.770341973293509730e-01 4.065822002252663658e-01 3.604977109324242202e-01 1.268125148173510422e-02 2.659676327348580727e-01
-2.399999999999993250e+00 3.296541361737842513e-01 1.685755386140339041e-01 4.862496949905955601e-01 3.778023263381041219e-01 1.291418786467651847e-01 1.803823443604881671e-01
-1.999999999999992895e+00 2.691420162053758669e-01 7.107268619136139498e-02 4.956673929015397162e-01 3.424914148077325970e-01 2.157457600051268798e-01 1.168346752829451940e-01
-1.599999999999992539e+00 1.381824463654688362e-01 5.134999953938135936e-02 5.190699125959281623e-01 3.529099700972382347e-01 3.317375136776794520e-01 1.210607576380504091e-01
-1.199999999999992184e+00 2.942574772037304109e-02 -7.096936872161929699e-02 4.212116118073967463e-01 2.361973706650788429e-01 2.890460635128346278e-01 4.173865974413590307e-03
-7.999999999999918288e-01 -5.828675152673386262e-03 -1.145050761819542268e-01 3.442467708513338720e-01 2.378285322765278376e-01 2.829237028792881969e-01 -3.941277769612180210e-02
-3.999999999999914735e-01 -1.324211246349797366e-01 -2.291093260562674094e-01 2.087027146188043525e-01 2.690758169211894257e-01 2.220708404060608432e-01 -1.632089733320448988e-01
8.881784197001252323e-15 -1.781788886324511545e-01 -2.254044674684242688e-01 1.141635959012922696e-01 3.109255278730924665e-01 1.479201134855209765e-01 -1.797887392970513587e-01
4.000000000000092371e-01 -2.524518993505614484e-01 -3.932985879326061918e-01 4.075017051369223681e-02 1.920521905507184823e-01 2.293596929557207842e-01 -3.560717062668817823e-01
8.000000000000095923e-01 -3.452330712211331143e-01 -4.615336741300009038e-01 -7.071457915638915126e-02 9.241662874231414138e-03 2.448599267041933203e-01 -4.437694828492553256e-01
1.200000000000009948e+00 -4.354074358188109173e-01 -5.000520745507313070e-01 -2.254443395478295808e-01 -1.636852170587332900e-01 1.978410637241291292e-01 -4.968064980951447107e-01
1.600000000000010303e+00 -5.512635031173080957e-01 -5.494585367513949992e-01 -3.683515103910924848e-01 -3.059298450547833781e-01 6.938344245430662360e-02 -5.465236896309935144e-01
2.000000000000010658e+00 -5.256660255925500458e-01 -5.200666415382413366e-01 -4.518312839168618367e-01 -4.150803485543095306e-01 -8.926112525188734104e-02 -5.196247853436625208e-01
2.400000000000011013e+00 -6.090379871126591071e-01 -4.905832709735599706e-01 -5.476593972521159870e-01 -4.082100411604026036e-01 -1.178504996206041766e-01 -5.028134294079833477e-01
2.800000000000011369e+00 -5.620708487431855804e-01 -3.557460448328718661e-01 -5.440496298334056569e-01 -3.229462735890403779e-01 -1.140055555587015101e-01 -3.866809104245934603e-01
3.200000000000011724e+00 -4.578630668771441758e-01 -3.148680497586735516e-01 -6.365996761078073218e-01 -3.608359391994583332e-01 -1.248860681787630350e-01 -3.842236163043077912e-01
3.600000000000012079e+00 -3.311107873657690437e-01 -2.073481753275912831e-01 -6.157054961794570236e-01 -3.107289456680406570e-01 -9.622918271981975580e-02 -3.197270653127932127e-01
4.000000000000012434e+00 -2.746621378851564765e-01 -9.145304858113839641e-02 -5.161034188173692083e-01 -2.253783208033999785e-01 -3.803331703804341268e-02 -2.137207374838492047e-01
4.400000000000012790e+00 -2.245949648351982242e-01 -1.840161990634848199e-01 -4.751633226337778071e-01 -3.343037297534047214e-01 -7.773896288095871743e-02 -2.642866213807069098e-01
4.800000000000013145e+00 -3.048548117139692759e-01 -2.013541407085402968e-01 -3.125569838977769743e-01 -3.403054807459429676e-01 -7.953629597587272282e-02 -2.223934459717286649e-01
5.200000000000013500e+00 -3.760206371029767292e-01 -2.459405226041955494e-01 -4.217126467047227489e-01 -3.867697262863243335e-01 -8.013749247700042988e-02 -2.641248104354355086e-01
5.600000000000013856e+00 -4.176833351416992524e-01 -2.563911876645360022e-01 -4.970833426902220298e-01 -3.395912054273303449e-01 -9.203958094487744990e-02 -2.860373218276218710e-01
6.000000000000014211e+00 -4.198692212224593989e-01 -1.942875875866154067e-01 -4.671718713980967941e-01 -2.418447846439554239e-01 -8.597061786842119524e-02 -2.313785675385140461e-01
6.400000000000012790e+00 -2.884080923814013042e-01 -2.148517781184958730e-01 -4.944708496028332734e-01 -2.973969141692295315e-01 -2.179075142446602609e-01 -2.623830549842249837e-01
6.800000000000014921e+00 -2.539250421810745895e-01 -1.491109985770669999e-01 -3.969002515916771889e-01 -2.615820682371733930e-01 -2.616724052019447910e-01 -2.006702877312133981e-01
7.200000000000017053e+00 -1.575571283035853143e-01 -2.072490117754120786e-01 -3.489668735592804105e-01 -3.041431006359867073e-01 -2.070642871100911719e-01 -2.446382371286776602e-01
7.600000000000015632e+00 -1.880079036062950182e-01 -2.960599272897650458e-01 -2.743945448530175080e-01 -3.598959578324213426e-01 -4.246971351810763934e-02 -3.059713209796608435e-01
8.000000000000014211e+00 -2.409710427163427593e-01 -2.457388530084318179e-01 -1.702201894665303084e-01 -3.218500800628606440e-01 6.080603144654748299e-02 -2.269945271261120390e-01
8.400000000000016342e+00 -2.758945991618534377e-01 -2.315315185192846070e-01 -1.896177631850995138e-01 -4.131987181707286183e-01 -2.560908911174233915e-01 -1.875524879814746415e-01
8.800000000000018474e+00 -2.193443173458783924e-01 -1.067056355815281660e-01 -1.090849212569015153e-01 -3.583041541461957635e-01 -4.269053916558415152e-01 -4.397617737769005802e-02
9.200000000000017053e+00 -1.231252340143242224e-01 -1.125627793821599720e-01 -1.587135886202160895e-01 -3.884006182944560459e-01 -5.504897474839298699e-01 -5.860261368630972911e-02
9.600000000000015632e+00 1.653626486472770107e-02 -9.686700939181608350e-02 -1.755379798521494727e-01 -3.253065373643143632e-01 -5.273327598806054617e-01 -6.744679100713886488e-02
1.000000000000001776e+01 7.783215971837756375e-02 2.665928386703092512e-02 -3.710941343762692857e-02 -2.698235501352470034e-01 -4.944627006451208784e-01 4.440376279770857915e-02
1.040000000000001990e+01 2.452931994334173194e-01 1.196722847529488182e-01 3.405860015633267041e-02 -3.807483509245188080e-01 -5.006527980338806305e-01 1.066087219808937586e-01
1.080000000000001847e+01 2.920487124444023364e-01 1.989911166337114401e-01 1.375907054875869784e-01 -3.358238969245596062e-01 -3.238495373189814730e-01 1.774775175402560912e-01
1.120000000000001705e+01 2.491054572748689910e-01 2.306351437278838512e-01 1.553094822892911453e-01 -2.885649206527219346e-01 -2.968780136761807187e-01 2.110757212382372294e-01
1.160000000000001918e+01 2.852697453607229150e-01 1.962194259921255513e-01 1.194023974870564164e-01 -1.744817682666968683e-01 -1.608762749606360010e-01 1.916495810063498784e-01
1.200000000000002132e+01 2.715748871919961838e-01 2.149295161153020883e-01 1.605745815486428196e-01 -1.757173883183426460e-02 -2.150889845273011303e-01 1.932705953896907136e-01
1.240000000000001990e+01 3.385578123960957253e-01 1.008165008208747049e-01 2.192711114986794496e-01 1.875727687200243188e-01 -2.392379214556405453e-01 5.717680998095336919e-02
1.280000000000001847e+01 3.589466141483684813e-01 1.151631593201361270e-01 3.776918476699382410e-01 4.280178477849511109e-01 -1.151672865644431665e-01 7.534077160830797426e-02
1.320000000000002061e+01 4.214845330777575727e-01 1.974090897377575593e-01 3.773232962183253325e-01 5.120707264405353065e-01 1.368916007919187064e-02 1.369340131981911235e-01
1.360000000000002274e+01 3.616194210509293683e-01 2.407915934765880728e-01 2.688955348347501495e-01 4.602979111418268321e-01 1.595344684814651859e-01 1.801276737848257481e-01
1.400000000000002132e+01 3.206570479313372024e-01 4.191993338195063590e-01 2.920080861845203435e-01 5.568730791894613841e-01 3.624331073511758428e-01 3.513333424481912548e-01
1.440000000000001990e+01 1.530868227441139484e-01 5.081951149254417821e-01 2.485111280904763187e-01 5.786518694633244753e-01 5.229550775237301607e-01 4.028469935236287380e-01
1.480000000000002203e+01 1.587223351614049371e-01 4.292426027139376044e-01 1.457788500832650491e-01 4.130412641582315025e-01 4.427766618230717377e-01 3.445247273915857389e-01
1.520000000000002416e+01 2.878143969045195982e-01 3.979367042197088367e-01 1.966620463705918698e-01 2.859342071211516401e-01 3.524457478965004054e-01 4.191319492289560245e-01
