# # time shift (tau) Cont4010 Cont4200 Cont4440 Cont4765 Cont5100 Cont5600 Cont6045 Cont6110 Cont6880 Cont7390 Cont8015 Cont8900
-1.000000000000000000e+01 -3.617233586110477073e-02 7.993829482981423817e-02 1.294412879798878535e-01 1.131512293065769226e-01 2.050665402935124559e-01 1.424742081065671628e-01 2.272361076626416287e-01 2.686137548624308730e-02 3.466861759279595001e-02 -5.081863292252360859e-02 -3.082025575324918998e-02 -6.382099635065921484e-02
-9.000000000000000000e+00 1.454115347692915006e-03 9.627434581540350589e-02 1.065072932906376002e-01 8.021863709355832317e-02 1.600482357614597118e-01 1.026659051140676737e-01 6.933440180303304667e-02 -6.219325282320738862e-02 8.583991706753738016e-03 1.646896036969769384e-04 -3.108790219357420587e-02 -2.027715436648839381e-02
-8.000000000000000000e+00 2.911259469158630764e-01 2.987376290812657764e-01 3.203513742170228107e-01 2.767400814017586530e-01 3.058028714987971464e-01 2.473085461351264835e-01 1.833721579438132854e-01 1.534030889735041592e-01 1.353183134124482101e-01 1.252261805754801838e-01 5.927288896693076042e-02 3.057209262518062465e-02
-7.000000000000000000e+00 4.387232545926523786e-01 4.488167938536204993e-01 4.805396735927754404e-01 4.581432733166700411e-01 4.597259640020798788e-01 4.145164037951042380e-01 4.185330505444287974e-01 3.643702833952990328e-01 2.647437709767460623e-01 1.612555468092422561e-01 1.180508442544085795e-01 1.760354657419447785e-02
-6.000000000000000000e+00 5.971514676947016209e-01 5.947720160518922272e-01 6.053798891485207001e-01 5.600429219237005318e-01 6.052308637698278204e-01 6.272363303889390007e-01 5.380047087305557252e-01 4.851566071701353677e-01 4.595646371675952691e-01 3.611225150323319477e-01 3.346552621654065307e-01 2.381786439830688995e-01
-5.000000000000000000e+00 7.480141194803611171e-01 7.058477168016641379e-01 6.953852210159521263e-01 6.419649862478307156e-01 6.855914076753463204e-01 7.097341906835876735e-01 6.317051404125408887e-01 5.908112188814076404e-01 5.909042488557648687e-01 4.862264155256203479e-01 5.316727827070102386e-01 4.137315330843527317e-01
-4.000000000000000000e+00 7.095716855992317829e-01 6.587047651710907781e-01 6.705804224947089498e-01 6.615645811909290908e-01 6.740758687997063792e-01 6.918678630671778462e-01 6.156423952402468869e-01 5.951375003815637665e-01 5.557255332568266093e-01 4.508192430436664955e-01 4.338304602821206335e-01 3.677795139650350542e-01
-3.000000000000000000e+00 8.220781377045147664e-01 7.784099244466564649e-01 7.824755529444075153e-01 7.753978868282425108e-01 7.883997722319082690e-01 7.643549996538243629e-01 7.111252314127090024e-01 7.220059025134100139e-01 7.064865601062708667e-01 6.398137190090442683e-01 5.890880839390501000e-01 5.953486078396861281e-01
-2.000000000000000000e+00 9.004462965605575242e-01 8.774545092339023356e-01 9.024362986941454334e-01 8.676403363920273115e-01 8.921124000002172982e-01 8.387033815818443205e-01 8.244913717907232931e-01 8.547914204003497218e-01 8.199093296721372548e-01 7.526027336553127167e-01 7.553373499963954574e-01 6.993741797571726426e-01
-1.000000000000000000e+00 8.740857418809369062e-01 8.982411477150248347e-01 9.219605159599802979e-01 8.802560990519000539e-01 9.069341013997016532e-01 9.055181571198708257e-01 8.996828742300091442e-01 8.943962934195892611e-01 8.999997148525494817e-01 8.544171532703025429e-01 8.356423020129606360e-01 8.260454605183704668e-01
0.000000000000000000e+00 9.197362940664419728e-01 9.418418033587859783e-01 9.301585746371711094e-01 9.161940056446147285e-01 9.253389197104581188e-01 9.274758046058486638e-01 9.412437475510168072e-01 9.528777624608193442e-01 9.851032428492971782e-01 1.000000000000000000e+00 9.780692556934570403e-01 9.867159135172322015e-01
1.000000000000000000e+00 7.521500036824199098e-01 7.796065993287348839e-01 7.888729381231263105e-01 7.580270179530870234e-01 7.833801370137325470e-01 8.036459579206014503e-01 8.580589150404048793e-01 8.270492035541219256e-01 8.475737989433895780e-01 8.544171532703025429e-01 8.263561179003203749e-01 8.505306828512335660e-01
2.000000000000000000e+00 6.117828494467643097e-01 6.545052730431295540e-01 6.596580458581031703e-01 6.256170512571381792e-01 6.625739959356378161e-01 6.563957619423490542e-01 7.260611091952016150e-01 6.873900970448948433e-01 7.359054997179256263e-01 7.526027336553127167e-01 7.236988798873651429e-01 7.846189005558917851e-01
3.000000000000000000e+00 4.989432446668707888e-01 5.491309426018144979e-01 5.707366678520697789e-01 5.061256465237007340e-01 5.501558216612978391e-01 5.069992298420012977e-01 5.923656307885217798e-01 5.640679117266528264e-01 6.134387927806784768e-01 6.398137190090442683e-01 6.185384278214280940e-01 6.742312958687289859e-01
4.000000000000000000e+00 3.632130499813678304e-01 4.635807191194091237e-01 4.620878359438264638e-01 4.121531194207622706e-01 4.291070586199288162e-01 3.821283616063824162e-01 4.426171277310111396e-01 4.334390032775461976e-01 4.498076660762641010e-01 4.508192430436664955e-01 3.750383306478309309e-01 4.480940846851771409e-01
5.000000000000000000e+00 4.434717824186066304e-01 4.976781689812874721e-01 4.964472502753498606e-01 4.725552574615760060e-01 4.637434464890425323e-01 4.842099804811702546e-01 4.591858731297139284e-01 4.577267710626859443e-01 4.797102302910076776e-01 4.862264155256203479e-01 4.354201166850849569e-01 5.195064290583787381e-01
6.000000000000000000e+00 4.169533067654344616e-01 4.457590766153469164e-01 4.548043876936598839e-01 4.620403760406681659e-01 4.358837115320569611e-01 4.370020256960875371e-01 4.212287530035971894e-01 4.247123838167575771e-01 3.970918017822291923e-01 3.611225150323319477e-01 3.462382767119097093e-01 3.941237778161099659e-01
7.000000000000000000e+00 2.058142751486195521e-01 2.736099991610567161e-01 2.585792790668032248e-01 2.925016431096560954e-01 2.573484734089998005e-01 2.822089494405125576e-01 1.946622835487566705e-01 2.102426983490855994e-01 2.336410036354304443e-01 1.612555468092422561e-01 1.734159838695124856e-01 2.057284083169328703e-01
8.000000000000000000e+00 1.553452917786413146e-01 1.625136541864353745e-01 1.821939123311278053e-01 1.567973456140099309e-01 1.518143111344421592e-01 1.554174392792961878e-01 1.120277082138239344e-01 1.116142856546591677e-01 1.531201338472813755e-01 1.252261805754801838e-01 1.559481466109416958e-01 1.844130761275864505e-01
9.000000000000000000e+00 6.575016246412843102e-02 3.430128683526995764e-02 1.201788562830296558e-01 6.029598261371765106e-02 2.652353129843509211e-02 3.566116462863103131e-03 -7.488782754674905284e-03 2.392842632837181849e-02 1.044420164557723768e-02 1.646896036969769384e-04 -3.567843735168899078e-03 -3.524328216047297596e-02
1.000000000000000000e+01 2.040799016089709164e-02 -2.968727513079037067e-02 -5.022933728568972078e-02 -4.443177139700826839e-02 -7.112348229725168336e-02 -8.126328137563784693e-02 -6.196247999313895388e-02 -6.077015480348438303e-02 -7.903641713156082937e-02 -5.081863292252360859e-02 -4.497671912467619132e-02 -1.049228038783638489e-01
1.100000000000000000e+01 1.881977680556450871e-01 6.834284448959156155e-02 5.241799749996584046e-02 7.275967329779951809e-02 6.269402764175292797e-02 1.099787859735936874e-01 4.543010114159205803e-02 8.647420497808137874e-02 3.693640788838450234e-02 6.721119055969060341e-02 1.138551258944274086e-01 -2.299032683947029726e-02
1.200000000000000000e+01 3.033167618119847475e-01 2.382163987177893238e-01 1.773990653455979893e-01 2.667576572728675988e-01 2.219065103130549721e-01 2.524124625051009652e-01 2.373844495768804297e-01 2.547752864146921037e-01 1.932244248061942282e-01 1.424293655671073355e-01 1.703230569208451506e-01 5.505922999645640470e-02
1.300000000000000000e+01 4.253840913571622639e-01 3.429227772173349953e-01 3.044586726571370527e-01 4.017400388851481430e-01 4.353334273004598187e-01 4.026621033643842384e-01 4.070245963112368859e-01 3.915255667283978891e-01 3.157197086072315306e-01 2.738706578117853230e-01 2.798850996018334980e-01 2.050228721031394086e-01
1.400000000000000000e+01 5.538851691992212611e-01 4.310741414946897554e-01 4.804458583565411889e-01 4.844935203427576109e-01 5.461261601909406238e-01 4.554102676425952900e-01 5.237974208300378853e-01 4.800747259891398055e-01 4.040354172325831827e-01 3.195031359407496385e-01 2.869705649029046235e-01 2.556531378623517758e-01
1.500000000000000000e+01 7.098947811051492529e-01 6.319015493542043949e-01 6.277818775516155192e-01 6.467531561964199316e-01 7.362730607452367959e-01 6.328049944124790605e-01 6.728552843837545261e-01 6.328556203793511692e-01 5.670489755381924457e-01 5.202591463750256828e-01 5.457363807963797608e-01 4.900291094014094795e-01
