# # time shift (tau) HDelta HGamma HeII4685 HBeta HeI5875 HAlpha HeI5015 OI8446
-1.000000000000000000e+01 1.148648648457121918e-01 2.032430236076785413e-01 1.065358948766937375e-01 1.661124084892344477e-01 -2.776265003359252859e-01 -2.169965818495954157e-01 -1.357451713753456413e-01 -1.497311373592197237e-01
-9.000000000000000000e+00 -8.233512434724218898e-02 1.277377741092772523e-01 -1.099135226004411270e-01 1.291599745413135325e-01 -3.033034412419415293e-01 -1.428558995036355028e-01 -1.825741161650530631e-01 7.940703436797977299e-02
-8.000000000000000000e+00 -2.834368182763682964e-01 -2.171590603322796215e-02 -9.065527145666109343e-02 -3.881502025893629471e-03 -3.212538069550151532e-01 -2.052983519565491077e-01 -2.519438732236682910e-01 9.196371603045497278e-02
-7.000000000000000000e+00 -2.747110296466793167e-01 -2.294907345468531479e-01 6.224829393339445516e-02 -2.398840268078440974e-01 -4.990086493586604055e-01 -3.189667749365188154e-01 -4.395727331970642471e-01 -2.756496169841914923e-01
-6.000000000000000000e+00 -1.635383452379355895e-01 -1.480489922901203348e-01 2.496915877792654226e-01 -1.152380962773635192e-01 -3.592175758517899276e-01 -2.225601279160875912e-01 -4.618594997981139150e-01 -2.168898834899478656e-01
-5.000000000000000000e+00 -2.313638803894150359e-02 -2.786770698615059078e-03 3.846318181686835813e-01 1.019406498859388582e-01 -1.406800219412649156e-01 -1.143784782610485912e-01 -4.147673227407552288e-01 -9.341138223785244721e-02
-4.000000000000000000e+00 6.068369557408063997e-02 2.618929309096962310e-02 3.649854126601556059e-01 4.661946350538878625e-02 -1.179236663981428207e-01 -2.296288719638761022e-01 -5.770292779107655257e-01 -1.203732738055006274e-01
-3.000000000000000000e+00 2.642432075392113222e-01 2.205033733696866727e-01 5.071883608231870788e-01 2.765549226639085756e-01 2.624761321071558684e-01 -5.375139303308645866e-02 -4.983243823233508563e-01 3.900090187972717753e-02
-2.000000000000000000e+00 5.293062603252709497e-01 4.134432716977972100e-01 6.285491387419392950e-01 5.320649815175760855e-01 5.281363871292832357e-01 2.073668200781620397e-01 -3.051710409334315033e-01 -2.338090684749624670e-02
-1.000000000000000000e+00 7.429795068573848971e-01 5.884030090487322173e-01 7.245774875908321810e-01 6.498110704981161501e-01 6.078270711447963937e-01 4.512300160811491545e-01 -1.694544403969345525e-01 1.288745488775713266e-01
0.000000000000000000e+00 8.410068472632965531e-01 8.285158195536043158e-01 7.823174639553934773e-01 8.043933025153292560e-01 7.932273292551822452e-01 7.794866202111983000e-01 1.069274483907660250e-01 5.452649968385332446e-01
1.000000000000000000e+00 8.651644333461978587e-01 8.582937343840717492e-01 6.442362830075953894e-01 8.416375935101042538e-01 7.476918564358043806e-01 7.435882344245767772e-01 2.240679765220447428e-01 4.733819232799805765e-01
2.000000000000000000e+00 7.725705905621225167e-01 8.302459479388887287e-01 5.032641546932956622e-01 8.293277560205941645e-01 7.058770269597245406e-01 6.650607903017529132e-01 2.132501710963982666e-01 4.991241735207979091e-01
3.000000000000000000e+00 5.794991189812881416e-01 6.902312761031237365e-01 1.804862841914733618e-01 8.460197336293275860e-01 6.764472914615718979e-01 6.864936278590313412e-01 2.030564544433071661e-01 6.241139866142297876e-01
4.000000000000000000e+00 4.898011048678229118e-01 3.730508436955493057e-01 8.343901951969481812e-02 5.949326297073771475e-01 4.659495797065462686e-01 4.708193313516307876e-01 1.826994619369631812e-01 3.939051781071145619e-01
5.000000000000000000e+00 3.964962441679101834e-01 3.923760019036801605e-01 2.799064194964087093e-01 5.031947302389347954e-01 2.469445870119516828e-01 4.467462022309581782e-01 1.404712307778449853e-01 3.986931209082663630e-01
6.000000000000000000e+00 4.239124255077371117e-01 3.695783001592738426e-01 3.802588692905800039e-01 3.972699391199276397e-01 1.781209114197182253e-01 2.419170019982658792e-01 7.800402193681721386e-02 1.651795580936894492e-01
7.000000000000000000e+00 3.358677819920955487e-01 3.152566879201113004e-01 2.604759606199530952e-01 1.962620867951645753e-01 1.017768720779574088e-01 7.358957803372086215e-02 5.711693245097043681e-02 4.060871543941619449e-02
8.000000000000000000e+00 1.882029590068090563e-01 3.008005147315028216e-01 1.156765583159530819e-01 2.280261516897791330e-01 -8.646792782479342798e-02 1.060126964820074791e-01 -7.335990016331189745e-02 3.771211280116963938e-01
9.000000000000000000e+00 -4.338896252493992800e-02 -1.237632786298679816e-01 -1.990728410464546183e-01 -3.938030865103503420e-02 -1.188797263829245165e-01 -7.791185059191155227e-02 -2.474406919410988004e-01 -6.071333716509488831e-04
1.000000000000000000e+01 -3.671810539670690154e-01 -4.106047019663192632e-01 -1.326110941033900592e-01 -3.369173271214350729e-01 -2.595730931435799582e-01 -1.420908316467514587e-01 -2.558006604879643486e-01 -3.304789073190658732e-01
1.100000000000000000e+01 -2.872602881603080194e-01 -2.481395452258280954e-01 4.358931861104874822e-02 -2.306270202710201389e-01 -1.147631338910271859e-01 -3.204296140451800418e-02 -4.876990341650561112e-01 -1.290130704303834586e-01
1.200000000000000000e+01 -3.396528841346048433e-02 -1.131547737481962690e-01 3.256837551301251521e-01 -1.662916067583145030e-01 9.454167169929819647e-02 -2.404526045103041673e-02 -1.971127876449371708e-01 -2.290982824730237455e-01
1.300000000000000000e+01 1.457936248127720824e-01 1.859207498905242062e-01 5.819989940069205669e-01 8.530396425084782464e-02 1.574051818373947698e-01 3.572771507309067951e-02 -3.399360662329657945e-01 1.062753002383989009e-01
1.400000000000000000e+01 3.756303729182450812e-01 2.554249373799303280e-01 5.695484595556908891e-01 3.322869045150913525e-01 4.404254325125235292e-01 -5.618633888532835463e-03 -3.961552840365253902e-02 4.986587415338747387e-02
1.500000000000000000e+01 5.026316133063339908e-01 4.197223004747669406e-01 7.424663851086608091e-01 5.284197261029572878e-01 5.577039864139909930e-01 2.124240175142522724e-01 2.731843075752712902e-01 -3.964275368280218564e-02
