# # time shift (tau) Cont4010 Cont4200 Cont4440 Cont4765 Cont5100 Cont5600 Cont6045 Cont6110 Cont6880 Cont7390 Cont8015 Cont8900 Cont1150
-1.000000000000000000e+01 5.028313464478318534e-02 7.864433400644404992e-02 1.769451851697508293e-01 7.265101133175533299e-02 2.229041459034259987e-01 1.764251207635246232e-01 2.280765041686818040e-01 4.642854608621095613e-02 3.775037360755705701e-02 -3.050310346558117447e-02 -4.374237562252925038e-02 -5.938264297996897340e-02 -1.941623239021186276e-01
-9.000000000000000000e+00 5.951239073834495991e-02 8.655668313610220821e-02 1.445389103219389682e-01 4.520237124491824354e-02 1.680977205965902832e-01 1.143994575202404718e-01 7.616334487138104459e-02 -6.078010339703199261e-02 1.125157993113138494e-02 1.529411639498512443e-02 -5.299050602533086213e-02 -1.605967551047245839e-02 -1.602279203848293032e-01
-8.000000000000000000e+00 3.068077918946206517e-01 2.825066616743064363e-01 3.244877021585612642e-01 2.505852123358400241e-01 3.030341044783405047e-01 2.487639193238172508e-01 1.795975816660327906e-01 1.315785747544778173e-01 1.283725099695476879e-01 1.384502639473692009e-01 3.166940439176154504e-02 3.151380873585610254e-02 7.539606414970148607e-02
-7.000000000000000000e+00 4.428165721613105399e-01 4.391205266867027612e-01 4.767936379140136349e-01 4.500205825281717864e-01 4.507042999183958343e-01 4.120370492428505060e-01 4.025532159766444518e-01 3.405994875463548843e-01 2.530632101817916202e-01 1.692597772041329329e-01 8.877513373414608333e-02 1.437473348031702292e-02 2.203362418003126655e-01
-6.000000000000000000e+00 5.891609750756285901e-01 5.928667509873304375e-01 6.112541932921240484e-01 5.739879134544370043e-01 5.985930750105019627e-01 6.091515283477803022e-01 5.198797524923441937e-01 4.717726011838739852e-01 4.527023543011789442e-01 3.575511898949400025e-01 3.094800943297713047e-01 2.340032937541173252e-01 3.375459466227435090e-01
-5.000000000000000000e+00 7.417370028737338972e-01 7.095753893161638182e-01 7.116223669919063965e-01 6.718941955511931186e-01 6.829604604585414185e-01 7.100253316949585169e-01 6.190942034113197101e-01 5.893048261342239691e-01 5.871515105272430146e-01 4.826688034913666492e-01 5.094476743979533540e-01 4.209419812995783827e-01 5.904128896478157973e-01
-4.000000000000000000e+00 7.159728591599814340e-01 6.703540056492338639e-01 6.834342698374822334e-01 6.893970083658200743e-01 6.758343923711293000e-01 7.091286176050921597e-01 6.070691789514298664e-01 5.974020796543937362e-01 5.562323051170814381e-01 4.500102805577843590e-01 4.141844195192014855e-01 3.774739829574135230e-01 6.025339716715905070e-01
-3.000000000000000000e+00 8.191660915063228021e-01 7.794611656943472022e-01 7.781130531972006992e-01 7.881103731147630631e-01 7.889370775640680566e-01 7.757010042760419388e-01 7.006718810590419899e-01 7.098489122956606057e-01 7.046059282698473591e-01 6.362472332256072782e-01 5.782706193222024726e-01 5.987963348678314590e-01 6.677955208317055691e-01
-2.000000000000000000e+00 9.015739619484565148e-01 8.767947653048144829e-01 8.978986549072349721e-01 8.848065039237369422e-01 8.932611105045471511e-01 8.465797867413041855e-01 8.259592897519794086e-01 8.478585419851932814e-01 8.203140916640021540e-01 7.558184499780697951e-01 7.511056045426138805e-01 7.025609921501785315e-01 7.878426639710680579e-01
-1.000000000000000000e+00 8.829989419329011824e-01 8.953349270157842099e-01 9.166173860131228146e-01 8.905905657007620047e-01 9.058653684641957415e-01 9.084117005141379986e-01 9.025147084416409449e-01 8.903600455626643484e-01 9.003405788093297168e-01 8.600553636659927781e-01 8.377659837121105291e-01 8.252140924695975377e-01 7.520108510987577599e-01
0.000000000000000000e+00 9.209679219365921599e-01 9.406370771511026740e-01 9.358235207649032716e-01 9.120417729182728195e-01 9.265954032118084438e-01 9.281392166794393273e-01 9.453889640037663744e-01 9.542174557369488275e-01 9.859830494929258116e-01 1.000000000000000000e+00 9.792984925767188598e-01 9.847193917365062443e-01 7.605574486313347871e-01
1.000000000000000000e+00 7.611458577354717203e-01 7.813095112750857441e-01 7.975531839043839000e-01 7.585211250882235579e-01 7.872817868157724330e-01 8.100684358501069049e-01 8.564688727457783202e-01 8.352253523815293956e-01 8.551908959206024896e-01 8.600553636659927781e-01 8.301454237072964926e-01 8.541420966479960075e-01 5.613453879861896034e-01
2.000000000000000000e+00 6.211559441274216997e-01 6.495019434597335550e-01 6.667803766365352214e-01 6.119681118199149505e-01 6.647156414800539093e-01 6.673735217631096006e-01 7.182518050651023334e-01 6.867144214906972799e-01 7.400592018880198797e-01 7.558184499780697951e-01 7.212836600057332959e-01 7.839765442484589730e-01 3.296967495640805712e-01
3.000000000000000000e+00 5.186521801852095326e-01 5.427288015572635516e-01 5.651533444767400383e-01 4.935223361137693332e-01 5.507864600657422782e-01 5.162005481261643380e-01 5.792324464949271112e-01 5.583234139947503838e-01 6.124948416061914980e-01 6.362472332256072782e-01 6.200519649481999185e-01 6.728675598617430698e-01 3.120345186757954026e-01
4.000000000000000000e+00 3.908043604016017691e-01 4.624177701614387015e-01 4.574212657532008564e-01 4.041101139521977026e-01 4.343397334218631611e-01 3.914356796411116446e-01 4.408491383087791426e-01 4.347834646205807618e-01 4.440885789871877876e-01 4.500102805577843590e-01 3.793696853387574786e-01 4.468762224664509786e-01 3.265672936244374269e-01
5.000000000000000000e+00 4.571339082911956009e-01 4.981065416204316643e-01 4.919339273174386240e-01 4.542437950813413838e-01 4.741231739177255156e-01 4.717769256842822556e-01 4.622598727644454675e-01 4.618494772735123877e-01 4.815919966364272664e-01 4.826688034913666492e-01 4.439353902692589893e-01 5.180287956338393007e-01 4.289006012620489861e-01
6.000000000000000000e+00 4.456720385408413088e-01 4.554939065146620947e-01 4.619256644775943110e-01 4.486644968137674661e-01 4.447791633270899991e-01 4.423565425680085483e-01 4.270741054459280539e-01 4.397537303658552998e-01 4.032597193961591220e-01 3.575511898949400025e-01 3.624369581880810820e-01 4.007342981733338916e-01 4.767717577497843640e-01
7.000000000000000000e+00 2.876630703738976003e-01 2.867049102110975634e-01 2.829408548065546203e-01 2.944233436549518190e-01 2.722877399841737711e-01 3.049986662336751086e-01 2.142012838639186789e-01 2.316783440997193244e-01 2.509535279689918963e-01 1.692597772041329329e-01 1.815792221793931516e-01 2.192161079294381865e-01 3.238397830307363501e-01
8.000000000000000000e+00 2.067632333234907804e-01 1.699388378796604926e-01 2.003010553571297758e-01 1.735577332705952325e-01 1.652726107716101511e-01 1.673304327608431119e-01 1.272372685063592468e-01 1.231865605538377401e-01 1.704890924686034981e-01 1.384502639473692009e-01 1.606363752294265035e-01 1.993895601481500135e-01 2.153423565229986847e-01
9.000000000000000000e+00 8.960792312850072994e-02 3.961198771343698438e-02 1.231282387123379951e-01 8.614112716037311546e-02 4.046002187773831138e-02 1.602556755348064077e-02 1.528940275960026518e-02 2.670857907947846860e-02 2.464841277310375611e-02 1.529411639498512443e-02 -1.076026310622893445e-02 -2.707298172609753917e-02 1.113721422167121972e-01
1.000000000000000000e+01 -3.383109801088482471e-03 -1.395168960654427637e-02 -3.432226719960305983e-02 -1.268065171814926340e-02 -5.839757857057223389e-02 -8.435309875845736771e-02 -4.215202846184099017e-02 -6.041794847142394759e-02 -5.975605487666793558e-02 -3.050310346558117447e-02 -4.637417641651802452e-02 -9.563440076002160950e-02 -6.904436962169989422e-02
1.100000000000000000e+01 1.355442708394591356e-01 9.490038021844021676e-02 7.530879212919744381e-02 1.235070951942031370e-01 6.800028612935253569e-02 9.653482400451729450e-02 6.322658001094121072e-02 9.889515313462868273e-02 5.271603155306328614e-02 8.636411104950966755e-02 1.195218631506710094e-01 -1.258965989813600611e-02 1.376673769569069228e-01
1.200000000000000000e+01 2.943972661212739261e-01 2.655297082450789325e-01 2.070141510893349357e-01 3.149607995184180442e-01 2.253669174631503513e-01 2.889245517108304795e-01 2.509986914312600792e-01 2.700908780099985362e-01 2.035931592378867616e-01 1.573880929187870259e-01 1.813284577561684041e-01 6.791864285223270237e-02 3.933086068416854486e-01
1.300000000000000000e+01 4.219859916012590473e-01 3.758974945200765916e-01 3.458280192042761936e-01 4.517259599509549362e-01 4.503431268769522156e-01 4.438844339566652142e-01 4.146260438795064118e-01 4.109384892618789253e-01 3.270958930113366248e-01 2.868658403462296946e-01 2.935092177525231993e-01 2.259275564915483869e-01 3.864571920244910808e-01
1.400000000000000000e+01 5.297031204895549239e-01 4.601526454258019205e-01 4.963611634033213149e-01 5.365756614506459465e-01 5.749924784724960158e-01 5.288513004258555972e-01 5.310069014010732058e-01 4.949643355049437865e-01 4.131472119451387592e-01 3.377292478918669238e-01 3.155165707516470741e-01 2.821369935098254622e-01 5.498999783016966791e-01
1.500000000000000000e+01 6.814593093076308783e-01 6.575698612409976995e-01 6.537287760756206323e-01 6.810373696850037240e-01 7.625125769953100541e-01 6.800021797683575286e-01 6.970395458226605889e-01 6.523719268536259941e-01 5.850532602162413776e-01 5.506537768562627111e-01 5.557746290680536383e-01 5.194729467101023568e-01 5.666046420491308577e-01
