# # time shift (tau) HDelta HGamma HeII4685 HBeta HeI5875 HAlpha HeI5015 OI8446 HeI4471 HeI7065 OIII5007 LyALpha
-1.000000000000000000e+01 1.083755858000707145e-01 9.955621751216525706e-02 1.306103480991520627e-01 1.958302212116716512e-01 -2.284507760612719540e-01 -2.264530566110796450e-01 -1.142927716577617492e-01 4.436205256234222044e-02 1.968553842206318891e-02 9.491413903863787915e-02 -1.208047295412637417e-01 -2.402451962809749875e-01
-9.000000000000000000e+00 -8.200149895309848114e-02 3.257696567390025444e-02 -1.055973167961094805e-01 1.548465719352983272e-01 -2.536868678004772226e-01 -1.777322530412794310e-01 -1.388590190421154780e-01 1.747029318013686161e-01 -8.714426803578437242e-02 1.343539535368903359e-01 -1.805292771678431996e-01 -3.320983501955092621e-01
-8.000000000000000000e+00 -2.909785224762688749e-01 -1.188302539479308972e-01 -9.058931060898359200e-02 2.217290885154050636e-02 -2.870291185360105413e-01 -2.276453942678619558e-01 -2.174571330743269026e-01 1.118318450562897082e-01 -3.238111111333394909e-01 -4.123819104169969968e-02 -3.241577355931589688e-01 -2.862412806555976741e-01
-7.000000000000000000e+00 -2.734418760233446877e-01 -2.642752751627221453e-01 4.560300812493149614e-02 -2.338409566753837376e-01 -4.618129276586193654e-01 -3.737236946713542451e-01 -4.164460168221560399e-01 -2.878994214720338451e-01 -5.228003213243164193e-01 -7.744145970847214622e-02 -5.206670706102245472e-01 -1.564371846697301671e-01
-6.000000000000000000e+00 -1.547891888434082819e-01 -1.450434459363868500e-01 2.204763674364618731e-01 -8.937250150206034471e-02 -3.495193735885203656e-01 -2.991728070679925411e-01 -4.437464069595302707e-01 -2.828225084867079797e-01 -5.009787040019322291e-01 5.950677617012207522e-03 -5.213991171404146474e-01 2.034316137590646417e-02
-5.000000000000000000e+00 -2.196422222308890698e-02 5.528684906693313167e-03 3.795862560867715452e-01 1.210001953879997205e-01 -1.492590295353379004e-01 -1.346843115523078394e-01 -4.340673884807876304e-01 -1.943735790205835812e-01 -2.998492397360393857e-01 -5.089152896131919103e-03 -4.598728550843133034e-01 1.376569259337121487e-01
-4.000000000000000000e+00 6.348696258803375458e-02 4.383592383751758886e-02 3.625089014708293700e-01 5.010567600290799506e-02 -1.094580481443736542e-01 -2.555157919801013811e-01 -5.787319763983551635e-01 -2.921332293320173523e-01 -2.045553390469860289e-01 2.358879349534632325e-02 -6.108290595271474999e-01 1.820989569391055496e-01
-3.000000000000000000e+00 2.631295043862399985e-01 2.581071288860442570e-01 5.039196339439264705e-01 2.556541157283103716e-01 2.543943385797322598e-01 -7.665114389557774188e-02 -5.205227464293057382e-01 -1.663213508525417106e-01 -4.630505708570076262e-02 4.370496964334098788e-02 -6.078602834970244784e-01 4.517850629299424159e-01
-2.000000000000000000e+00 5.268942709809431024e-01 4.372741299490784384e-01 6.365540359975688789e-01 5.115761404007310720e-01 5.325105588103016263e-01 2.112547684972784501e-01 -3.310299538043108836e-01 -8.623888910002742991e-02 -9.739841370267732223e-03 1.241840806468145764e-01 -5.202276993201745414e-01 6.199209187521724784e-01
-1.000000000000000000e+00 7.482562051999156472e-01 6.179215598759399963e-01 7.155421816590776807e-01 6.377892339640576225e-01 6.069273045213752216e-01 4.360683267827963339e-01 -1.244363772886735442e-01 1.298921662830268553e-01 8.595857556221697671e-02 2.647422654840967393e-01 -4.293682351038713430e-01 7.388174808444721853e-01
0.000000000000000000e+00 8.399727134183485600e-01 8.526238329497989321e-01 7.855609272048162950e-01 7.958199968017632964e-01 7.810108992687130325e-01 7.655876908976573247e-01 1.701884935408875255e-01 5.398173726208874701e-01 2.606862343777684443e-01 3.887201457031345675e-01 -1.767835578887858583e-01 9.099941857564315395e-01
1.000000000000000000e+00 8.542475433098120075e-01 8.657290837902673619e-01 6.540595098061725565e-01 8.349039074444801756e-01 7.380022963283896509e-01 7.464008416617247121e-01 2.936526285124660962e-01 5.088984187977783069e-01 2.759578111635921926e-01 5.526719213239057460e-01 -7.006224587002113369e-02 8.302085135553929351e-01
2.000000000000000000e+00 7.518910572805272974e-01 8.250031468932197409e-01 5.169091200151452181e-01 8.265188442180753103e-01 7.114493323286941173e-01 6.685447947731446572e-01 2.900596866818282438e-01 5.146105926627161375e-01 4.846217747126947972e-01 5.780864755651868858e-01 -5.010872477636310607e-02 7.533126111194166086e-01
3.000000000000000000e+00 5.454326017709673069e-01 6.757739235425113122e-01 2.051576806760075922e-01 8.409938578691193989e-01 6.857776762691474293e-01 6.918968781064007700e-01 2.716927159819905180e-01 6.617160042890055660e-01 4.208778295734987296e-01 4.178254530373853859e-01 5.088705566644594752e-02 5.052494074234038512e-01
4.000000000000000000e+00 4.586767818280938491e-01 3.526643930435812146e-01 1.032903617525585405e-01 5.922713245630004675e-01 4.630741306995433959e-01 4.748638180153894051e-01 2.156640296534662604e-01 4.435231775848841873e-01 3.478640540322640584e-01 8.199684833266113193e-02 3.535295685796967236e-02 3.303735437393656160e-01
5.000000000000000000e+00 3.863376899848206536e-01 3.759818892523542622e-01 3.031668438838082680e-01 5.038775116387190778e-01 2.245428309606264383e-01 4.629083432327796843e-01 1.673153653332266066e-01 4.183343009147306724e-01 3.870664014671177933e-01 -8.641547573899734103e-02 -1.910750022648546875e-02 3.256579233462830181e-01
6.000000000000000000e+00 4.259192872754611892e-01 3.548973710534824022e-01 4.071373717487796196e-01 4.122708178732259476e-01 1.583303324686656521e-01 2.738415587945966512e-01 7.821954552954071826e-02 2.302503598343638158e-01 3.227005832481573688e-01 -1.617711335573705778e-01 -6.157255595275126780e-02 2.564646637692796771e-01
7.000000000000000000e+00 3.456388668514094320e-01 2.820043153751352616e-01 2.777396060053054505e-01 2.570062062602633257e-01 7.448736407183934038e-02 1.072057755161040238e-01 6.193837863398096721e-03 1.399754761038852768e-01 4.069247569237086637e-01 -2.692593828768062858e-01 -1.943065060692991119e-01 4.553523569016330874e-02
8.000000000000000000e+00 1.960904017470914140e-01 2.659600956047535325e-01 1.621115531764576456e-01 2.575360306830916102e-01 -7.766495988996889588e-02 1.210434948060886001e-01 -2.764545588226564182e-02 3.658206178377483853e-01 5.143690836496430663e-01 -3.482177751983159264e-02 -1.351256868974287095e-01 6.363844618346839455e-02
9.000000000000000000e+00 -4.821632057030840468e-02 -1.643606079680098309e-01 -1.719206911935240722e-01 -1.784149649447409891e-02 -9.084069054966065204e-02 -9.825731810845061975e-02 -2.307650213261772110e-01 -5.588015482477473594e-02 6.207725688154053234e-02 -2.910297604358980106e-01 -2.954076083260485097e-01 -5.152445639211397643e-02
1.000000000000000000e+01 -3.455439943463393671e-01 -3.592509706808669212e-01 -1.636551118721984999e-01 -3.314380914697361291e-01 -2.405336772575113469e-01 -1.868411891036370343e-01 -2.589389465579308158e-01 -4.278853304349430342e-01 -3.592762383541533988e-01 -3.095599034674380301e-02 -3.027324206713822297e-01 -5.819977134502252875e-02
1.100000000000000000e+01 -2.770913182979582445e-01 -1.801674835221006854e-01 1.524951644522747063e-02 -2.394277393521692665e-01 -1.050879372045096516e-01 -6.465765868601677790e-02 -3.962050291227275922e-01 -2.182984683517328606e-01 -7.232543229693755293e-01 2.768765212495578609e-01 -6.569588346323032013e-01 8.830920811402048765e-02
1.200000000000000000e+01 -1.317873982304457875e-02 -3.012649513551992134e-02 2.914230317839425211e-01 -1.616392150563526198e-01 7.642924012253951571e-02 -3.330385685997129530e-02 -2.427542762046957792e-01 -2.875130175384904563e-01 -5.669310264304218139e-01 -2.260403075032618378e-02 -4.623035223468986432e-01 2.141580064847298237e-01
1.300000000000000000e+01 1.783029198508158109e-01 2.743262990740418239e-01 5.704959626349628277e-01 8.261941534940314691e-02 1.830481196179871151e-01 2.990642625642567914e-02 -3.239905238699692935e-01 -4.861612038584761653e-03 -9.824187772332092228e-02 4.265252053421129119e-01 -3.753896038829865889e-01 4.084549313158251094e-01
1.400000000000000000e+01 3.990622524851610287e-01 2.888178919228990837e-01 5.819546040986245394e-01 3.264498021152907326e-01 4.681921817744154057e-01 4.160556445975781975e-02 -9.574724662581116097e-02 2.024487580537664977e-03 2.893976682318454841e-01 1.762694840469672952e-01 1.427195588503779311e-01 4.789122058246435554e-01
1.500000000000000000e+01 5.400262232570578469e-01 4.443642383448165867e-01 7.261443162847095456e-01 5.224161762210168813e-01 6.175607769727345930e-01 2.839433761776969378e-01 2.012642761889609500e-01 1.799824899462494632e-02 5.472417979664643273e-01 5.739768256225186160e-01 3.162226875558915573e-01 5.895619888359938665e-01
