# # time shift (tau) Cont4010 Cont4200 Cont4440 Cont4765 Cont5100 Cont5600 Cont6045 Cont6110 Cont6880 Cont7390 Cont8015 Cont8900 Cont1150
-1.000000000000000000e+01 9.576411008989617335e-02 9.875981957776283626e-02 1.907276220295230362e-01 9.838442629048886612e-02 2.299195210499596631e-01 1.704318401330728316e-01 1.819541724424063867e-01 2.629889096868177900e-02 -7.695414960407709337e-03 -9.563440076002160950e-02 -9.791435306954589246e-02 -1.189721988397771518e-01 -1.205912104969177889e-01
-9.000000000000000000e+00 1.051567792144880165e-01 1.163176198310671289e-01 1.878764792793187199e-01 9.976884384039239051e-02 2.072921733432377123e-01 1.549338191432195755e-01 8.519676232006960503e-02 -4.369850204983210390e-02 2.879012039802342215e-03 -2.707298172609753917e-02 -9.459159883890039255e-02 -7.314072670825115530e-02 -9.625192707396645897e-02
-8.000000000000000000e+00 3.976815831743541474e-01 3.707738582732107435e-01 4.085587603647198307e-01 3.326864446654876906e-01 3.809578863775125446e-01 3.190377514020990013e-01 2.320985129870796748e-01 1.975481685654384700e-01 2.057471008507248678e-01 1.993895601481500135e-01 1.013395275452312061e-01 9.222242021168326753e-02 1.588025437203073320e-01
-7.000000000000000000e+00 5.009956170450597934e-01 4.862845944522058428e-01 5.321937590560741338e-01 4.988531260858486971e-01 4.965742422909340537e-01 4.733500120966892544e-01 4.564242677868604603e-01 3.950553589310222824e-01 3.130169267620853679e-01 2.192161079294381865e-01 1.555640141628747697e-01 6.179800593884281906e-02 2.836584956887624465e-01
-6.000000000000000000e+00 6.053786566533192470e-01 6.048578416238938882e-01 6.219419658891580660e-01 5.891415981910790300e-01 6.037904105082161355e-01 6.301003173706747340e-01 5.504746589341645846e-01 5.008642906067115597e-01 4.882194142507053636e-01 4.007342981733338916e-01 3.463860824762582391e-01 2.881571440039626952e-01 3.402772654597704949e-01
-5.000000000000000000e+00 7.482284028559428313e-01 7.095876235369233953e-01 7.091669888160201385e-01 6.717451521035699979e-01 6.845987934677629783e-01 7.139870885274419710e-01 6.283075861727152045e-01 6.015598093392076073e-01 6.101289203620146040e-01 5.180287956338393007e-01 5.493884073160635317e-01 4.630935473905008481e-01 5.784584065738440639e-01
-4.000000000000000000e+00 7.072846432577000186e-01 6.660591456573715652e-01 6.751970295617272244e-01 6.813531153768452864e-01 6.663983977055375485e-01 6.863911584289958956e-01 5.989627986763599310e-01 5.957811031833504245e-01 5.508673812325316499e-01 4.468762224664509786e-01 4.166360303953225985e-01 3.710396409765489567e-01 6.020592241273993173e-01
-3.000000000000000000e+00 8.367291160895736768e-01 8.043845758465035800e-01 8.023489664074886507e-01 8.130932894079656581e-01 8.178755034027443971e-01 8.005978385548144782e-01 7.248201357438530668e-01 7.413943828441622586e-01 7.371625233113947573e-01 6.728675598617430698e-01 6.092188914469016670e-01 6.302619633089127094e-01 6.882098712282861408e-01
-2.000000000000000000e+00 9.066371127754163650e-01 8.909134519019361598e-01 9.067459982921075579e-01 8.943559658412498781e-01 9.041812234561127370e-01 8.569548419590132804e-01 8.549236605497992914e-01 8.761086697388533739e-01 8.445543983211503125e-01 7.839765442484589730e-01 7.757375955163992032e-01 7.397521564787399306e-01 8.004185087690742773e-01
-1.000000000000000000e+00 8.608979194901151821e-01 8.773097609115766415e-01 9.016656898306367740e-01 8.697210921776309389e-01 8.914428369416116382e-01 9.065070467718201463e-01 9.009408707235049274e-01 8.836470504090983002e-01 8.969968728125872204e-01 8.541420966479960075e-01 8.339765929634763708e-01 8.301518196860203647e-01 7.220408383945182695e-01
0.000000000000000000e+00 8.854895568292019403e-01 9.037751408883608617e-01 9.000402329819801039e-01 8.644285887884718411e-01 8.857132385521220286e-01 8.942467325298889547e-01 9.171997477228851503e-01 9.160756724922435312e-01 9.674510280398843642e-01 9.847193917365062443e-01 9.777296660380622173e-01 9.999999999999998890e-01 7.158938117739872542e-01
1.000000000000000000e+00 7.146695358691623756e-01 7.337877631008129509e-01 7.538427558476038515e-01 7.078975048920798097e-01 7.356610682051691885e-01 7.557330029812090455e-01 7.953598878213614665e-01 7.851482005182197632e-01 8.123193406917950110e-01 8.252140924695975377e-01 7.950529870269431587e-01 8.301518196860203647e-01 5.264844960158099330e-01
2.000000000000000000e+00 5.655673635414810718e-01 5.996297079891663717e-01 6.090426738552152663e-01 5.581004020515387687e-01 5.976468368967807754e-01 5.987655980790578258e-01 6.495177886555975055e-01 6.259341667338879089e-01 6.858517593474990903e-01 7.025609921501785315e-01 6.569286981567203920e-01 7.397521564787399306e-01 3.017609539014984299e-01
3.000000000000000000e+00 4.847299276412075364e-01 5.099043021633985484e-01 5.385325678947474604e-01 4.650378481618663851e-01 5.157254199625034286e-01 4.743992231305700358e-01 5.383514142004703906e-01 5.303627933345292922e-01 5.723309010938528729e-01 5.987963348678314590e-01 5.883305657487390983e-01 6.302619633089127094e-01 2.967016099446186939e-01
4.000000000000000000e+00 3.287510696891406403e-01 4.070174538414219612e-01 3.986957878232104124e-01 3.500923988886604499e-01 3.649792538745426640e-01 3.335990863935940354e-01 3.851476360625776252e-01 3.786062202021197587e-01 3.850833600223579900e-01 3.774739829574135230e-01 3.222353224433476271e-01 3.710396409765489567e-01 3.056861913140694886e-01
5.000000000000000000e+00 3.790695702887659224e-01 4.245774485115716423e-01 4.037633720642432311e-01 3.756559178607090654e-01 3.975259883456244703e-01 4.066414304833850801e-01 3.839672402288623054e-01 3.855032130903340848e-01 4.116048429871436154e-01 4.209419812995783827e-01 3.891233478644259280e-01 4.630935473905008481e-01 3.716895195486007442e-01
6.000000000000000000e+00 3.271510989943143821e-01 3.143269348744256453e-01 3.317214139492024039e-01 3.226368800839257700e-01 3.166752997242889833e-01 3.263268555823539696e-01 3.029988782323876917e-01 3.154746344690764759e-01 2.776663573803507257e-01 2.340032937541173252e-01 2.321431726272546459e-01 2.881571440039626952e-01 3.665060390486331032e-01
7.000000000000000000e+00 1.406010145206649242e-01 1.349563843204584779e-01 1.387171004481157766e-01 1.510974928998228273e-01 1.393250177272710721e-01 1.496375796383242196e-01 7.807678063055102646e-02 8.616264230384521050e-02 9.875626358399022808e-02 1.437473348031702292e-02 2.182800139976474180e-02 6.179800593884281906e-02 1.575565524753948787e-01
8.000000000000000000e+00 6.976397942071334290e-02 3.514501349394977270e-02 7.276506287808773288e-02 3.244618480305698494e-02 3.764973017586292769e-02 2.453680966076581677e-02 -1.963761137900338349e-03 -1.262093527739296950e-02 4.837091699291069108e-02 3.151380873585610254e-02 5.934392133447085466e-02 9.222242021168326753e-02 4.758532624906004760e-02
9.000000000000000000e+00 2.310421493383667951e-02 -6.228646695547970791e-03 6.320106555764523626e-02 1.840191104879769501e-02 -2.956158174293498780e-02 -4.909267725798002052e-02 -4.265351746690811824e-02 -2.766767898692139988e-02 -2.416536950320834209e-02 -1.605967551047245839e-02 -3.938963855059861990e-02 -7.314072670825115530e-02 9.005159676702932658e-02
1.000000000000000000e+01 -6.190514211646425125e-02 -6.183327056998733778e-02 -9.962398108738368396e-02 -6.317403770457666323e-02 -1.245213768964201495e-01 -1.214431084652897591e-01 -9.070128714197353559e-02 -9.579581451359109323e-02 -1.012960512556806275e-01 -5.938264297996897340e-02 -7.902368789261943194e-02 -1.189721988397771518e-01 -1.029647977242938300e-01
1.100000000000000000e+01 6.644904845625262957e-02 2.302697998480244396e-02 -5.513167924562620281e-03 5.895642785834588617e-02 8.674319607229495632e-03 4.854390678637512252e-02 1.020511063039311606e-02 4.156187494897771451e-02 -1.558124699667390312e-02 9.582932099404813109e-03 3.576381896179965658e-02 -7.597505074188060092e-02 5.957554171479739757e-02
1.200000000000000000e+01 1.859302547374359071e-01 1.495384724611324989e-01 1.037709856074053721e-01 2.047236630261668466e-01 1.281456064662531147e-01 1.762818561373499238e-01 1.289659200523289861e-01 1.533081633881672734e-01 9.150139057634947004e-02 2.252907783324906155e-02 6.207260011466640692e-02 -4.647633855974282746e-02 2.848823029438559695e-01
1.300000000000000000e+01 2.843375198586570729e-01 2.445765666537541572e-01 2.363454480191807261e-01 3.133282553760817768e-01 3.450061769394177080e-01 3.096984551114900230e-01 3.064420755347280201e-01 2.740807707532640358e-01 2.007357597783323011e-01 1.572487833174610883e-01 1.534288056973311942e-01 1.096065759845472470e-01 2.268560146561808821e-01
1.400000000000000000e+01 4.100817950726559080e-01 3.568849565671142754e-01 4.073939108186718228e-01 4.159797631845674193e-01 4.629786107416011820e-01 4.031995629103510836e-01 4.123191840069293512e-01 3.818811795892926853e-01 3.289404439542954472e-01 2.913271279726946106e-01 2.502860226414272415e-01 2.281925722789032163e-01 4.743841165760230849e-01
1.500000000000000000e+01 5.389146258045796056e-01 5.311743657289554887e-01 5.076627925759199522e-01 5.236804952732395657e-01 6.096679951226222638e-01 5.337563039153412348e-01 5.679434904160083342e-01 5.181399636133359188e-01 4.507862068265948707e-01 4.484444727013829901e-01 4.408816127665940998e-01 4.175528643457057099e-01 4.059188717666566415e-01
