# time shift (tau) 	 correlation coefficient 	 number of simulations: 10000	 FR: True	 RSS: True
-1.000000000000000000e+01 1.400000000000000000e+01
-9.000000000000000000e+00 2.000000000000000000e+00
-8.000000000000000000e+00 1.000000000000000000e+00
-7.000000000000000000e+00 1.000000000000000000e+00
-6.000000000000000000e+00 8.000000000000000000e+00
-5.000000000000000000e+00 7.000000000000000000e+00
-4.000000000000000000e+00 2.900000000000000000e+01
-3.000000000000000000e+00 3.500000000000000000e+01
-2.000000000000000000e+00 5.100000000000000000e+01
-1.000000000000000000e+00 7.900000000000000000e+01
0.000000000000000000e+00 5.500000000000000000e+01
1.000000000000000000e+00 1.460000000000000000e+02
2.000000000000000000e+00 3.096000000000000000e+03
3.000000000000000000e+00 2.715000000000000000e+03
4.000000000000000000e+00 4.910000000000000000e+02
5.000000000000000000e+00 6.730000000000000000e+02
6.000000000000000000e+00 7.000000000000000000e+02
7.000000000000000000e+00 5.260000000000000000e+02
8.000000000000000000e+00 2.710000000000000000e+02
9.000000000000000000e+00 2.330000000000000000e+02
1.000000000000000000e+01 1.980000000000000000e+02
1.100000000000000000e+01 9.900000000000000000e+01
1.200000000000000000e+01 8.200000000000000000e+01
1.300000000000000000e+01 7.800000000000000000e+01
1.400000000000000000e+01 2.000000000000000000e+01
1.500000000000000000e+01 3.900000000000000000e+02
