# time shift (tau) 	 correlation coefficient 	 number of simulations: 10000	 FR: True	 RSS: True
-1.000000000000000000e+01 8.000000000000000000e+00
-9.000000000000000000e+00 3.000000000000000000e+00
-8.000000000000000000e+00 2.000000000000000000e+00
-7.000000000000000000e+00 2.000000000000000000e+00
-6.000000000000000000e+00 0.000000000000000000e+00
-5.000000000000000000e+00 1.000000000000000000e+00
-4.000000000000000000e+00 5.000000000000000000e+00
-3.000000000000000000e+00 7.000000000000000000e+00
-2.000000000000000000e+00 7.000000000000000000e+00
-1.000000000000000000e+00 8.000000000000000000e+00
0.000000000000000000e+00 2.400000000000000000e+01
1.000000000000000000e+00 2.500000000000000000e+01
2.000000000000000000e+00 1.170000000000000000e+02
3.000000000000000000e+00 1.060000000000000000e+02
4.000000000000000000e+00 2.890000000000000000e+02
5.000000000000000000e+00 6.860000000000000000e+02
6.000000000000000000e+00 6.050000000000000000e+02
7.000000000000000000e+00 3.810000000000000000e+02
8.000000000000000000e+00 4.662000000000000000e+03
9.000000000000000000e+00 1.293000000000000000e+03
1.000000000000000000e+01 2.720000000000000000e+02
1.100000000000000000e+01 6.750000000000000000e+02
1.200000000000000000e+01 3.910000000000000000e+02
1.300000000000000000e+01 2.000000000000000000e+00
1.400000000000000000e+01 8.000000000000000000e+00
1.500000000000000000e+01 4.200000000000000000e+02
