# # time shift (tau) Cont4010 Cont4200 Cont4440 Cont4765 Cont5100 Cont5600 Cont6045 Cont6110 Cont6880 Cont7390 Cont8015 Cont8900
-1.000000000000000000e+01 -1.114203735056586431e-01 2.705044724611112283e-02 6.625376987835869536e-02 7.143686301577713282e-02 1.427507937936931259e-01 5.693034816386722402e-02 1.417989144941491364e-01 -1.130674169264333020e-02 -3.789634905199704140e-02 -7.112348229725168336e-02 -1.224338353785179717e-01 -1.168749469752419917e-01
-9.000000000000000000e+00 5.027837774188798764e-02 1.697207361935813841e-01 1.772394825805379548e-01 1.758573857283227404e-01 2.325350410625911246e-01 1.379241179095579972e-01 1.636108959863430412e-01 4.608872204130722017e-02 5.504707727747771423e-02 2.652353129843509211e-02 -4.688364237079813840e-02 -2.821244490980710090e-02
-8.000000000000000000e+00 3.010078196167995657e-01 3.598513231355138231e-01 3.811675358752623088e-01 3.470612663255493446e-01 4.073824534966943300e-01 3.324312814630703827e-01 2.706881899950236425e-01 2.165880938824037982e-01 2.004268680924663482e-01 1.518143111344421592e-01 1.024374160369822540e-01 4.034584719320283980e-02
-7.000000000000000000e+00 4.603732800067014685e-01 5.077716685672757357e-01 5.278872486294552413e-01 5.101141049719710718e-01 5.367931347798620134e-01 4.726636679940774965e-01 4.678192658019859618e-01 4.061578651871312062e-01 3.566634632219447543e-01 2.573484734089998005e-01 2.017777219658109245e-01 1.369194854246822135e-01
-6.000000000000000000e+00 5.762591364319871179e-01 6.021539622573770512e-01 6.180526743398433442e-01 5.994015042084617217e-01 6.386870546209268973e-01 6.314631202806806343e-01 5.951492124636013070e-01 5.359158091049628370e-01 5.082259310095542659e-01 4.358837115320569611e-01 3.670640625368574161e-01 3.115165230242619709e-01
-5.000000000000000000e+00 6.378914966661676234e-01 6.228336235137527099e-01 6.324764270569895874e-01 5.908669148308893782e-01 6.375561173228132539e-01 6.386012172294699418e-01 6.336348383709617949e-01 5.567075144683029109e-01 5.480397555000928733e-01 4.637434464890425323e-01 4.592828700871697256e-01 3.863873085471060120e-01
-4.000000000000000000e+00 6.162658172500583564e-01 5.834223641418689876e-01 6.033674823509587171e-01 5.516576069793253101e-01 6.034760618687112776e-01 6.233363091089736407e-01 5.878701760038174129e-01 5.175758358738234977e-01 5.097321042280127390e-01 4.291070586199288162e-01 4.405980822038044753e-01 3.581471791798294113e-01
-3.000000000000000000e+00 7.195024925632527157e-01 6.789928460090306483e-01 6.794826384620203941e-01 6.495601752121070716e-01 6.717367522506887401e-01 6.626008842593975601e-01 6.255302906704928168e-01 6.024656673881967350e-01 6.013586607596299594e-01 5.501558216612978391e-01 5.333357076221985071e-01 5.088234097529747979e-01
-2.000000000000000000e+00 8.392656833374076975e-01 8.143298082108308966e-01 8.209256509026297000e-01 8.022072281401574356e-01 8.151668409720523867e-01 7.869041304573376472e-01 7.324212021404805650e-01 7.552137723123435453e-01 7.206620157824261685e-01 6.625739959356378161e-01 6.368490209320926132e-01 5.921517724241737168e-01
-1.000000000000000000e+00 9.159529356150485357e-01 9.140059840115827283e-01 9.235824140912101132e-01 9.106516334857313044e-01 9.193305358768325553e-01 8.962523362875942645e-01 8.546938986588825671e-01 8.753025687653270825e-01 8.459227231559668381e-01 7.833801370137325470e-01 7.524771380200447890e-01 7.322986615184851056e-01
0.000000000000000000e+00 9.786476478570099724e-01 9.885059859098015433e-01 9.898396670571275591e-01 9.880606917266999689e-01 1.000000000000000000e+00 9.815719728638062636e-01 9.658936499055653657e-01 9.828222681938032501e-01 9.666390917224531032e-01 9.253389197104581188e-01 9.059598814052470805e-01 8.849415384209485813e-01
1.000000000000000000e+00 8.816880419522575840e-01 9.029702502338754488e-01 9.151001832343783615e-01 8.910161349819702981e-01 9.193305358768325553e-01 9.263037602778327884e-01 9.522471148289992637e-01 9.248287899115307242e-01 9.388325736256524223e-01 9.069341013997016532e-01 8.879868239412109787e-01 8.920132075382636305e-01
2.000000000000000000e+00 7.782847789267193228e-01 8.031136450838738394e-01 8.118303389475367560e-01 7.733555522611398336e-01 8.151668409720523867e-01 8.180665636522614914e-01 8.651917202181891309e-01 8.281249826401231307e-01 8.798642953496491614e-01 8.921124000002172982e-01 8.778984756035907999e-01 9.047227076873256557e-01
3.000000000000000000e+00 6.525859928915203056e-01 6.757706521622626195e-01 6.960550306614350369e-01 6.372717912825629494e-01 6.717367522506887401e-01 6.516578946583406751e-01 7.262527530347864246e-01 6.953058746168077064e-01 7.534363214297857825e-01 7.883997722319082690e-01 7.681812794412222756e-01 8.187619976388400556e-01
4.000000000000000000e+00 5.692268808759251009e-01 6.301498104052516425e-01 6.317207916807763279e-01 5.837525493420254730e-01 6.034760618687112776e-01 5.624305442660220145e-01 6.243501178740765711e-01 6.271414938969152031e-01 6.456231052360583700e-01 6.740758687997063792e-01 6.141093573347669032e-01 6.709920476472908124e-01
5.000000000000000000e+00 6.254095605536174052e-01 6.841139153845499088e-01 6.823262690906337635e-01 6.493647002694846737e-01 6.375561173228132539e-01 6.365980832619029250e-01 6.606850130696636514e-01 6.756842637381041961e-01 6.827684718643007855e-01 6.855914076753463204e-01 6.429424210503748016e-01 6.875003153179650717e-01
6.000000000000000000e+00 6.041314985754349109e-01 6.631012694896438742e-01 6.581422844248503434e-01 6.566146375070519570e-01 6.386870546209268973e-01 6.435871551718659322e-01 6.552710110109212227e-01 6.589291390709491880e-01 6.385458024336321259e-01 6.052308637698278204e-01 5.878477677741895668e-01 6.039726714860902401e-01
7.000000000000000000e+00 4.838935506837770406e-01 5.395444730930630817e-01 5.252697673216318863e-01 5.561994942382553209e-01 5.367931347798620134e-01 5.588948943928770952e-01 5.091828904502069264e-01 5.023564558923456769e-01 5.174729176039973844e-01 4.597259640020798788e-01 4.461055929447114154e-01 4.944178083831503034e-01
8.000000000000000000e+00 3.588092920484891035e-01 3.782110583640646562e-01 3.910390997123800449e-01 3.942892569568300365e-01 4.073824534966943300e-01 3.844536291890892077e-01 3.661926215779680027e-01 3.452871379063428003e-01 3.580861371364039702e-01 3.058028714987971464e-01 3.098674830464548391e-01 3.746557816444043842e-01
9.000000000000000000e+00 1.855958689588553812e-01 1.985751231755113477e-01 2.881739250422832299e-01 2.336054294935908382e-01 2.325350410625911246e-01 1.841455156058521281e-01 1.864109515266400563e-01 1.875733980942504153e-01 2.002329434745480086e-01 1.600482357614597118e-01 1.541718033714280789e-01 2.031686342398895118e-01
1.000000000000000000e+01 1.622561601836154666e-01 1.882676531341573034e-01 2.186340176195735452e-01 1.415428870620068502e-01 1.427507937936931259e-01 1.128182875134750296e-01 1.271398095346436830e-01 1.321760461538015463e-01 1.820408314253922910e-01 2.050665402935124559e-01 2.194261706039534743e-01 2.241167074305109308e-01
1.100000000000000000e+01 2.430402561218655555e-01 2.160309550381703803e-01 2.250340038990918112e-01 1.710802123586074308e-01 1.251361603018100177e-01 1.891772403585097462e-01 1.242143767110531621e-01 1.895197931508065814e-01 2.070026072306416776e-01 2.699492240232590490e-01 3.072648741134880179e-01 2.274883287845612112e-01
1.200000000000000000e+01 2.680287342367720926e-01 2.339738911382132081e-01 1.653998884161782257e-01 2.355055678799446439e-01 1.331949466618424505e-01 2.413520515584156034e-01 1.984990955868916607e-01 2.374325640390795022e-01 2.095827932710511154e-01 2.291464708455108190e-01 2.403918737159857488e-01 1.647268142717418504e-01
1.300000000000000000e+01 2.402652123416419427e-01 1.624462950133485628e-01 9.575070273055887038e-02 2.210196455231014101e-01 1.742808846719045568e-01 2.179160897780946793e-01 1.842604454637877809e-01 2.126465955443562206e-01 1.425362973972704728e-01 1.302110895541685465e-01 1.393980146880365034e-01 6.369172796630875877e-02
1.400000000000000000e+01 2.040777997857681214e-01 9.973173960416426009e-02 1.167210529406793179e-01 1.654828189342525402e-01 2.157984862343979016e-01 1.185276516377413852e-01 2.017203124152856242e-01 1.533036403670035575e-01 5.066969412523641969e-02 -7.523395226228363208e-02 -7.222085364202372737e-02 -1.245529044101172239e-01
1.500000000000000000e+01 3.506449181989172992e-01 2.542316333455835742e-01 3.018674435462704309e-01 3.070718517300375927e-01 4.500719913340474609e-01 2.497332457171997366e-01 3.555826171286101678e-01 2.780127760880406473e-01 1.930674991085940539e-01 8.756244276410488081e-02 9.942470008791237657e-02 4.440758210080444218e-02
