# # time shift (tau) HDelta HGamma HeII4685 HBeta HeI5875 HAlpha HeI5015 OI8446
-1.000000000000000000e+01 3.468711300898877359e-02 1.924223270713935063e-01 2.793700122210002190e-03 1.755482029229786800e-01 -2.157654431961327501e-01 -1.952276983165981417e-01 -6.092090859893628529e-02 -3.464453673984311394e-02
-9.000000000000000000e+00 -6.560352479300052275e-02 7.093180185672756655e-02 -3.518433381060041831e-02 4.455119155857566182e-02 -2.825034893160252580e-01 -1.922555595115358340e-01 -2.025449926482177920e-01 4.808373332817143103e-03
-8.000000000000000000e+00 -1.394988492494174670e-01 3.017498414473906987e-02 4.674623995076052085e-02 -3.636943821461350451e-03 -3.065502933438729594e-01 -2.175548076867443448e-01 -2.725339397686984966e-01 -2.415115445819080581e-02
-7.000000000000000000e+00 -9.680164128402943269e-02 -7.270767645949784141e-03 1.975509167047062031e-01 -1.009335316408018074e-01 -3.636533783465903946e-01 -2.775475404593701345e-01 -3.591372649944691298e-01 -1.875971170462166215e-01
-6.000000000000000000e+00 2.162690857756582874e-03 8.460453852195443103e-02 3.312108462840388512e-01 2.828971530657083816e-03 -2.420693515809139162e-01 -1.926619484577221930e-01 -3.946643204857240850e-01 -1.274322298306440338e-01
-5.000000000000000000e+00 9.388972471461701219e-02 1.349334164383496626e-01 3.751418752451355365e-01 1.861804811303031104e-01 -9.876291452701074780e-02 -1.126743824635055985e-01 -3.497183582082437625e-01 -1.002905570379236111e-01
-4.000000000000000000e+00 5.809938476760666964e-02 8.799374174210125577e-02 3.022529521559024768e-01 2.069292708757617394e-01 -1.374383559274487965e-01 -1.201894792238038245e-01 -4.320031668888602572e-01 -1.096350636782187082e-01
-3.000000000000000000e+00 9.312150606979587020e-02 1.235660853772376500e-01 3.100171770167822194e-01 2.755274489350691414e-01 1.057938012729264521e-01 1.237634124673861469e-02 -4.749410413943825349e-01 8.269564933883380431e-02
-2.000000000000000000e+00 3.118389867587978426e-01 2.438922496088770653e-01 4.608239464216177805e-01 3.666272843950706406e-01 3.327336303571868381e-01 1.142090958118728156e-01 -4.383409232203316908e-01 3.846647309830674571e-02
-1.000000000000000000e+00 5.598070944503263924e-01 4.470723607085613782e-01 6.850891989079201938e-01 4.926211435043108544e-01 4.800276577371781483e-01 2.552538175431277034e-01 -3.385398179304478505e-01 7.771038664100068938e-02
0.000000000000000000e+00 7.781344978203453833e-01 7.051088678500011531e-01 8.502589943432748987e-01 7.029721335319225606e-01 6.527063099110088640e-01 5.364540805293723791e-01 -5.571289209723306879e-02 3.071586815594575248e-01
1.000000000000000000e+00 8.772299901891542628e-01 8.114527410786362971e-01 8.038204422750769851e-01 8.070886978587249461e-01 7.104869171583096943e-01 6.381058647337340961e-01 9.572461935432419189e-02 3.612220269597512523e-01
2.000000000000000000e+00 8.538389744594487851e-01 8.829443377361431144e-01 6.545293366517563882e-01 8.812743168435910324e-01 7.227945208311792324e-01 6.984429757200105726e-01 1.123410234304880739e-01 5.138701361001825063e-01
3.000000000000000000e+00 6.966281887741077039e-01 7.949041752382604020e-01 3.107132470376785527e-01 8.865223030923783387e-01 7.392595542377664586e-01 7.320490118100828614e-01 1.168468619735138353e-01 5.855298567859776870e-01
4.000000000000000000e+00 5.593459682836174895e-01 5.592130722897759032e-01 2.174581421314953356e-01 7.489098233080803135e-01 6.426811349514385263e-01 6.272127106548545106e-01 1.481501996430566181e-01 4.834146147549693850e-01
5.000000000000000000e+00 5.457968836503821475e-01 4.917701697048341147e-01 3.597125005949742826e-01 6.697031674037023929e-01 5.186738847961345211e-01 6.403069599898922881e-01 1.519197864342668181e-01 4.775276019697175522e-01
6.000000000000000000e+00 6.256273503290412652e-01 4.802311433243337535e-01 5.486312654439734482e-01 5.557144758077638969e-01 3.708738307326782113e-01 5.068343277109728096e-01 5.798414142777288949e-02 3.196443803353186119e-01
7.000000000000000000e+00 6.025638319291244382e-01 5.653269098051736385e-01 5.707025874199114224e-01 4.651773318317621864e-01 3.285816073656098180e-01 3.286441890211651007e-01 1.105848834131309411e-01 2.910660953571678755e-01
8.000000000000000000e+00 5.105346149093789032e-01 6.022807682337550927e-01 4.794696308299870591e-01 4.857754961405437721e-01 2.204469925205360115e-01 1.583007301108813047e-01 1.441522785407901297e-01 3.428853594868108701e-01
9.000000000000000000e+00 3.373367296020993722e-01 3.120436318083721350e-01 5.998460127919055113e-02 3.351492125175319359e-01 1.912174341894067875e-01 5.448319980222506714e-02 -4.236295758965842595e-02 1.506635429380868141e-01
1.000000000000000000e+01 1.035635746784923095e-01 5.352614852818023822e-02 -1.110707355403151020e-01 1.923404270738847677e-01 9.760878459403912744e-02 2.286694608883117485e-01 2.543441154203453236e-02 1.190686682500584626e-01
1.100000000000000000e+01 -2.625192720035762067e-02 -2.520005082000983943e-02 -1.544146453723750922e-01 7.922379177600551159e-02 7.419430092620014905e-02 3.622435078748193482e-01 -1.519424381026648202e-02 1.983832009699735277e-01
1.200000000000000000e+01 -4.163821226642955287e-02 -6.059845879994547879e-02 1.371920044973276576e-01 -1.500341734955896456e-01 -2.823814284149087084e-02 2.318402886173593080e-01 -4.441108058630467703e-02 1.249325698872277672e-02
1.300000000000000000e+01 -2.051996197328517443e-02 7.125011925213833863e-02 3.355585300017742689e-01 -1.174803942652330457e-01 -7.414484482280780248e-03 4.123371497046081358e-02 -2.128982489143085854e-01 6.994710335184305128e-02
1.400000000000000000e+01 5.981077643144245420e-02 8.658850706410717302e-03 4.133273774087417585e-01 -1.450671694067746757e-02 6.515973884201993471e-02 -3.012878853467463314e-01 -2.168263715870225872e-01 -1.583826183790425501e-01
1.500000000000000000e+01 1.598797372744513168e-01 4.759024593671481312e-02 5.563655936204073837e-01 1.729178774631471849e-01 2.056129947837469774e-01 -2.304844931235483230e-01 -1.896320645098125146e-01 -1.911746681989221486e-01
