# time shift (tau) 	 number of simulations: 10000	 FR: True	 RSS: True
2.685210506196988173e-02
4.624180850043277391e-01
8.333180022976357293e+00
-4.447731936724966251e-01
4.050681653406333460e+00
9.925651975704884222e+00
4.531804957123282684e-01
3.204203645490542041e+00
6.114008322292299624e+00
-3.268641038381950043e-03
0.000000000000000000e+00
7.493124017138726778e+00
-4.756867807834324058e-01
8.076456608931477987e+00
0.000000000000000000e+00
0.000000000000000000e+00
5.594459751838257944e+00
7.404811649611289098e-03
-5.074822686419288020e-01
3.579688045776396876e+00
2.288363451213272504e-02
2.452651069039865281e-02
6.788429516924825435e+00
-3.648482781155735766e-01
-4.455613194745932093e-01
4.567611887750080424e-01
8.964022057215130346e+00
-4.523599414548486464e-01
6.699735159653073424e+00
0.000000000000000000e+00
-4.649935984795663391e-01
4.706222316332171474e-01
-4.572756959455814840e-01
3.146001443251898788e+00
0.000000000000000000e+00
-4.624887323617521973e-01
3.271137326106050125e+00
1.011909940362475879e+01
0.000000000000000000e+00
1.503040663387479256e-02
4.453353417432659445e-01
6.524105758645584174e+00
4.004985312127517183e+00
5.479924330921321030e+00
0.000000000000000000e+00
4.754834512428165461e-01
4.724159537782181562e-01
-4.562754942235303646e-01
-4.672145663646816716e-01
5.783097193012620707e+00
5.636894873422630958e+00
-4.505742822457131092e-01
4.589854475379401277e-01
0.000000000000000000e+00
4.608432258773436652e-01
0.000000000000000000e+00
4.804576788484233862e-01
1.052884673951377437e+01
3.272410341473445339e+00
6.763001042741680457e+00
0.000000000000000000e+00
-4.664518367346577321e-01
2.148407407911374634e+00
-1.459289281418501595e-02
4.310460644026909982e+00
6.407364038937110706e+00
8.404439421378258501e+00
0.000000000000000000e+00
6.334098248212483462e+00
1.589555937147559299e-03
-4.710034009936303612e-01
4.522998607387788139e-01
8.338680688119772810e+00
7.354299775408769335e+00
6.309560321807698990e+00
-1.991955094019267312e-03
3.760620406414913464e-02
1.006251250594575453e+01
3.774518543585504649e+00
2.044345927033864641e+00
4.590249519118112076e+00
6.875056156400512819e+00
-9.799956833553018568e-03
2.999104526218747749e-02
8.470940500218674174e+00
0.000000000000000000e+00
0.000000000000000000e+00
4.556059752900104010e-01
0.000000000000000000e+00
6.890600342369443077e+00
6.497251029595084937e+00
-1.923970552949209878e-02
6.673268006328632040e+00
5.493241614544866813e+00
6.750556512964067224e+00
5.245967064064556595e+00
4.545166266216519868e-01
7.331416817269429842e+00
9.732228455467661909e-01
6.721249416449963654e+00
9.771664377465162588e+00
2.518788083591496640e+00
0.000000000000000000e+00
1.866258224527304888e-02
0.000000000000000000e+00
0.000000000000000000e+00
0.000000000000000000e+00
-4.489311871032671264e-01
6.427501838705887316e+00
7.088843301872601366e+00
-8.632455381539108283e-03
-1.215759025690310927e-02
6.785089251606576610e+00
6.952620518664576643e+00
-4.712571199635581243e-01
0.000000000000000000e+00
3.120627648973323343e+00
2.498974355060424365e-03
-4.755339518773902818e-01
9.044219950957904430e+00
9.752961596161645319e-03
-5.817836568144742031e-03
5.202795692220774981e+00
0.000000000000000000e+00
0.000000000000000000e+00
-4.655588497765715261e-01
-4.733475536798320005e-01
0.000000000000000000e+00
4.463730383217101028e-01
1.879247036788411068e-02
9.181673112046423668e+00
6.480348169128353319e+00
5.318747720542450708e+00
4.636664567577067908e-01
7.171323583999714479e+00
0.000000000000000000e+00
6.192224821394145096e+00
-4.551487025980825996e-01
9.538294740636210634e-01
5.632605632202628519e-03
6.295765641065843354e+00
3.399356630791312561e+00
0.000000000000000000e+00
9.365207979141722738e-04
4.452721686832907810e-01
1.104178323688158846e-02
-5.208524063314646027e-03
1.467622528280012424e-03
7.006816353567274724e+00
4.519482582601125897e-01
0.000000000000000000e+00
2.966086205954197474e+00
9.885806016564906151e-03
5.664054524698642012e+00
6.368825506215025460e-03
4.629156206279795294e-01
-5.309035144844396169e-03
-4.520517516253890200e-01
-2.504647503119872276e-02
6.426184457035216901e+00
1.298660221284879922e-02
0.000000000000000000e+00
-4.543538963881472714e-01
6.719629132822869444e+00
0.000000000000000000e+00
0.000000000000000000e+00
0.000000000000000000e+00
7.166921538728757923e+00
-4.637437389374214902e-01
0.000000000000000000e+00
0.000000000000000000e+00
9.793363159700889040e-03
-4.174517731863982596e-03
0.000000000000000000e+00
4.645515391133099747e+00
6.749624260507491869e+00
1.023566508647045303e+01
-4.563280299413901946e-03
3.289293149614098688e+00
0.000000000000000000e+00
0.000000000000000000e+00
-4.679310314304269136e-01
0.000000000000000000e+00
0.000000000000000000e+00
0.000000000000000000e+00
4.528146072627679541e-01
7.564215184176538820e+00
0.000000000000000000e+00
-4.702982472460934260e-01
0.000000000000000000e+00
-1.092793351099427893e-02
0.000000000000000000e+00
7.053999097729449552e+00
1.619011903275122892e-04
4.793555739831157680e+00
8.171476505055897732e+00
0.000000000000000000e+00
-4.630904443349464494e-01
6.248162893989077205e+00
0.000000000000000000e+00
6.867309119173433452e+00
1.050201598862900454e+01
-4.469308125339500060e-01
6.820583801754011688e+00
4.487058362387686961e-01
-4.529410951785936001e-01
0.000000000000000000e+00
1.121378472229706859e-02
0.000000000000000000e+00
6.843131703603812177e+00
3.138044556400521490e+00
2.235367573439138056e+00
0.000000000000000000e+00
4.291721393679163832e+00
1.002907522821673858e+01
4.893114232924676843e-01
3.720601133756061163e+00
5.482975543680338681e+00
0.000000000000000000e+00
0.000000000000000000e+00
-4.637530385175675507e-01
0.000000000000000000e+00
9.119287190625264827e+00
6.838895363400874672e+00
4.833841246404469438e-01
4.371146565002936413e+00
3.393482467312572748e+00
9.502736563233449729e+00
1.015411041909312750e+01
4.595030286351515225e-01
0.000000000000000000e+00
8.397478241714768643e+00
3.066873943938978719e+00
0.000000000000000000e+00
0.000000000000000000e+00
0.000000000000000000e+00
4.595312909146954894e+00
8.093464274611728015e+00
0.000000000000000000e+00
5.471398304534358381e+00
0.000000000000000000e+00
-1.847307549634766288e-02
6.475488508491380912e+00
4.508462682272444400e-01
5.770878374143744161e+00
0.000000000000000000e+00
-4.163273563068018747e-03
-1.285661723701247636e-02
-7.432479074797927049e-03
3.867918958770566462e+00
5.810257203814464866e+00
4.563614369575286767e-01
0.000000000000000000e+00
6.504877340223668369e+00
6.931994216805114739e+00
0.000000000000000000e+00
6.243117132732570518e+00
4.551082453304441944e-01
6.076269753837894250e+00
0.000000000000000000e+00
-4.635243665162044890e-01
7.650990043319276346e+00
-3.356808709937460916e-02
0.000000000000000000e+00
-4.701061226241385893e-01
6.818042257877986678e+00
6.800384832764711618e+00
-4.595821416438648499e-01
4.583429148487775384e-01
4.157041340728150125e+00
0.000000000000000000e+00
-4.483275997474416852e-01
0.000000000000000000e+00
3.186808986312764103e-01
1.020472891379446345e+01
8.598064553058311077e+00
-4.471102106484766692e-01
9.354343357757311850e+00
6.706641857385347016e+00
-4.502344540040255638e-01
0.000000000000000000e+00
6.256314435086348880e+00
4.430652340709289483e+00
-4.533738964904706070e-01
3.428964379191352663e+00
0.000000000000000000e+00
6.067580678441452768e+00
5.764041882973633513e+00
0.000000000000000000e+00
6.722851363912622169e+00
-4.544618919057358819e-01
4.455032189734602355e-01
8.440880646938413889e+00
-1.595443202557842929e-02
-9.419000973021334211e-01
8.818082235457179507e+00
5.599209784836216564e+00
3.411899593471647840e+00
0.000000000000000000e+00
0.000000000000000000e+00
6.569252689911103005e+00
-4.600267532500463830e-01
8.792709481584685349e+00
3.358875902804291158e+00
6.897365129050840871e+00
3.662770730311402478e-04
6.266582658262585426e+00
-2.385978483701946262e-02
0.000000000000000000e+00
0.000000000000000000e+00
0.000000000000000000e+00
6.498439739509455748e+00
0.000000000000000000e+00
9.327275885107505493e-01
4.699416390367705532e-01
-9.217828065761808284e-03
4.726275155605808465e+00
4.143140172226403628e+00
0.000000000000000000e+00
-4.663636713234827758e-01
0.000000000000000000e+00
-4.693608096575722088e-01
-4.465282931332221761e-01
0.000000000000000000e+00
3.211147417325375779e-03
6.427059190369615038e+00
4.655702152657875126e-01
5.264754604980717900e+00
-4.543144293993797711e-01
6.663777710203563132e+00
-3.072085458368399857e-01
5.478303253899693637e+00
6.871234096911218003e+00
4.480070952856964883e-01
-9.378798291554587552e-01
3.517976300146524071e+00
6.619333079791660523e+00
0.000000000000000000e+00
3.579829347240793158e+00
3.663400125498543769e+00
9.328673701555010300e-01
4.639861747741365616e-01
0.000000000000000000e+00
8.656949595378881313e+00
0.000000000000000000e+00
4.576073069722589870e-01
0.000000000000000000e+00
0.000000000000000000e+00
1.668144290667356380e-02
8.622102196418872211e+00
2.369047421511259355e+00
6.302687255723383508e+00
0.000000000000000000e+00
1.567765730689716025e-03
6.707660849816866389e+00
6.922400979632622686e+00
6.948052205263532954e+00
0.000000000000000000e+00
5.412799081923390432e+00
-4.635295760994044834e-01
6.669619513914736508e+00
8.621813956910672871e+00
8.574021631075941841e+00
0.000000000000000000e+00
0.000000000000000000e+00
0.000000000000000000e+00
-4.490360975722261228e-01
3.719712689682664664e+00
4.745128972915383159e+00
0.000000000000000000e+00
-4.467609434986065109e-01
4.728030610436713133e+00
9.235961028111020710e+00
0.000000000000000000e+00
6.705565789020615952e+00
0.000000000000000000e+00
4.301555839324049835e+00
4.541995196720570172e-01
3.633097064675973265e+00
8.406475862850935954e+00
4.578717728814497567e-01
6.712877910220326427e+00
0.000000000000000000e+00
0.000000000000000000e+00
4.515509457316296604e+00
-5.104048122238750984e-02
0.000000000000000000e+00
0.000000000000000000e+00
1.325255091149243558e+00
2.763991266935994506e+00
8.187736051230542600e+00
0.000000000000000000e+00
3.426058048483374030e+00
3.120179613596802515e+00
0.000000000000000000e+00
7.034519009963284830e+00
-9.310122090236627734e-01
0.000000000000000000e+00
6.289530200912896163e+00
0.000000000000000000e+00
0.000000000000000000e+00
0.000000000000000000e+00
4.514769232040634628e-01
0.000000000000000000e+00
6.397617183442292799e+00
4.552153033316886366e-01
0.000000000000000000e+00
5.814490703945359940e+00
4.884247132885124465e+00
4.777191695152933626e-01
4.560000554599231148e-01
4.542113179768756392e-01
1.034414882224837307e+01
4.742879071926724421e+00
-9.234539786661976821e-03
4.566075929619753948e-01
0.000000000000000000e+00
9.843344210533617744e-01
0.000000000000000000e+00
-4.726773722244815845e-01
4.420365113494011400e-01
-4.679887418979237768e-01
9.366799610568463663e-01
6.157602413617432546e+00
0.000000000000000000e+00
9.635449363239876774e+00
1.018065683244965314e+01
9.116381248234352030e-01
4.478159943817896504e+00
3.333977250145044202e+00
-4.667040656682105437e-01
1.459084675767900220e-02
7.145495840169148849e+00
-4.774956114975540955e-01
4.615564732515310964e-01
8.502192917264393301e+00
5.524078486609416139e+00
-9.321107250168834124e-01
3.249347507932543788e+00
9.355162599758367392e+00
1.048054418574982094e+01
4.668409698015230647e-01
5.470732999813741060e+00
4.315700136229197459e-02
8.208300755729469600e+00
6.861757268894352002e+00
-1.943866963034356077e-02
-3.994707783513078841e-02
0.000000000000000000e+00
4.523148762021734770e-01
0.000000000000000000e+00
4.604409173768192476e-01
0.000000000000000000e+00
7.258923386532525335e+00
0.000000000000000000e+00
4.500342714960733348e-01
-1.490071382122246102e-02
0.000000000000000000e+00
4.557610950293020657e-01
-4.525635697552438108e-01
0.000000000000000000e+00
-4.834986877034411212e-01
0.000000000000000000e+00
6.387620148260347895e-04
4.513351995542013162e-01
-4.010029176662757364e-03
4.586610169314543350e-01
0.000000000000000000e+00
0.000000000000000000e+00
5.140316283838442857e+00
5.577627521502418695e+00
1.736019771518357638e-02
4.516803862709961592e-01
3.072593132230070356e+00
-4.453787878820569257e-01
-1.008432735648426282e-02
2.740488944859475140e+00
4.472631821599148960e-01
5.393984819641048922e+00
8.757253677499431177e+00
7.932152568393290970e+00
0.000000000000000000e+00
0.000000000000000000e+00
3.443280035742814604e+00
7.141243516536079916e+00
6.052747549532612403e+00
6.826462829867650406e+00
7.339622778941403247e+00
-4.646129865605144182e-01
5.385609506711293015e+00
5.064923845781130751e-01
1.475312576512683924e-02
0.000000000000000000e+00
8.965551513503706715e+00
0.000000000000000000e+00
8.730340442957279734e+00
-6.330325931986174361e-03
3.351727764353374273e+00
6.339031169368925411e+00
4.583730288270203568e-01
0.000000000000000000e+00
0.000000000000000000e+00
-2.191970486579198837e-02
1.037652514997142106e+01
1.459897605568278411e+00
0.000000000000000000e+00
7.038953929852464597e+00
5.615338764197668198e+00
-3.843454629694893765e-02
-8.092279628067744479e-03
5.800535961854866862e+00
6.747077480294373153e+00
4.634083123991367681e-01
4.637740570265940776e-01
0.000000000000000000e+00
-4.534699597075113053e-01
-2.513416875812575155e-02
8.537573969378737360e+00
-3.280615948976709495e-01
6.824213461701282846e+00
7.509197608176903377e-03
0.000000000000000000e+00
6.669761116568350801e+00
5.917171598815930800e+00
1.902067060256018571e-02
4.299224185421508804e-03
0.000000000000000000e+00
0.000000000000000000e+00
1.043830723717897868e-02
5.463965914050135986e+00
8.698923074726497617e+00
5.276155404563777074e-01
5.156532952652905344e+00
6.833320371431829798e+00
0.000000000000000000e+00
-4.514671988721182805e-01
4.535679678446554175e-01
0.000000000000000000e+00
6.728399240425642525e+00
4.670394488269193900e-01
4.507137753952901171e-01
6.381905784729806186e+00
0.000000000000000000e+00
0.000000000000000000e+00
0.000000000000000000e+00
6.822358725078010444e+00
1.019924962369810295e+01
0.000000000000000000e+00
2.179615898620544667e-02
9.149247366714996943e+00
-4.629606605900839500e-01
4.568955547901131231e-01
1.735207310350186244e-02
0.000000000000000000e+00
4.571789549995233792e-01
0.000000000000000000e+00
-4.604989790972446317e-01
0.000000000000000000e+00
4.375467783261904664e+00
4.648864684067465225e-01
-9.855998684222608830e-01
0.000000000000000000e+00
4.513065747166968844e-01
2.781547484479070589e-02
9.046495625080190450e+00
7.243632821452898440e+00
0.000000000000000000e+00
4.602756536255614428e-01
0.000000000000000000e+00
0.000000000000000000e+00
1.227062699278941516e+00
8.251178566639330469e+00
5.174033936802276301e+00
4.412630245699602050e+00
1.243433139663671638e-03
0.000000000000000000e+00
7.062098138934615577e+00
6.681094130634170902e+00
0.000000000000000000e+00
4.745463928522383412e+00
0.000000000000000000e+00
0.000000000000000000e+00
7.140662769452022829e+00
3.524096853033194865e+00
4.591533994711378130e-01
3.937284996151919625e+00
-6.497980728413768094e-03
0.000000000000000000e+00
7.129609801108469647e+00
5.620146251028037242e-03
0.000000000000000000e+00
6.661013946922198947e+00
6.929680730335897820e+00
9.110241143862614355e-03
3.797700658632103821e+00
4.230058127341968621e+00
4.750768579722730034e-01
2.829263478886174354e+00
7.101245238163635065e+00
0.000000000000000000e+00
3.399571780179470704e+00
6.666219924297291044e+00
9.282932023629685281e-01
0.000000000000000000e+00
4.648282001204284142e-01
0.000000000000000000e+00
0.000000000000000000e+00
-2.574479951731727893e-03
0.000000000000000000e+00
5.448213962609340655e+00
2.265269816945475689e+00
6.152197561774212176e+00
3.873710149513904799e+00
9.023758159815336022e-01
4.933879820113991954e+00
0.000000000000000000e+00
-4.604773610995437361e-01
-1.416061479414864634e-02
5.714826534205296404e+00
8.916931966540911247e+00
-4.497683931682229797e-01
0.000000000000000000e+00
6.821610561355378799e+00
0.000000000000000000e+00
6.925418903050925223e+00
6.173323096570584312e+00
-2.723154547734649267e+00
4.537307275489765868e-01
0.000000000000000000e+00
4.926818826160860532e+00
6.744731864065569127e+00
8.609661018024793222e+00
4.281873396027889633e+00
-2.123255355102529954e-02
1.010993946882935468e+01
4.640196678018673748e-01
7.004618908912997988e+00
-4.605000124218690538e-01
5.579802113520701212e+00
2.462526840076800116e+00
4.705935478429122409e-01
-4.552225692359890830e-01
9.451752181940086261e-01
-4.462055916547009726e-01
-4.511592083359485805e-01
1.003180946977854683e-02
0.000000000000000000e+00
0.000000000000000000e+00
3.360833827656829753e-02
2.040519154825290102e-02
4.474247984221083607e-01
-1.355860028945827730e-02
6.745575398172857007e+00
1.401310635367463853e+01
-4.594538732202245179e-01
4.447728863865854643e-01
0.000000000000000000e+00
6.775294034323492198e+00
4.451754624616671152e-01
6.790046542922645756e+00
-4.555683017817863112e-01
9.871199164024867245e-04
0.000000000000000000e+00
-4.687148358367421719e-01
5.111249794056349494e-01
9.312175080375025615e+00
5.002840816295518467e-01
-4.523930853121824747e-01
0.000000000000000000e+00
-4.557909521845657785e-01
6.991249160594012579e+00
6.694901946771126156e+00
-4.626862185947639983e-01
2.050544613869510702e+00
9.400812879748524864e+00
9.988755857759727519e+00
-4.589340760498720750e-01
-4.592701649213452586e-01
4.151562122125947774e+00
3.326698984330461961e+00
-1.089020558342049597e-02
-2.665220734479331957e-02
0.000000000000000000e+00
4.946691885519975074e+00
5.829310059817506939e+00
0.000000000000000000e+00
6.311386059546311884e-03
0.000000000000000000e+00
6.517151138356107154e+00
6.675495687730601091e+00
4.461521691430282432e-01
7.098131425898757563e+00
4.535997092695372435e-01
-4.462571317684985717e-01
6.711003983422413555e+00
0.000000000000000000e+00
6.779427540894877424e+00
3.395479211709385936e+00
-3.720181115267942595e-02
5.213953564320189749e+00
4.449675843164840328e-01
-4.988770861325541039e-01
0.000000000000000000e+00
7.001571876528983829e+00
8.247289418019983387e+00
6.996487551594053222e+00
1.065524551436033462e+01
5.333941955472454310e+00
-4.478601978424939789e-01
0.000000000000000000e+00
0.000000000000000000e+00
-4.605928606570600659e-01
-4.647426598939885523e-01
-4.591239698820772097e-01
0.000000000000000000e+00
0.000000000000000000e+00
0.000000000000000000e+00
0.000000000000000000e+00
6.183252163707408045e+00
8.055835229773368411e+00
8.982204048756708303e+00
0.000000000000000000e+00
6.987196383712028336e+00
0.000000000000000000e+00
6.817638704546885364e+00
0.000000000000000000e+00
4.444584131417733154e-03
8.327138913611799254e+00
5.243139734924289787e-03
4.288008510435747378e-01
6.665970745927361385e+00
-4.575207414676528694e-01
1.358124667543748193e-03
-4.592357749757517427e-01
5.202652114395247551e+00
0.000000000000000000e+00
0.000000000000000000e+00
8.564362027543781508e+00
1.390061510918723202e-02
4.490025148911971353e-01
5.762930958694316708e+00
6.183506853158609928e+00
4.525439599790921363e-01
3.397435612089384271e+00
6.709320725343528302e+00
0.000000000000000000e+00
6.697229688291930216e+00
0.000000000000000000e+00
4.477167431714662582e-01
0.000000000000000000e+00
8.822130618705017469e+00
-1.085707422423076940e+00
9.555394167090640600e-01
4.647241583983422464e-01
4.706190330606364602e-01
0.000000000000000000e+00
0.000000000000000000e+00
3.528111743540392364e+00
7.248017186060605965e+00
8.994940905793147312e-01
8.522831298478202200e+00
6.504878508212794230e+00
0.000000000000000000e+00
0.000000000000000000e+00
-4.526588878023228291e-01
1.048861708313924623e+01
6.943268427561947398e+00
6.783696275260960640e+00
6.696509589716804101e+00
9.313098123841179188e-01
6.621059542355075322e+00
4.547411208364235402e-01
1.095443895704608685e-02
8.403199674673535569e+00
1.136903871527783667e-02
7.336693382390615525e+00
4.572981729939265549e-01
4.870555969731333867e+00
4.503428016538282841e-01
0.000000000000000000e+00
5.863958403030727240e+00
0.000000000000000000e+00
0.000000000000000000e+00
0.000000000000000000e+00
4.666989650858992533e-01
8.922977587075477501e+00
6.951837731674888943e+00
6.446893483870013597e+00
0.000000000000000000e+00
4.645446193856948569e-01
0.000000000000000000e+00
-4.521729009825854462e-01
6.950586973156780424e+00
3.135867395052767126e+00
0.000000000000000000e+00
6.778927622845799306e+00
0.000000000000000000e+00
0.000000000000000000e+00
0.000000000000000000e+00
8.401267786001159976e+00
0.000000000000000000e+00
1.018481920128181706e+01
4.458495558167679951e-01
-4.448235501636831901e-01
-8.494900865767040848e-04
1.079476270004746397e+01
6.202010108902228369e-03
8.390592190418711738e+00
-4.530360980998746068e-01
4.628927298618954467e+00
6.834058980406681805e+00
9.610687848950308920e-01
0.000000000000000000e+00
0.000000000000000000e+00
0.000000000000000000e+00
0.000000000000000000e+00
6.415263906678345229e+00
-4.615662258989279287e-01
4.845407784972571186e+00
2.499570720236372889e-02
9.411211334308737797e-01
0.000000000000000000e+00
0.000000000000000000e+00
1.038474152098358161e+01
3.360932522846322268e+00
4.271812002291793142e+00
6.924948103061803195e+00
4.587245835771913138e-01
4.330351883811799141e+00
4.571023469012019391e-01
-3.512519198407231674e-02
0.000000000000000000e+00
4.751742932637127659e+00
3.061353691414822276e+00
1.348900198102514006e-02
2.384871088441929178e-04
4.742658524019525146e-01
0.000000000000000000e+00
0.000000000000000000e+00
-4.694131777200065414e-03
4.043853014569755914e-04
3.488569602933262015e+00
5.325500966759256549e+00
-4.456074038595921327e-01
0.000000000000000000e+00
0.000000000000000000e+00
9.320890199879721116e-01
8.353862889888434395e+00
3.349201144968381616e+00
5.278058800382729565e+00
9.345205624685407386e+00
4.392089529463246933e+00
0.000000000000000000e+00
9.100493678327689295e+00
6.551819707484901834e+00
4.576626593134217047e-01
0.000000000000000000e+00
9.103025132131859973e-03
6.805889015698481259e+00
0.000000000000000000e+00
0.000000000000000000e+00
6.286001317615217410e+00
5.937587247184620054e+00
4.583990039847890552e-01
-9.269473919088925262e-01
4.528197035894800937e-01
4.309084557658409587e+00
6.619764452802805899e+00
-1.528802374068884487e-03
8.811823295726791017e+00
3.668632597789329264e+00
1.015541328950195066e+01
4.280563482512995677e+00
7.838752138491174470e+00
0.000000000000000000e+00
6.439399999950483178e+00
6.969780818894509622e+00
0.000000000000000000e+00
6.763887299858979851e+00
0.000000000000000000e+00
0.000000000000000000e+00
-4.503470507583010041e-01
9.316659403762386660e+00
7.916192399333051632e+00
4.661399301185454869e-01
4.591677355636097912e-01
5.242999014678719760e+00
0.000000000000000000e+00
7.274795344157232613e+00
8.262717724755693993e+00
0.000000000000000000e+00
-1.658940712115241495e-02
0.000000000000000000e+00
0.000000000000000000e+00
0.000000000000000000e+00
0.000000000000000000e+00
3.514673055348858544e+00
0.000000000000000000e+00
3.679198428590000791e+00
8.068903223006541836e+00
2.721023740540142160e-03
5.874290596693943378e+00
4.512715001329540843e-01
0.000000000000000000e+00
4.857452160114517636e-01
1.025023765149360422e+01
7.992494399505617686e+00
5.681263963909888304e+00
4.503836487821425649e+00
0.000000000000000000e+00
4.600375451606987243e-01
4.635842252678380460e-01
0.000000000000000000e+00
6.779244582045278911e+00
-2.569519833862279543e-02
0.000000000000000000e+00
2.876355422747754482e-03
6.286818770147320379e+00
0.000000000000000000e+00
6.899490370736784506e+00
-4.660454983420812547e-01
0.000000000000000000e+00
6.786776036733162876e+00
7.296054095815023288e+00
2.722203875798351547e+00
1.267716661174368622e-03
6.437593527923310965e+00
0.000000000000000000e+00
4.455449735494852459e-01
4.839975884310272036e+00
1.025375826110211719e+01
0.000000000000000000e+00
6.619394166915028244e+00
5.810505559812477294e+00
-4.636053570600816021e-01
9.862406036831138367e-01
0.000000000000000000e+00
0.000000000000000000e+00
4.475611242739420348e+00
-4.661267686990192560e-01
6.884290834167713591e+00
-3.167089124102086956e-02
-4.706974573200637391e-01
6.777066109687890361e+00
-6.916893140736592865e-03
1.161441830784305795e-02
4.470292738288608736e-01
0.000000000000000000e+00
7.097339998470377331e+00
-1.957434742794522675e-02
8.706183634642323810e+00
7.149690156972810406e+00
8.953491172483986071e-01
-4.567882170661426433e-01
1.026736215020080323e+01
4.796644838083045315e+00
0.000000000000000000e+00
4.455864879639744314e-01
6.806160812733562437e+00
0.000000000000000000e+00
4.474699475460145459e-01
0.000000000000000000e+00
-1.042435859245694450e-02
1.402823155306347214e-02
4.301055914317958973e+00
9.116997198207739572e+00
0.000000000000000000e+00
4.598473424246324326e-03
6.778734497777082701e+00
0.000000000000000000e+00
4.476267236661874427e-01
6.341257382666538156e+00
0.000000000000000000e+00
4.547257205044357598e+00
1.012566483791754735e+01
6.413555465648271614e+00
4.929292274714827116e-01
4.500796380605575076e-01
0.000000000000000000e+00
3.187290910319520609e+00
2.098383446425600846e-02
9.151843895714714350e+00
2.001551885282061571e-02
7.304042651726041058e+00
2.226649085081034568e-02
9.610077682185236725e+00
0.000000000000000000e+00
0.000000000000000000e+00
0.000000000000000000e+00
0.000000000000000000e+00
0.000000000000000000e+00
0.000000000000000000e+00
4.531914796924789157e-01
9.701658830603980377e+00
-9.715525999866709422e-03
7.383390265922248119e+00
4.881201505886239578e-01
4.556095222679805157e-01
8.614425249402023255e+00
6.808690621787572894e+00
