# time shift (tau) 	 correlation coefficient 	 number of simulations: 10000	 FR: True	 RSS: True
-1.000000000000000000e+01 9.600000000000000000e+01
-9.000000000000000000e+00 3.610000000000000000e+02
-8.000000000000000000e+00 4.000000000000000000e+02
-7.000000000000000000e+00 2.020000000000000000e+02
-6.000000000000000000e+00 1.940000000000000000e+02
-5.000000000000000000e+00 2.680000000000000000e+02
-4.000000000000000000e+00 4.370000000000000000e+02
-3.000000000000000000e+00 3.950000000000000000e+02
-2.000000000000000000e+00 5.310000000000000000e+02
-1.000000000000000000e+00 5.800000000000000000e+02
0.000000000000000000e+00 7.620000000000000000e+02
1.000000000000000000e+00 5.880000000000000000e+02
2.000000000000000000e+00 5.780000000000000000e+02
3.000000000000000000e+00 4.620000000000000000e+02
4.000000000000000000e+00 4.790000000000000000e+02
5.000000000000000000e+00 6.060000000000000000e+02
6.000000000000000000e+00 3.710000000000000000e+02
7.000000000000000000e+00 4.010000000000000000e+02
8.000000000000000000e+00 2.990000000000000000e+02
9.000000000000000000e+00 1.590000000000000000e+02
1.000000000000000000e+01 2.480000000000000000e+02
1.100000000000000000e+01 9.400000000000000000e+01
1.200000000000000000e+01 4.800000000000000000e+01
1.300000000000000000e+01 1.290000000000000000e+02
1.400000000000000000e+01 5.100000000000000000e+02
1.500000000000000000e+01 8.020000000000000000e+02
