# time shift (tau) 	 correlation coefficient 	 number of simulations: 20000	 FR: True	 RSS: True
-1.000000000000000000e+01 1.800000000000000000e+01
-9.000000000000000000e+00 1.500000000000000000e+01
-8.000000000000000000e+00 2.100000000000000000e+01
-7.000000000000000000e+00 2.000000000000000000e+00
-6.000000000000000000e+00 7.000000000000000000e+00
-5.000000000000000000e+00 2.600000000000000000e+01
-4.000000000000000000e+00 5.700000000000000000e+01
-3.000000000000000000e+00 6.100000000000000000e+01
-2.000000000000000000e+00 9.900000000000000000e+01
-1.000000000000000000e+00 1.620000000000000000e+02
0.000000000000000000e+00 1.300000000000000000e+03
1.000000000000000000e+00 4.574000000000000000e+03
2.000000000000000000e+00 2.597000000000000000e+03
3.000000000000000000e+00 3.990000000000000000e+02
4.000000000000000000e+00 1.516000000000000000e+03
5.000000000000000000e+00 1.380000000000000000e+03
6.000000000000000000e+00 1.509000000000000000e+03
7.000000000000000000e+00 8.760000000000000000e+02
8.000000000000000000e+00 1.309000000000000000e+03
9.000000000000000000e+00 6.180000000000000000e+02
1.000000000000000000e+01 4.580000000000000000e+02
1.100000000000000000e+01 2.410000000000000000e+02
1.200000000000000000e+01 9.000000000000000000e+01
1.300000000000000000e+01 2.140000000000000000e+02
1.400000000000000000e+01 7.840000000000000000e+02
1.500000000000000000e+01 1.667000000000000000e+03
