# time shift (tau) 	 correlation coefficient 	 number of simulations: 10000	 FR: True	 RSS: True
-1.000000000000000000e+01 7.190000000000000000e+02
-9.000000000000000000e+00 3.140000000000000000e+02
-8.000000000000000000e+00 1.393000000000000000e+03
-7.000000000000000000e+00 3.720000000000000000e+02
-6.000000000000000000e+00 1.290000000000000000e+02
-5.000000000000000000e+00 7.000000000000000000e+00
-4.000000000000000000e+00 0.000000000000000000e+00
-3.000000000000000000e+00 2.300000000000000000e+01
-2.000000000000000000e+00 9.900000000000000000e+01
-1.000000000000000000e+00 3.400000000000000000e+01
0.000000000000000000e+00 1.301000000000000000e+03
1.000000000000000000e+00 6.130000000000000000e+02
2.000000000000000000e+00 3.370000000000000000e+02
3.000000000000000000e+00 6.900000000000000000e+01
4.000000000000000000e+00 3.400000000000000000e+01
5.000000000000000000e+00 8.420000000000000000e+02
6.000000000000000000e+00 1.470000000000000000e+02
7.000000000000000000e+00 1.820000000000000000e+02
8.000000000000000000e+00 1.220000000000000000e+02
9.000000000000000000e+00 1.200000000000000000e+01
1.000000000000000000e+01 1.640000000000000000e+02
1.100000000000000000e+01 1.500000000000000000e+01
1.200000000000000000e+01 1.100000000000000000e+01
1.300000000000000000e+01 2.920000000000000000e+02
1.400000000000000000e+01 1.048000000000000000e+03
1.500000000000000000e+01 1.721000000000000000e+03
