# time shift (tau) 	 correlation coefficient 	 number of simulations: 20000	 FR: True	 RSS: True
-1.000000000000000000e+01 1.050000000000000000e+02
-9.000000000000000000e+00 6.000000000000000000e+00
-8.000000000000000000e+00 9.500000000000000000e+01
-7.000000000000000000e+00 1.600000000000000000e+01
-6.000000000000000000e+00 0.000000000000000000e+00
-5.000000000000000000e+00 0.000000000000000000e+00
-4.000000000000000000e+00 0.000000000000000000e+00
-3.000000000000000000e+00 4.000000000000000000e+00
-2.000000000000000000e+00 1.000000000000000000e+00
-1.000000000000000000e+00 1.000000000000000000e+00
0.000000000000000000e+00 2.544000000000000000e+03
1.000000000000000000e+00 2.099000000000000000e+03
2.000000000000000000e+00 2.860000000000000000e+03
3.000000000000000000e+00 1.770000000000000000e+02
4.000000000000000000e+00 8.000000000000000000e+00
5.000000000000000000e+00 1.160000000000000000e+02
6.000000000000000000e+00 3.000000000000000000e+00
7.000000000000000000e+00 1.000000000000000000e+01
8.000000000000000000e+00 1.900000000000000000e+01
9.000000000000000000e+00 6.300000000000000000e+01
1.000000000000000000e+01 9.200000000000000000e+01
1.100000000000000000e+01 2.210000000000000000e+02
1.200000000000000000e+01 1.270000000000000000e+02
1.300000000000000000e+01 2.810000000000000000e+02
1.400000000000000000e+01 1.750000000000000000e+03
1.500000000000000000e+01 3.133000000000000000e+03
1.600000000000000000e+01 3.668000000000000000e+03
1.700000000000000000e+01 2.219000000000000000e+03
1.800000000000000000e+01 3.790000000000000000e+02
1.900000000000000000e+01 3.000000000000000000e+00
2.000000000000000000e+01 0.000000000000000000e+00
