# # time shift (tau) HDelta HGamma HeII4685 HBeta HeI5875 HAlpha HeI5015 OI8446 HeI4471 HeI7065 OIII5007
-1.000000000000000000e+01 8.919227294231482639e-02 -6.019572197389430612e-02 4.986163030120369100e-02 1.322512409616140028e-01 -3.193059504219928346e-01 -1.703328054994610596e-01 -4.173925102513800084e-02 9.146338673688809984e-02 3.314243232793058214e-01 6.447300867231331445e-02 -1.315717050672058630e-01
-9.000000000000000000e+00 -5.947683151021895820e-02 -9.707106867472331535e-02 -1.253258619718001787e-01 6.765933047800759548e-02 -3.080359803799209706e-01 -1.152141649904259713e-01 -1.072356387036310504e-01 1.692306780844423097e-01 2.599405455010477817e-01 8.543254202300629152e-02 -2.061658044956849456e-01
-8.000000000000000000e+00 -2.287034424944357769e-01 -1.666033517953553478e-01 -7.656766885943408485e-02 -3.005146634267001279e-02 -2.741071827404714667e-01 -1.466579046920377383e-01 -1.935502412294317631e-01 1.051795580136180713e-01 -5.408001531889190805e-02 -5.737985181099201221e-02 -3.487411620230791431e-01
-7.000000000000000000e+00 -1.913156329702702385e-01 -1.578531851203456293e-01 9.625003080880714657e-02 -1.857134676379854077e-01 -3.755954395957095127e-01 -2.332877402573617365e-01 -3.082989956156352296e-01 -2.156335634099328935e-01 -2.453118367386170062e-01 -7.853361561671638735e-02 -4.984365897498606590e-01
-6.000000000000000000e+00 -1.034345692726356819e-01 5.390818039888817248e-02 2.668606262748922653e-01 -2.301808152388220771e-02 -3.020443076786311076e-01 -1.658814542335452780e-01 -3.465079647665644247e-01 -2.302921479447222475e-01 -2.691849543314029369e-01 4.114398371543947358e-02 -5.092117702983458560e-01
-5.000000000000000000e+00 -4.100442892078143275e-02 1.819083353930089353e-01 4.036536410613736914e-01 2.053065586871028192e-01 -2.125608671995586063e-01 -3.940052698725361735e-02 -3.581012731751114231e-01 -1.784002959178865311e-01 -1.252345676066018709e-01 6.650875261161307006e-02 -4.527427425335840416e-01
-4.000000000000000000e+00 7.817694528305128843e-03 2.294390583952628515e-01 3.337750040689824726e-01 1.778889194429541520e-01 -2.172192136067078727e-01 -9.566724820218658332e-02 -4.551324176529527588e-01 -2.411930583292425379e-01 -1.022719668849440267e-01 1.190304877705065101e-01 -5.255179591981766762e-01
-3.000000000000000000e+00 9.303935079910664874e-02 3.420486090027676229e-01 4.102247366283090502e-01 2.475371270768420839e-01 1.387537989490587320e-01 2.817683416111255168e-02 -5.443876368145491584e-01 -1.250586821477604749e-01 -8.472304350081917568e-02 6.774191496572604110e-02 -6.272912933000220903e-01
-2.000000000000000000e+00 3.906151310188066272e-01 4.594245251310603573e-01 5.731149100640612337e-01 4.491953649797601478e-01 4.017291489482208711e-01 2.594983715740586394e-01 -3.559627521601675948e-01 -1.059613493347699165e-01 -2.675116280680835124e-02 8.197422584710065130e-02 -5.477885186162155806e-01
-1.000000000000000000e+00 6.730448142696869862e-01 6.132730648426917286e-01 7.074619988496828604e-01 5.819380552157640274e-01 3.977374770364080492e-01 4.434580906031896919e-01 -1.760040203359783395e-01 7.223911116846581937e-02 4.738343085011337968e-02 1.899011517251297243e-01 -4.980357541130363552e-01
0.000000000000000000e+00 7.954541643452235355e-01 8.075823004436225583e-01 8.208760528200637063e-01 7.535506988427366215e-01 5.068564221950592197e-01 7.445922587735426257e-01 1.301328109633785035e-01 4.290963866723502829e-01 3.091874451133944657e-01 3.225478359662533046e-01 -2.325316855482100209e-01
1.000000000000000000e+00 8.379175677103549713e-01 8.345103733620211628e-01 7.027522697789813089e-01 8.310322689942126750e-01 4.696119708491520717e-01 7.847231704552378728e-01 2.813891927430124396e-01 4.790243669302028939e-01 3.582212717624582154e-01 5.513957210967556088e-01 -1.063423560213949265e-01
2.000000000000000000e+00 7.064517878494185332e-01 7.581209316555841404e-01 5.373536133072962517e-01 8.414358741700869171e-01 4.064607217823354435e-01 7.271769781036372393e-01 2.959802648008638126e-01 5.347122536396851089e-01 5.052478725268028104e-01 6.021537589664671675e-01 -8.115361104351201393e-02
3.000000000000000000e+00 5.210894229827184310e-01 5.761923430667199586e-01 2.431569185252722698e-01 8.337732049352853947e-01 5.770403604162510636e-01 7.297828281104384862e-01 2.640013908463334502e-01 6.259551731508405936e-01 4.344478427352810312e-01 4.969771346093176945e-01 -9.421047314208438883e-03
4.000000000000000000e+00 4.740751542565678212e-01 3.033973228521281706e-01 1.791576625304613091e-01 6.365107762407657965e-01 4.461634963459564784e-01 5.549614506943092440e-01 1.960405146160764112e-01 4.936352569313954275e-01 2.159374581359983780e-01 1.987652106137303976e-01 -3.950527820187919870e-02
5.000000000000000000e+00 4.622958360743872896e-01 4.072736132749045224e-01 4.056399670717785177e-01 5.871925211499863240e-01 2.435327223599318691e-01 5.900637619785205068e-01 2.308295911479667506e-01 4.870365785801875069e-01 2.767281249612411620e-01 -2.820770924286300149e-02 -2.204371723042428122e-03
6.000000000000000000e+00 5.335697979612014086e-01 5.064564275452889675e-01 5.184254192568172881e-01 4.807148314889079233e-01 1.245201023933929785e-01 4.054512502435156374e-01 1.316303099297262691e-01 3.310458335947730202e-01 2.256641472304798113e-01 -1.063615801431650743e-01 -5.067697568778851969e-02
7.000000000000000000e+00 5.241745546862304206e-01 5.231446637540098088e-01 4.778120719174224762e-01 3.429054771202758589e-01 3.617578360717249586e-02 1.791411822462107284e-01 9.475279163425782969e-02 2.332333076839729347e-01 4.590422764959391499e-01 -2.335603586272591570e-01 -1.082178149207482232e-01
8.000000000000000000e+00 3.087910078665210278e-01 4.703410711857459736e-01 2.550641235133730422e-01 3.593167036264579561e-01 -6.517133962505823608e-02 9.277677976136265714e-02 4.292702532794608755e-02 3.495088128028759344e-01 7.293307781384713584e-01 -2.813401118475625934e-02 -5.002257355893445501e-02
9.000000000000000000e+00 5.376836694459204841e-02 -9.866742828936853060e-02 -2.395417157842485434e-01 9.846821891398518933e-02 -7.757880822174065272e-02 -9.712487831655103321e-02 -2.256007604626197871e-01 1.805724931408042577e-02 4.398936238366264462e-01 -2.356477581489876960e-01 -2.691267483422949414e-01
1.000000000000000000e+01 -2.476028349426820929e-01 -3.455737092797331877e-01 -3.445810556436150751e-01 -1.824570778560930806e-01 -5.380466186530627470e-02 -2.859066236451380735e-02 -9.126332929931228743e-02 -1.970052928356633704e-01 -6.478639775489361541e-02 -1.210695244136599305e-02 -2.148707264985747212e-01
1.100000000000000000e+01 -3.301899795583873587e-01 -2.371826285709858484e-01 -1.628147709037112145e-01 -2.141927666608726966e-01 -1.119218090370944080e-01 4.700931126983867725e-02 -1.511945600464575379e-01 -1.574334449301790506e-01 -6.659268494439489761e-01 2.061405467503917288e-01 -5.312753579925504344e-01
1.200000000000000000e+01 -1.321500629092930978e-01 -2.028788167942685919e-02 2.052116456704489167e-01 -2.414991874236286362e-01 -1.092045977304838267e-02 -2.578873727064175114e-03 -8.078397355795621793e-02 -2.604897269387662084e-01 -7.787342054199732910e-01 -3.661135853092629261e-02 -4.868473063428713221e-01
1.300000000000000000e+01 -2.115726430579648043e-02 2.668423504238214283e-01 4.368241075206046320e-01 -5.854630489771978086e-02 4.431072107744944005e-02 -5.132923991348693066e-02 -2.932549289807337978e-01 -6.157406046334666649e-02 -3.790822385072873946e-01 2.342474564832099371e-01 -3.870539062414131148e-01
1.400000000000000000e+01 1.498771430174787589e-01 1.483828306377401596e-01 4.576841984119375817e-01 1.686584461498270848e-01 2.301871766397248220e-01 -1.299470756427524853e-01 -3.538608559212824689e-01 -1.181717426626906903e-01 7.523224519279110567e-02 -3.000608780539457815e-02 3.604325179305253868e-02
1.500000000000000000e+01 3.161158962040555576e-01 1.613035852591503949e-01 5.493843373544291531e-01 3.655910563261756119e-01 4.161357165795165902e-01 8.137482693115827281e-02 -1.456855868412886279e-01 -1.426223155287877353e-01 4.718761878205515736e-01 4.112441073897622479e-01 2.163042569747162802e-01
