# # time shift (tau) Cont4010 Cont4200 Cont4440 Cont4765 Cont5100 Cont5600 Cont6045 Cont6110 Cont6880 Cont7390 Cont8015 Cont8900
-1.000000000000000000e+01 -1.142690367591672196e-01 1.504117059869353179e-02 4.696077301958655886e-02 3.870617878294039388e-02 1.271398095346436830e-01 4.097614727344932317e-02 1.102325510247922635e-01 -3.978553324317598422e-02 -4.525912645549338281e-02 -6.196247999313895388e-02 -8.768296688827423302e-02 -9.354568767709318944e-02
-9.000000000000000000e+00 2.570725417930485451e-02 1.319310923744869968e-01 1.442365862327602000e-01 1.387423600877105700e-01 1.864109515266400563e-01 1.092097096764867020e-01 1.193149740511708357e-01 -4.628651799045709059e-03 1.913685120101939890e-02 -7.488782754674905284e-03 -7.092542476443919330e-02 -5.491823631838103209e-02
-8.000000000000000000e+00 2.821717920466824125e-01 3.318556399588350470e-01 3.435446089966592287e-01 3.214007525327000625e-01 3.661926215779680027e-01 2.882079674457917462e-01 2.282184392389254302e-01 1.888058458226955783e-01 1.483631309658489661e-01 1.120277082138239344e-01 4.135632169167677979e-02 -2.854945107859774289e-03
-7.000000000000000000e+00 4.581176570019614425e-01 4.833846401207763099e-01 5.184438440818790461e-01 4.808977191533460038e-01 5.091828904502069264e-01 4.737961759912985293e-01 4.442331005269110622e-01 3.720479394827974629e-01 3.121384513172964503e-01 1.946622835487566705e-01 1.575351711965173873e-01 7.122970017925865649e-02
-6.000000000000000000e+00 6.200112644848088106e-01 6.376356322548004663e-01 6.397773031991433879e-01 6.182544209127197599e-01 6.552710110109212227e-01 6.416450844353094318e-01 5.841734360394910119e-01 5.369715993849573099e-01 5.101032420601656625e-01 4.212287530035971894e-01 3.866582694014404353e-01 3.007147567288950274e-01
-5.000000000000000000e+00 6.770063829959862556e-01 6.465364387280977398e-01 6.606321248589803741e-01 6.201598280382077943e-01 6.606850130696636514e-01 6.803453819445679507e-01 6.244136559551221044e-01 5.642212618754846032e-01 5.559785977434968940e-01 4.591858731297139284e-01 4.524725424703993637e-01 3.759777264450285816e-01
-4.000000000000000000e+00 6.622847314527686713e-01 6.188584317282119773e-01 6.304746258436848549e-01 5.829528074418032224e-01 6.243501178740765711e-01 6.445687630507003218e-01 6.075766586842266115e-01 5.515939976681014656e-01 5.307694165819004661e-01 4.426171277310111396e-01 4.423626117188228513e-01 3.775055471766385340e-01
-3.000000000000000000e+00 7.721204183629972739e-01 7.212053837651652977e-01 7.363075542393368034e-01 7.131504324884498924e-01 7.262527530347864246e-01 7.084587684800579543e-01 6.569136893607233629e-01 6.585412188123488386e-01 6.487439807841244299e-01 5.923656307885217798e-01 5.890341051452299137e-01 5.429177864782647189e-01
-2.000000000000000000e+00 8.716698476809175977e-01 8.628736697450998250e-01 8.648090038745916974e-01 8.482247165959095891e-01 8.651917202181891309e-01 8.224721489770867588e-01 7.821118348687894350e-01 8.075218826411576512e-01 7.849328655561131907e-01 7.260611091952016150e-01 6.986192996480411477e-01 6.571275213619776068e-01
-1.000000000000000000e+00 9.417953811017308885e-01 9.482241311166870190e-01 9.587806298321354115e-01 9.450473451323460061e-01 9.522471148289992637e-01 9.321295927616906063e-01 9.022654567962065109e-01 9.343356517731258304e-01 9.060543432729470936e-01 8.580589150404048793e-01 8.207805568257492412e-01 8.004369569736041745e-01
0.000000000000000000e+00 9.425778770185267996e-01 9.564944927452460055e-01 9.624687772532370955e-01 9.498643022970094663e-01 9.658936499055653657e-01 9.650997373762838505e-01 9.999999999999997780e-01 9.815096649037003962e-01 9.735951631186335886e-01 9.412437475510168072e-01 9.207004418106492505e-01 9.165630219806710777e-01
1.000000000000000000e+00 8.104971202654547291e-01 8.366952913871934516e-01 8.471069523672005719e-01 8.112636001818593900e-01 8.546938986588825671e-01 8.656722871189641566e-01 9.022654567962065109e-01 8.635302491558203286e-01 9.035053167085730363e-01 8.996828742300091442e-01 8.916090434880812321e-01 8.989303252513300979e-01
2.000000000000000000e+00 7.020270478262733427e-01 7.309926833304799532e-01 7.315464654173000625e-01 6.790214638765101896e-01 7.324212021404805650e-01 7.281341536413414861e-01 7.821118348687894350e-01 7.347277229143166499e-01 8.039874224748333464e-01 8.244913717907232931e-01 8.125690201787504341e-01 8.551928457260600247e-01
3.000000000000000000e+00 5.917219570245322302e-01 6.319465155051380290e-01 6.538360710405102250e-01 6.039054044673086707e-01 6.255302906704928168e-01 5.898407347769863973e-01 6.569136893607233629e-01 6.492624047892113781e-01 6.795767690535224892e-01 7.111252314127090024e-01 6.610355752909977678e-01 7.349481874841797824e-01
4.000000000000000000e+00 5.436858264895758630e-01 6.159160377979964185e-01 6.246501616100421650e-01 5.867493682862036097e-01 5.878701760038174129e-01 5.498249000453403479e-01 6.075766586842266115e-01 6.067389181719161639e-01 6.092445060654622102e-01 6.156423952402468869e-01 5.260245040475364231e-01 6.108738044026884584e-01
5.000000000000000000e+00 6.114318049470567340e-01 6.809381328930170785e-01 6.699143945303247527e-01 6.323048066192726857e-01 6.336348383709617949e-01 6.325080097256953193e-01 6.244136559551221044e-01 6.368851818161964662e-01 6.492126301210995321e-01 6.317051404125408887e-01 6.230453792224016629e-01 6.411879738155588093e-01
6.000000000000000000e+00 5.691824033743182465e-01 6.156153819190959275e-01 6.198065551148340679e-01 6.217272119878987091e-01 5.951492124636013070e-01 6.254462424117337438e-01 5.841734360394910119e-01 5.880891346135711517e-01 5.862788738316566661e-01 5.380047087305557252e-01 5.408715575881966053e-01 5.620881554075407571e-01
7.000000000000000000e+00 4.295147738123316072e-01 4.791454898279929320e-01 4.566921040346956784e-01 5.120961262249615897e-01 4.678192658019859618e-01 4.928730855581732184e-01 4.442331005269110622e-01 4.475663601969926964e-01 4.634382105869891411e-01 4.185330505444287974e-01 3.844095446561003326e-01 4.596579066576414463e-01
8.000000000000000000e+00 2.533626277881821931e-01 2.436839408168428034e-01 2.866018655711214391e-01 2.708515349973610875e-01 2.706881899950236425e-01 2.419777431620598884e-01 2.282184392389254302e-01 2.260724515887877484e-01 2.264821265558230601e-01 1.833721579438132854e-01 1.852561477979259574e-01 2.292446519556441686e-01
9.000000000000000000e+00 1.569700055938265948e-01 1.393611224812547900e-01 2.348910918226732314e-01 1.379494132477395996e-01 1.636108959863430412e-01 1.009881598355635152e-01 1.193149740511708357e-01 1.068368461634571775e-01 1.180325703257066039e-01 6.933440180303304667e-02 1.191810123076741529e-01 8.759506799282856804e-02
1.000000000000000000e+01 1.985621655249321937e-01 1.960537303675456977e-01 2.085967070693968695e-01 1.603076691761000094e-01 1.417989144941491364e-01 1.257400698688644902e-01 1.102325510247922635e-01 1.502423543724030197e-01 1.788930079367674619e-01 2.272361076626416287e-01 2.501128059224788092e-01 1.900969415738263113e-01
1.100000000000000000e+01 2.967765171370412847e-01 2.478144744363771634e-01 1.982989593791034122e-01 2.240810292439119333e-01 1.537578355064070090e-01 2.420626236233700546e-01 1.984641179291831425e-01 2.476241648064513023e-01 2.210017545822860197e-01 2.778634607238928411e-01 2.602581718487467777e-01 1.864032272187318429e-01
1.200000000000000000e+01 3.550205042777441200e-01 2.720320798068790458e-01 2.098795686849121711e-01 3.073543680872059536e-01 2.446078782147192987e-01 3.361761263770142727e-01 2.830809266874860786e-01 3.052409028539982971e-01 2.487990123938963183e-01 2.381088945653023203e-01 2.705785936197906416e-01 1.793043844516827579e-01
1.300000000000000000e+01 3.519324770909437183e-01 2.547541818101416444e-01 2.453765831835490463e-01 3.284137013266232308e-01 3.572229800740432948e-01 3.117410677277313580e-01 3.333079478353008218e-01 3.081151063700815484e-01 2.270462359296037680e-01 1.527365910427341822e-01 1.848154389582598034e-01 1.173717220182573795e-01
1.400000000000000000e+01 3.513778436710866537e-01 3.406264902660590677e-01 3.422325714387234319e-01 3.764578659281535566e-01 4.433362739671294905e-01 2.966567829146724566e-01 3.759934891547765945e-01 3.559495298246129202e-01 2.947874811636143066e-01 1.754121634466515034e-01 1.668183643071589339e-01 1.209151580511651364e-01
1.500000000000000000e+01 6.295663207660993077e-01 5.365393854753748304e-01 5.901323104988347445e-01 5.501790868195405304e-01 6.589819737898480190e-01 5.531105360729422493e-01 6.350637071840437020e-01 5.602903055807474386e-01 5.093350844430162283e-01 4.729681177392913161e-01 4.301671965706286849e-01 4.251091705778318186e-01
