# # time shift (tau) HDelta HGamma HeII4685 HBeta HeI5875 HAlpha HeI5015 OI8446
-1.000000000000000000e+01 4.596651320095111737e-02 2.179940762161792778e-01 2.173871998783528936e-04 2.145928359651334827e-01 -2.107741630178400771e-01 -1.695876808520063450e-01 -6.838991180813737414e-02 1.519931799953817136e-03
-9.000000000000000000e+00 -1.312278908688560286e-01 4.740378055634555249e-02 -1.113708891944691776e-01 3.526684123376404301e-02 -3.117845981711773184e-01 -1.885808462071000835e-01 -2.144880144997564908e-01 3.089373829058024434e-02
-8.000000000000000000e+00 -2.026746368343007587e-01 -2.074666511141582542e-02 -6.606731686873901742e-03 -3.460163757828296771e-02 -3.529282287338637580e-01 -2.377411529081212005e-01 -2.714742483915182913e-01 -6.262608287915263916e-03
-7.000000000000000000e+00 -1.943017439085041875e-01 -1.235906796535378299e-01 1.504657300550646393e-01 -1.538369343747574280e-01 -4.660554502634322027e-01 -3.285913100439546985e-01 -3.849528981872202271e-01 -2.405626079660807548e-01
-6.000000000000000000e+00 -6.090118048073621393e-02 -1.089409461065092219e-02 3.209287459356027217e-01 -7.374141855277832613e-02 -3.082546832955587179e-01 -2.267535837140175203e-01 -4.746475411317416793e-01 -1.779114651901862743e-01
-5.000000000000000000e+00 3.430202899457714116e-02 9.082123669352004658e-02 3.552873969656049069e-01 1.437756187683945641e-01 -1.260846235442888152e-01 -1.367531146583746138e-01 -4.077101621860655944e-01 -7.301680922976387655e-02
-4.000000000000000000e+00 7.257338550472780536e-02 5.218366844521522829e-02 3.560826886501479160e-01 1.723653285848830430e-01 -1.359235543276424429e-01 -1.745583551057224014e-01 -4.033477507286085673e-01 -1.395802132003909068e-01
-3.000000000000000000e+00 1.335108172134628068e-01 1.307202535959436640e-01 3.728419142087530114e-01 2.266413074886214074e-01 1.567799891582730143e-01 -1.844362619014383586e-02 -5.947110525196597219e-01 2.402367353643448944e-02
-2.000000000000000000e+00 4.311088481909624015e-01 3.331055938000850314e-01 5.412308418658093867e-01 4.242820449115947135e-01 4.396577945277858612e-01 1.770778344209258670e-01 -3.931552374555311036e-01 3.978975017809087411e-02
-1.000000000000000000e+00 6.565527321256821036e-01 5.659502534988765099e-01 7.563776407580851124e-01 5.925775840881148948e-01 5.965919313923164768e-01 3.706365711323437173e-01 -2.121887660943468368e-01 1.568192642117688940e-01
0.000000000000000000e+00 8.392593530950500647e-01 7.576643852428043280e-01 8.610065808313753788e-01 7.623332196505390179e-01 6.614960996685695926e-01 6.225732132572834310e-01 5.590161758920857149e-02 3.282457128108249300e-01
1.000000000000000000e+00 8.887260441747669715e-01 8.561211691428129988e-01 7.250074064984493027e-01 8.501206548730192436e-01 7.554739261409610940e-01 7.220963076864213015e-01 1.202852843672490846e-01 4.332520044868015674e-01
2.000000000000000000e+00 7.744366663959558750e-01 8.785231554560940515e-01 5.066166847122908212e-01 9.136171508966504096e-01 7.471006749002206959e-01 7.226649376035394479e-01 1.988459844338669180e-01 5.970928597013002159e-01
3.000000000000000000e+00 6.240554521885741668e-01 7.149538260336999462e-01 2.104321584265688716e-01 8.424751473052900508e-01 6.809851133357343045e-01 6.607116412366821345e-01 1.120754066468806487e-01 6.035517868002332476e-01
4.000000000000000000e+00 4.989092588784259097e-01 4.267829589477515340e-01 1.965181537747032747e-01 6.479487179927018170e-01 5.435055234351228171e-01 5.347179517749010014e-01 8.833989548480902787e-02 4.238789347196311730e-01
5.000000000000000000e+00 5.587100237750179943e-01 4.581155111279189285e-01 4.278725349243904796e-01 6.357209704524263705e-01 4.141514537777158944e-01 5.735555641290204232e-01 1.558233845091430980e-01 3.519054181360309341e-01
6.000000000000000000e+00 5.748218645968162788e-01 5.031594224507531798e-01 5.318836536480353594e-01 5.130415138657595797e-01 2.634923626348040226e-01 4.167363993755425211e-01 3.201448794621575972e-02 2.988651012934857576e-01
7.000000000000000000e+00 5.386509500553791074e-01 5.527132229645882466e-01 5.097294266941080343e-01 3.784343192922358101e-01 2.390672557794438213e-01 2.660804850601595772e-01 6.213044982638554758e-02 3.602842266188891474e-01
8.000000000000000000e+00 3.590915649889095951e-01 4.354001401666814375e-01 2.630446102879158143e-01 3.400343564246968153e-01 1.329042585493223627e-01 4.791594063549755450e-02 8.843557598118889640e-03 2.540556749987588070e-01
9.000000000000000000e+00 1.347963612827190460e-01 5.262834380748427493e-02 -1.575838718203329339e-02 1.818955459428741595e-01 2.821128021171841194e-03 -4.741178069008634977e-02 -1.949014056312751153e-01 -1.119841374323373162e-01
1.000000000000000000e+01 -1.109217686197767200e-01 -1.372622046665511464e-01 -1.806310365488926484e-01 3.719857088142294183e-02 6.480253364059326837e-02 2.453622835624790777e-01 -1.376510896954419305e-01 1.016988681785110371e-01
1.100000000000000000e+01 -7.184526109137645555e-02 -1.161552208217596083e-01 4.609018127395578951e-02 -9.140501948019710832e-02 4.943981345921343029e-02 2.697953919785405774e-01 -1.069622370944576378e-01 1.420252630295815166e-01
1.200000000000000000e+01 6.782882475790857901e-02 7.345986022088180079e-02 4.197980638816720678e-01 -9.020312662785504032e-02 3.752788407502855722e-02 1.309294178317575164e-01 -1.368852997430654028e-01 -8.996649136930845447e-02
1.300000000000000000e+01 1.318523709847412850e-01 2.076328508304169373e-01 5.268890452876353603e-01 9.635068092845491816e-02 1.603192806845800678e-01 -5.094649772904474849e-02 -1.992546656502930946e-01 -2.355454495251154898e-02
1.400000000000000000e+01 2.960650589276362377e-01 1.985938691369828479e-01 4.608653718230309448e-01 2.639099969073166463e-01 4.047027642821793281e-01 -6.393394835287231903e-02 1.446090569682010642e-02 4.009541366800396106e-02
1.500000000000000000e+01 4.661220766441520613e-01 3.314161982012679974e-01 5.895688910239544889e-01 4.804226219324613800e-01 4.043127798988146449e-01 1.687445677446485215e-01 1.133982901245316616e-02 1.839398328701500329e-01
