# time shift (tau) 	 correlation coefficient 	 number of simulations: 10000	 FR: True	 RSS: True
-1.000000000000000000e+01 7.500000000000000000e+01
-9.000000000000000000e+00 2.350000000000000000e+02
-8.000000000000000000e+00 1.220000000000000000e+02
-7.000000000000000000e+00 4.600000000000000000e+01
-6.000000000000000000e+00 3.500000000000000000e+01
-5.000000000000000000e+00 1.070000000000000000e+02
-4.000000000000000000e+00 1.630000000000000000e+02
-3.000000000000000000e+00 2.210000000000000000e+02
-2.000000000000000000e+00 2.810000000000000000e+02
-1.000000000000000000e+00 2.480000000000000000e+02
0.000000000000000000e+00 4.030000000000000000e+02
1.000000000000000000e+00 3.320000000000000000e+02
2.000000000000000000e+00 3.410000000000000000e+02
3.000000000000000000e+00 4.600000000000000000e+02
4.000000000000000000e+00 1.425000000000000000e+03
5.000000000000000000e+00 1.920000000000000000e+03
6.000000000000000000e+00 1.382000000000000000e+03
7.000000000000000000e+00 7.000000000000000000e+02
8.000000000000000000e+00 9.660000000000000000e+02
9.000000000000000000e+00 1.830000000000000000e+02
1.000000000000000000e+01 1.220000000000000000e+02
1.100000000000000000e+01 1.400000000000000000e+02
1.200000000000000000e+01 5.400000000000000000e+01
1.300000000000000000e+01 3.300000000000000000e+01
1.400000000000000000e+01 2.000000000000000000e+00
1.500000000000000000e+01 4.000000000000000000e+00
