# # time shift (tau) HDelta HGamma HeII4685 HBeta HeI5875 HAlpha HeI5015 OI8446 HeI4471 HeI7065 OIII5007 LyAlpha
-1.000000000000000000e+01 1.616265078974057634e-01 1.151394171640730824e-01 8.812154460104462683e-02 2.183619220063035271e-01 -1.396315440778646555e-01 -1.948670029678449267e-01 5.564034251619137672e-03 3.617932509904348698e-02 5.292241036162197848e-03 1.701268478357837732e-01 -3.656939639333817160e-02 -1.587173440847040873e-01
-9.000000000000000000e+00 -3.923895538763443047e-02 9.603159474426126163e-02 -5.085394135520421299e-02 2.133627004036225960e-01 -1.104974841530229346e-01 -5.184627568846819634e-02 -9.038255248865813274e-02 2.651755264193759176e-01 -1.654307260503999621e-01 1.395154337454764526e-01 -1.018030348642232491e-01 -2.420564620575730297e-01
-8.000000000000000000e+00 -9.769794001086944124e-02 5.039781647263145981e-03 7.435278296802981524e-03 -2.559479595269747304e-02 -5.620331065742061732e-02 -2.011060357764327677e-01 -2.770775067333647868e-01 1.592965512982659759e-01 -5.179843458959039193e-01 -1.310650248991588329e-01 -3.829829143337887820e-01 -1.566649482392742376e-01
-7.000000000000000000e+00 5.085385115826020902e-02 7.036434582377792957e-02 2.656304210180647773e-01 -6.695492881298632792e-02 -1.685638217763985036e-01 -2.499963959869331287e-01 -1.873162427123606644e-01 -1.283129878950562408e-01 -5.060462330872923520e-01 -7.624366048465892887e-02 -3.290735947685715646e-01 5.848738168786028063e-02
-6.000000000000000000e+00 1.888364965501146686e-01 1.944248283341695194e-01 4.317692549533221902e-01 1.496477482086052968e-01 -9.512270218818416612e-02 -1.854651515460510325e-01 -2.177230778429232738e-01 -1.218975238315535004e-01 -4.343413678584564508e-01 1.432845836153298635e-01 -3.221272556675377485e-01 2.210919798144157788e-01
-5.000000000000000000e+00 2.057484231572112021e-01 2.086396265575063413e-01 3.679683470518553268e-01 2.876549774831985706e-01 -2.296115419481298270e-02 -3.746423837736447687e-02 -2.712224094323180679e-01 -8.680597607332732335e-02 -2.335501884805545603e-01 2.469672515391657663e-01 -3.284977044278617475e-01 1.759198673843876404e-01
-4.000000000000000000e+00 2.549331224650759620e-02 1.910174733074239406e-01 1.347710567696095152e-01 3.682491894532305965e-01 -9.407792241233536856e-02 1.630961915264655948e-03 -1.550553887374682138e-01 4.632779671258269172e-02 -6.159896602448754893e-02 3.753254333551190869e-01 -2.120769081454819960e-01 4.666783964673214963e-02
-3.000000000000000000e+00 -1.258332229054559548e-01 -2.545076931598478504e-02 6.069183673363121728e-02 2.013457760885285774e-01 -4.468241604709646819e-02 -6.935813144768843141e-02 -3.332284523177611035e-01 3.857603330732178870e-03 -1.541054552164033281e-02 1.381410265767055723e-01 -3.922983239757310003e-01 5.475563230009822258e-02
-2.000000000000000000e+00 -4.714498725598005591e-02 -7.957670413440479096e-02 9.438841149985213730e-02 1.098290043738209543e-01 2.027174279247397071e-02 -5.785094071406772509e-02 -4.938487992107883362e-01 -2.259166448341015654e-01 -1.025321817289147480e-01 -1.385384464214678424e-02 -5.693607939357419045e-01 8.432202936526021764e-02
-1.000000000000000000e+00 2.254114914711542184e-01 1.555750978723164646e-01 3.709146522219097797e-01 2.529366013551816450e-01 2.088387095251917069e-01 5.822067779616409144e-02 -4.481125444113670531e-01 -2.237092794045102834e-02 -1.036493119593807494e-01 -1.714195898605334056e-01 -5.992394066571522515e-01 2.972226958567753541e-01
0.000000000000000000e+00 5.096302665027704348e-01 4.304665239424452228e-01 6.959342518216531381e-01 4.228872783686765113e-01 4.217855503195032663e-01 3.416134414763151161e-01 -1.756393405122457507e-01 1.585592460551609462e-01 9.608947856917922359e-02 -2.042711597409735957e-01 -4.086558246805548356e-01 5.617548790742854514e-01
1.000000000000000000e+00 7.543111671803013341e-01 6.245817037588528020e-01 8.262518645919496585e-01 5.042065510707975928e-01 4.276470658886276088e-01 3.666481441101506755e-01 -6.953601938561940199e-02 1.232674495820203636e-01 2.439949205892825712e-01 1.913178599235555166e-01 -3.391070889828918244e-01 7.390800847256875361e-01
2.000000000000000000e+00 7.827322899973259140e-01 7.495310535483674652e-01 7.680725450796910270e-01 6.616734317191941273e-01 6.273885181441227754e-01 4.885461425382049416e-01 6.907399927990522104e-02 2.270863982077768184e-01 5.412717848745068894e-01 4.884766280880550315e-01 -1.875160796649662787e-01 8.267532825443045796e-01
3.000000000000000000e+00 6.464226952645690805e-01 7.354194590191802661e-01 3.843038361498626876e-01 7.823110279452215599e-01 7.713697823344026760e-01 6.439076604480472588e-01 2.659681889495676410e-01 3.739506304980315110e-01 4.197841766544819775e-01 6.529091568291311987e-01 1.099995693660849386e-02 6.580106818079862752e-01
4.000000000000000000e+00 5.166803023970596431e-01 5.532536226928600476e-01 1.217180674840144250e-01 6.275058170625691378e-01 6.927539689830097824e-01 6.457965308934002779e-01 2.716972264001903392e-01 5.287205658362688077e-01 2.493177829869271389e-01 5.460730357402401314e-01 -3.948929561270241029e-02 6.036336995573591269e-01
5.000000000000000000e+00 4.455279376095958588e-01 4.802175998904837928e-01 1.830132175118207305e-01 5.588287487035243917e-01 5.928548836109623910e-01 7.160580614215035222e-01 3.999813107377105936e-01 5.298476151293196601e-01 1.028577775145665396e-01 3.161290702408406927e-01 1.390955893278669753e-01 6.012629417846953039e-01
6.000000000000000000e+00 4.372982214895890785e-01 3.611513610644486727e-01 3.070729063015413818e-01 4.112011102229885529e-01 3.706584094827546361e-01 4.487700472146286534e-01 3.070769483519724674e-01 2.279600854602962801e-01 3.315569083050361882e-02 1.734133874498792471e-01 1.536639084186232074e-01 4.585429008686644492e-01
7.000000000000000000e+00 4.506515999482479939e-01 4.399068275090139979e-01 3.608755559436518379e-01 3.821717710888803410e-01 2.921796585541851510e-01 3.517976959618437371e-01 2.720802203275519693e-01 3.052265233656576426e-01 2.934930825263242227e-01 8.729831035202834100e-03 2.095823864274791171e-01 2.583792647572218937e-01
8.000000000000000000e+00 3.735400737082271161e-01 4.364308349011627453e-01 2.254503359073899982e-01 4.019454562087958482e-01 2.190354455428523972e-01 2.331200844308026765e-01 3.592256542647180861e-01 5.228471999631001399e-01 6.147281497706140740e-01 -7.681113994323844618e-02 3.909366100907017971e-01 7.037405724055818823e-02
9.000000000000000000e+00 2.257976136590346405e-01 9.972876193834148695e-02 -3.815358665709292496e-02 1.788621885240751219e-01 -5.959114121435453437e-03 -6.585518993828817780e-02 1.221832019347110221e-01 1.650208557619535499e-01 7.177873996201689089e-01 -2.572178916068911803e-01 1.812961609667402274e-01 -1.155782133190656757e-01
1.000000000000000000e+01 -6.381473482120306184e-02 -8.904004576918338187e-02 -3.188290261177931795e-01 6.022533509470875956e-02 -1.054387564897322771e-01 -4.617258661400480690e-02 1.394005690816834953e-01 2.366371273105599693e-02 4.393402570946168817e-01 -5.350470346526826904e-02 1.806582414015193705e-01 -2.166564237821441141e-01
1.100000000000000000e+01 -2.865027193898024294e-01 -2.848458664821859609e-01 -5.813986666745536436e-01 -9.877663697568790646e-02 -1.638609178265575395e-01 2.045824531217919906e-02 2.141931074391476841e-01 6.036662620921764977e-02 -1.129036978615848147e-01 -1.257599003956255401e-01 8.779321957934954623e-02 -3.260447524089514215e-01
1.200000000000000000e+01 -3.207962603727355644e-01 -2.781019895922052232e-01 -4.504339872307683290e-01 -3.593076750840139555e-01 -3.666786185708484358e-01 2.355673202820811676e-02 7.020418428183193560e-02 8.970616667717600662e-03 -4.984205052604349095e-01 -2.815074119000355868e-01 -2.308841469584003159e-01 -2.557434936392553593e-01
1.300000000000000000e+01 -3.943588636086364785e-01 -2.473372602088758643e-01 -2.251701750461217177e-01 -4.592401044263649812e-01 -5.262499185271869440e-01 -2.148522674525408516e-01 -2.908997331392154662e-01 -8.156715035974090866e-02 -5.732935232109546142e-01 -2.300991487615587361e-01 -4.598200678142868036e-01 -1.710029639818170799e-01
1.400000000000000000e+01 -4.683035608194643373e-01 -4.716911726585979459e-01 -1.262691971885654407e-01 -5.201387652220070823e-01 -4.356923952883305917e-01 -6.450312080513012081e-01 -4.800472689287580974e-01 -5.551536925554547697e-01 -5.082057075747616892e-01 -6.113082077077587329e-01 -2.999092709999374717e-01 -3.574048659951370999e-01
1.500000000000000000e+01 -5.026222435711937830e-01 -5.322835267239833801e-01 3.439803173922618973e-02 -4.994769618620856222e-01 -3.505621471619258522e-01 -7.602239225892346575e-01 -6.795279681236371383e-01 -6.487765318408910131e-01 -3.159326970940702917e-01 -2.821962114163357183e-01 -3.556830068319138949e-01 -4.705863036646312780e-01
