# time shift (tau) 	 correlation coefficient 	 number of simulations: 10000	 FR: True	 RSS: True
-1.000000000000000000e+01 1.039000000000000000e+03
-9.000000000000000000e+00 1.690000000000000000e+02
-8.000000000000000000e+00 4.000000000000000000e+00
-7.000000000000000000e+00 5.000000000000000000e+00
-6.000000000000000000e+00 7.000000000000000000e+00
-5.000000000000000000e+00 2.000000000000000000e+00
-4.000000000000000000e+00 0.000000000000000000e+00
-3.000000000000000000e+00 0.000000000000000000e+00
-2.000000000000000000e+00 0.000000000000000000e+00
-1.000000000000000000e+00 0.000000000000000000e+00
0.000000000000000000e+00 1.000000000000000000e+00
1.000000000000000000e+00 0.000000000000000000e+00
2.000000000000000000e+00 1.200000000000000000e+01
3.000000000000000000e+00 5.900000000000000000e+01
4.000000000000000000e+00 6.200000000000000000e+01
5.000000000000000000e+00 2.260000000000000000e+02
6.000000000000000000e+00 5.950000000000000000e+02
7.000000000000000000e+00 1.190000000000000000e+03
8.000000000000000000e+00 2.512000000000000000e+03
9.000000000000000000e+00 2.378000000000000000e+03
1.000000000000000000e+01 6.240000000000000000e+02
1.100000000000000000e+01 4.850000000000000000e+02
1.200000000000000000e+01 5.300000000000000000e+01
1.300000000000000000e+01 6.700000000000000000e+01
1.400000000000000000e+01 2.180000000000000000e+02
1.500000000000000000e+01 2.920000000000000000e+02
