# # time shift (tau) HDelta HGamma HeII4685 HBeta HeI5875 HAlpha HeI5015 OI8446 HeI4471 HeI7065 OIII5007
-1.000000000000000000e+01 5.039706386510232894e-02 -4.775965795383846357e-02 9.624995211441284004e-02 9.819326615443768613e-02 -3.899678285480195350e-01 -2.290346840463672040e-01 -1.232544637126564008e-01 2.935062591276106636e-02 3.677338224342249218e-01 -3.043066355842545187e-03 -1.850231375333271644e-01
-9.000000000000000000e+00 -6.370420995849951362e-02 -8.436249819072313971e-02 -1.403355798889562300e-01 2.259833329534017415e-02 -3.731307444228363357e-01 -1.964585691993273042e-01 -1.775638132752130893e-01 8.785171528764429416e-02 2.908587251745128333e-01 5.686176280789172893e-02 -2.716924073174480370e-01
-8.000000000000000000e+00 -2.767058298830430974e-01 -1.343200686775136432e-01 -6.063863155316323583e-02 -2.684240729806524131e-02 -2.490143904045802326e-01 -1.539109762210805754e-01 -2.220922194032237951e-01 1.007065743091370286e-01 -1.862040023289050772e-02 -8.600519074537418818e-02 -3.760547164503935669e-01
-7.000000000000000000e+00 -2.234643677277486917e-01 -2.086254886274987452e-01 5.378179685229825258e-02 -1.857055202229687674e-01 -4.163743380965063690e-01 -2.448742937578411161e-01 -3.267069587913116191e-01 -2.985831263400197111e-01 -2.440909881809787407e-01 -5.126547603635608213e-02 -5.195712662026596984e-01
-6.000000000000000000e+00 -1.491590617995038892e-01 5.641303396644242046e-03 2.289779172505138904e-01 -5.652799067251665366e-02 -3.223702483346962966e-01 -1.628026264733198059e-01 -3.652017751768135145e-01 -2.846982783197077316e-01 -3.162884273520918388e-01 4.775816870219353610e-02 -5.272817211269859028e-01
-5.000000000000000000e+00 -1.080976812488584904e-01 2.023921918990254920e-01 4.057914816377213296e-01 1.987803861892961099e-01 -1.635465896356027848e-01 2.283810852941916755e-02 -3.780742443629526717e-01 -1.514212601262421853e-01 -1.931927752935260478e-01 5.587150055242742774e-02 -4.467262806434801892e-01
-4.000000000000000000e+00 3.337326796198737677e-02 2.531476045774151973e-01 3.605860050938891614e-01 8.137713988941298882e-02 -1.075435151095886777e-01 -1.534409273902478665e-01 -5.333358654699055235e-01 -2.937256267514346542e-01 -2.472704650097101720e-01 2.361394673595024196e-02 -5.878753621263246298e-01
-3.000000000000000000e+00 2.026235888710367916e-01 4.407020358164278617e-01 5.243716719503853652e-01 2.641506444613998528e-01 2.420827538722575278e-01 4.519756761266860434e-02 -5.266191446634421736e-01 -1.491616712303240333e-01 -6.898008572831176854e-02 3.208792595597394215e-02 -6.015484566405240319e-01
-2.000000000000000000e+00 5.229752918814876139e-01 5.426744061291435273e-01 6.611288911598289797e-01 5.558446948030515422e-01 4.981627468920121204e-01 3.482487428801112617e-01 -2.640473882746843248e-01 -7.445061805289428236e-02 7.379514632696802801e-02 1.436807194375984142e-01 -4.338577002907804125e-01
-1.000000000000000000e+00 7.744324146065255654e-01 6.260162782420741756e-01 6.922995055236881301e-01 6.691029571197859571e-01 3.803304231172528471e-01 5.357132927578491799e-01 -4.487523412727970062e-02 1.032870164002460955e-01 1.895195077819357143e-01 3.189295693701850176e-01 -3.747651309232805650e-01
0.000000000000000000e+00 7.824747711526330862e-01 8.516198926306536299e-01 7.467883966237160998e-01 8.070744586269607002e-01 5.432101235717458065e-01 8.483717264062777819e-01 2.481209894747963829e-01 5.760776289553730667e-01 3.857396815857364603e-01 4.426607280972590930e-01 -1.100337767054220955e-01
1.000000000000000000e+00 7.787966220968520759e-01 7.712778036145846450e-01 5.497670929336415657e-01 8.113388666395325854e-01 4.883785457428265753e-01 7.936470279058938093e-01 3.309630785501898043e-01 5.554565088299653342e-01 3.280563756758645422e-01 5.424636721535420758e-01 -6.357537324843728910e-02
2.000000000000000000e+00 6.418680892429858842e-01 6.739086855425369116e-01 4.262003452688208904e-01 7.536176820167470591e-01 4.159848657944159589e-01 6.654543834045685280e-01 3.564707547964340306e-01 5.374730707829437071e-01 4.472969464326987943e-01 4.826148643818814477e-01 -3.110797416212775224e-02
3.000000000000000000e+00 4.349894657662459196e-01 4.765813422548088596e-01 1.948753267537776945e-01 7.746632318464401479e-01 4.737257111874254578e-01 6.749320237216306362e-01 2.605637365728643018e-01 6.561779486089118762e-01 4.206035237197668364e-01 3.567489590801998789e-01 5.951110321694211280e-02
4.000000000000000000e+00 4.372182392282554231e-01 1.468146836484015560e-01 1.322120866878946088e-01 4.676854072272876306e-01 3.120190081148762618e-01 4.153517074263011755e-01 2.042794386589480704e-01 3.752000184478093692e-01 1.624139154294850784e-01 -3.781329921383693587e-02 8.000716712970680489e-02
5.000000000000000000e+00 3.389943412534837663e-01 3.858802396976714344e-01 3.737315029611488204e-01 4.183065039720310629e-01 2.504439255354059396e-02 4.387582790849114955e-01 2.015181005639298806e-01 4.337135797322859698e-01 3.204370197921415087e-01 -4.571419827484885651e-02 4.825892732583710043e-02
6.000000000000000000e+00 3.522939262946157557e-01 4.190537031389710565e-01 3.656490624942757561e-01 3.424787294001386817e-01 4.236599373295262677e-02 1.817902335660497304e-01 8.474601616898295997e-02 2.093955971609035294e-01 2.622949146836191514e-01 -1.903134753695418513e-01 -1.094618651738564138e-02
7.000000000000000000e+00 3.238198729231589468e-01 2.536140178500179698e-01 2.192562192126633058e-01 1.413028525776740818e-01 -2.762460451578305221e-02 -6.474841529449572308e-02 2.305170341243072130e-02 -3.502779710461211699e-03 4.427309831348998359e-01 -2.938883082750042286e-01 -1.571013191789564778e-01
8.000000000000000000e+00 7.383892223995382198e-02 2.344208477985531835e-01 -1.105463603591805982e-02 1.915620921009663635e-01 -1.950549096458117360e-01 4.270986565687944631e-02 -6.475045279782552787e-02 3.450016414068608483e-01 5.690897622486699170e-01 -8.598336747653171838e-03 -1.101927695500432569e-01
9.000000000000000000e+00 -1.129291756760084642e-01 -2.951786874789293913e-01 -3.416909871038085189e-01 -6.307755851830074145e-02 -1.196242708867342880e-01 -9.108728199246340917e-02 -2.006435650514459823e-01 -5.898653495247276751e-02 7.106811550332711724e-02 -3.290997129768339358e-01 -2.121317527458427554e-01
1.000000000000000000e+01 -4.077001735143045424e-01 -3.854903816187922883e-01 -2.540960784931093897e-01 -3.964315939722284909e-01 -1.870312984448666838e-01 -1.650254117246882923e-01 -1.304873956461065077e-01 -3.954769201556623814e-01 -4.324271096078123877e-01 -6.397947435192638532e-02 -2.525460534028529103e-01
1.100000000000000000e+01 -3.647335272814479223e-01 -1.340506241367945828e-01 1.033164131879751868e-02 -2.793934031858151257e-01 -1.461038747529777027e-01 -1.020553516807394812e-01 -3.524979168107399419e-01 -2.666141491617688986e-01 -7.206977997719670181e-01 2.544745214209909734e-01 -6.228459171982154707e-01
1.200000000000000000e+01 -8.943951281761525207e-02 -1.857473006476579105e-02 2.387862585061616416e-01 -1.590938926676417620e-01 1.237757486732663781e-01 -1.141236675540332618e-01 -1.540543420879758041e-01 -3.132596307751474018e-01 -5.856596174699578716e-01 -1.651772995846609859e-01 -3.225459875905676843e-01
1.300000000000000000e+01 6.360678247249132444e-02 2.402351133377364500e-01 4.497342585091790301e-01 2.776373421664853763e-02 1.242202304241466632e-03 -5.873358049759755395e-02 -4.338941206004965356e-01 -3.627382914097065925e-02 -7.546253546506376253e-02 3.424984452175316996e-01 -3.585758818979150053e-01
1.400000000000000000e+01 2.317578910928890235e-01 1.326973701800254202e-01 3.330820681268416017e-01 2.708159150452947306e-01 3.936768568930784085e-01 6.740904499156558094e-02 -2.613077180069920957e-01 -1.992195069046488395e-02 1.734336579799985456e-01 7.947702615204504939e-02 1.909441170755099282e-01
1.500000000000000000e+01 3.732747074874412374e-01 2.125500969364438053e-01 5.505101402476308969e-01 4.062179349022153052e-01 4.468703999454717302e-01 2.354323236702165201e-01 1.515439515446471153e-01 -1.235470055559479696e-01 4.183789605781212395e-01 5.775608045565636672e-01 2.907430586529852201e-01
