# time shift (tau) 	 correlation coefficient 	 number of simulations: 40000	 FR: True	 RSS: True
-1.000000000000000000e+01 2.470000000000000000e+03
-9.000000000000000000e+00 3.523000000000000000e+03
-8.000000000000000000e+00 1.200000000000000000e+03
-7.000000000000000000e+00 2.090000000000000000e+02
-6.000000000000000000e+00 1.160000000000000000e+02
-5.000000000000000000e+00 1.430000000000000000e+02
-4.000000000000000000e+00 9.300000000000000000e+01
-3.000000000000000000e+00 5.000000000000000000e+01
-2.000000000000000000e+00 9.000000000000000000e+00
-1.000000000000000000e+00 1.000000000000000000e+00
0.000000000000000000e+00 2.200000000000000000e+01
1.000000000000000000e+00 3.000000000000000000e+01
2.000000000000000000e+00 3.070000000000000000e+02
3.000000000000000000e+00 3.936000000000000000e+03
4.000000000000000000e+00 4.848000000000000000e+03
5.000000000000000000e+00 7.655000000000000000e+03
6.000000000000000000e+00 2.811000000000000000e+03
7.000000000000000000e+00 3.068000000000000000e+03
8.000000000000000000e+00 5.126000000000000000e+03
9.000000000000000000e+00 8.750000000000000000e+02
1.000000000000000000e+01 1.268000000000000000e+03
1.100000000000000000e+01 1.088000000000000000e+03
1.200000000000000000e+01 5.700000000000000000e+02
1.300000000000000000e+01 4.550000000000000000e+02
1.400000000000000000e+01 1.300000000000000000e+01
1.500000000000000000e+01 1.140000000000000000e+02
