# # time shift (tau) Cont4010 Cont4200 Cont4440 Cont4765 Cont5100 Cont5600 Cont6045 Cont6110 Cont6880 Cont7390 Cont8015 Cont8900 Cont1150
-1.000000000000000000e+01 -7.658508696616705969e-02 -4.240876824531857742e-02 4.370559895290340724e-02 -5.335822216091577752e-02 9.822331268804219973e-02 3.732968442933057990e-02 9.383616906228556265e-02 -6.796595095963710309e-02 -8.068282695304145047e-02 -8.435309875845736771e-02 -1.427363490614172448e-01 -1.214431084652897591e-01 -3.012725942724303607e-01
-9.000000000000000000e+00 8.333936897642940655e-02 1.241454396826743023e-01 1.720444438501463336e-01 9.279385370944782940e-02 2.018178444597183152e-01 9.828722950069626596e-02 1.027490834218397486e-01 -1.019456948893721765e-02 1.360984982736453131e-02 1.602556755348064077e-02 -7.156716689859207725e-02 -4.909267725798002052e-02 -1.384427034388756583e-01
-8.000000000000000000e+00 3.344192115785273867e-01 3.537771347638404285e-01 3.970472532903960294e-01 3.284202062635065422e-01 4.049707055345490025e-01 3.110520426589080678e-01 2.579794825305197215e-01 2.100349237119080725e-01 1.859699835042484262e-01 1.673304327608431119e-01 5.672527878236536397e-02 2.453680966076581677e-02 1.130855947331249056e-01
-7.000000000000000000e+00 5.177967024986147582e-01 5.403120376716943341e-01 5.773535459828211813e-01 5.300271113803280976e-01 5.685268921035472323e-01 5.204644622734797554e-01 5.067906268611309661e-01 4.439745513707601399e-01 3.868955550997451587e-01 3.049986662336751086e-01 2.094315466972085094e-01 1.496375796383242196e-01 2.796048691836046651e-01
-6.000000000000000000e+00 5.913012596205846627e-01 6.016528214531586816e-01 6.369567986464657050e-01 5.920694592203947781e-01 6.414032303241726796e-01 6.481286593079353953e-01 6.150602089642389636e-01 5.396597319132476755e-01 5.182720814554755417e-01 4.423565425680085483e-01 3.721255337326005996e-01 3.263268555823539696e-01 3.078526118788198485e-01
-5.000000000000000000e+00 6.330244809649046012e-01 6.128908109388311320e-01 6.385836979469119434e-01 5.904334713138169599e-01 6.298170248849845887e-01 6.463282102030466492e-01 6.050921649774578803e-01 5.394268590919353290e-01 5.462143482497813229e-01 4.717769256842822556e-01 4.471615271780740586e-01 4.066414304833850801e-01 3.812458086057264328e-01
-4.000000000000000000e+00 5.853431842328097323e-01 5.453792013693790075e-01 5.725800399786822314e-01 5.377938993395515732e-01 5.648905112255362404e-01 5.931292343163927505e-01 5.337578399141384988e-01 4.706785567922178171e-01 4.676587402564787443e-01 3.914356796411116446e-01 3.637309111561994879e-01 3.335990863935940354e-01 3.737937213638939937e-01
-3.000000000000000000e+00 6.917397708220731634e-01 6.571059919570926278e-01 6.671941747248362198e-01 6.511117585548608089e-01 6.550089807618699744e-01 6.384518330083446269e-01 5.861834650425142845e-01 5.730657462106016897e-01 5.648644240938909267e-01 5.162005481261643380e-01 4.714111706231343124e-01 4.743992231305700358e-01 5.074664830576878227e-01
-2.000000000000000000e+00 8.397706751959304050e-01 8.245767644137804719e-01 8.273895108857778347e-01 8.233901281998365906e-01 8.224123348104546150e-01 7.892017399339040784e-01 7.330691371215662944e-01 7.498432077917174254e-01 7.267412266446444669e-01 6.673735217631096006e-01 6.386544367200082117e-01 5.987655980790578258e-01 7.430306193803621895e-01
-1.000000000000000000e+00 9.391766847328623102e-01 9.404819304378830847e-01 9.391793762535192158e-01 9.407528900855742782e-01 9.326114527859455938e-01 9.169383015036950413e-01 8.741407117501986956e-01 8.950012664678448360e-01 8.667775351107130932e-01 8.100684358501069049e-01 7.849127583426166455e-01 7.557330029812090455e-01 8.704121231536761094e-01
0.000000000000000000e+00 9.743597964845134296e-01 9.761979937458665768e-01 9.790248032268441536e-01 9.776599575081027504e-01 9.851074578102853030e-01 1.000000000000000000e+00 9.738836469808298535e-01 9.783773455027348076e-01 9.692388312001126716e-01 9.281392166794393273e-01 9.089635756739092853e-01 8.942467325298889547e-01 8.563498151721501417e-01
1.000000000000000000e+00 8.848653053442416816e-01 8.875818709377856219e-01 9.048877234080313636e-01 8.759960346037591883e-01 9.024126320945665691e-01 9.169383015036950413e-01 9.367840330023704531e-01 9.150652880883856088e-01 9.331841199345681792e-01 9.084117005141379986e-01 8.941664951034863362e-01 9.065070467718201463e-01 7.017543417256647542e-01
2.000000000000000000e+00 7.567027282212914763e-01 7.612910935557135605e-01 7.919784603107822285e-01 7.344160165931825635e-01 7.909689905901916562e-01 7.892017399339040784e-01 8.173676725695127043e-01 7.873302481830500854e-01 8.422990956465783441e-01 8.465797867413041855e-01 8.218240036306430074e-01 8.569548419590132804e-01 4.858211645907431486e-01
3.000000000000000000e+00 6.543753166551338207e-01 6.706537112903299125e-01 6.934707406977071997e-01 6.243862586247936886e-01 6.703286498307566843e-01 6.384518330083446269e-01 7.011989743756883442e-01 6.811983482558934266e-01 7.431532181269386861e-01 7.757010042760419388e-01 7.409691435251776204e-01 8.005978385548144782e-01 4.353869445899559709e-01
4.000000000000000000e+00 6.024250005324911506e-01 6.515830378446356708e-01 6.578305507777104655e-01 6.080046139376800163e-01 6.293797696842995393e-01 5.931292343163927505e-01 6.531727675549788836e-01 6.599179692106597050e-01 6.740051678696630244e-01 7.091286176050921597e-01 6.420210632212866031e-01 6.863911584289958956e-01 4.496764294843049736e-01
5.000000000000000000e+00 6.419396658896205921e-01 7.009698919957156882e-01 6.778848527080565400e-01 6.485721834008446596e-01 6.456667006055203384e-01 6.463282102030466492e-01 6.834043548636126175e-01 6.912378744145606380e-01 7.070437602014707501e-01 7.100253316949585169e-01 6.854335854347263224e-01 7.139870885274419710e-01 5.855498172869002538e-01
6.000000000000000000e+00 6.200164650904687047e-01 6.539025941038481005e-01 6.459666141916529103e-01 6.327091721143278669e-01 6.324375944857254517e-01 6.481286593079353953e-01 6.407959041328415983e-01 6.608646733448741983e-01 6.407354980665015409e-01 6.091515283477803022e-01 6.236075279372751412e-01 6.301003173706747340e-01 6.179420337404160080e-01
7.000000000000000000e+00 4.842259052754903648e-01 4.893584602210903078e-01 4.870006900537545702e-01 4.946004685893853892e-01 4.920397632483050621e-01 5.204644622734797554e-01 4.814651952096342113e-01 4.826573714819327732e-01 4.839858360530406856e-01 4.120370492428505060e-01 4.090376214544252376e-01 4.733500120966892544e-01 5.044229430715498896e-01
8.000000000000000000e+00 3.171264645111540603e-01 2.952291651225020241e-01 3.321436015552376442e-01 3.075333514730392848e-01 3.432203204503969651e-01 3.110520426589080678e-01 2.908953219165137383e-01 2.813116400046601351e-01 2.987461621326651939e-01 2.487639193238172508e-01 2.368915816127670770e-01 3.190377514020990013e-01 2.884202536036839515e-01
9.000000000000000000e+00 1.481094128172975311e-01 1.150400424677031075e-01 2.094559830818139567e-01 1.249960665800737419e-01 1.574554629658608262e-01 9.828722950069626596e-02 1.247596284129931510e-01 9.484768941596664893e-02 1.372165701819036965e-01 1.143994575202404718e-01 9.648001892103057198e-02 1.549338191432195755e-01 7.369745487550879992e-02
1.000000000000000000e+01 1.059081039797868384e-01 1.260319311968193523e-01 1.521178107355616316e-01 8.382134293653452362e-02 8.173182564397982186e-02 3.732968442933057990e-02 7.902220623156727686e-02 6.846588136110876022e-02 1.304298786301042179e-01 1.764251207635246232e-01 1.775247405204632423e-01 1.704318401330728316e-01 4.969339879890947997e-02
1.100000000000000000e+01 1.421027001123512656e-01 1.559834793183627055e-01 1.232933566939704295e-01 1.264349976195118797e-01 3.628089139562103160e-02 1.004371527810960507e-01 8.911393944906098596e-02 1.380412219684678810e-01 1.598309149641810589e-01 2.327048571727280413e-01 2.366532246133888906e-01 1.882546501085915480e-01 1.590743191032211734e-01
1.200000000000000000e+01 1.681382660508516924e-01 1.711609033608404995e-01 9.908250485816391673e-02 1.841496115361582198e-01 5.447872788201547217e-02 1.634436625165634760e-01 1.249345803044620701e-01 1.755323963750132499e-01 1.455954798964141095e-01 1.476258793409573333e-01 1.631067887091513513e-01 9.045106920431275621e-02 2.566854647818495594e-01
1.300000000000000000e+01 1.159234936187896609e-01 6.384864724057949525e-02 4.453709531327883220e-02 1.412685484456842611e-01 7.628354477831182645e-02 1.126348704267245010e-01 7.534576006386092817e-02 1.010931275947844626e-01 3.185926020510795181e-02 -2.212028990920064664e-02 5.192891872236652523e-03 -5.691653434383630444e-02 1.100001212719945165e-01
1.400000000000000000e+01 8.697782241075310838e-02 1.599277450455487137e-02 5.219511666575767095e-02 1.129119569410744345e-01 1.480858102273339139e-01 6.983799612058522177e-02 9.195608755866430117e-02 4.367984406020634924e-02 -5.567168239074438141e-02 -1.612373973832608165e-01 -1.725282234068356291e-01 -2.038935289120447358e-01 1.006844231028265341e-01
1.500000000000000000e+01 1.953722432912586293e-01 1.501021692112931571e-01 1.861521775245636445e-01 2.122561497384026774e-01 3.293428737973738141e-01 1.811995042357906205e-01 2.239961837349368490e-01 1.491070278017116169e-01 6.701741973003164099e-02 2.285347105301412801e-02 -1.422929474551105217e-02 -3.822817339342131360e-02 2.051295690140408912e-01
