# # time shift (tau) HDelta HGamma HeII4685 HBeta HeI5875 HAlpha HeI5015 OI8446 HeI4471 HeI7065 OIII5007
-1.000000000000000000e+01 3.605896372807152611e-02 1.043556331420103095e-01 2.753773965907436311e-02 2.327372077737731304e-01 -1.659943484601749952e-01 -1.866959587922112362e-01 -3.448796493785831474e-02 1.702470436035980195e-01 -1.051453357983501424e-01 1.074288285805222454e-01 -6.167798128153471893e-02
-9.000000000000000000e+00 -1.274230953026300461e-01 -3.701886992918728553e-02 -1.039100861698835088e-01 5.668293246717871769e-02 -2.677557972763769945e-01 -2.151780987449774252e-01 -1.798071362271398965e-01 1.454560151970428483e-01 -2.030323207046827449e-01 2.157921828022763694e-02 -2.209589685716975560e-01
-8.000000000000000000e+00 -2.052651147965166845e-01 -1.008481249037435634e-01 -1.562978785257899961e-02 -1.186102009691605147e-02 -3.097549295741501840e-01 -2.687398746925270809e-01 -2.471126509355346668e-01 4.878292668787300584e-02 -3.836032214276363650e-01 -5.707530996020969416e-02 -3.339689708781507504e-01
-7.000000000000000000e+00 -1.840656021143342314e-01 -1.701644463420007303e-01 1.437578477706748514e-01 -1.300059780862690140e-01 -4.290301995491596077e-01 -3.701787110283680238e-01 -3.564962770078713428e-01 -2.268759827712796828e-01 -4.488914774405221575e-01 -1.075043910477334885e-01 -4.523280391405695711e-01
-6.000000000000000000e+00 -4.828828229523490778e-02 -2.213466306654190280e-02 3.078911267763065895e-01 -4.874291463034133992e-02 -2.793646921339376643e-01 -2.864185694997744558e-01 -4.620687534579160927e-01 -2.132525726305832536e-01 -4.875264630570644298e-01 7.403098644604019785e-03 -5.373970999527700743e-01
-5.000000000000000000e+00 4.422843856558985459e-02 8.051682851921579398e-02 3.510734981010475431e-01 1.674592758640154055e-01 -1.190246349444652602e-01 -1.677901767505773911e-01 -3.975574508611530722e-01 -1.644824564220042640e-01 -2.897524189817864970e-01 9.480735679500566782e-02 -4.654120531291354723e-01
-4.000000000000000000e+00 6.330698318232856614e-02 6.308616199470641617e-02 3.469794651056834489e-01 1.904524290073612847e-01 -1.273069396699786360e-01 -1.884440861496625153e-01 -4.002282728607902684e-01 -2.701826687040312924e-01 -1.142244297459558411e-01 1.501448735819571056e-01 -4.569093368354874007e-01
-3.000000000000000000e+00 1.155261459499893478e-01 1.415259604818846773e-01 3.560877906071037158e-01 2.067445072365457492e-01 1.619386206797304162e-01 -5.496325978534885581e-02 -5.884427569838279748e-01 -1.324456638833809707e-01 -1.778225993590789034e-01 9.064971667540669409e-02 -6.751872408318255747e-01
-2.000000000000000000e+00 4.198013789442159860e-01 3.561956584539828219e-01 5.254173539487206890e-01 3.935948132579430436e-01 4.311474594880411182e-01 1.555913488314923931e-01 -4.108159612205588007e-01 -5.424463673699238264e-02 -1.453194256476861013e-01 6.652691148394573872e-02 -5.924819531626964730e-01
-1.000000000000000000e+00 6.565399862068077574e-01 5.815351180343988347e-01 7.467546769842361432e-01 5.787838759579435610e-01 5.853664069403937686e-01 3.560319153767713685e-01 -1.904091745849223749e-01 1.260914277704009989e-01 -7.790563542227788019e-02 1.206910978051946304e-01 -4.954796851759382670e-01
0.000000000000000000e+00 8.434479953088972470e-01 7.782104726604297529e-01 8.697487638752120498e-01 7.485307196235775340e-01 6.556443104127825938e-01 6.096150687040378102e-01 9.346206053114687606e-02 3.270424513407842460e-01 2.916311726996462239e-01 3.207770619047132232e-01 -2.283572944276403005e-01
1.000000000000000000e+00 8.866323258600590229e-01 8.718886960109012429e-01 7.335193114169111794e-01 8.423549792034015216e-01 7.457141963965004949e-01 7.142962676053326021e-01 1.850193168752601036e-01 4.653504806828454021e-01 3.063141209767828999e-01 5.861535709598333366e-01 -1.469127796764945482e-01
2.000000000000000000e+00 7.573147306457385097e-01 8.653772558184529284e-01 5.352479336274970079e-01 9.104307291141015002e-01 7.530229530364729307e-01 7.339532257440544161e-01 2.856744150628666712e-01 5.906567518884004997e-01 5.939627129385354198e-01 6.378340664728798792e-01 -3.879586063117265726e-02
3.000000000000000000e+00 5.799990089446706021e-01 6.924638064812511651e-01 2.249473323713712114e-01 8.273438779367592311e-01 6.982605763920897157e-01 6.667266854518754116e-01 1.895485640532168503e-01 5.971817202792906176e-01 3.625604292164504305e-01 4.399852300882993728e-01 -1.178383550128142554e-01
4.000000000000000000e+00 4.632016546703829896e-01 4.232939543975791086e-01 1.891787988801869047e-01 6.337358768052447910e-01 5.376928325707632794e-01 5.308926712482344712e-01 1.407145743056358311e-01 4.422442014886178163e-01 2.955461700945075654e-01 1.565669747287448677e-01 -1.419486266159569188e-01
5.000000000000000000e+00 5.323419782497718078e-01 4.531482644653515024e-01 4.255747046936076972e-01 6.346506241522175129e-01 3.871414735363221116e-01 5.885009381021748531e-01 1.959573366882871315e-01 4.169129972073612467e-01 3.044451004059112176e-01 -2.787482473526311372e-02 -4.663000110399528192e-02
6.000000000000000000e+00 5.658511553994154397e-01 4.730399522851789218e-01 5.494064873267330285e-01 5.193775374914033627e-01 2.197171937698657873e-01 4.250428885955753744e-01 6.028415396738858595e-02 3.334393618194748665e-01 3.366985883147754488e-01 -1.352211282962917649e-01 -1.412832014895465393e-01
7.000000000000000000e+00 5.366124294986575061e-01 5.305705471665507211e-01 5.159980702632683824e-01 4.074806609856001516e-01 2.017372421583927544e-01 2.827184233785772771e-01 3.144233804634821716e-02 3.498349534120274162e-01 5.283294269716372060e-01 -1.303842673954219711e-01 -1.434847622748901819e-01
8.000000000000000000e+00 3.536573356205029994e-01 3.753168105352708839e-01 3.058707108788779605e-01 3.653704095470521329e-01 1.378924225880354681e-01 6.861675927268728881e-02 1.129445484091633201e-02 2.502315948215427799e-01 6.349980058416566653e-01 -6.719361210212049240e-03 -1.162074533278135147e-01
9.000000000000000000e+00 1.326730557175854475e-01 -6.605253165997505838e-03 1.516928192241048107e-02 1.894493842784900350e-01 3.492383500174898320e-02 -5.586815239684454065e-02 -1.992368177233656001e-01 -1.005820168553768212e-01 4.268938580205505762e-01 -3.519004903947975382e-02 -3.218858657787256883e-01
1.000000000000000000e+01 -1.037718002045631693e-01 -1.200213781286197101e-01 -2.055643060645291620e-01 3.238675319867564961e-02 7.984126008737324476e-02 1.800845985219467482e-01 -6.444078102690822818e-02 1.840445251928276779e-02 -1.693350115288661528e-01 1.493645994075306627e-01 -2.354611523142913221e-01
1.100000000000000000e+01 -8.152142457345604165e-02 -6.374080732247448811e-02 -1.061342328082639369e-02 -9.937609300901184550e-02 2.556051301327936717e-02 2.282950366700151335e-01 2.466148928634949097e-02 4.309539641231117935e-02 -5.647618766097441956e-01 1.857395934977306151e-01 -3.354452756067854424e-01
1.200000000000000000e+01 6.146980758092181890e-02 1.338445065363554898e-01 3.653230607421326104e-01 -1.065406412486911980e-01 -1.080685307210118434e-02 1.127159562139171539e-01 -1.138775020362663426e-01 -1.409293992665972828e-01 -5.554971566176649667e-01 1.835701348903699959e-01 -4.983228954138883560e-01
1.300000000000000000e+01 1.411062468394219394e-01 2.551472661532681041e-01 5.013691740718448919e-01 8.538850780680375119e-02 1.577839654390469915e-01 -5.128547691121512764e-02 -2.357546490965665154e-01 -7.317784811925370780e-02 -1.400427111191505647e-01 2.191838745948252731e-01 -3.021757420604458400e-01
1.400000000000000000e+01 2.907138399711010068e-01 2.019748579562201107e-01 4.522670816086755141e-01 2.508034365871213422e-01 4.058026314948761648e-01 -5.391199376681021782e-02 -1.046069750100664386e-01 -1.274984979724727747e-02 2.781460767330442563e-01 -3.542363481413211834e-02 1.883503497250968439e-01
1.500000000000000000e+01 4.643981133773690817e-01 3.104317348596492554e-01 6.125507043976792243e-01 4.240133424691404640e-01 4.375847377908735347e-01 1.751473113119045855e-01 -2.465615666497659661e-02 1.072319480363024408e-01 6.129608641255133161e-01 4.522175093373892452e-01 2.107322033154292451e-01
