# time shift (tau) 	 correlation coefficient 	 number of simulations: 20000	 FR: True	 RSS: True
-5.000000000000000000e+00 1.750000000000000000e+02
-4.500000000000000000e+00 3.480000000000000000e+02
-4.000000000000000000e+00 2.020000000000000000e+02
-3.500000000000000000e+00 8.700000000000000000e+01
-3.000000000000000000e+00 4.700000000000000000e+01
-2.500000000000000000e+00 7.800000000000000000e+01
-2.000000000000000000e+00 7.400000000000000000e+01
-1.500000000000000000e+00 9.300000000000000000e+01
-1.000000000000000000e+00 1.360000000000000000e+02
-5.000000000000000000e-01 1.360000000000000000e+02
0.000000000000000000e+00 1.640000000000000000e+02
5.000000000000000000e-01 1.970000000000000000e+02
1.000000000000000000e+00 2.400000000000000000e+02
1.500000000000000000e+00 2.510000000000000000e+02
2.000000000000000000e+00 2.900000000000000000e+02
2.500000000000000000e+00 3.180000000000000000e+02
3.000000000000000000e+00 4.230000000000000000e+02
3.500000000000000000e+00 7.840000000000000000e+02
4.000000000000000000e+00 1.147000000000000000e+03
4.500000000000000000e+00 1.158000000000000000e+03
5.000000000000000000e+00 1.272000000000000000e+03
5.500000000000000000e+00 1.218000000000000000e+03
6.000000000000000000e+00 1.234000000000000000e+03
6.500000000000000000e+00 1.130000000000000000e+03
7.000000000000000000e+00 9.780000000000000000e+02
7.500000000000000000e+00 2.303000000000000000e+03
8.000000000000000000e+00 3.216000000000000000e+03
8.500000000000000000e+00 1.268000000000000000e+03
9.000000000000000000e+00 5.000000000000000000e+02
9.500000000000000000e+00 2.270000000000000000e+02
1.000000000000000000e+01 3.060000000000000000e+02
