# # time shift (tau) UVW2 Cont1150_not_optical_calibrated LyAlpha_not_optical_calibrated HBeta_not_optical_calibrated OI8446_not_optical_calibrated Cont1460_not_optical_calibrated
-1.000000000000000000e+01 -4.289620259158535842e-01 -2.523539066836862910e-01 3.889647298026620292e-03 4.142137112107706631e-01 4.986622123704821385e-01 -1.925254243909678697e-01
-9.500000000000000000e+00 -4.157944269871770016e-01 -1.529700504699247898e-01 -2.324302907146832964e-02 3.740176106039274639e-01 6.077876592246422849e-01 -7.222887502958323658e-02
-9.000000000000000000e+00 -4.681960305089163943e-01 -6.933207749319575397e-02 -1.143839088131078929e-01 2.482882104749336294e-01 5.405631723929091859e-01 1.578032540218193142e-02
-8.500000000000000000e+00 -3.758279486807893921e-01 8.760629616766291150e-02 -3.454518603524588116e-02 2.209002104026286384e-01 6.064714412125931098e-01 1.890891829283039283e-01
-8.000000000000000000e+00 -2.435699743247022042e-01 1.637349808245532057e-01 -4.208860278121057466e-03 1.871573628338047690e-01 4.603730005564314332e-01 2.534159503302951810e-01
-7.500000000000000000e+00 -1.050877157407844112e-02 2.486626186950642303e-01 1.593806830010135178e-01 2.562996696345636871e-01 3.953220938397737916e-01 3.570238711574230117e-01
-7.000000000000000000e+00 1.520744770985097138e-01 2.441553875665904982e-01 2.347335192211140176e-01 3.259749699207822315e-01 2.766139483900029172e-01 3.603963502198049840e-01
-6.500000000000000000e+00 2.176990078195019940e-01 2.698169106655560201e-01 3.673668396925711122e-01 4.947308147509092979e-01 4.348972062987901954e-01 3.907607682094335622e-01
-6.000000000000000000e+00 1.878661286234580008e-01 2.245075837635915061e-01 3.758492783686117611e-01 5.175177848028972294e-01 3.584340845081485649e-01 3.548071179963798727e-01
-5.500000000000000000e+00 1.434314872410506203e-01 2.615317577600394516e-01 3.757969878617530846e-01 5.282693021753168683e-01 3.425541477926997702e-01 3.692294900232379051e-01
-5.000000000000000000e+00 1.539069776340787898e-01 2.181362311547573596e-01 2.475542119933140106e-01 3.923336187269236275e-01 1.367719070882065791e-01 3.030483463677963729e-01
-4.500000000000000000e+00 2.135043753825886792e-01 1.598729181759530049e-01 1.467688604984913880e-01 3.526843879309928820e-01 1.258695515213948679e-01 2.156559559774311741e-01
-4.000000000000000000e+00 2.094727569916202126e-01 1.190988628424356488e-01 2.810190256534826625e-02 2.844050909345561262e-01 7.389323844893727622e-02 1.557877789096666632e-01
-3.500000000000000000e+00 2.670253765523505907e-01 1.888454262324559263e-01 5.216291845122248555e-02 2.558448847642827428e-01 9.366992140647656395e-02 1.998591230737426505e-01
-3.000000000000000000e+00 2.933994238626628226e-01 2.542862802647426479e-01 5.735034978944928558e-03 1.502953863077301500e-01 5.338471639602354601e-02 2.463996063104637591e-01
-2.500000000000000000e+00 3.862892805608675317e-01 3.868786941955047465e-01 9.695733588118218838e-03 1.291194265284536513e-01 -8.085231143924208330e-02 3.672000209263305281e-01
-2.000000000000000000e+00 4.993709971972655204e-01 4.669399574345374226e-01 3.996359935871358210e-02 1.025081956872016253e-01 -1.844059602063316816e-01 4.472423006958490266e-01
-1.500000000000000000e+00 5.772249939259174178e-01 6.520244258846699115e-01 1.823057451988508992e-01 2.328079706498350221e-01 -4.569800419581172141e-02 6.287579247304238006e-01
-1.000000000000000000e+00 7.064298125579531185e-01 7.626485128551563353e-01 2.981644208994927991e-01 3.157851907871790376e-01 7.996860991723453438e-02 7.469518479726118265e-01
-5.000000000000000000e-01 7.938061829657461210e-01 9.387838377393480371e-01 4.706015748137608590e-01 4.665006799893889333e-01 2.544437017091020214e-01 9.122476065927550559e-01
0.000000000000000000e+00 8.957243150915907837e-01 9.999999999999998890e-01 5.967988838041384803e-01 5.483692091320929718e-01 3.342751472548809444e-01 9.793797674988372615e-01
5.000000000000000000e-01 9.116319004656178171e-01 9.387838377393480371e-01 7.433701093010860461e-01 6.599317491819247650e-01 3.924364576432208818e-01 9.515987471095485040e-01
1.000000000000000000e+00 8.365064402413235900e-01 7.626485128551562243e-01 8.313324395253958166e-01 6.910579482147826136e-01 3.738291019993019715e-01 8.194410083819412272e-01
1.500000000000000000e+00 7.407121748280361961e-01 6.520244258846699115e-01 8.843193023287296839e-01 7.681152672969818740e-01 4.518198576625414020e-01 7.331074318532513345e-01
2.000000000000000000e+00 6.001216271525509072e-01 4.669399574345374226e-01 8.265122002938556367e-01 7.215926168799655649e-01 3.876230104350082417e-01 5.660127622618917886e-01
2.500000000000000000e+00 4.685998832469737696e-01 3.868786941955047465e-01 7.496599328305992849e-01 7.269441931498992204e-01 4.026695511642403025e-01 4.721513893712891985e-01
3.000000000000000000e+00 4.043596606472499300e-01 2.542862802647426479e-01 5.866251089008933661e-01 6.020842621809121553e-01 2.361629770781435989e-01 3.230908225105554865e-01
3.500000000000000000e+00 2.984949999646032692e-01 1.888454262324559541e-01 5.575328303895870086e-01 4.938953923428968662e-01 2.716136889355082462e-01 2.569796606845830556e-01
4.000000000000000000e+00 3.415919671171767091e-01 1.190988628424356210e-01 4.712701277834868696e-01 3.032610484935092110e-01 2.004789179386515241e-01 1.829171811468646713e-01
4.500000000000000000e+00 3.148121761260015417e-01 1.598729181759530049e-01 4.669640235920478055e-01 2.890110319274434847e-01 2.053015463545787844e-01 2.343519604583723659e-01
5.000000000000000000e+00 3.899860528075085875e-01 2.181362311547573873e-01 4.640155527037317928e-01 2.924576913155902957e-01 1.835271629470427712e-01 2.897252728530800292e-01
5.500000000000000000e+00 3.072478270033842662e-01 2.615317577600394516e-01 4.778613178803355344e-01 3.646030611064138838e-01 1.426619582881383796e-01 3.222514549639110548e-01
6.000000000000000000e+00 3.293056039238372312e-01 2.245075837635915339e-01 4.097975137410552193e-01 2.882283412333092043e-01 5.779917228313502520e-04 2.710311421351110917e-01
6.500000000000000000e+00 2.742572612112429420e-01 2.698169106655559091e-01 3.446746873535463385e-01 2.639565335062121210e-01 4.612116510916892259e-02 2.881748115011786293e-01
7.000000000000000000e+00 2.704705404141283798e-01 2.441553875665904705e-01 2.259742931569941882e-01 2.297787080871879217e-01 1.078821860881736538e-01 2.331938402460583259e-01
7.500000000000000000e+00 1.906621939690043011e-01 2.486626186950641748e-01 1.853143893827370881e-01 3.457383780259341011e-01 3.852177547225075216e-01 2.165839780747897125e-01
8.000000000000000000e+00 8.313648438130696872e-02 1.637349808245532334e-01 8.364325553347891351e-02 3.814244182875309308e-01 4.768595092083738329e-01 1.018945814419149887e-01
8.500000000000000000e+00 1.813648908886460881e-02 8.760629616766288374e-02 6.566360788900987844e-02 4.494954526515217430e-01 5.281405408486870012e-01 1.714446547426856995e-02
9.000000000000000000e+00 -1.137879811527173213e-01 -6.933207749319574009e-02 -2.268942140850174760e-03 4.202400881503386421e-01 4.318426218414603834e-01 -1.340111730749722341e-01
9.500000000000000000e+00 -1.817939170572621665e-01 -1.529700504699247898e-01 -5.527401977351867335e-03 4.116083614560688275e-01 4.437746508776378995e-01 -1.730087317340990027e-01
1.000000000000000000e+01 -2.624487241923727510e-01 -2.523539066836863465e-01 -1.234651552399400193e-01 3.143255078309747375e-01 3.869622936688012493e-01 -2.432079327541653013e-01
1.050000000000000000e+01 -3.740723770224633205e-01 -2.117936849466312277e-01 -1.842527982163559563e-01 2.476552833564291678e-01 4.217818620627789561e-01 -1.974898774774705990e-01
1.100000000000000000e+01 -3.768996505425528110e-01 -1.905284074300114538e-01 -3.110875666991318456e-01 -6.115973336457788956e-03 2.888652682519596837e-01 -1.776546252460576847e-01
1.150000000000000000e+01 -3.369483378785532168e-01 -1.216681908529735484e-01 -3.116492546910307748e-01 -2.535531941397572986e-01 2.736668833214223745e-02 -9.146653391809328459e-02
1.200000000000000000e+01 -2.704801800873888329e-01 -1.625147778660007147e-01 -3.036820623988872869e-01 -4.698957502299653255e-01 -1.696055067061678218e-02 -8.937142977250825404e-02
1.250000000000000000e+01 -2.434536431015016655e-01 -2.188821424494556689e-01 -1.772627808373838931e-01 -4.629313245937593524e-01 2.162148675624903094e-02 -9.000802743808460071e-02
1.300000000000000000e+01 -3.210119838071342491e-01 -3.222899026140271794e-01 -1.907744124182512713e-01 -5.133203013376582691e-01 -6.628220860532826886e-02 -1.704480123058835783e-01
1.350000000000000000e+01 -3.189612220857865887e-01 -2.557137537224232759e-01 -1.914283126523691481e-01 -4.571392200805786676e-01 -3.056623394762220669e-01 -1.652147298802293385e-01
1.400000000000000000e+01 -3.516551524180763777e-01 -3.033736478691561045e-01 -2.987677961585657460e-01 -5.013429872193233550e-01 -5.290837010180630129e-01 -3.068645396697934902e-01
1.450000000000000000e+01 -2.220522340684432938e-01 -2.401086704874950128e-01 -3.184174459943858171e-01 -4.493887498725604446e-01 -5.612210073440998537e-01 -3.379656699270328635e-01
1.500000000000000000e+01 -9.319199608257852652e-02 -2.305431411232435335e-01 -3.213697393741037356e-01 -4.218862408987868462e-01 -5.700643630839945519e-01 -4.309346104377794751e-01
