# # time shift (tau) HDelta HGamma HeII4685 HBeta HeI5875 HAlpha HeI5015 OI8446 HeI4471 HeI7065 OIII5007 LyALpha
-5.000000000000000000e+00 2.177637611981020072e-01 2.344234118836808212e-01 3.380146371336919531e-01 3.048403167314595041e-01 1.365184480699208058e-03 -2.078100518353400566e-02 -2.240709144104620076e-01 1.032499631422706676e-01 -2.461632052790410086e-01 2.783488383326065962e-01 -2.934527683398962528e-01 1.791955713698882846e-01
-4.500000000000000000e+00 1.336071688111729605e-01 2.214050654003672791e-01 2.245909125809721907e-01 3.875972891383792640e-01 -4.286629923630652650e-02 3.100661192449712805e-02 -2.012944710917954350e-01 1.738581123447950072e-01 -1.523342811169637878e-01 3.679674255923036652e-01 -2.670022759741262353e-01 1.179041533258501362e-01
-4.000000000000000000e+00 1.007164280547148683e-02 1.771265387482485743e-01 1.131108385437804287e-01 3.862841669177579096e-01 -1.196313068368402011e-01 1.092664674751259515e-02 -9.145304858114354507e-02 1.706025841505909024e-01 -3.660877141917344424e-02 3.955282523235235104e-01 -1.520105531572667201e-01 2.103979656284173799e-02
-3.500000000000000000e+00 -3.839708538813086519e-02 9.746781751733007981e-02 7.564786420386931942e-02 3.487613344402271665e-01 -7.544638442259990474e-02 2.664184509757573302e-02 -2.413300388350557157e-01 1.663870026634011734e-01 -8.464727236769175461e-03 3.287270141803689816e-01 -2.902157591344050047e-01 5.418149153620971381e-02
-3.000000000000000000e+00 -1.744401695525993334e-01 -6.706837632186417320e-02 7.867553290855838766e-03 1.736649589801294302e-01 -9.053168049225679415e-02 -7.446218823909853124e-02 -3.387653676081779919e-01 7.293123001918980219e-02 -3.678698563736770150e-02 1.413877377226102072e-01 -3.823712394465801356e-01 -2.961641625564226388e-03
-2.500000000000000000e+00 -1.554844703201877232e-01 -9.445702062017997946e-02 5.626462808070074872e-03 1.318988616196477559e-01 -1.646203427630352212e-02 -5.890977389414064208e-02 -4.659893549155886827e-01 -4.208903500783549995e-02 -8.444215151537443065e-02 4.436763086481603641e-02 -5.430489340599768955e-01 1.191964820530626301e-03
-2.000000000000000000e+00 -1.007297055515762041e-01 -1.209797468291492900e-01 3.675396071622310384e-02 6.389207235321836542e-02 -2.476210576654942416e-02 -9.211932983344592318e-02 -5.200666415382504404e-01 -1.790898951004272210e-01 -1.265502053960354534e-01 -5.396520521014264854e-02 -5.813189084233121307e-01 1.596318279622625097e-02
-1.500000000000000000e+00 5.071228433238506722e-02 2.417556161886037780e-02 2.186125161056117761e-01 1.648746532561758960e-01 7.365822536518149000e-02 -1.610954389285209828e-02 -5.490670335587440887e-01 -7.325591947035867135e-02 -9.163081977813763990e-02 -1.359860708150155972e-01 -6.672150961901137656e-01 1.560680262696105824e-01
-1.000000000000000000e+00 1.749853535101911772e-01 1.172146722972731425e-01 3.560158761256154714e-01 2.107764922731211465e-01 1.664473669098904818e-01 6.354627696430095729e-03 -4.600447020671273313e-01 -1.694061511365151790e-02 -1.309870158735295387e-01 -2.382978382828828123e-01 -5.994626622015433171e-01 2.557081361092742866e-01
-5.000000000000000000e-01 3.403188419956399979e-01 2.651481493130286027e-01 5.620952516710867597e-01 3.102759602704775466e-01 2.805296171345247336e-01 1.602563862198397859e-01 -4.224676234276149023e-01 5.696439459303969527e-02 -3.676592947286599911e-02 -2.553088652393582514e-01 -6.514340448998390265e-01 4.138393905116494187e-01
0.000000000000000000e+00 4.856573650303071532e-01 3.808348028265766683e-01 7.027738800405831654e-01 3.781616381921253933e-01 3.600817018836193206e-01 2.626124772529644380e-01 -2.254044674684288208e-01 8.256001956014848153e-02 8.455904126491395334e-02 -2.438728225267847438e-01 -4.466760489227485365e-01 5.262162977534505792e-01
5.000000000000000000e-01 6.309545199368645774e-01 5.057967894847790191e-01 8.117740535415886027e-01 4.459035657829769628e-01 4.057283948468159984e-01 3.237080138347779856e-01 -2.035634562206310449e-01 8.625949051060879946e-02 1.816781516394194163e-01 -3.850771783002510801e-02 -4.837506090102953182e-01 6.541562984080503407e-01
1.000000000000000000e+00 7.387136239589393583e-01 5.984393926361727400e-01 8.331937800770194968e-01 4.749327670188169259e-01 4.108583631607724551e-01 3.367624376813631581e-01 -1.155023045492460376e-01 8.089522301531473780e-02 2.226071575281714510e-01 1.801720202623822431e-01 -3.713268759504960714e-01 7.262999137709673647e-01
1.500000000000000000e+00 7.958412782546957498e-01 7.126305929979848131e-01 8.665774548612017458e-01 6.166928795345307801e-01 5.465041443454971004e-01 4.540206121472437628e-01 1.909617990807401661e-02 1.849315840537913147e-01 4.520960310386276659e-01 3.672574325246305005e-01 -2.839215213431389717e-01 8.159962292044544707e-01
2.000000000000000000e+00 7.632271537419790253e-01 7.440064863902458026e-01 7.594948360483155803e-01 6.648516814952516452e-01 6.151856516696290189e-01 4.917863305438561206e-01 7.107268619134307630e-02 2.283575802136452448e-01 5.250895713831584821e-01 5.022474293030467773e-01 -1.856186699421842612e-01 8.048843524081239487e-01
2.500000000000000000e+00 7.379500103344973638e-01 7.816303447657967363e-01 6.200226868198822627e-01 7.557761186904422557e-01 7.310729322447427903e-01 6.118759837600660223e-01 2.012119761904511139e-01 3.234679319272686371e-01 5.299514244012397679e-01 6.110258968096495824e-01 -8.766171357183619173e-02 7.751212464062056107e-01
3.000000000000000000e+00 6.283463314904997876e-01 7.160237157326592161e-01 3.843253800599349956e-01 7.456052057651186837e-01 7.415613553130833147e-01 6.173034667232304429e-01 2.295098184658838636e-01 3.056515165442826865e-01 3.801909302610675945e-01 6.434224153975753868e-01 -3.883274626539862801e-02 6.634910139767333792e-01
3.500000000000000000e+00 5.941361603914065981e-01 6.660285115683155510e-01 2.643229771362281544e-01 7.064290571019944398e-01 7.615827376874018118e-01 6.553906512692365682e-01 2.485817007670501066e-01 4.183696615984924261e-01 3.441180881867023089e-01 6.319031735538815919e-01 -7.265184224676829450e-02 6.701862806539313766e-01
4.000000000000000000e+00 4.952566596966597734e-01 5.456284635203426658e-01 1.350617840273135029e-01 6.055946651397339231e-01 6.880623391838680547e-01 6.272104564104230562e-01 2.265899196165602481e-01 4.205919065646605004e-01 2.031812640810964909e-01 5.631993520495253147e-01 -8.783757967052628624e-02 6.216654741220659641e-01
4.500000000000000000e+00 4.763367455375662196e-01 5.317777771424022637e-01 1.526392096058781789e-01 6.151573307710236360e-01 6.925173977614342835e-01 7.106621952836751355e-01 3.445470485357560175e-01 4.603281480595460828e-01 1.431615570043394681e-01 5.052671046999029913e-01 3.943743722478561253e-02 6.412805919345128114e-01
5.000000000000000000e+00 4.486882944762733416e-01 4.720102978623307854e-01 2.051768654954129190e-01 5.670717641638197692e-01 6.104793758968007911e-01 7.013278004397942578e-01 3.833317531207789397e-01 4.112547230566786505e-01 7.558843719589049270e-02 3.214029569007016418e-01 1.260719136458605116e-01 6.137224114304768996e-01
5.500000000000000000e+00 4.672688769280197718e-01 4.387093157291273027e-01 3.023075727780156763e-01 5.421485437316236888e-01 5.137914743145803875e-01 6.182152710112440719e-01 3.709374184258504847e-01 3.518091025112507486e-01 9.823257414613602301e-02 2.327310574084454076e-01 1.512496351631516522e-01 5.722482809111471003e-01
6.000000000000000000e+00 4.571810190293802978e-01 3.760336640609464043e-01 3.433856223257428231e-01 4.310564756502920924e-01 3.865802576405110158e-01 4.667969658688067014e-01 2.827408385793206413e-01 2.145373184241434750e-01 3.990317922232799325e-02 1.755512970362135550e-01 1.284867237942292351e-01 4.766907958188729699e-01
6.500000000000000000e+00 5.016770574156993456e-01 4.227518671065770839e-01 3.937202355738764203e-01 4.152773864283151872e-01 3.629389279857255790e-01 4.406554830391816724e-01 2.540376219709483685e-01 2.821312116011623350e-01 1.729287768105222112e-01 7.070843831561866855e-02 1.388154853914923270e-01 4.190624187104811105e-01
7.000000000000000000e+00 4.871161792756639741e-01 4.779712774868176695e-01 4.004071458565749975e-01 4.062819522352794643e-01 3.251836615307885925e-01 3.818037005396112127e-01 2.570886066449063478e-01 3.540410575406885418e-01 3.095284394743152423e-01 4.138481742038141453e-02 1.954117673701178948e-01 3.129198003658907323e-01
7.500000000000000000e+00 4.904297941142143902e-01 5.452662298644759264e-01 3.969345597402562653e-01 4.814155477120915516e-01 3.423546277802027027e-01 3.772175436355691969e-01 3.650175872928452248e-01 5.733582614372683128e-01 5.282571163254736746e-01 2.640416995488557156e-02 3.345606256088575758e-01 2.586532488884779046e-01
8.000000000000000000e+00 4.261570912153274104e-01 4.732263122035386127e-01 2.811994284487148721e-01 4.371047727170701003e-01 2.712062150047246378e-01 2.486418277505282326e-01 3.678106959986230384e-01 5.669303403932381968e-01 6.409345688359835425e-01 -3.873117499436701944e-02 3.814093483055209788e-01 1.223112653750367956e-01
8.500000000000000000e+00 3.801097835569879901e-01 3.255333015567140609e-01 1.777584836056285700e-01 3.604592678766539438e-01 1.606271696206579835e-01 9.466924426801022474e-02 2.710094403018287190e-01 4.468125322476422245e-01 7.421395490172071341e-01 -1.605767851927366041e-01 2.893032111525434269e-01 3.074223971518919712e-02
9.000000000000000000e+00 2.795770667681356514e-01 1.650597907276575294e-01 1.963579401908749356e-02 2.478903774193854659e-01 4.871604535423723625e-02 -2.248716289060462281e-02 1.533062959909140821e-01 2.716542864837322435e-01 7.649981404326093859e-01 -1.837253330637442783e-01 1.749315365728991711e-01 -7.035218388315013505e-02
9.500000000000000000e+00 1.741422398595463272e-01 1.030809412762800636e-01 -1.003085221119246195e-01 2.227114561433952145e-01 2.273655769682628169e-02 1.364760130023912922e-02 1.763397138145834930e-01 1.933573684723068897e-01 6.982734182068310869e-01 -9.111672924102424964e-02 1.681225603953858949e-01 -7.978105142380276238e-02
1.000000000000000000e+01 1.208024263017361266e-02 -1.573262401844768843e-02 -2.924455960928962206e-01 1.420159892210562380e-01 -3.023268518257046789e-02 3.992047924772947065e-02 1.783403158430468538e-01 1.429646284290918556e-01 4.902792713356179388e-01 -1.378344015395084610e-02 1.778835729345035754e-01 -1.655384495555276003e-01
