# time shift (tau) 	 correlation coefficient 	 number of simulations: 20000	 FR: True	 RSS: True
-5.000000000000000000e+00 5.000000000000000000e+00
-4.500000000000000000e+00 1.100000000000000000e+01
-4.000000000000000000e+00 2.000000000000000000e+00
-3.500000000000000000e+00 1.000000000000000000e+00
-3.000000000000000000e+00 3.000000000000000000e+00
-2.500000000000000000e+00 0.000000000000000000e+00
-2.000000000000000000e+00 1.000000000000000000e+00
-1.500000000000000000e+00 0.000000000000000000e+00
-1.000000000000000000e+00 1.000000000000000000e+00
-5.000000000000000000e-01 0.000000000000000000e+00
0.000000000000000000e+00 2.000000000000000000e+00
5.000000000000000000e-01 1.600000000000000000e+01
1.000000000000000000e+00 3.300000000000000000e+01
1.500000000000000000e+00 8.400000000000000000e+01
2.000000000000000000e+00 2.580000000000000000e+02
2.500000000000000000e+00 1.176000000000000000e+03
3.000000000000000000e+00 2.226000000000000000e+03
3.500000000000000000e+00 2.959000000000000000e+03
4.000000000000000000e+00 1.144000000000000000e+03
4.500000000000000000e+00 4.047000000000000000e+03
5.000000000000000000e+00 5.442000000000000000e+03
5.500000000000000000e+00 9.370000000000000000e+02
6.000000000000000000e+00 5.290000000000000000e+02
6.500000000000000000e+00 2.470000000000000000e+02
7.000000000000000000e+00 2.930000000000000000e+02
7.500000000000000000e+00 2.980000000000000000e+02
8.000000000000000000e+00 7.500000000000000000e+01
8.500000000000000000e+00 5.500000000000000000e+01
9.000000000000000000e+00 3.400000000000000000e+01
9.500000000000000000e+00 5.200000000000000000e+01
1.000000000000000000e+01 6.900000000000000000e+01
