# # time shift (tau) HDelta HGamma HeII4685 HBeta HeI5875 HAlpha HeI5015 OI8446 HeI4471 HeI7065 OIII5007
-1.000000000000000000e+01 6.412514050445512759e-02 7.803083760812515313e-02 8.317733044803558851e-02 1.848224407412933090e-01 -2.080760561503953721e-01 -2.601470156586508931e-01 -1.028929295734785365e-01 6.266871840864995935e-02 -3.146085508816182097e-02 6.426755538149772629e-02 -1.270299675205268930e-01
-9.000000000000000000e+00 -9.926453219704961528e-02 -8.000866703700121318e-03 -9.009114978059437617e-02 1.217582370867189290e-01 -2.685095793492212612e-01 -1.999482904787864834e-01 -1.613824509460084766e-01 1.394650630083403842e-01 -1.345631235328446917e-01 8.557584448019783796e-02 -2.038945981017256381e-01
-8.000000000000000000e+00 -2.331007231837721738e-01 -1.158832657839056063e-01 -4.363571282739807378e-02 -3.678553561841310660e-04 -2.886933730572854850e-01 -2.360944232500059303e-01 -2.464244824249323118e-01 8.359108613624414985e-02 -3.759657601847006259e-01 -5.741636377768455368e-02 -3.474436216512779563e-01
-7.000000000000000000e+00 -2.023038829830847429e-01 -1.747021002389207711e-01 1.257906167778985451e-01 -1.837422458267294334e-01 -4.149723262199754292e-01 -3.345939781827049764e-01 -3.905019388150040571e-01 -2.395140049161547380e-01 -5.265376618378282414e-01 -7.838529284347109383e-02 -5.008130268865995660e-01
-6.000000000000000000e+00 -7.838752328681236614e-02 -4.057513456334712471e-02 2.851096014657259481e-01 -3.962790687850330923e-02 -2.968166666702039547e-01 -2.947510153278531386e-01 -4.221098496846681369e-01 -2.487073109396626680e-01 -5.111945820659299367e-01 4.116975669047719111e-02 -5.127877071515798413e-01
-5.000000000000000000e+00 3.306636267558342446e-02 5.435394783105031158e-02 3.877820209606879232e-01 1.663011053721821786e-01 -1.162350374865610131e-01 -1.532254483326670469e-01 -4.125067071619775150e-01 -1.957968200558887761e-01 -2.795444735086073940e-01 6.648032453955318721e-02 -4.593892576827532936e-01
-4.000000000000000000e+00 5.399738701748160730e-02 5.746329151953435965e-02 3.277517416752510071e-01 1.479489278327541513e-01 -1.064710391781510113e-01 -1.959136423284458250e-01 -4.997626903332931247e-01 -2.486628974847719942e-01 -1.540359775765943740e-01 1.190449395967548840e-01 -5.327400410671268016e-01
-3.000000000000000000e+00 1.837615204260222013e-01 1.913962494853405638e-01 4.123042241908533301e-01 2.516342257288378126e-01 2.095736311788750361e-01 -5.502830013021754035e-02 -5.481245775431189404e-01 -1.224928416148266114e-01 -9.098276791245119011e-02 6.674414674828339777e-02 -6.322222753213139201e-01
-2.000000000000000000e+00 4.508372166765315381e-01 3.834429034273652004e-01 5.745597925056389332e-01 4.561985407505589896e-01 4.723937915430695966e-01 1.906477503160589060e-01 -3.623906115106480530e-01 -8.384408379374387599e-02 -6.849331883167489310e-02 8.059485955518608247e-02 -5.526783910148860279e-01
-1.000000000000000000e+00 7.041983918948337973e-01 5.898406927028507774e-01 7.340799974444764953e-01 6.019817653586994055e-01 5.770289757289557286e-01 3.812205519938326459e-01 -1.924334767529484458e-01 1.092599203211038206e-01 2.562994630494018489e-02 1.883533625472913753e-01 -4.961759621429305822e-01
0.000000000000000000e+00 8.499751864993985162e-01 8.219414039876346001e-01 8.323093450630623114e-01 7.794872166639349453e-01 7.371799064427843051e-01 7.018258527853560302e-01 1.121650907459375845e-01 4.489599481882980414e-01 2.809908316674133433e-01 3.206148666886278198e-01 -2.288901918657723911e-01
1.000000000000000000e+00 8.922708567622607001e-01 8.885573925146477148e-01 7.229129362561619310e-01 8.571221065871091893e-01 7.423708657585885717e-01 7.423472559068992060e-01 2.491054756949708793e-01 5.032010164358429183e-01 3.260559564578475733e-01 5.502078140001384066e-01 -1.048951181156521639e-01
2.000000000000000000e+00 7.907266015947012061e-01 8.593963870015384199e-01 5.591712070405301382e-01 8.659962103030420799e-01 7.519562734125752046e-01 7.027449640076777193e-01 2.703471083816222920e-01 5.395076739640685126e-01 5.503415491016374617e-01 6.012420265670781472e-01 -7.470588356373979166e-02
3.000000000000000000e+00 6.027051255564777055e-01 7.297589079911332988e-01 2.491964718809276946e-01 8.680327245719210438e-01 7.442531523092592582e-01 7.226673395021403490e-01 2.677339978933429565e-01 6.238591704471299071e-01 4.147090691408173990e-01 4.961764138090528631e-01 -5.160263381054047693e-03
4.000000000000000000e+00 4.989683150145046708e-01 4.373844653870658794e-01 1.457358057840684173e-01 6.718313515556328941e-01 5.691209580415266256e-01 5.602728205252510696e-01 2.256756981568338594e-01 4.841822153706360488e-01 3.164357776796096200e-01 1.976109409004157547e-01 -2.961336197517532715e-02
5.000000000000000000e+00 4.873604547560769773e-01 4.526335949963051775e-01 3.539847495811545564e-01 6.004302114966866277e-01 3.594874668885716940e-01 5.940587063870783613e-01 2.356965556394576833e-01 4.769444904055016865e-01 3.467025170991446248e-01 -3.065638292442248586e-02 3.194619494789857628e-03
6.000000000000000000e+00 5.185447691259645886e-01 4.472034527308067497e-01 4.681473717224277631e-01 4.844725997771607284e-01 2.248336845316660781e-01 3.951858950359669054e-01 1.171538487103288423e-01 3.437706394728453629e-01 3.188366431909579468e-01 -1.083491480085031350e-01 -5.045096049179018105e-02
7.000000000000000000e+00 4.674857879412302464e-01 4.080598321068538703e-01 4.074909551581458733e-01 3.472220558896964571e-01 1.454128050766441971e-01 1.848148686066052870e-01 6.336257912988940699e-02 2.185707337225128721e-01 5.066932763673757112e-01 -2.350426630274158879e-01 -1.079870126155312304e-01
8.000000000000000000e+00 2.788324174436926928e-01 3.453684154659041328e-01 2.298226650411434591e-01 3.448592799606469139e-01 2.566834620879875073e-02 1.029495023134657100e-01 4.332763278556488185e-02 3.422578400193219128e-01 6.453647649755042126e-01 -2.844181809040385173e-02 -5.057953133018432135e-02
9.000000000000000000e+00 4.109066808433873424e-02 -9.433107553068718898e-02 -1.541484059557113595e-01 8.636011305299527707e-02 -3.877672974855309040e-02 -7.931156479231900314e-02 -1.858645281178172293e-01 1.151401506661275942e-02 3.169033703110529787e-01 -2.347505824689545273e-01 -2.620794128045106364e-01
1.000000000000000000e+01 -2.481506971770078562e-01 -2.801790982627596072e-01 -2.639353852923284616e-01 -1.850486750885687592e-01 -1.435837461878439192e-01 -2.402259530668474086e-02 -1.148650897394517811e-01 -2.074819992906655752e-01 -2.059595144710117398e-01 -1.019584178863398860e-02 -2.136310601468469073e-01
1.100000000000000000e+01 -2.715702128474958288e-01 -1.959207715325387011e-01 -9.883205874244957445e-02 -2.243848960911624946e-01 -1.442050616376622796e-01 2.166221424681369009e-02 -2.135164362953165251e-01 -1.301101694635364292e-01 -6.703538186905262375e-01 2.076221496678555822e-01 -5.309708674378023074e-01
1.200000000000000000e+01 -8.551377105556307034e-02 -5.399071690218994191e-02 1.960173910532011510e-01 -2.328397932370926959e-01 -4.334696213047302404e-02 -1.686845642322142014e-02 -1.977839629921233355e-01 -2.648623593098622386e-01 -6.688656514318228608e-01 -3.645541904786906567e-02 -4.977456842161011030e-01
1.300000000000000000e+01 3.365680035680225501e-02 1.602476483182943001e-01 4.223746093441994587e-01 -4.846183657284924839e-02 4.424126531490613773e-02 -8.116414947601632845e-02 -3.332095185410024474e-01 -6.538210572578144475e-02 -2.438838443198285688e-01 2.332793812216007456e-01 -3.986775824804071888e-01
1.400000000000000000e+01 2.269651363555387769e-01 1.180280063296272886e-01 4.715064691669153540e-01 1.434776090709579122e-01 2.735790849848083739e-01 -1.558438102794185431e-01 -2.591021301096060880e-01 -1.166935356365456089e-01 1.738383933671164283e-01 -3.182232031066518918e-02 2.643296662272661551e-02
1.500000000000000000e+01 3.576078306264115492e-01 2.313011789581703170e-01 6.330412250516848083e-01 3.426549317248957505e-01 4.524719946611387433e-01 5.275781151437321237e-02 -3.833295663357317445e-02 -1.313520102613102425e-01 4.497183360850273148e-01 4.100905772744227740e-01 2.093460546664819288e-01
