# # time shift (tau) Cont4010 Cont4200 Cont4440 Cont4765 Cont5100 Cont5600 Cont6045 Cont6110 Cont6880 Cont7390 Cont8015 Cont8900 Cont1150
-1.000000000000000000e+01 3.503188007449802022e-02 1.215016797107858620e-01 1.891032552855187732e-01 1.793980317033429528e-01 2.387163502385305225e-01 1.587400127218380197e-01 2.429065021662993318e-01 6.448988903655225591e-02 6.130534566839856980e-02 -2.757338394765644629e-02 -2.972857833145407802e-02 -5.180538016474586088e-02 -1.341834220746655204e-01
-9.000000000000000000e+00 3.308020579564414920e-02 8.522742248900358475e-02 1.156422456279146693e-01 7.964338671092485722e-02 1.351927185655295571e-01 7.286524464177503158e-02 1.105739633960780843e-01 -4.312737482402219380e-02 1.330927781745432081e-02 6.480489290887597731e-03 -2.101841341076757241e-02 -1.131472883534494211e-02 -1.821456160038244509e-01
-8.000000000000000000e+00 3.205177130430519883e-01 3.178932856444395827e-01 3.389243831748647295e-01 2.779007515459901989e-01 3.188865856868627890e-01 2.540134834807753483e-01 1.874461213629625977e-01 1.526137814017259897e-01 1.661969299687658386e-01 1.537110948581438263e-01 1.516727484876111420e-01 5.360838083625876771e-02 8.201678775470302996e-02
-7.000000000000000000e+00 4.682846848016961605e-01 4.789563073847379338e-01 4.974440847831864132e-01 4.742436728319595063e-01 4.694504627087073834e-01 4.097792440008047876e-01 4.093727601277329375e-01 3.646519039023758957e-01 2.958733061818291654e-01 2.026970185326507079e-01 1.721712319428259086e-01 6.835643254131248958e-02 2.776957715254626535e-01
-6.000000000000000000e+00 6.331539473635068305e-01 6.183450360927295053e-01 6.284410987690499661e-01 6.067980754349776573e-01 6.241976905795374453e-01 6.557498319951118315e-01 5.697189412955361298e-01 5.394569373186308692e-01 4.962333400415882556e-01 4.298464667997621280e-01 3.535652904848554101e-01 2.895128357488693238e-01 3.837030820674540710e-01
-5.000000000000000000e+00 7.249509979282180439e-01 6.892869921219942908e-01 6.772801054080421768e-01 6.356582959716434722e-01 6.795265784577813051e-01 7.064891443972026730e-01 6.525393601715827607e-01 5.943009570577724165e-01 5.840242978712776312e-01 4.798858357828529320e-01 5.271545912276309753e-01 4.165269018604875195e-01 5.479757320273480614e-01
-4.000000000000000000e+00 6.847013667033571283e-01 6.459055464406505687e-01 6.545393427783895435e-01 6.261094201212833443e-01 6.667807716176991084e-01 6.848562884296891529e-01 5.965902726671747924e-01 5.676597465471151516e-01 5.535224954398583197e-01 4.585816937603127696e-01 4.745827290501957729e-01 4.064772705574499767e-01 5.644866224561436718e-01
-3.000000000000000000e+00 8.376613734899497343e-01 8.012304860522820871e-01 7.939688141086692630e-01 7.889929679094460635e-01 8.003637462523582879e-01 7.793677369339635508e-01 7.152762807643094911e-01 7.359382443215092273e-01 7.231536329947174657e-01 6.636450450944776369e-01 6.214271757676463892e-01 6.323784865229270524e-01 7.220228316605142860e-01
-2.000000000000000000e+00 8.881281021986026092e-01 8.694162425469954547e-01 8.949193414484933884e-01 8.834400840087586193e-01 8.888438964704675760e-01 8.416964489146931960e-01 8.291778577594079991e-01 8.655515423675192999e-01 8.092312584774326023e-01 7.527246593845773326e-01 7.202824421635763974e-01 6.887681743978365523e-01 8.224360581830163497e-01
-1.000000000000000000e+00 8.678795424492409261e-01 8.790057475722218294e-01 9.041638471057042992e-01 8.608193422309803333e-01 8.869134840863664992e-01 8.948665774079527235e-01 8.920330593918796014e-01 8.774252870804489790e-01 8.792614976336299293e-01 8.344333019498269000e-01 8.175192924356039503e-01 8.130460203933945751e-01 7.519742920311327516e-01
0.000000000000000000e+00 9.085466706878732035e-01 9.208723478517641947e-01 9.119866748212669405e-01 8.845882422844925097e-01 9.059598814052470805e-01 9.122606113078330914e-01 9.207004418106492505e-01 9.247994399686646494e-01 9.697389755436035541e-01 9.780692556934570403e-01 1.000000000000000000e+00 9.754630222258112715e-01 7.667064042901543530e-01
1.000000000000000000e+00 6.986044491888159236e-01 7.224454732883067720e-01 7.308642853983564613e-01 7.042304040875557725e-01 7.235226505109293438e-01 7.551813445601919250e-01 7.979785902269556086e-01 7.700546361303968190e-01 8.059545598056070403e-01 8.216023538279704219e-01 7.912480122416475359e-01 8.206019995234794528e-01 5.636517296403568134e-01
2.000000000000000000e+00 5.595174306113654961e-01 5.948378768746672707e-01 5.867363134815412051e-01 5.702249524385645252e-01 5.922495855075489146e-01 6.026971831464340568e-01 6.605538863358998425e-01 6.369370012422281846e-01 6.896331810115882144e-01 7.281535542461994304e-01 6.642090043392675502e-01 7.517904418656577992e-01 3.198692222483587311e-01
3.000000000000000000e+00 4.326284864760260307e-01 4.517482127709058215e-01 4.902664333536119745e-01 4.210614986173328855e-01 4.712047797385205405e-01 4.254134752518227147e-01 5.264158744897755593e-01 4.974486884603148695e-01 5.189525452363537017e-01 5.392339778435619735e-01 5.325605934722328350e-01 5.683910193806284150e-01 2.194740523492024198e-01
4.000000000000000000e+00 2.694216668928989256e-01 3.715653979811103236e-01 3.687409608530438643e-01 3.161114242800975305e-01 3.613251905137840336e-01 3.175925530784949880e-01 3.634341632415354351e-01 3.341842354382562608e-01 3.663804664240371545e-01 3.450400253847839549e-01 3.121806181983958761e-01 3.420095661455379021e-01 2.216058176785929978e-01
5.000000000000000000e+00 3.991111103442229746e-01 4.643532084936432547e-01 4.308615881912947754e-01 4.190189197826262313e-01 4.148213892750560738e-01 4.468336142306971737e-01 3.968764279338944378e-01 4.096747798973782162e-01 4.624121008174260639e-01 4.930961826218186461e-01 4.389796498624659593e-01 5.303250455183210477e-01 4.366565330652736332e-01
6.000000000000000000e+00 2.837489143376925593e-01 3.041745672176990323e-01 3.125845482242454731e-01 3.313711356737539804e-01 2.871448706564905806e-01 3.226124060472642663e-01 3.024161744283688780e-01 3.123632205277668827e-01 2.822972402890818189e-01 2.656276908333879971e-01 2.233499208612529374e-01 2.976288198161045062e-01 3.634548511164162332e-01
7.000000000000000000e+00 9.941921135535131127e-02 1.484894774360478731e-01 1.432037749467917898e-01 1.801596221280846732e-01 1.473478714393044453e-01 1.751125299878519004e-01 1.002161734613922078e-01 1.056774144200735427e-01 1.290785902724209122e-01 6.340806397166312558e-02 8.143018145536995434e-02 1.273345522410267716e-01 1.417368114439760129e-01
8.000000000000000000e+00 4.428160464060625079e-02 5.453080611146413070e-02 7.500426625061087926e-02 3.613238813910785163e-02 5.256932484620245594e-02 4.606216213509370383e-02 -1.809684237442686638e-02 -7.904871281594172405e-03 4.351123567513855150e-02 1.687876390141722360e-02 7.791442336669504587e-02 8.220776734104623396e-02 7.805878432835855474e-02
9.000000000000000000e+00 -3.053669412162655916e-02 -2.374550056392479847e-02 2.723030904374466876e-02 -2.228533919293915200e-02 -6.486073522679873526e-02 -6.268391048016627720e-02 -9.535194048982874315e-02 -5.241679959597300709e-02 -3.978525119317102843e-02 -5.182160878156696904e-02 -4.606365033151882393e-02 -7.903678487045348589e-02 1.095197848257927209e-01
1.000000000000000000e+01 -4.453543769192417484e-02 -9.474709018388959014e-02 -1.123340173510019857e-01 -8.750138512758494358e-02 -1.318121035900257643e-01 -9.272868594759225980e-02 -1.103217751828563381e-01 -1.003210853992288765e-01 -1.091138614563730153e-01 -6.052860712832763834e-02 -8.225848962352660942e-02 -1.109347845097069518e-01 -1.105847082713755092e-01
1.100000000000000000e+01 9.465772251186302388e-02 -2.081979206519918996e-02 -2.290505813579006567e-02 -1.059231102843410932e-02 -2.738340120270349454e-02 1.205889488812859900e-03 -2.605741108228328343e-02 -2.447991438379613915e-03 -5.300552020384061147e-02 -2.295978228126569626e-02 2.266588352530615746e-03 -8.866943943698614439e-02 -5.400154402363931128e-03
1.200000000000000000e+01 1.267494792061867603e-01 8.427222983094113939e-02 3.132411078832647577e-02 1.011511737049550358e-01 8.833929133105930531e-02 8.068355673670983552e-02 7.648705502013711244e-02 8.630905197400448592e-02 2.612296357475206443e-02 -3.225980469505327491e-02 2.395656038489335504e-02 -9.492264041301023969e-02 1.356491471525888282e-01
1.300000000000000000e+01 3.016880336968476017e-01 2.573749807648382792e-01 2.408941764761534099e-01 2.999108100773075769e-01 3.334246814259128611e-01 2.899156564537478387e-01 3.140260898494251496e-01 2.924609182513802086e-01 2.433735032713853497e-01 2.032948187991974742e-01 1.938916576976816020e-01 1.488306902030625545e-01 2.536048374687757678e-01
1.400000000000000000e+01 4.090120546396147638e-01 3.363449636820878275e-01 3.843032838530818229e-01 3.562763495766029243e-01 4.057779001859166401e-01 3.172721171201817736e-01 3.984570266257592142e-01 3.609578875056257963e-01 3.041515113357904365e-01 2.573452730646630937e-01 1.975659270353673502e-01 1.797153609234470595e-01 4.282611693694604593e-01
1.500000000000000000e+01 4.815222262956607713e-01 3.708274746824798962e-01 3.883280417783711025e-01 3.854541000552061392e-01 4.859242002182370124e-01 4.017326379442071049e-01 4.454777286556109717e-01 3.780673132962884542e-01 3.097376504274895193e-01 2.786636734868583876e-01 3.009004057781007879e-01 2.540048140272777033e-01 2.376967603351761438e-01
