# # time shift (tau) Cont4010 Cont4200 Cont4440 Cont4765 Cont5100 Cont5600 Cont6045 Cont6110 Cont6880 Cont7390 Cont8015 Cont8900 Cont1150
-1.000000000000000000e+01 4.884476610861407386e-02 6.571388822218073023e-02 1.661568653521242611e-01 7.304977829695910585e-02 2.175211618127260160e-01 1.775247405204632423e-01 2.311900944185758533e-01 4.938275576514526005e-02 2.462911280659031699e-02 -4.637417641651802452e-02 -8.381774043288386933e-02 -7.902368789261943194e-02 -1.894953092841908104e-01
-9.000000000000000000e+00 2.630350427130564994e-02 5.110093039528143533e-02 1.247971171078517127e-01 2.105059082844710355e-02 1.437122552300120482e-01 9.648001892103057198e-02 9.148953431898659838e-02 -6.507086160128275343e-02 -1.171411971998306822e-02 -1.076026310622893445e-02 -7.652686101104916316e-02 -3.938963855059861990e-02 -2.162383715353172753e-01
-8.000000000000000000e+00 3.039574848264632312e-01 2.904975100850381575e-01 3.304338762903473170e-01 2.438130288247280786e-01 3.052296428379812632e-01 2.368915816127670770e-01 1.707524941952772712e-01 1.197126909083621876e-01 1.484976169481179720e-01 1.606363752294265035e-01 7.895722275568953230e-02 5.934392133447085466e-02 6.225869168829350347e-02
-7.000000000000000000e+00 4.459490986984505634e-01 4.504255709600072932e-01 4.764729491299828368e-01 4.480563014586795845e-01 4.526105830042311262e-01 4.090376214544252376e-01 3.806299064188515269e-01 3.311562095785610671e-01 2.535848117615495667e-01 1.815792221793931516e-01 9.838120768786956516e-02 2.182800139976474180e-02 2.556938831044930360e-01
-6.000000000000000000e+00 5.959723967741038519e-01 5.919848951367812084e-01 6.138996909727454376e-01 5.883973780542525178e-01 6.006940295561846721e-01 6.236075279372751412e-01 5.385389048864093198e-01 4.975166463407423301e-01 4.525630550857133727e-01 3.624369581880810820e-01 2.825077970316087761e-01 2.321431726272546459e-01 3.401583586741641074e-01
-5.000000000000000000e+00 7.037771382391604380e-01 6.724141421911065120e-01 6.755959229325982918e-01 6.424324978461330993e-01 6.536870537912229384e-01 6.854335854347263224e-01 6.195054672980988553e-01 5.718821475303588198e-01 5.610587047740422939e-01 4.439353902692589893e-01 4.786929809764570720e-01 3.891233478644259280e-01 5.345645117161251791e-01
-4.000000000000000000e+00 6.477156476567720311e-01 6.020372017058049918e-01 6.194595886420968256e-01 6.074388304478810507e-01 6.099991582480615016e-01 6.420210632212866031e-01 5.219496081320387226e-01 5.035350678870889052e-01 4.872849083481494703e-01 3.793696853387574786e-01 3.764861030221000604e-01 3.222353224433476271e-01 5.336794453393214344e-01
-3.000000000000000000e+00 8.094583909122204934e-01 7.651199262799499579e-01 7.571346049772738063e-01 7.647348287748136908e-01 7.615553033759696611e-01 7.409691435251776204e-01 6.514254938262110661e-01 6.743790157616020853e-01 6.785714067809651695e-01 6.200519649481999185e-01 5.705713414061988065e-01 5.883305657487390983e-01 7.008562360526336965e-01
-2.000000000000000000e+00 8.752199562420517331e-01 8.507842413161281758e-01 8.698319948437660543e-01 8.763122369912589305e-01 8.681046990555778553e-01 8.218240036306430074e-01 8.048680968658088464e-01 8.380758465066927565e-01 7.842183174948581525e-01 7.212836600057332959e-01 6.871851459516438165e-01 6.569286981567203920e-01 7.898281312220221118e-01
-1.000000000000000000e+00 8.622283068652677462e-01 8.738214359173752666e-01 8.949925478659082057e-01 8.713833316349641755e-01 8.853856990776309832e-01 8.941664951034863362e-01 8.887951844475687757e-01 8.719608452406131249e-01 8.780492613305364014e-01 8.301454237072964926e-01 8.041960169486724874e-01 7.950529870269431587e-01 7.174432849514831290e-01
0.000000000000000000e+00 9.077797734814925246e-01 9.213105296439939584e-01 9.196157596465588391e-01 8.867433967242787096e-01 9.050479395734870591e-01 9.089635756739092853e-01 9.239854212724057936e-01 9.291073495399042592e-01 9.728729331753265264e-01 9.792984925767188598e-01 9.999999999999998890e-01 9.777296660380622173e-01 7.583184850326120108e-01
1.000000000000000000e+00 7.306728227121317421e-01 7.516424721358092587e-01 7.680470012808726654e-01 7.305753697431727200e-01 7.559294582949324104e-01 7.849127583426166455e-01 8.192893848821569680e-01 8.026989716034649280e-01 8.287657777672408077e-01 8.377659837121105291e-01 8.041960169486724874e-01 8.339765929634763708e-01 5.549730925136272530e-01
2.000000000000000000e+00 6.034048556338886815e-01 6.283541345166629988e-01 6.314982842764449433e-01 5.925937299485517507e-01 6.318154249110070619e-01 6.386544367200082117e-01 6.845580545621312574e-01 6.675654732318884177e-01 7.203776798526866365e-01 7.511056045426138805e-01 6.871851459516438165e-01 7.757375955163992032e-01 3.353316044686419084e-01
3.000000000000000000e+00 4.820877129254702576e-01 4.977182535631622939e-01 5.327125232220987217e-01 4.626221102391063211e-01 5.200248005847446509e-01 4.714111706231343124e-01 5.596579911666492713e-01 5.370292819263537965e-01 5.627971078451341480e-01 5.782706193222024726e-01 5.705713414061988065e-01 6.092188914469016670e-01 2.629858598560412819e-01
4.000000000000000000e+00 3.493002422767399473e-01 4.282381384152523784e-01 4.317583356539921868e-01 3.697056087459360540e-01 4.112344385108021028e-01 3.637309111561994879e-01 4.137647685874510928e-01 3.968475118269548796e-01 4.227782331006817440e-01 4.141844195192014855e-01 3.764861030221000604e-01 4.166360303953225985e-01 2.729553284842449745e-01
5.000000000000000000e+00 4.326440491359273000e-01 4.839574879427161469e-01 4.587392947924878728e-01 4.197726701475361644e-01 4.406218667256366350e-01 4.471615271780740586e-01 4.333953464796471700e-01 4.432493540118063180e-01 4.834282996952045108e-01 5.094476743979533540e-01 4.786929809764570720e-01 5.493884073160635317e-01 4.340033801120748436e-01
6.000000000000000000e+00 3.590961105614985382e-01 3.691353843803434343e-01 3.736813499944046102e-01 3.687326014059847390e-01 3.503974227874588898e-01 3.721255337326005996e-01 3.661310621500021290e-01 3.830354360518195556e-01 3.377373623191742835e-01 3.094800943297713047e-01 2.825077970316087761e-01 3.463860824762582391e-01 4.134303098281160160e-01
7.000000000000000000e+00 1.856418546435698036e-01 1.821986103149049741e-01 1.864062770106901801e-01 1.962491695596755015e-01 1.895649218911487355e-01 2.094315466972085094e-01 1.392551407297191457e-01 1.431320152046950400e-01 1.653286127356516644e-01 8.877513373414608333e-02 9.838120768786956516e-02 1.555640141628747697e-01 1.713771051891777308e-01
8.000000000000000000e+00 1.096425141864292574e-01 6.790945165548187279e-02 1.092007217510100048e-01 6.495602018909703290e-02 8.153634952723678997e-02 5.672527878236536397e-02 2.307116292475771407e-02 1.714232700403044846e-02 6.708283429271996723e-02 3.166940439176154504e-02 7.895722275568953230e-02 1.013395275452312061e-01 8.550383707922015741e-02
9.000000000000000000e+00 -7.959112033533201347e-03 -3.211189309709985840e-02 3.407878906402173752e-02 -5.671893417236326118e-03 -5.957170147772230390e-02 -7.156716689859207725e-02 -7.152867677910446087e-02 -5.669957990188866787e-02 -4.397122777097926816e-02 -5.299050602533086213e-02 -7.652686101104916316e-02 -9.459159883890039255e-02 7.345648130229556760e-02
1.000000000000000000e+01 -8.626962516448763441e-02 -8.019167172154920142e-02 -1.029855643996565040e-01 -8.606044106954892359e-02 -1.353193896266051965e-01 -1.427363490614172448e-01 -9.976714808897581277e-02 -1.124614396368385505e-01 -1.012373861377945383e-01 -4.374237562252925038e-02 -8.381774043288386933e-02 -9.791435306954589246e-02 -1.315343564872010762e-01
1.100000000000000000e+01 1.385362633914142758e-02 -3.180761486208603939e-02 -4.313839122166469864e-02 -3.164959932597698894e-03 -5.207745956866088183e-02 -2.693332134622675525e-02 -5.172749886709794576e-02 -2.004338461133632274e-02 -7.509134615990489814e-02 -4.106155921662802549e-02 -1.748636119632445904e-02 -1.308747007120797945e-01 1.301827102599250816e-02
1.200000000000000000e+01 1.133966906784094480e-01 8.359704236144646639e-02 2.184790655865546244e-02 1.299231126877359588e-01 5.914064547129078281e-02 1.091718087150627403e-01 6.616278506073600130e-02 8.222021886362321230e-02 1.628658496357072646e-02 -4.327158708353243122e-02 4.451046763682419555e-03 -1.065646279446976208e-01 1.751484337169408323e-01
1.300000000000000000e+01 2.437357460872553172e-01 2.065413389264571242e-01 1.807408976377409271e-01 2.759430308691863676e-01 2.754112217281308173e-01 2.783480519650798901e-01 2.422366362952635688e-01 2.401990339065203650e-01 1.841049752152501551e-01 1.488330931260229972e-01 1.527387621453086264e-01 1.032420165111309907e-01 2.275082707526546177e-01
1.400000000000000000e+01 3.770739628489631068e-01 3.277237827473851173e-01 3.707058528971670652e-01 3.876082893796589102e-01 4.110622925296130159e-01 3.580137004180993232e-01 3.742131789487155302e-01 3.492204976818301665e-01 2.864528616264314653e-01 2.313448468331514851e-01 1.826509081001970181e-01 1.599961951642645541e-01 4.879228227102404558e-01
1.500000000000000000e+01 4.792286291628391481e-01 4.507865920627013301e-01 4.662497556254230346e-01 4.689735409983332715e-01 5.793026994967200860e-01 4.756019699988982552e-01 5.275989257662799803e-01 4.510338138506495564e-01 3.721119829904598886e-01 3.593687115685150202e-01 3.555869121356681761e-01 3.342513995404791660e-01 2.990523909230805577e-01
