# time shift (tau) 	 correlation coefficient 	 number of simulations: 10000	 FR: True	 RSS: True
-1.000000000000000000e+01 1.270000000000000000e+02
-9.000000000000000000e+00 1.710000000000000000e+02
-8.000000000000000000e+00 2.400000000000000000e+01
-7.000000000000000000e+00 9.000000000000000000e+00
-6.000000000000000000e+00 7.800000000000000000e+01
-5.000000000000000000e+00 7.800000000000000000e+01
-4.000000000000000000e+00 1.370000000000000000e+02
-3.000000000000000000e+00 2.110000000000000000e+02
-2.000000000000000000e+00 1.550000000000000000e+02
-1.000000000000000000e+00 3.540000000000000000e+02
0.000000000000000000e+00 2.550000000000000000e+02
1.000000000000000000e+00 3.920000000000000000e+02
2.000000000000000000e+00 4.130000000000000000e+02
3.000000000000000000e+00 1.813000000000000000e+03
4.000000000000000000e+00 2.169000000000000000e+03
5.000000000000000000e+00 2.386000000000000000e+03
6.000000000000000000e+00 5.170000000000000000e+02
7.000000000000000000e+00 2.740000000000000000e+02
8.000000000000000000e+00 4.200000000000000000e+01
9.000000000000000000e+00 3.300000000000000000e+01
1.000000000000000000e+01 1.260000000000000000e+02
1.100000000000000000e+01 8.000000000000000000e+01
1.200000000000000000e+01 3.400000000000000000e+01
1.300000000000000000e+01 2.200000000000000000e+01
1.400000000000000000e+01 9.000000000000000000e+00
1.500000000000000000e+01 9.100000000000000000e+01
