# time shift (tau) 	 correlation coefficient 	 number of simulations: 15000	 FR: True	 RSS: True
-9.000000000000000000e+00 6.000000000000000000e+00
-8.000000000000000000e+00 0.000000000000000000e+00
-7.000000000000000000e+00 0.000000000000000000e+00
-6.000000000000000000e+00 0.000000000000000000e+00
-5.000000000000000000e+00 5.000000000000000000e+00
-4.000000000000000000e+00 9.000000000000000000e+00
-3.000000000000000000e+00 5.000000000000000000e+00
-2.000000000000000000e+00 1.300000000000000000e+01
-1.000000000000000000e+00 2.000000000000000000e+01
0.000000000000000000e+00 3.000000000000000000e+01
1.000000000000000000e+00 1.240000000000000000e+02
2.000000000000000000e+00 2.223000000000000000e+03
3.000000000000000000e+00 8.180000000000000000e+02
4.000000000000000000e+00 1.319000000000000000e+03
5.000000000000000000e+00 2.088000000000000000e+03
6.000000000000000000e+00 1.738000000000000000e+03
7.000000000000000000e+00 5.620000000000000000e+02
8.000000000000000000e+00 1.996000000000000000e+03
9.000000000000000000e+00 4.022000000000000000e+03
1.000000000000000000e+01 1.300000000000000000e+01
1.100000000000000000e+01 4.000000000000000000e+00
1.200000000000000000e+01 5.000000000000000000e+00
