# # time shift (tau) HDelta HGamma HeII4685 HBeta HeI5875 HAlpha HeI5015 OI8446 HeI4471 HeI7065 OIII5007 LyALpha
-1.000000000000000000e+01 4.022902041553896857e-02 1.632441944988577143e-01 1.155434200549945722e-02 2.807012182648979115e-01 -6.158837209286704972e-02 -8.419438469747812792e-02 7.783215971839535507e-02 2.853945705525429144e-01 -1.126358120687329795e-01 1.046881338479307560e-01 7.494456562300332025e-02 -2.181110196484677966e-01
-9.500000000000000000e+00 -1.695219881889200447e-02 1.103452553564749916e-01 -2.046977977705162141e-02 2.253182665953925023e-01 -1.290156574390248223e-01 -1.571876866044847332e-01 -2.002906945905236560e-02 2.662119589928100272e-01 -1.513179116354188003e-01 6.510860898618750503e-02 -1.177261313538736746e-02 -2.997872454266167219e-01
-9.000000000000000000e+00 -4.312802905316693441e-02 5.102559591313224341e-02 -6.864940498474564334e-02 9.691819875984658550e-02 -1.783167443946129804e-01 -2.611947429243520746e-01 -1.278001832954943628e-01 1.800397963413824243e-01 -2.050481163451395306e-01 -1.359473789667101605e-02 -1.371347652098626468e-01 -3.499169246960234236e-01
-8.500000000000000000e+00 -5.382745696403757468e-02 -1.272768892075530275e-03 -4.606556693796092644e-02 -2.352216370982151278e-02 -1.687155635851371183e-01 -2.970771338430486797e-01 -2.667354647624696762e-01 1.346326961750368700e-01 -3.333036912510065619e-01 -9.665051219809844829e-02 -3.229542909411725615e-01 -2.981429269452767761e-01
-8.000000000000000000e+00 -8.911816600240851649e-02 -3.800286542445845128e-02 -9.535032197078241456e-03 -2.108705752483535506e-02 -1.822599236837986747e-01 -3.335505269461469524e-01 -2.409710427163276880e-01 1.081271774665453766e-01 -3.533100866517762118e-01 -1.489361689155193624e-01 -3.145186592659576785e-01 -2.717387185591294552e-01
-7.500000000000000000e+00 -6.733581935889959569e-02 -2.523169192836616920e-03 9.207746312146755652e-02 2.367629575267486339e-02 -1.894192130036075339e-01 -2.538859074039129249e-01 -1.775493190549834732e-01 9.911465891484311230e-02 -3.600938344229568933e-01 -1.231315579242222291e-01 -2.723215714009968313e-01 -1.819195601548720953e-01
-7.000000000000000000e+00 -4.052177350527536720e-02 -6.408500491392767062e-02 2.004819967706810147e-01 6.204028950595017085e-03 -3.296475940406469185e-01 -2.809901489900450411e-01 -2.038150762874648136e-01 -1.436617644124808246e-01 -3.572294364247442511e-01 -8.801969545960197649e-02 -3.039814244642758956e-01 -1.321500471607585936e-01
-6.500000000000000000e+00 -1.285637262846142312e-02 -6.614144734919630286e-02 2.246903120317763070e-01 -2.302891030379704967e-02 -3.230367544392244161e-01 -3.227131714921991357e-01 -2.927686048561546905e-01 -1.771222623798261453e-01 -4.114809756858365253e-01 -6.148744082224669866e-02 -4.044817949189183914e-01 -8.873270679922562465e-02
-6.000000000000000000e+00 8.271053816942455089e-04 -1.231214839229841963e-02 2.762021409903429592e-01 -4.309792689163310930e-02 -3.099244067966786531e-01 -3.015995924092313429e-01 -4.198692212224482967e-01 -1.833818245798535806e-01 -4.781934856005896628e-01 9.572559555573149567e-03 -5.156481167782047681e-01 5.151927228268264256e-03
-5.500000000000000000e+00 -2.526770845295193448e-03 3.972065675528310691e-02 2.571239532556308105e-01 -8.011928998802660129e-03 -2.614022429202308428e-01 -2.152804622627134401e-01 -4.064132702846541823e-01 -1.494539119925674953e-01 -4.388731879168723538e-01 8.717341535368383632e-02 -5.023089380264820214e-01 4.204160722283418333e-02
-5.000000000000000000e+00 2.667173991701932492e-02 1.084844974787893129e-01 2.834299056147836504e-01 1.216260724600506105e-01 -1.398263867807057748e-01 -1.220718594755052927e-01 -3.647831489774009395e-01 -6.993451507048348281e-02 -3.616768690797303454e-01 1.151982562901027740e-01 -4.486519294176684047e-01 1.013504461687072256e-01
-4.500000000000000000e+00 -5.835600951969385081e-03 1.283138598246171269e-01 2.246605296556354880e-01 2.431112847518311915e-01 -1.176901600798245517e-01 -6.707344151734073723e-02 -2.496774323729229472e-01 -2.498811708486612868e-02 -2.973582395057090544e-01 2.238306273331864826e-01 -3.360864394921259102e-01 1.052633926058315211e-01
-4.000000000000000000e+00 -3.537585773827427171e-02 5.531777720976011059e-02 2.181618219291832084e-01 2.029313078220788547e-01 -1.623998894754807854e-01 -1.492559982337220703e-01 -2.746621378851630824e-01 -1.345759422693333929e-01 -2.380482566430581481e-01 1.881694825423833040e-01 -3.563957105844913764e-01 8.575563861761514861e-02
-3.500000000000000000e+00 -1.559716935687396888e-01 -1.158326957704158833e-01 1.083812340054460255e-01 1.009948460474309473e-01 -2.517871436109827554e-01 -2.032352054860497859e-01 -3.329842750315029076e-01 -2.402355760239151539e-01 -1.617454007913358416e-01 1.503199670162664869e-01 -3.899199346329572657e-01 -6.014504062906631671e-03
-3.000000000000000000e+00 -6.491529247335722785e-02 -5.022466013389600276e-02 1.995752856047915413e-01 1.200371783690657168e-01 -1.366237044048401739e-01 -1.872299341485031410e-01 -5.111531018983366259e-01 -2.676128777991161889e-01 -9.894340164540008087e-02 1.402026476082505191e-01 -5.503862933204006769e-01 1.348309248058998100e-01
-2.500000000000000000e+00 -1.018027903725306493e-01 -9.144998272436045961e-02 1.585785558500117376e-01 4.969340866261473533e-02 -9.437036026351522389e-02 -1.648013452916404498e-01 -6.030304915421874634e-01 -2.410975854090097736e-01 -1.603303830922271911e-01 4.844791273865094172e-02 -6.180559055705857618e-01 1.176788437763097994e-01
-2.000000000000000000e+00 7.146236777741846180e-02 8.055530795222327900e-02 2.530864006339120231e-01 2.136885335152907683e-01 1.984546301005494229e-01 4.958279057273796281e-03 -5.256660255925631464e-01 -1.529802860925587038e-01 -2.163008982743161723e-01 3.236187769627457689e-02 -6.096269740353752464e-01 2.669850975159494544e-01
-1.500000000000000000e+00 1.251125133127256872e-01 1.208826133704846290e-01 3.279794120492559584e-01 2.210712756905900411e-01 2.738821648311661194e-01 1.536664255238271229e-02 -5.449766589104009240e-01 -8.344732733987827999e-02 -2.282194710527465920e-01 -1.213706576950604465e-01 -6.382300199472765723e-01 3.032889638320957482e-01
-1.000000000000000000e+00 3.379320759475359370e-01 2.749460135853115661e-01 4.968319759063873908e-01 3.709882382927834343e-01 3.785822876702705786e-01 1.791595266333094738e-01 -3.807099782611498284e-01 -1.825148327697467127e-02 -8.204827381992882418e-02 -6.499467544285636444e-02 -5.762136496860694734e-01 4.658909942466320508e-01
-5.000000000000000000e-01 4.606728276380657738e-01 3.594292553282301128e-01 6.513789717556335290e-01 4.054084523353951308e-01 3.761896865815076985e-01 2.039877581763841763e-01 -2.842599923865227196e-01 -7.659851263645245378e-02 1.950193591573955165e-02 -8.030160334119482157e-02 -5.181911085688230001e-01 5.458631673579551480e-01
0.000000000000000000e+00 6.386256990125172006e-01 5.219249832404126987e-01 7.717466820904184122e-01 5.242184622893391044e-01 4.609935359626169404e-01 3.748937695644151136e-01 -1.781788886324651155e-01 6.050064260973941205e-02 2.018900458771309969e-01 8.501010625629187856e-02 -4.637772113978299027e-01 7.132405121757117161e-01
5.000000000000000000e-01 7.423842648174200365e-01 6.328944060759500445e-01 8.469765798780735100e-01 5.901667252750000259e-01 5.126560979790439898e-01 4.378696095488441298e-01 -1.206801726909127459e-01 1.294643115333503625e-01 3.395914056457262076e-01 2.382390190695845844e-01 -4.183685730743065267e-01 8.125351043563219244e-01
1.000000000000000000e+00 8.539259303181977456e-01 7.479791371108019948e-01 8.479901745503539701e-01 7.018781407074554668e-01 6.435434129925805546e-01 5.582226628172328731e-01 -1.224741089114766285e-02 2.590424255059278202e-01 4.700336449129108862e-01 3.210455727401123616e-01 -2.976365408219640019e-01 8.709864955921878815e-01
1.500000000000000000e+00 8.931509135081265871e-01 8.103633729304740019e-01 7.719626632082285944e-01 7.902213145212908518e-01 7.420891233854310931e-01 6.604704611343408249e-01 1.032793477530455778e-01 3.519992220007811534e-01 5.670802495186004766e-01 4.504434587761720898e-01 -1.854819714879745729e-01 8.708531124848379879e-01
2.000000000000000000e+00 8.834071127517304500e-01 8.766298002375468856e-01 6.822683309116772676e-01 8.663734426602154315e-01 7.973595548598564342e-01 7.185776161446687516e-01 2.691420162053586029e-01 4.454007690961390153e-01 6.395229384304601528e-01 4.929049964550296092e-01 -3.969090468443343955e-02 8.478349027185621001e-01
2.500000000000000000e+00 8.219367053376851473e-01 8.728919070464731256e-01 5.201681755997881185e-01 8.871508139645862823e-01 8.130361502123346629e-01 7.639383540001586370e-01 3.291625350752184209e-01 5.344180577096273588e-01 5.721596954142661451e-01 5.970593723208439396e-01 -1.450420231593290907e-02 7.972869506609616685e-01
3.000000000000000000e+00 7.532536662985116482e-01 8.404604715610386467e-01 4.075543033440762741e-01 8.683557725221902057e-01 8.397521340675278001e-01 7.525097208697322237e-01 3.663055217907889571e-01 6.142727126267399917e-01 5.612229975729829956e-01 6.153682308453678473e-01 1.724839097653223935e-02 7.635932383240910948e-01
3.500000000000000000e+00 6.537307338565205850e-01 7.405399453826830847e-01 3.084941730106505742e-01 7.988982817681955506e-01 7.655745395645664475e-01 7.381585491587417946e-01 3.538398327165663271e-01 6.506099835745924320e-01 4.562647878457604111e-01 5.138767932873070654e-01 6.803540346176300581e-03 7.312664271599826904e-01
4.000000000000000000e+00 6.327953188704069643e-01 6.222606116747790850e-01 2.561017530710411050e-01 7.285601496575807579e-01 7.358485741566831440e-01 7.291594048695352326e-01 4.063062440036334655e-01 5.820356592786326555e-01 4.281164367699774598e-01 4.016063353830130467e-01 9.401342922339442354e-02 6.882140456221514935e-01
4.500000000000000000e+00 5.846272494821114218e-01 5.208664196418355541e-01 2.348783563131674745e-01 6.410179965752005327e-01 6.833113659988144795e-01 6.992442146102300082e-01 4.206549368410714695e-01 4.886515705988029312e-01 2.676973186607527477e-01 2.849006840604892954e-01 1.418862697398269312e-01 6.386390965408783593e-01
5.000000000000000000e+00 5.920905743794209197e-01 4.929946444074971845e-01 2.334783030246910251e-01 6.221122665175897737e-01 5.910944797715572685e-01 7.077462507438374573e-01 4.804713145181331302e-01 4.624915580016004668e-01 2.677667874694088512e-01 3.237726114262857724e-01 2.487549296584171676e-01 5.816038881804146410e-01
5.500000000000000000e+00 5.265456160777925998e-01 4.480496637483424305e-01 2.665046354446060639e-01 5.389812089362923109e-01 4.266892503511034995e-01 6.084054056414122114e-01 4.203184380429907385e-01 4.218883742006281912e-01 2.198964474887207809e-01 2.473506022270400562e-01 2.369163584137336520e-01 4.736723844730812427e-01
6.000000000000000000e+00 4.965483349317770800e-01 4.810813453106642656e-01 2.801922661618401200e-01 5.283604391873619743e-01 3.674514257528990746e-01 6.087908117323078683e-01 5.480321617003783841e-01 5.178953693969050587e-01 2.753676944766578760e-01 1.032751246219931612e-01 3.760291384046447472e-01 3.792657672481756226e-01
6.500000000000000000e+00 4.936690124278804159e-01 5.040019868822128712e-01 2.962676098222842835e-01 4.921067995377935711e-01 3.287384235586499615e-01 5.378874648201040776e-01 5.443334474127912159e-01 5.696453182223857326e-01 3.384784569082783245e-01 1.500866081175456640e-02 4.550563586173234087e-01 2.975100740673706223e-01
7.000000000000000000e+00 4.055212700108131729e-01 4.547070494704155141e-01 2.431329930206994894e-01 3.513059432977034824e-01 2.178536769815509477e-01 3.571552833396219873e-01 4.730562950449658799e-01 5.163353009948792316e-01 3.738504629812373081e-01 -1.099691634385019656e-01 4.292101620548429142e-01 1.711399135845611263e-01
7.500000000000000000e+00 3.003319106204125344e-01 3.495704000323757166e-01 1.053691523635446742e-01 2.575826268901326710e-01 1.330069523162645539e-01 1.813021217169673016e-01 4.403040250525611654e-01 4.332715700926290103e-01 4.978045911557678060e-01 -2.045235658177325111e-01 4.401364381926461400e-01 2.925974656141004313e-02
8.000000000000000000e+00 1.646266838331273963e-01 1.797885838023270677e-01 1.759931797959982808e-02 1.009880568687347158e-01 -5.779390481107373606e-02 -9.508163617596110395e-02 2.206534780307097821e-01 2.155763401878080243e-01 5.897617810785227288e-01 -2.540641028995062056e-01 3.054488095856193741e-01 -1.232214686570780593e-01
8.500000000000000000e+00 1.196706044832161614e-01 7.160699418831109608e-02 -5.875406399419046133e-02 9.170266981467739553e-02 -1.256075582312484173e-01 -1.591414596084940736e-01 1.846816623261315904e-01 1.132016675380347337e-01 6.987916105373459530e-01 -2.125281131356654973e-01 3.659380770902495028e-01 -1.771691171129261277e-01
9.000000000000000000e+00 -6.651027714361387733e-02 -1.317279446730723613e-01 -2.546780313509205973e-01 3.141491937208620855e-02 -2.093783816948225074e-01 -2.716990396440526201e-01 6.691290672585141486e-02 -8.523070373397600985e-02 5.837059141431657494e-01 -2.545294542760142553e-01 3.004415004798736133e-01 -3.215218250107442222e-01
9.500000000000000000e+00 -1.403219687304869678e-01 -1.904547345727406193e-01 -4.763608922173374061e-01 4.645918417071696199e-02 -1.461815674408009358e-01 -1.489139219960061988e-01 1.606012852533473256e-01 -1.349184462440577992e-02 3.810967955574831034e-01 -3.100998725641784803e-01 3.133029489340408702e-01 -3.942145923806004149e-01
1.000000000000000000e+01 -3.750287131058755996e-01 -3.953014603484490963e-01 -6.749414511123725813e-01 -1.315831982366464092e-01 -2.460271303734573589e-01 -1.991480900804358245e-01 6.830160781217495258e-02 -5.108467152272478523e-02 1.342502847150334189e-01 -2.998077590135283521e-01 2.167341327203747281e-01 -5.296873626347546882e-01
1.050000000000000000e+01 -4.252420237367479094e-01 -4.568776256932939317e-01 -6.943399058764407883e-01 -2.810222774477140750e-01 -3.829979215537698822e-01 -1.303966500748654500e-01 2.735134754603833415e-02 6.403636188898569406e-03 -2.487507651315122581e-02 -3.197476096579717764e-01 6.278916151214365693e-02 -5.087026541056586249e-01
1.100000000000000000e+01 -4.807878804667409245e-01 -4.908311294720176243e-01 -6.856552638423685231e-01 -4.516159018543514092e-01 -4.519306353453185765e-01 -1.095331244936773862e-01 -1.264243818633715641e-02 -2.974282012379344392e-02 -3.371965295247711936e-01 -3.152391840139917578e-01 -9.494271405492304972e-02 -4.758314199504374287e-01
1.150000000000000000e+01 -5.225534966327743946e-01 -4.565439624701272958e-01 -6.486165035296880266e-01 -5.493750824811891587e-01 -4.982284318283161650e-01 -1.184456000658743180e-01 -9.775878838803003790e-02 -3.176275102824214353e-02 -6.073225052878656882e-01 -3.230953244454388695e-01 -2.393023410564982800e-01 -4.288718962497461429e-01
1.200000000000000000e+01 -5.045500700059687427e-01 -3.936723271199383811e-01 -4.289571283357657139e-01 -5.819040557593974095e-01 -5.822954169717990958e-01 -2.197609592671790901e-01 -1.769956395147721517e-01 -1.821246679487981968e-01 -6.882662522937008642e-01 -2.739525028857688893e-01 -3.677814784617885469e-01 -3.209304361868209332e-01
1.250000000000000000e+01 -5.584824571684730010e-01 -4.687876957634361519e-01 -3.173548154373462271e-01 -6.058399164738914600e-01 -7.007945716336019260e-01 -4.615482295989016270e-01 -2.665035170009764087e-01 -3.925001530967058838e-01 -6.195253970427124779e-01 -3.940910878043237808e-01 -3.695031199689303159e-01 -3.843676316126511949e-01
1.300000000000000000e+01 -5.597079621058320686e-01 -4.635618734635220672e-01 -2.105392532257372440e-01 -5.813517429193248987e-01 -6.409208067290045330e-01 -6.127012463751608795e-01 -3.906653520171251559e-01 -5.238839911447171760e-01 -5.860942407624294415e-01 -4.764527977001202785e-01 -3.759602814834093198e-01 -4.345534651799384807e-01
1.350000000000000000e+01 -4.850253689353494213e-01 -4.306781999411807282e-01 -7.744421389665483157e-02 -5.180938828323701228e-01 -4.291468844896291213e-01 -6.811697828534931665e-01 -5.061297067791448168e-01 -5.867698730118326989e-01 -5.563491271608780320e-01 -4.875803270030455994e-01 -3.946208603085728517e-01 -4.164967629372393065e-01
1.400000000000000000e+01 -5.897629141308091683e-01 -5.590698355197554203e-01 -2.235198916037901273e-01 -5.671022067929498700e-01 -4.419958610442635272e-01 -7.310889159812253846e-01 -5.935162317589518510e-01 -5.219291002595043416e-01 -4.696166948745574832e-01 -5.253879449235864252e-01 -3.203670705226543403e-01 -6.301685592590280383e-01
1.450000000000000000e+01 -4.075194475674522865e-01 -4.376315833878734463e-01 5.702099195746393456e-03 -3.973728694057581112e-01 -2.414090283536209081e-01 -6.297486684183382089e-01 -5.319199928129053623e-01 -4.588133141089907885e-01 -2.201748048638310640e-01 -3.468199827184549888e-01 -1.977737764427519307e-01 -4.750139158023980457e-01
1.500000000000000000e+01 -4.909043543914570762e-01 -6.461479713826772109e-01 -1.553351772672998954e-01 -5.276618912575206100e-01 -2.856181830166126812e-01 -6.697374343156994314e-01 -6.533475828013436404e-01 -4.519326449005831581e-01 -2.643719306852898021e-01 -3.681868645046939004e-01 -2.728603713273713982e-01 -5.506708318242210520e-01
