# time shift (tau) 	 correlation coefficient 	 number of simulations: 15000	 FR: True	 RSS: True
-9.000000000000000000e+00 4.700000000000000000e+01
-8.000000000000000000e+00 5.700000000000000000e+01
-7.000000000000000000e+00 5.000000000000000000e+00
-6.000000000000000000e+00 1.200000000000000000e+01
-5.000000000000000000e+00 1.430000000000000000e+02
-4.000000000000000000e+00 3.800000000000000000e+01
-3.000000000000000000e+00 4.000000000000000000e+00
-2.000000000000000000e+00 0.000000000000000000e+00
-1.000000000000000000e+00 0.000000000000000000e+00
0.000000000000000000e+00 1.134000000000000000e+03
1.000000000000000000e+00 1.346800000000000000e+04
2.000000000000000000e+00 8.500000000000000000e+01
3.000000000000000000e+00 0.000000000000000000e+00
4.000000000000000000e+00 0.000000000000000000e+00
5.000000000000000000e+00 1.000000000000000000e+00
6.000000000000000000e+00 3.000000000000000000e+00
7.000000000000000000e+00 1.000000000000000000e+00
8.000000000000000000e+00 2.000000000000000000e+00
9.000000000000000000e+00 0.000000000000000000e+00
1.000000000000000000e+01 0.000000000000000000e+00
1.100000000000000000e+01 0.000000000000000000e+00
1.200000000000000000e+01 0.000000000000000000e+00
