# time shift (tau) 	 correlation coefficient 	 number of simulations: 10000	 FR: True	 RSS: True
-1.000000000000000000e+01 9.800000000000000000e+01
-9.000000000000000000e+00 0.000000000000000000e+00
-8.000000000000000000e+00 0.000000000000000000e+00
-7.000000000000000000e+00 0.000000000000000000e+00
-6.000000000000000000e+00 0.000000000000000000e+00
-5.000000000000000000e+00 0.000000000000000000e+00
-4.000000000000000000e+00 0.000000000000000000e+00
-3.000000000000000000e+00 0.000000000000000000e+00
-2.000000000000000000e+00 0.000000000000000000e+00
-1.000000000000000000e+00 0.000000000000000000e+00
0.000000000000000000e+00 0.000000000000000000e+00
1.000000000000000000e+00 3.000000000000000000e+01
2.000000000000000000e+00 6.400000000000000000e+01
3.000000000000000000e+00 1.356000000000000000e+03
4.000000000000000000e+00 5.330000000000000000e+02
5.000000000000000000e+00 1.983000000000000000e+03
6.000000000000000000e+00 3.542000000000000000e+03
7.000000000000000000e+00 1.345000000000000000e+03
8.000000000000000000e+00 2.600000000000000000e+02
9.000000000000000000e+00 3.200000000000000000e+01
1.000000000000000000e+01 1.780000000000000000e+02
1.100000000000000000e+01 4.200000000000000000e+02
1.200000000000000000e+01 8.400000000000000000e+01
1.300000000000000000e+01 2.300000000000000000e+01
1.400000000000000000e+01 1.100000000000000000e+01
1.500000000000000000e+01 4.100000000000000000e+01
