# time shift (tau) 	 correlation coefficient 	 number of simulations: 15000	 FR: True	 RSS: True
-9.000000000000000000e+00 3.100000000000000000e+01
-8.000000000000000000e+00 0.000000000000000000e+00
-7.000000000000000000e+00 1.000000000000000000e+00
-6.000000000000000000e+00 0.000000000000000000e+00
-5.000000000000000000e+00 0.000000000000000000e+00
-4.000000000000000000e+00 0.000000000000000000e+00
-3.000000000000000000e+00 1.000000000000000000e+00
-2.000000000000000000e+00 0.000000000000000000e+00
-1.000000000000000000e+00 0.000000000000000000e+00
0.000000000000000000e+00 3.000000000000000000e+00
1.000000000000000000e+00 6.000000000000000000e+01
2.000000000000000000e+00 1.201000000000000000e+03
3.000000000000000000e+00 6.615000000000000000e+03
4.000000000000000000e+00 2.071000000000000000e+03
5.000000000000000000e+00 4.085000000000000000e+03
6.000000000000000000e+00 8.030000000000000000e+02
7.000000000000000000e+00 3.000000000000000000e+01
8.000000000000000000e+00 1.400000000000000000e+01
9.000000000000000000e+00 5.000000000000000000e+00
1.000000000000000000e+01 1.700000000000000000e+01
1.100000000000000000e+01 4.800000000000000000e+01
1.200000000000000000e+01 1.500000000000000000e+01
