# # time shift (tau) Cont4010 Cont4200 Cont4440 Cont4765 Cont5100 Cont5600 Cont6045 Cont6110 Cont6880 Cont7390 Cont8015 Cont8900 Cont1150
-1.000000000000000000e+01 -7.109820962249573106e-02 3.275799416000411968e-02 9.008902849046784844e-02 8.242278621353747725e-02 1.438875931967071586e-01 5.966089632114276314e-02 1.412802716427583871e-01 -2.503409547055455986e-02 -1.566270742800388027e-02 -5.055598324431934132e-02 -6.562558363432870190e-02 -7.790378703476187605e-02 -2.467297572630738900e-01
-9.000000000000000000e+00 9.266248332303199386e-02 1.555191007648274726e-01 1.634616041873693804e-01 1.471712430018499163e-01 1.847331434551628404e-01 9.091421965672485950e-02 1.198997783726251237e-01 4.629928678206718384e-03 5.445530267987293283e-02 5.409508994800721338e-02 -5.347114138654990301e-03 1.001422007173063955e-02 -1.180122427330240753e-01
-8.000000000000000000e+00 3.287433890529666281e-01 3.422946893097557619e-01 3.695148432683028616e-01 3.229126325735749425e-01 3.609266469671117417e-01 2.777552449721593653e-01 2.289442975960585824e-01 1.929280152358594513e-01 1.549835836581511250e-01 1.130276339828668042e-01 9.198554455727535328e-02 -1.869173591130522671e-02 1.267095099911375866e-01
-7.000000000000000000e+00 5.024563200585145939e-01 5.198018513185007627e-01 5.460441763430246009e-01 5.202102730667137465e-01 5.227849763100181901e-01 4.790419161708614482e-01 4.792710346633929364e-01 4.128943306995060958e-01 3.548084884013245621e-01 2.410760751390256806e-01 2.057609831001841472e-01 1.204534168374091357e-01 2.673705355214697210e-01
-6.000000000000000000e+00 6.800905559833605452e-01 6.877103830677714358e-01 6.807728599216049670e-01 6.704035196675076635e-01 6.986456051757243824e-01 6.999952997964399293e-01 6.321682675718742761e-01 5.989370032464766958e-01 5.799826021041406543e-01 5.241061732331727674e-01 4.647784341893878013e-01 3.885328462035612662e-01 4.435040851424997266e-01
-5.000000000000000000e+00 7.321441433729942716e-01 7.049215864565737677e-01 7.118969665995376062e-01 6.786970209493077277e-01 7.179357086946782651e-01 7.202884059080112422e-01 6.722887531511896331e-01 6.168362898587242960e-01 6.061203253436022731e-01 5.063502845786309603e-01 5.109505888889637193e-01 4.261659425530415213e-01 5.451279774111478238e-01
-4.000000000000000000e+00 7.071389141280350898e-01 6.704826981476033065e-01 6.888075529645414363e-01 6.506625408045145775e-01 6.922848291762100370e-01 7.058059256759630085e-01 6.643980376895399775e-01 6.132145113545562909e-01 5.991021791470821922e-01 5.159762437474108010e-01 5.149711533751208936e-01 4.722153517042423365e-01 5.154301881465609414e-01
-3.000000000000000000e+00 7.761637778140968447e-01 7.366246065473112115e-01 7.479521408413168926e-01 7.123673325910211407e-01 7.411201639628539617e-01 7.348442190816062425e-01 7.054923962140313698e-01 6.845506989670419040e-01 6.816096739726860143e-01 6.302408719053498309e-01 6.195204766994499845e-01 6.086800092926565320e-01 5.873810295482587707e-01
-2.000000000000000000e+00 8.671452407700435128e-01 8.569218605059422122e-01 8.611461306925889403e-01 8.358737126101178916e-01 8.587274577310241019e-01 8.295371175821399934e-01 7.785287197684693794e-01 8.028641152235176381e-01 7.841944630598336463e-01 7.381905684533296430e-01 7.221195621321554459e-01 6.814215854538521189e-01 7.781852440292815754e-01
-1.000000000000000000e+00 9.291009644205122653e-01 9.322463124444191340e-01 9.399257268784380059e-01 9.204291654295885250e-01 9.308392426583922408e-01 9.201545904059358350e-01 8.777485277836565292e-01 9.038377287412155958e-01 8.861762639213105475e-01 8.466682848367947933e-01 8.151655868495893964e-01 8.073796669680954885e-01 8.679586050804029007e-01
0.000000000000000000e+00 9.692575909131525558e-01 9.823503094643089018e-01 9.807112946338345516e-01 9.823535941831684770e-01 9.828222681938032501e-01 9.731331445621785869e-01 9.815096649037003962e-01 1.000000000000000000e+00 9.816803753914754571e-01 9.528777624608193442e-01 9.247994399686646494e-01 9.150821528851085240e-01 8.545411586488114164e-01
1.000000000000000000e+00 8.210984865021945245e-01 8.424697873771243017e-01 8.587324718600705120e-01 8.284772516121722274e-01 8.622112234452570245e-01 8.851264953680620939e-01 9.296302248956301861e-01 8.844356521820779804e-01 9.130503361299122655e-01 8.918490636937819183e-01 8.809126622406644458e-01 8.839876559024291147e-01 6.465003781085105761e-01
2.000000000000000000e+00 6.823687523552672829e-01 7.054502313062968044e-01 7.097302279380421908e-01 6.554195120470203140e-01 7.202442732966579664e-01 7.298486978576864681e-01 7.800594204285937749e-01 7.248532205318394261e-01 8.108280406834202925e-01 8.362311295223567864e-01 8.432985991139556603e-01 8.681325588229831247e-01 4.263648096982172175e-01
3.000000000000000000e+00 5.257352465391497143e-01 5.501396429141595101e-01 5.741209994644035364e-01 5.133817569659153701e-01 5.519500525027444260e-01 5.262311221897701952e-01 6.005815634165494465e-01 5.760780586526313973e-01 6.356259063011600041e-01 6.822200193187473172e-01 6.473820952318721789e-01 7.161289381823517930e-01 3.248555193495473170e-01
4.000000000000000000e+00 4.104112763592954183e-01 4.801191176469417066e-01 4.746206723211103262e-01 4.409757533760753079e-01 4.597636094378909077e-01 4.199314605080334273e-01 4.960290414440726714e-01 4.846756149819380077e-01 4.956186561873045515e-01 5.299253951400233476e-01 4.284279133363773640e-01 5.261040368356513230e-01 2.588946969277035048e-01
5.000000000000000000e+00 5.082070831487679463e-01 5.671051565967363262e-01 5.616128139608587144e-01 5.237508383995029826e-01 5.225813103568675011e-01 5.309964101692702387e-01 5.169602024436901200e-01 5.361430766011751059e-01 5.534775278643080387e-01 5.578576259643028834e-01 5.241442181194176930e-01 5.712079416467352733e-01 4.731227483820028556e-01
6.000000000000000000e+00 4.495605804208483436e-01 5.070577254528467748e-01 4.985033144596247023e-01 4.987927802204095706e-01 4.755068322861820684e-01 5.072532682147453675e-01 4.665497670392063645e-01 4.774839174903921513e-01 4.739234587458952541e-01 4.312193390374879920e-01 4.462520246570006455e-01 4.570370094854032117e-01 5.309735829716744071e-01
7.000000000000000000e+00 3.280160045108304057e-01 3.908164627167209360e-01 3.592359953859761701e-01 4.168642738381958535e-01 3.691334367000611572e-01 4.252177823858818151e-01 3.324056729537238075e-01 3.473469257246036834e-01 3.763313630554002143e-01 3.281169533636645319e-01 3.122025242538556400e-01 3.719470970229730167e-01 4.622752796768977435e-01
8.000000000000000000e+00 1.947071754757525586e-01 1.939031870339429364e-01 2.051000445802467209e-01 2.200503688052311280e-01 2.065915269647773389e-01 2.152966901003892097e-01 1.683419274618310202e-01 1.656737970297100515e-01 1.802947517041122993e-01 1.383417136186356200e-01 1.313565473825049068e-01 1.924129360964625668e-01 2.694869483962993306e-01
9.000000000000000000e+00 2.821775251913222204e-02 -4.784946206582735284e-03 8.378850560580280993e-02 2.423917143902595828e-02 3.482801297086862702e-02 -6.480949063076307803e-03 -2.395631439666680296e-02 -2.303948905586183926e-02 -2.051359794060489405e-02 -6.940649699443034171e-02 -3.045422976835444884e-02 -4.421379977747233458e-02 3.787908475391163488e-03
1.000000000000000000e+01 1.711442856916550737e-02 3.609788502533833182e-03 3.268872556708105059e-02 -2.123695297671007731e-02 -1.951890490803583761e-02 -4.680195005916087253e-02 -5.822984895174211639e-02 -4.067862729069064709e-02 -9.263532313917126337e-03 1.130653098261272596e-02 4.760900309197481362e-02 1.177392431454680338e-03 -6.582727699513710173e-02
1.100000000000000000e+01 1.907609447076176190e-01 1.660654686917117095e-01 1.450123351439703279e-01 1.281490929219161190e-01 7.570389699437798936e-02 1.265467633505833744e-01 8.404627664149068311e-02 1.443229478218622241e-01 1.430754569315901836e-01 2.039391499260062024e-01 2.093537435969853866e-01 1.324841198884259552e-01 2.302013205089293857e-01
1.200000000000000000e+01 2.823650757575441594e-01 2.225717894451585410e-01 1.642966169379155295e-01 2.333159022337024657e-01 1.563823594906139369e-01 2.495793717183111549e-01 2.133909016927440228e-01 2.386942237067347372e-01 1.946546341008956182e-01 2.090142858737123466e-01 2.177420227260067342e-01 1.374094872433176129e-01 2.976648442765902347e-01
1.300000000000000000e+01 3.076038483858704042e-01 2.042702294188592782e-01 1.702467198014166738e-01 2.703023067793167145e-01 2.604590835177205133e-01 2.722759831096898120e-01 2.573580709569360248e-01 2.567208058775440893e-01 1.800514479344205165e-01 1.460868630326880857e-01 1.732173064472486979e-01 9.384135247651108347e-02 2.117892720661144201e-01
1.400000000000000000e+01 2.859498529102608710e-01 2.212230295025076066e-01 2.201028241125814189e-01 2.701907708690830523e-01 3.280593037069044482e-01 2.197983200902961232e-01 2.892259703989560893e-01 2.541355491469552974e-01 1.724587000578123308e-01 6.473023991272069955e-02 6.556076127681371990e-02 8.944205322214019566e-03 2.750289312863985480e-01
1.500000000000000000e+01 4.371403875498324210e-01 3.786250168516858139e-01 4.135993808407035788e-01 4.006093960184248237e-01 5.256440674606045471e-01 3.748874167280276115e-01 4.698646372005302885e-01 3.950042358627978700e-01 3.293982219231396114e-01 2.449214569710161382e-01 2.271809106445855098e-01 1.931875223365360217e-01 3.502851674040732832e-01
