# # time shift (tau) HDelta HGamma HeII4685 HBeta HeI5875 HAlpha HeI5015 OI8446
-1.000000000000000000e+01 8.744416996028225864e-02 2.307322446899222057e-01 2.700220601148220143e-02 2.128341877591329312e-01 -2.128102857635083556e-01 -1.759880786042882783e-01 -6.607048019861770649e-02 -5.028018916624071161e-02
-9.000000000000000000e+00 -1.001992163564928290e-01 1.034901093970087560e-01 -1.007278883134866410e-01 9.943259990874252219e-02 -2.605608143831643631e-01 -1.477858807728122115e-01 -1.905129990144978913e-01 7.624505892931621176e-02
-8.000000000000000000e+00 -2.189067696080179704e-01 -2.115701614043865447e-02 -4.469523715607463810e-02 -1.596792310567491519e-02 -3.366283826041086003e-01 -2.170318391765209687e-01 -2.607738144942738368e-01 1.060265791486775938e-02
-7.000000000000000000e+00 -1.909280293179013155e-01 -1.301018161347248792e-01 1.437135596691682671e-01 -1.689044893686547644e-01 -4.578501419934820627e-01 -3.054352315239879379e-01 -3.791666648797519246e-01 -2.320484038126681692e-01
-6.000000000000000000e+00 -7.775215366105703296e-02 -1.262498562180447426e-02 3.177882680165752260e-01 -6.909084087303705990e-02 -3.021968586566412540e-01 -2.189647197847486293e-01 -4.749112989802486973e-01 -1.670001609944300192e-01
-5.000000000000000000e+00 5.392810497815381243e-02 9.198795996764880245e-02 3.818996942997214261e-01 1.391798827972252350e-01 -1.257406132195940107e-01 -1.527801919708892953e-01 -4.036557795365880441e-01 -1.097092272709881966e-01
-4.000000000000000000e+00 6.742247733649876784e-02 7.578139330437190513e-02 3.507737887660387632e-01 1.837661891771675826e-01 -1.437075190536681590e-01 -1.759539980167825202e-01 -4.185714536394341545e-01 -1.065879581065645731e-01
-3.000000000000000000e+00 1.375202928173330230e-01 1.148996101501872369e-01 3.614653962437740509e-01 2.607005365232832883e-01 1.223520470072218536e-01 -2.369860133960458026e-02 -5.226107933907619962e-01 2.157450718182659516e-02
-2.000000000000000000e+00 3.671280436736217290e-01 2.778355120345032958e-01 4.758627395060440191e-01 3.970688317128373557e-01 4.025395042410430113e-01 1.583532061060653473e-01 -4.450007913748701416e-01 2.167148085250489298e-02
-1.000000000000000000e+00 6.045588446715193243e-01 5.087445346233382404e-01 6.944263389838597478e-01 5.548595663512405629e-01 5.570097814606915776e-01 3.432127665978734754e-01 -2.501635056283129099e-01 1.528411181817229680e-01
0.000000000000000000e+00 8.163433577555283538e-01 7.357789395576233016e-01 8.563485192027855408e-01 7.239741524516529747e-01 6.975172165770839872e-01 6.089356316902551081e-01 1.216591853467248463e-02 3.539338319108851216e-01
1.000000000000000000e+00 9.080961494208112939e-01 8.326812110636038211e-01 7.863472312813624132e-01 8.161036435975768111e-01 7.204488479671313783e-01 6.864049026399569042e-01 1.291321059422652073e-01 3.628088435580236193e-01
2.000000000000000000e+00 8.413791143393377636e-01 9.097696632137386441e-01 6.073391207962677285e-01 9.137783841044361255e-01 7.676469779545469496e-01 7.316350933691835312e-01 1.985545645071771781e-01 5.554940866230191343e-01
3.000000000000000000e+00 6.579610142204908030e-01 7.801607288413209274e-01 2.271472624962274089e-01 8.855481670935854144e-01 7.389386542845108874e-01 7.162204848529258872e-01 1.834521369779572864e-01 6.265290468336436325e-01
4.000000000000000000e+00 5.303469534505182992e-01 4.943817105710860416e-01 1.391879524448121630e-01 6.821757276641338130e-01 5.971978165307902930e-01 5.774591028252350489e-01 1.580481045850652411e-01 4.953682210785349538e-01
5.000000000000000000e+00 4.997343036386662218e-01 4.402130531038376260e-01 3.065950881744737844e-01 6.319305020090537628e-01 4.497657788609194518e-01 5.792689156015176088e-01 1.943327080630224413e-01 4.058710108948573314e-01
6.000000000000000000e+00 5.440374160902915479e-01 4.246619156187623201e-01 4.589228525714736939e-01 4.989375427431750332e-01 2.707256212120949246e-01 4.258381621208024992e-01 1.103298370403357626e-01 2.225105780954448886e-01
7.000000000000000000e+00 4.876793898325336163e-01 4.966062841571459718e-01 4.246334167095764944e-01 3.453877924611092887e-01 2.097884662316848448e-01 2.887338276732301923e-01 8.827685039450623716e-02 3.536873589879679924e-01
8.000000000000000000e+00 3.442417025148590826e-01 4.383746351529781426e-01 2.773036057930266529e-01 3.031333508196359938e-01 5.842607830341575020e-02 5.972042090388210434e-02 1.052972699455441002e-01 3.326379200784146395e-01
9.000000000000000000e+00 8.699961193452455943e-02 4.653215620104047406e-02 -8.244304962436488360e-02 9.435530968041881683e-02 -7.856550638821220567e-02 -1.796793329324089528e-01 -1.903555935570956648e-01 -1.382164465391727826e-01
1.000000000000000000e+01 -1.986122381054620245e-01 -2.269729470153029061e-01 -2.649574447613151085e-01 -5.854541365454832280e-02 -8.730885298192039845e-02 2.652352380992343758e-02 -1.667749931988269652e-01 -7.724089333640779542e-02
1.100000000000000000e+01 -2.023062459929249046e-01 -2.275951805096474712e-01 -1.943328742974523293e-01 -1.338593104805438083e-01 -2.752956391113246110e-02 2.005694735072778845e-01 -1.601790562136514162e-01 1.006853715614416667e-01
1.200000000000000000e+01 -9.766763628546781817e-02 -1.326141229735136873e-01 1.953049362026429703e-01 -2.487015054801812175e-01 -1.098400015758722870e-01 8.797392134216272530e-02 -2.025526820157766417e-01 -1.100477853820992918e-01
1.300000000000000000e+01 -2.208356383237138065e-02 7.137746316669298097e-02 4.358369154853611871e-01 -9.495810898016905643e-02 1.738635344350935447e-03 -6.216121285552902997e-02 -3.026810134196399327e-01 -5.903135066764055028e-02
1.400000000000000000e+01 1.149442981378872297e-01 6.104571444217029436e-02 4.303834655380446295e-01 7.256025793702328142e-02 2.365853930926662130e-01 -2.505631678288863240e-01 -9.577657534154825070e-02 -1.451302686643856366e-01
1.500000000000000000e+01 3.358994560198730328e-01 2.074700812461441335e-01 6.350304916281497292e-01 3.221973698934049168e-01 3.138764815425322263e-01 -4.898072270580540455e-02 -1.177971807036274909e-01 -4.924367186054159733e-03
