# time shift (tau) 	 correlation coefficient 	 number of simulations: 40000	 FR: True	 RSS: True
-1.000000000000000000e+01 9.400000000000000000e+01
-9.000000000000000000e+00 2.610000000000000000e+02
-8.000000000000000000e+00 1.910000000000000000e+02
-7.000000000000000000e+00 6.600000000000000000e+01
-6.000000000000000000e+00 2.260000000000000000e+02
-5.000000000000000000e+00 3.210000000000000000e+02
-4.000000000000000000e+00 6.510000000000000000e+02
-3.000000000000000000e+00 3.730000000000000000e+02
-2.000000000000000000e+00 4.800000000000000000e+02
-1.000000000000000000e+00 3.200000000000000000e+02
0.000000000000000000e+00 1.512000000000000000e+04
1.000000000000000000e+00 6.420000000000000000e+03
2.000000000000000000e+00 1.336000000000000000e+03
3.000000000000000000e+00 5.190000000000000000e+02
4.000000000000000000e+00 1.408000000000000000e+03
5.000000000000000000e+00 2.433000000000000000e+03
6.000000000000000000e+00 1.934000000000000000e+03
7.000000000000000000e+00 2.820000000000000000e+03
8.000000000000000000e+00 1.581000000000000000e+03
9.000000000000000000e+00 8.960000000000000000e+02
1.000000000000000000e+01 6.160000000000000000e+02
1.100000000000000000e+01 1.350000000000000000e+02
1.200000000000000000e+01 5.100000000000000000e+01
1.300000000000000000e+01 5.870000000000000000e+02
1.400000000000000000e+01 5.450000000000000000e+02
1.500000000000000000e+01 6.160000000000000000e+02
