# # time shift (tau) HDelta HGamma HeII4685 HBeta HeI5875 HAlpha HeI5015 OI8446 HeI4471 HeI7065 OIII5007 LyALpha
-1.000000000000000000e+01 1.977072605217267826e-02 -6.280126463472243681e-02 1.291269588407500113e-01 7.971217461521247494e-02 -4.298794392237763051e-01 -3.817900621892351687e-01 -2.496071289091312817e-01 -1.941463130448677910e-01 2.586394906165622731e-01 9.612669338776382716e-03 -2.299486145644379365e-01 -3.403566209138310095e-01
-9.000000000000000000e+00 -2.087754722199271495e-01 -1.185582073921115920e-01 -1.884170405503565182e-01 1.611794135135886652e-01 -4.276272351341384725e-01 -2.042480774579455982e-01 -1.604664395045341529e-01 4.093578675619442830e-02 1.631263827517252518e-01 1.671691565106254163e-01 -1.764609383824950473e-01 -4.383498461590433770e-01
-8.000000000000000000e+00 -5.181014349408865627e-01 -3.352477509456269211e-01 -2.536557214336762067e-01 -1.710038198143087329e-01 -3.761629952759651951e-01 -2.013266494443623766e-01 -3.803708282224299575e-01 6.474717922253037106e-02 -2.713338113470673552e-01 -1.251458308637457828e-01 -4.739072207493229549e-01 -3.409172727338440900e-01
-7.000000000000000000e+00 -4.491130092107378236e-01 -4.194055037035785416e-01 -9.092567772591510222e-02 -4.442888836435042732e-01 -5.031671083343411954e-01 -3.461316342156363079e-01 -4.984307665113457686e-01 -3.996427673171860095e-01 -5.567206642092632496e-01 -1.133743593794807880e-01 -5.968535831853871709e-01 -1.292906261911256904e-01
-6.000000000000000000e+00 -2.443436979700872036e-01 -2.929421447114611832e-01 2.058818942349348868e-01 -2.148568186379364309e-01 -3.259848803282666685e-01 -3.292052078187000519e-01 -4.256118893222413657e-01 -4.567866508756064370e-01 -4.538220832715512687e-01 -1.231824660751153766e-01 -4.951917603463535933e-01 1.047338988955563432e-01
-5.000000000000000000e+00 2.187009710389124784e-02 -5.333653779479708562e-02 4.371967218799949206e-01 2.200330549369288596e-02 -6.656428062415353786e-02 -4.989445511916554277e-02 -4.517416797126758143e-01 -3.181591245754333830e-01 -1.633897282168285114e-01 -1.143175388547877647e-01 -4.079604689408322660e-01 2.354344865851990265e-01
-4.000000000000000000e+00 2.503098814388518001e-01 1.618859892320858862e-01 3.957643922960483174e-01 -2.531897043554123816e-03 1.708128701525026272e-01 -1.238126932050268858e-01 -5.548956862815147550e-01 -1.902498217980178874e-01 -1.256303103194848503e-01 -6.444633154136764075e-02 -5.336884295451322924e-01 3.409168014623428777e-01
-3.000000000000000000e+00 5.211039878975916029e-01 5.080947870906749042e-01 6.413205621661635103e-01 3.670551672826821710e-01 5.749053492878826166e-01 1.396107830481553014e-01 -2.624874326162527360e-01 -2.101324941271527635e-03 1.620785822086110439e-01 2.179881136544147696e-02 -3.477611239641669183e-01 6.762420031168119294e-01
-2.000000000000000000e+00 7.343175139086299819e-01 6.160011364805649814e-01 6.526148140150938026e-01 6.520883886683026542e-01 6.767300807374612148e-01 3.623452113677787523e-01 7.283746834849594287e-02 -5.437628477638066504e-02 2.289269286398717407e-01 3.187043768568171842e-01 -1.279679390734480560e-01 7.240619790992113280e-01
-1.000000000000000000e+00 8.111801960184873428e-01 6.790292671751393394e-01 5.581994538692226504e-01 7.186904571993704138e-01 7.130079553881256693e-01 6.452444431536409342e-01 1.714691235329162677e-01 3.091540677209951293e-01 3.288277622772403652e-01 5.057061434548039136e-01 -1.226066760175090475e-01 7.527862632835458090e-01
0.000000000000000000e+00 7.186947335122843006e-01 8.258856731344734747e-01 3.954832470390350352e-01 8.455446380182002342e-01 7.710519898690273433e-01 1.000000000000000000e+00 5.541169449335052732e-01 8.064878328200756341e-01 4.137794618421793968e-01 5.820121289500296280e-01 2.793551129253071252e-01 7.168514476014526959e-01
1.000000000000000000e+00 5.198169542442545588e-01 5.924182519369443067e-01 1.320496510606635199e-01 6.145015349088702727e-01 4.577398649007279330e-01 6.452444431536410452e-01 4.933188680503580725e-01 6.002331673158950442e-01 3.081084825729941690e-01 4.267840350840258479e-01 2.215532782622709473e-01 4.544261277831226908e-01
2.000000000000000000e+00 2.406531880854918815e-01 3.621632397245536095e-01 1.245348427860108048e-02 3.340286168902066866e-01 3.075838126630434100e-01 3.623452113677787523e-01 2.558978357907603640e-01 3.862598510431387577e-01 2.672171011889794556e-01 1.070770913577443612e-01 9.585704469230640901e-02 2.515463509986983759e-01
3.000000000000000000e+00 6.270122620935875135e-02 9.735042682582455142e-02 -1.570008542143905006e-01 2.876303542343997544e-01 1.778480959309279019e-01 1.396107830481553291e-01 2.660738540892080839e-01 3.244765716110710185e-01 2.162728088705204721e-01 -1.151685708851783868e-01 3.239064079040810396e-01 -8.666848538031142468e-02
4.000000000000000000e+00 -8.764843349672778172e-03 -2.554685199225450454e-01 -1.616242953369537161e-01 -4.699068726686266018e-02 -1.970393414014496025e-01 -1.238126932050268442e-01 1.074203209212623716e-01 1.275587148623467254e-02 2.937547747225962014e-01 -5.161309968534781856e-01 2.348287901031932134e-01 -3.462769973565896775e-01
5.000000000000000000e+00 -1.253752951546173444e-01 -9.096454128263875560e-02 -8.348562061975328685e-02 -1.308491446761669563e-01 -3.657132024933230641e-01 -4.989445511916553583e-02 1.350997774133097518e-02 1.168374948808661440e-01 2.343890515803987440e-01 -2.416136183850765284e-01 1.457242555895949254e-01 -2.561750078333664971e-01
6.000000000000000000e+00 -2.255734162412912636e-01 -2.178769783365175350e-01 -1.930295008964704462e-01 -2.627368466797629365e-01 -3.070669386985196425e-01 -3.292052078187000519e-01 -5.836838375744642093e-02 -1.788914665173690077e-01 -4.088745621697675511e-03 -2.571380991211424938e-01 1.564556324349883690e-03 -3.290671405153379747e-01
7.000000000000000000e+00 -3.210242130019526074e-01 -2.653124830552844315e-01 -2.510048401349344038e-01 -2.996921940399999151e-01 -3.284964910004956606e-01 -3.461316342156363079e-01 -5.847191493993917494e-02 -3.470716460928908176e-01 -6.984302576240969396e-02 -2.065622849738440459e-01 -1.179267555147918145e-01 -4.001750872861250530e-01
8.000000000000000000e+00 -3.659750441344379879e-01 -2.706237251159961943e-01 -3.623201921191209207e-01 -2.372468652998186989e-01 -3.525747537029501610e-01 -2.013266494443623489e-01 -3.015935956546915153e-01 4.713587343511781158e-02 -2.038089818131244568e-01 -4.222124608003009066e-02 -2.858396900040541255e-01 -2.746493476671251766e-01
9.000000000000000000e+00 -3.855874830934212794e-01 -4.992351299180162738e-01 -4.082272542735528864e-01 -4.046792765936421676e-01 -2.713833977048812907e-01 -2.042480774579455982e-01 -2.324109193923090400e-01 -2.302958213644529517e-01 -4.994969032056495450e-01 -4.589475706784427178e-01 -1.037748546774211189e-01 -2.236621790199778970e-01
1.000000000000000000e+01 -5.175667465247428822e-01 -4.637621268283158571e-01 -9.234083438642724795e-02 -5.540814411716670218e-01 -4.478149680531415822e-01 -3.817900621892351687e-01 -3.710438823673620767e-01 -5.467626514626622303e-01 -6.525554365132189005e-01 -8.509086110358474175e-02 -1.819157915017124982e-01 -1.600892245657580260e-01
1.100000000000000000e+01 -2.787694992699730201e-01 -2.229855001571479367e-01 1.862766683224118258e-01 -3.612858279285923180e-01 -1.726347195478765140e-01 -3.830179733378981100e-01 -5.801506414922074084e-01 -5.038642066176410861e-01 -5.637327119602217884e-01 7.524315111181995031e-02 -4.607646890940869655e-01 -2.125303788184892961e-02
1.200000000000000000e+01 2.408218105210507137e-02 3.942693020955098659e-02 2.972003352708859625e-01 -3.480935650925765651e-02 2.446118080118545035e-01 -1.874012871075918241e-01 -1.905702323977744583e-01 -3.014573796066338796e-01 -1.431601804955215940e-01 7.428208035635397444e-02 -3.038694908666320083e-02 2.213928538559579301e-02
1.300000000000000000e+01 3.400719901849987292e-01 2.931817260498994493e-01 3.858938168366046195e-01 3.173452657562032542e-01 2.864563576487533791e-01 8.737761062477061857e-02 -1.605081346793259256e-01 2.327856193070902135e-01 4.965403084015760915e-01 4.360983658487761483e-01 -6.416534785519688311e-02 2.448278401934961823e-01
1.400000000000000000e+01 5.307864943487874410e-01 3.709025853228882230e-01 2.635759780216976322e-01 5.162804792379049879e-01 5.078525690086796995e-01 4.442355871538283263e-01 2.479421383083146302e-01 3.117740412991162335e-01 5.401206946424771393e-01 2.332610335753515507e-01 3.864711437486764711e-01 4.567179561003241184e-01
1.500000000000000000e+01 4.007878454558446712e-01 4.153573490785932854e-01 2.470415092784284672e-01 4.803530729631272922e-01 4.742560680217274838e-01 5.153676496029866438e-01 5.758747895626958879e-01 2.388778296906173826e-01 3.948273825319180697e-01 5.617323468532968711e-01 4.607867620020696386e-01 4.461079762877356303e-01
