# # time shift (tau) HDelta HGamma HeII4685 HBeta HeI5875 HAlpha HeI5015 OI8446 HeI4471 HeI7065 OIII5007 LyALpha
-5.000000000000000000e+00 -1.689274229965366525e-01 -1.346423866185941509e-01 2.407422706605611973e-01 -6.123761481237749438e-04 -2.800758860799685834e-01 -2.561750078333664415e-01 -4.370092264582587926e-01 -1.640201066050765433e-01 -1.434154850205788256e-01 -1.061059734737957172e-01 -4.477824862539244166e-01 -1.103845658078984882e-02
-4.500000000000000000e+00 -1.157669925240579073e-01 -1.397635892118151424e-01 2.768560350679351023e-01 -3.720233250123472502e-02 -2.358139918470369412e-01 -3.006056729059759514e-01 -5.892709113335665716e-01 -2.916659334987882213e-01 -1.261452319978700887e-01 -1.119495158532363283e-01 -5.994927426454585984e-01 7.822961973419215176e-02
-4.000000000000000000e+00 -4.177735956301804887e-02 -1.484008832032420178e-01 3.071111976373581687e-01 -1.274706475507351444e-01 -1.638997931189595247e-01 -3.462769973565896775e-01 -6.647239344376015824e-01 -3.807635224921037675e-01 -1.221783038847121389e-01 -1.078963902697025745e-01 -6.694965567995647682e-01 1.691674289312327384e-01
-3.500000000000000000e+00 7.975687210730093846e-02 -1.268270389304000656e-03 3.823595286876150801e-01 4.945970619162598503e-02 1.007302010439944939e-02 -2.213611063014843672e-01 -6.956812329033559283e-01 -4.215273150673465308e-01 -1.564039744323172942e-02 -2.527910158407804114e-02 -7.205874524874888998e-01 2.997169204839199574e-01
-3.000000000000000000e+00 1.714223917160297428e-01 1.006692031681295507e-01 3.970617620862819663e-01 1.595323778186327202e-01 1.542793462010674521e-01 -8.666848538031141080e-02 -5.278136164024856969e-01 -3.458036685554618517e-01 9.098259672889338900e-03 -1.892488927904027729e-02 -5.867950775293968579e-01 3.440924525116170196e-01
-2.500000000000000000e+00 3.762761290395096325e-01 3.134543672219876620e-01 5.524581122713432269e-01 3.457395206065911886e-01 4.427267781909975941e-01 1.361374098644359265e-01 -4.359872320467171880e-01 -2.165884003293713500e-01 -3.333507605918029776e-02 2.314952222815205851e-03 -5.972381080569810763e-01 5.348432824993939461e-01
-2.000000000000000000e+00 5.025300390934934747e-01 4.096081097833227380e-01 6.216340403783646718e-01 4.076289164881204963e-01 5.650203902668267109e-01 2.515463509986983759e-01 -3.140256161750458741e-01 -5.488387692210246194e-02 -7.732581703529667339e-02 1.564114684330677324e-03 -4.896477222458619494e-01 6.575091340120406969e-01
-1.500000000000000000e+00 6.487732207953251784e-01 5.732556947844515971e-01 7.236999536603259120e-01 5.215922659985424703e-01 6.606008113702357409e-01 4.296877371757700237e-01 -2.226121540244851982e-01 8.752212352236729553e-02 1.353337504422066906e-02 1.497727436910273324e-01 -5.126297875857968034e-01 7.645553458804011937e-01
-1.000000000000000000e+00 7.482718845564688692e-01 6.247363001714626440e-01 7.178593354832323303e-01 5.433361124273936582e-01 6.289929299520744532e-01 4.544261277831226908e-01 -6.018603997704147224e-02 4.876272782011482898e-02 4.717278481319277239e-02 2.025245892658003311e-01 -3.602432696187408689e-01 7.570073576207229094e-01
-5.000000000000000000e-01 8.715045931934044532e-01 8.034958728938320638e-01 8.287895188556488879e-01 7.033898570890264601e-01 7.675537928133847609e-01 6.486816051754139556e-01 1.226367440496930750e-01 2.835872699031996014e-01 1.785730162517592534e-01 4.055463241177744149e-01 -2.674463217356100597e-01 9.352322552196380423e-01
0.000000000000000000e+00 8.918980630926008901e-01 8.669792187076879042e-01 8.267504830202963007e-01 7.473294255744449277e-01 7.859761252946246834e-01 7.168514476014526959e-01 2.357318315090893845e-01 3.925198970456184044e-01 2.733643659809287252e-01 4.640117576627915685e-01 -7.622971765019351253e-02 9.999999999999997780e-01
5.000000000000000000e-01 8.865853700951603633e-01 8.987517326886215185e-01 7.564255735237888079e-01 8.350720165350328239e-01 8.366631007015302712e-01 7.924504457862078244e-01 3.957532267373297108e-01 4.784830487315299141e-01 3.802472563638800152e-01 6.307686046830631721e-01 3.875252757554051297e-02 9.352322552196380423e-01
1.000000000000000000e+00 8.181217850381370393e-01 8.396180305617411133e-01 5.683864107539107202e-01 8.496079147981709934e-01 7.745498011170722785e-01 7.527862632835458090e-01 4.382775382254593954e-01 4.428487826105023117e-01 3.678104583251735060e-01 6.539823980339721787e-01 1.411175151635789549e-01 7.570073576207230204e-01
1.500000000000000000e+00 8.031165359896549338e-01 8.605921761325940889e-01 4.900660665214768841e-01 8.765578623399733482e-01 8.412428278627366307e-01 8.017986544596984455e-01 5.451281825721765451e-01 5.940221072245659428e-01 5.259162706773824469e-01 6.919643678465494663e-01 2.483757950110309365e-01 7.645553458804011937e-01
2.000000000000000000e+00 6.828529067634824257e-01 7.768283657690893129e-01 3.284602014706031747e-01 7.870221156803358653e-01 7.735218288020011546e-01 7.240619790992113280e-01 4.692830571381089166e-01 6.022945387497740111e-01 5.087269973608220530e-01 6.336075342109499520e-01 2.224218180897844788e-01 6.575091340120406969e-01
2.500000000000000000e+00 5.863819886418530913e-01 7.219281149502844164e-01 1.458803956626317788e-01 7.839462295576529183e-01 7.400445011568776987e-01 7.491207227732370466e-01 4.835091092615956265e-01 7.450410458678954351e-01 4.931121299423847359e-01 5.747630421001170831e-01 2.322708493467567914e-01 5.348432824993939461e-01
3.000000000000000000e+00 4.171002344590206690e-01 5.692486613024074771e-01 -4.595105117325712363e-02 6.938903662083053536e-01 6.034021449179883811e-01 6.762420031168119294e-01 3.770164268888592796e-01 7.241354823063970159e-01 3.722885572697255396e-01 3.884772052931949604e-01 1.867137262402024378e-01 3.440924525116169086e-01
3.500000000000000000e+00 3.769082851542103763e-01 4.332608526398645243e-01 -3.082674678531913126e-02 6.221615439512695467e-01 4.916586260703279532e-01 5.686916306250915376e-01 4.698111238151162494e-01 6.417072081497976477e-01 4.128005464798590873e-01 1.618146036320202152e-01 2.989572558104425237e-01 2.997169204839199574e-01
4.000000000000000000e+00 2.796974539601846388e-01 2.129374098422229522e-01 -4.734703656061930305e-02 4.031097459904244840e-01 2.901870820968504572e-01 3.409168014623428777e-01 3.821780751782674623e-01 3.545220264834997304e-01 2.836821493570104158e-01 -2.263003064137970866e-02 2.777006166406106313e-01 1.691674289312327384e-01
4.500000000000000000e+00 2.293672068543735343e-01 1.665008049129282353e-01 9.898036290031879403e-03 3.464399667601039123e-01 1.491891236241336127e-01 2.772932633038369676e-01 2.359573064844663892e-01 3.201893515038208293e-01 2.598711724289107239e-01 -1.489864380748382455e-01 1.287488328848124253e-01 7.822961973419215176e-02
5.000000000000000000e+00 1.686333337485328987e-01 1.534325878199753190e-01 6.893921891927545786e-02 2.982839028742574894e-01 3.950040199954380632e-02 2.354344865851990543e-01 1.655880116372832611e-01 3.012118707020363662e-01 2.771501577618004086e-01 -2.326521572519451020e-01 6.803390808221540520e-02 -1.103845658078982106e-02
5.500000000000000000e+00 2.125543065889679839e-01 1.651368681213068179e-01 1.349673707963626179e-01 2.712818705967383615e-01 -2.523629214677038796e-02 2.052965457242643399e-01 1.708561750657506262e-01 3.592496723928085833e-01 3.633954795864253740e-01 -3.674919961636420318e-01 1.195494912661814457e-01 -2.954854745733452581e-02
6.000000000000000000e+00 1.791877746529777493e-01 1.249428200859788451e-01 9.503495524843789954e-02 1.623925651126385539e-01 -1.184994569364465067e-01 1.047338988955563155e-01 1.388746164397881011e-01 3.296635816603546987e-01 3.402994847512774701e-01 -4.056528127283675067e-01 1.394535504885914268e-01 -1.137724319986412741e-01
6.500000000000000000e+00 1.284516367222084121e-01 1.022497454427022667e-01 7.779101343146804792e-02 1.132058317702196448e-01 -1.784517347945278054e-01 1.560719233391225785e-02 7.512837105917974378e-02 3.389577708304595260e-01 3.595210651490008402e-01 -4.470031448239205618e-01 5.114245745169210960e-02 -1.808322759641607380e-01
7.000000000000000000e+00 1.358354159042909903e-03 -1.818681128678244219e-02 -6.161051528446045283e-02 -4.294752251851829267e-02 -2.811431033650895195e-01 -1.292906261911256627e-01 -5.824415656907687422e-02 2.188904302231939880e-01 2.877273179128624347e-01 -4.578736213164098512e-01 -8.475655377814458880e-02 -2.911552720934740268e-01
7.500000000000000000e+00 -8.657247284437898094e-02 -8.040339225176454385e-02 -7.602351054928283003e-02 -9.394242779703013135e-02 -3.876017289867375037e-01 -2.368279565114862206e-01 -9.571777612852284955e-02 8.932566917522008487e-02 3.522811401307309742e-01 -4.398098283792268304e-01 -9.234934880282785752e-02 -2.641946167977805571e-01
8.000000000000000000e+00 -2.511371830556001772e-01 -2.197585061108774385e-01 -1.839653845181218605e-01 -2.175322655661421911e-01 -4.662392387247070724e-01 -3.409172727338441455e-01 -1.832901512459180760e-01 -4.712323070730919244e-02 2.339346893007865913e-01 -3.723094104552428507e-01 -1.103034793867371660e-01 -3.071496699407968434e-01
8.500000000000000000e+00 -3.423962504035756305e-01 -3.445596994564096294e-01 -2.860286563676123217e-01 -2.709332221645842642e-01 -3.919021280202440449e-01 -3.982087190185218395e-01 -3.287641975824818763e-01 -2.365022462570681161e-01 2.341660408407636451e-03 -3.009111285498847765e-01 -2.748383040622455198e-01 -3.132205145458091256e-01
9.000000000000000000e+00 -4.858833609450556867e-01 -5.155764913392124615e-01 -4.431357180822290687e-01 -3.933059395809588299e-01 -3.803660775899155855e-01 -4.383498461590433770e-01 -4.361112159747608241e-01 -3.778739449386836480e-01 -3.012544399152803365e-01 -2.849054502387421972e-01 -3.595076298485950228e-01 -3.920900879200734934e-01
9.500000000000000000e+00 -5.189339470381816311e-01 -5.535479432804295552e-01 -4.542328023706537765e-01 -4.146288755019099659e-01 -3.456904325724790006e-01 -3.644938737132933371e-01 -3.063601415704989006e-01 -4.448475927793306139e-01 -4.213951873880805721e-01 -2.825324820021289929e-01 -2.746081640523703182e-01 -3.371471757017363013e-01
1.000000000000000000e+01 -5.556164753397586642e-01 -5.623868251864486689e-01 -4.070907235840368621e-01 -5.162353157612273868e-01 -3.798781954396308058e-01 -3.403566209138310095e-01 -3.599351449448420226e-01 -4.740644690005976769e-01 -5.849493986458410566e-01 -2.278908709432303226e-01 -3.471223326311585478e-01 -2.968448687575966360e-01
