# # time shift (tau) Cont4010 Cont4200 Cont4440 Cont4765 Cont5100 Cont5600 Cont6045 Cont6110 Cont6880 Cont7390 Cont8015 Cont8900 Cont1150
-1.000000000000000000e+01 -9.734620566845397782e-02 -9.247313821418731705e-03 4.974432691798648387e-02 3.916763543162541522e-02 1.059926594335649230e-01 2.553418954805930507e-02 1.050948954192831575e-01 -6.398937595897030706e-02 -5.916417392387635088e-02 -9.168049170640137080e-02 -9.373264770279063351e-02 -1.087881634483315041e-01 -2.550822906543687707e-01
-9.000000000000000000e+00 5.521378019132926196e-02 1.250151669736359050e-01 1.406127370829616252e-01 1.383805400737121161e-01 1.666758752029292578e-01 5.513796278155309871e-02 9.956963011221042770e-02 -1.292276329843504434e-02 2.227612699626156656e-02 1.309544694944830834e-02 -4.870139080313336255e-02 -2.853522453605808473e-02 -1.422720142524820930e-01
-8.000000000000000000e+00 3.207696273808224863e-01 3.479339132370961596e-01 3.780658842440907663e-01 3.360979132147438597e-01 3.739414129051827906e-01 2.701010212276026001e-01 2.261546223672507017e-01 2.013869479441199317e-01 1.721002299318594997e-01 1.383708887408773847e-01 9.928657445067293197e-02 5.399873614094594099e-03 1.212069520304727005e-01
-7.000000000000000000e+00 5.256881728737766712e-01 5.693416900594469032e-01 5.907494200012236574e-01 5.683569541727706564e-01 5.668247016044739572e-01 4.922446095739625438e-01 5.100754938232598956e-01 4.702382774693402157e-01 4.148662002750512778e-01 3.101917369081655940e-01 2.607909700314829382e-01 1.713098460734279738e-01 3.148431026820883161e-01
-6.000000000000000000e+00 6.278585692917812988e-01 6.416510675386623008e-01 6.479046696587918985e-01 6.387317472718370137e-01 6.647955590869306652e-01 6.821626280608978909e-01 6.460794538608898296e-01 5.842776934214241047e-01 5.700598187495352631e-01 5.195576476909722352e-01 4.564741449086976433e-01 3.954216727380568952e-01 3.836676768255924408e-01
-5.000000000000000000e+00 6.730562127178271181e-01 6.496118249387450305e-01 6.479796125692287578e-01 6.195649630318496026e-01 6.625555198189847506e-01 6.693179240707165523e-01 6.478438966660796661e-01 5.794315396732850898e-01 5.835195786650257954e-01 5.147066464085022774e-01 5.191603834556552943e-01 4.531154136545841316e-01 4.384652052569490976e-01
-4.000000000000000000e+00 6.180775739048838258e-01 5.853480964479493842e-01 6.007675509532810487e-01 5.604501099070847703e-01 6.121068403916603007e-01 6.218550352377458790e-01 5.935617693808390438e-01 5.249111928440172159e-01 5.225841024125166268e-01 4.462351123189225999e-01 4.613403581571206558e-01 4.025762838674426525e-01 4.192995777913137712e-01
-3.000000000000000000e+00 7.205811360864053938e-01 6.830876567548878064e-01 6.944379490391250354e-01 6.632276423808496357e-01 6.922806566651562576e-01 6.644907187340155508e-01 6.412965163845067984e-01 6.212974688731743855e-01 6.115175598605904206e-01 5.650043441538504796e-01 5.361498567033324836e-01 5.380825028806477395e-01 5.215845676846196932e-01
-2.000000000000000000e+00 8.391216286367645383e-01 8.290219722323098894e-01 8.418057210536116219e-01 8.145503664053536097e-01 8.343035304569812460e-01 8.037308526922707363e-01 7.514296380877319992e-01 7.728787814008357682e-01 7.431045459623357718e-01 6.923699338917985724e-01 6.636745883981292060e-01 6.248764130048388710e-01 7.536698482121204634e-01
-1.000000000000000000e+00 9.340237432866388412e-01 9.384902333801248275e-01 9.387757220919714651e-01 9.274776448313021282e-01 9.326451125865437008e-01 9.125884951926851452e-01 8.786009003002535067e-01 9.027668827430167520e-01 8.725673211452251721e-01 8.221985601687309408e-01 7.949228778792007954e-01 7.761270948398607539e-01 8.766964238905864404e-01
0.000000000000000000e+00 9.646178886654602769e-01 9.736288517232852824e-01 9.722449149515538513e-01 9.680916426284738030e-01 9.815719728638062636e-01 1.000000000000000000e+00 9.650997373762838505e-01 9.731331445621785869e-01 9.668440120623388312e-01 9.274758046058486638e-01 9.122606113078330914e-01 8.936845857003552496e-01 8.542579868059884118e-01
1.000000000000000000e+00 8.649232952817036413e-01 8.712568025735459853e-01 8.772493285882890790e-01 8.556092025079510277e-01 8.799180728045582489e-01 8.921322832282240212e-01 9.252090707467028885e-01 8.951661147760274773e-01 9.205690605344252209e-01 9.002978691418301871e-01 8.927356873363461176e-01 8.984328343126608551e-01 7.058086318963865402e-01
2.000000000000000000e+00 7.083400200127326629e-01 7.237856624384992887e-01 7.419716709209570604e-01 7.011265353815132606e-01 7.534500241556545408e-01 7.633553857628937456e-01 7.957707277290705372e-01 7.501023391383109251e-01 8.103271878817851492e-01 8.159272997577700082e-01 8.101219011487930111e-01 8.272790717335001265e-01 4.672832963475260781e-01
3.000000000000000000e+00 6.055942616048378691e-01 6.248918716050657629e-01 6.443080569924255485e-01 5.802386600936240146e-01 6.188246219543613869e-01 5.761036056442170317e-01 6.551006613610953488e-01 6.357962646885850777e-01 6.916377497540664443e-01 7.269518682096062223e-01 6.894367410079832448e-01 7.561818558699324733e-01 3.825895941236474584e-01
4.000000000000000000e+00 5.408739974073992762e-01 5.927956368824032207e-01 6.064021269628896427e-01 5.476573564524114257e-01 5.780275809705585077e-01 5.472421214222399355e-01 5.999520431433964518e-01 6.017749625174654282e-01 6.095181301674852392e-01 6.389056869757512302e-01 5.824084363993285995e-01 6.092687392663248547e-01 3.893333468527706565e-01
5.000000000000000000e+00 6.053794987888756474e-01 6.677180451426284469e-01 6.427955069655861831e-01 6.240232203340978501e-01 6.097288797920541459e-01 6.250476952901873329e-01 6.377392310606607717e-01 6.467648517384353424e-01 6.677292643481922418e-01 6.770961769975916145e-01 6.323579577596493140e-01 6.822976372720448435e-01 5.717628686434267360e-01
6.000000000000000000e+00 5.649053338018760195e-01 6.086967223245964842e-01 5.924691710900822361e-01 6.062638236633859368e-01 5.875968995538196626e-01 6.299641646034430664e-01 5.869987307017903166e-01 6.058017625878574508e-01 6.003097282247441546e-01 5.838768779592109492e-01 5.789012847976159337e-01 5.952514187681672286e-01 6.044755142193788400e-01
7.000000000000000000e+00 4.125693074982830222e-01 4.604611645023652389e-01 4.407757316389130375e-01 4.860391021914714504e-01 4.526898980454460153e-01 4.827039764466841132e-01 4.490129221457052067e-01 4.435280897437207104e-01 4.561228621108753822e-01 3.894670043792666236e-01 3.815296413144734222e-01 4.428193978034241085e-01 5.005057484608278484e-01
8.000000000000000000e+00 2.605702412478829721e-01 2.907503053718664132e-01 3.155227683734775357e-01 3.163203722127939099e-01 3.335028203956214021e-01 3.139894184692900714e-01 2.770474701547105956e-01 2.701918664598504938e-01 2.896921495280167513e-01 2.370175416980464245e-01 2.431043387471319983e-01 2.941528806970217236e-01 2.964922840735377818e-01
9.000000000000000000e+00 1.338418982139085722e-01 1.344868536907240508e-01 2.155139150976952134e-01 1.339180105657218900e-01 1.495750130157944002e-01 1.026284051047785251e-01 1.111873618198027519e-01 1.033136429410089763e-01 1.403326485564402593e-01 1.117090117991060005e-01 1.205656985530191572e-01 1.557679832858147040e-01 1.299692139520814971e-01
1.000000000000000000e+01 8.484607320487345949e-02 1.025326437856355910e-01 1.273989084081895706e-01 6.430331551492329822e-02 5.786369494211660719e-02 5.827176122743500664e-02 2.720396524557309320e-02 5.703523652978081948e-02 9.136980059108684715e-02 1.292340815312197355e-01 1.528491866100069596e-01 1.238297249699625013e-01 6.940033581794387285e-02
1.100000000000000000e+01 1.840519353178904638e-01 1.647059230559784204e-01 1.444099238044311007e-01 1.411714936131428511e-01 6.424286732859417481e-02 1.508672306896633175e-01 1.002002133564454389e-01 1.490766583512856958e-01 1.698546663299091430e-01 2.380417691904499755e-01 2.420187319202610488e-01 2.197050635561241805e-01 1.709521249385027031e-01
1.200000000000000000e+01 1.945641630552794044e-01 1.731670094159805662e-01 1.052073596457041293e-01 1.733358717649274017e-01 9.320217113472833992e-02 1.889887401172491987e-01 1.285914347285412873e-01 1.796885357573884678e-01 1.535946129661679427e-01 1.706156352058507131e-01 1.984718229833967729e-01 1.226362302570056517e-01 2.477715974644290609e-01
1.300000000000000000e+01 1.548276049817844946e-01 9.012954017201310619e-02 6.027060089111230257e-02 1.457466149979876890e-01 1.153412907062563997e-01 1.355479299311052044e-01 1.256269453946763093e-01 1.324001990330845591e-01 7.801916510829155771e-02 2.787407901611500816e-02 5.322269993901632829e-02 -1.192875608990703884e-02 1.428869642436259579e-01
1.400000000000000000e+01 1.473712764535953235e-01 6.792654106090201260e-02 8.791395539983296037e-02 1.196428617445909337e-01 1.917536818894968464e-01 8.831314300598067102e-02 1.576166071406770730e-01 1.096833895633999995e-01 3.176510380093605646e-02 -5.788083066790961767e-02 -6.798873187840663579e-02 -1.217085214205824162e-01 1.205619809722700275e-01
1.500000000000000000e+01 2.750986904204632544e-01 1.730263803797942868e-01 2.252453525454310435e-01 2.052709993420396284e-01 3.265651779154131185e-01 1.532650675260248674e-01 2.621455380518393219e-01 1.927147795645260675e-01 1.171556057341303497e-01 5.227138812196890916e-02 1.333033785306889096e-02 -1.341801605149606225e-02 1.764788640837082201e-01
