# # time shift (tau) HDelta HGamma HeII4685 HBeta HeI5875 HAlpha HeI5015 OI8446 HeI4471 HeI7065 OIII5007 LyALpha
-1.000000000000000000e+01 9.128978047602859247e-02 1.295181043208907257e-01 7.182492349009161892e-02 2.165234217770775627e-01 -1.552337016212169130e-01 -1.949231901871885941e-01 -5.596804464244873462e-02 1.269055365082367715e-01 -6.019193043363816470e-02 1.195912820205616151e-01 -9.120502727545948263e-02 -2.219002572555819897e-01
-9.000000000000000000e+00 -8.262202149017927599e-02 2.760224717617175416e-02 -7.832276277135072351e-02 1.570027740228819857e-01 -2.233700529730819340e-01 -1.697132268345640516e-01 -1.039732506972808612e-01 1.781083546073301549e-01 -1.539818747386389186e-01 9.756415986299632470e-02 -1.461332603362093530e-01 -3.073584986228569682e-01
-8.000000000000000000e+00 -1.972513069462213664e-01 -9.701850674435670563e-02 -2.262938771445234531e-02 -2.133274895098013352e-02 -2.516829273031730985e-01 -2.530632947526868515e-01 -2.762088859330666391e-01 7.054281945670864973e-02 -4.154082727101225947e-01 -7.142144657516648343e-02 -3.747702213338331978e-01 -2.425612251422041565e-01
-7.000000000000000000e+00 -1.281069196227783979e-01 -9.592052471661036139e-02 1.573278631645799452e-01 -1.391864236362689300e-01 -3.286976745337347738e-01 -3.120250326289231158e-01 -3.503014532037521667e-01 -1.780043609187896558e-01 -5.336102277504169988e-01 -8.526956834040910760e-02 -4.605473151879881932e-01 -7.596027889953198275e-02
-6.000000000000000000e+00 2.336890064192069516e-02 5.010240608058444400e-02 3.505951173989276803e-01 2.763453816180247435e-02 -2.058814511288294957e-01 -2.586962070584846174e-01 -3.620886842534147276e-01 -1.808144425103417885e-01 -5.113849397431800003e-01 3.709630192923118325e-02 -4.626890087237510163e-01 1.215099604504156772e-01
-5.000000000000000000e+00 1.264493423229323676e-01 1.356296928484834186e-01 4.273117346566264185e-01 2.056117385423822941e-01 -9.220038823966006380e-02 -1.417189077577656886e-01 -3.617943655899839017e-01 -1.788249431843044746e-01 -2.899466401578407737e-01 1.207176613887691319e-01 -4.279270161299761899e-01 1.926289646989332305e-01
-4.000000000000000000e+00 1.080771999546092932e-01 1.562152053921457562e-01 3.331902704980425067e-01 2.517342070984273650e-01 -7.015847007848688421e-02 -1.308200748219766618e-01 -4.130795560362957031e-01 -1.553117442087463274e-01 -1.509276339274137901e-01 2.422403515876146163e-01 -4.670839266317289851e-01 1.869480208170723468e-01
-3.000000000000000000e+00 1.186812063296992376e-01 1.690910739760429493e-01 3.159073873940755339e-01 3.085930235146412959e-01 1.478524656009877480e-01 -2.805289565207064184e-02 -4.390024852819717771e-01 -6.906162261916154455e-02 -7.341974044854882031e-02 1.531926276482323823e-01 -5.300293788600121125e-01 2.798135308048467218e-01
-2.000000000000000000e+00 3.065001097189036239e-01 2.717608977347750199e-01 4.429950037240862892e-01 3.856108197168210960e-01 3.384163880944249803e-01 1.281893360237504331e-01 -4.247000374770538711e-01 -7.720242724786788302e-02 -9.810052938033331227e-02 9.665577910642880743e-02 -5.974984888483712009e-01 4.360427637614169849e-01
-1.000000000000000000e+00 5.506093252184204312e-01 4.620308072370941099e-01 6.162187731958290726e-01 5.033779084047826924e-01 4.699233996657159462e-01 2.850471138059872400e-01 -3.053725793260765875e-01 8.020849466442306341e-02 -5.590144476748810931e-02 8.405697004176790332e-02 -5.728642216801933529e-01 5.954381555369685497e-01
0.000000000000000000e+00 7.658821919608745921e-01 7.156854009155736440e-01 8.248687636044389482e-01 6.970988182419977086e-01 6.555820343832441388e-01 5.810381969969886651e-01 1.073572039420657431e-02 3.455932813132788217e-01 2.015752040023330582e-01 1.569783567265454483e-01 -3.110871445002132973e-01 8.231168526766223792e-01
1.000000000000000000e+00 8.628429013245382251e-01 8.179004172410004880e-01 8.027622963350486973e-01 7.793547367808276727e-01 6.473410768543659266e-01 6.253919720799623327e-01 1.127415993569591268e-01 3.760319915466971419e-01 2.866022780426223937e-01 4.230786328620117498e-01 -2.313485905759329608e-01 8.300100198443581823e-01
2.000000000000000000e+00 8.399780192120067657e-01 8.624436763841265563e-01 6.976885525093532436e-01 8.427771776638863788e-01 7.185363553002636072e-01 6.517516538926624303e-01 1.645818246521225103e-01 4.522332522882838157e-01 5.665809789102902450e-01 5.729753052601072039e-01 -1.620063986973107606e-01 8.454609740770873128e-01
3.000000000000000000e+00 6.738576418264552448e-01 7.889896561931073471e-01 3.618420524572319996e-01 8.960611770332480575e-01 7.837558018056817177e-01 7.235846320365293405e-01 2.068990559451217293e-01 5.669857879482038676e-01 4.586932740541788678e-01 5.675175062436832452e-01 -8.764338441628320708e-02 6.702299510133813421e-01
4.000000000000000000e+00 5.742691395463188631e-01 5.521385849752062924e-01 2.315074501584814815e-01 7.407755790323757861e-01 6.592415832583597979e-01 6.194923539199073126e-01 2.069684636239101094e-01 4.872141889946640658e-01 3.494413178014434407e-01 3.734681472294940074e-01 -1.060174447362157157e-01 5.917698668385069638e-01
5.000000000000000000e+00 5.376387296269981020e-01 5.266554304320121283e-01 3.590955530853453537e-01 6.799384115764626202e-01 5.383129687162228061e-01 6.933635116412280031e-01 2.470457329211991904e-01 5.177570298146363381e-01 2.649150012653012087e-01 1.335272419495717733e-01 -5.923022953351818332e-02 5.859392519485825401e-01
6.000000000000000000e+00 6.164358343698407294e-01 5.173204956799792864e-01 5.269669640727216997e-01 5.738670945219201958e-01 3.931338697602376753e-01 5.510990597023965876e-01 1.976184162942697942e-01 3.723628072281697232e-01 2.461695007057779772e-01 4.731282956234766912e-02 -3.199270245523228029e-02 5.530628368350766211e-01
7.000000000000000000e+00 6.273874712497709005e-01 5.730633091725340078e-01 5.467762064117662746e-01 5.031804514310311838e-01 3.204007624931956011e-01 4.041181990161158977e-01 1.411585944150645922e-01 3.546386485022652302e-01 4.401609903132854273e-01 -5.360332057300664504e-02 -6.759505172627545966e-02 3.881928766581517198e-01
8.000000000000000000e+00 4.954120808568372447e-01 5.614082167877900709e-01 4.395965690714202512e-01 5.194829874771480505e-01 2.240889042650573704e-01 2.676806316308952827e-01 2.082862475819751702e-01 4.721041906592654547e-01 7.512401133629544869e-01 2.018725563250227048e-02 1.135718094411502371e-01 2.586327929855670726e-01
9.000000000000000000e+00 2.900889664595488471e-01 1.590990650955522723e-01 5.411520168330766212e-02 2.954496241576318183e-01 1.452911061859399333e-01 1.553844457577955446e-02 -3.557966163754110178e-02 1.526641741663952168e-01 6.303886091535957359e-01 -1.446286618786839784e-01 -1.111601890943906129e-01 4.820844681207239052e-02
1.000000000000000000e+01 -8.801720493560885594e-03 -7.602889005199048311e-02 -1.912612870564946443e-01 8.304264635038023645e-02 1.397929531137639264e-02 7.569909239229821729e-02 6.577448675045799442e-02 -1.440418810510184222e-02 2.883380403550880877e-01 5.415771609274637466e-02 -3.706617566126883812e-02 -2.869182859628276183e-03
1.100000000000000000e+01 -1.337675109870100354e-01 -1.030759372088710657e-01 -2.314994896567975080e-01 1.497854806273492267e-03 -1.534246391658909518e-02 2.112773424136205058e-01 6.826806582265490531e-02 9.107450486238830023e-02 -3.452017059654539644e-01 2.286655922601841806e-01 -2.781958433533260888e-01 4.618798561607892483e-02
1.200000000000000000e+01 -9.637055581883402500e-02 -6.351740068165308284e-02 -4.559015376676322367e-02 -1.922082119859750415e-01 -8.170207371301507759e-02 1.575509534615636698e-01 6.854699393652982642e-02 -5.479293286004960351e-02 -6.110867884112891613e-01 -9.016698955342758448e-02 -3.551877300321513720e-01 1.010069987567323857e-01
1.300000000000000000e+01 -6.584312961757635141e-02 1.047680748947105167e-01 2.319418869741720068e-01 -1.614849590473051988e-01 -1.466945963154891452e-01 -8.369839006221964361e-03 -2.141406130091867421e-01 2.121803450266712340e-02 -4.114355965169773643e-01 1.385192363367220292e-01 -4.365663048222727105e-01 1.888078814897518054e-01
1.400000000000000000e+01 -1.189334080892043288e-02 -4.947333776987066639e-02 2.615411663763319017e-01 -8.320926422016253210e-02 3.925933987573501649e-05 -3.166126261566505895e-01 -3.057772293956642073e-01 -2.203694161310175148e-01 -1.067609749534295382e-01 -3.074305787575374871e-01 -1.152462571606001351e-01 7.728288278541319001e-02
1.500000000000000000e+01 3.102984919602465308e-02 -8.521220422493415436e-02 4.764118121074453205e-01 1.111787731249544442e-02 1.157255332645430734e-01 -3.349885157171509364e-01 -3.468132152060837692e-01 -3.818955978159501718e-01 2.072426101084777483e-01 3.474706252219089686e-02 2.534339173501605480e-03 7.743937194562949822e-02
