# Cont6880 timestamps [MJD], fluxes [ergs/s/cm2/A], fluxerrs [ergs/s/cm2/A]
5.758166000000000349e+04 1.916837831224840070e-15 8.246437979502129832e-18
5.758266000000000349e+04 2.012599988109622249e-15 1.483068826646587897e-17
5.758365000000000146e+04 1.852618480247705869e-15 5.364356953255195736e-18
5.758377999999999884e+04 1.880770475303795368e-15 1.587255762355468422e-17
5.758458000000000175e+04 1.885441804255656287e-15 1.462107254134483049e-17
5.758556999999999971e+04 1.746214719579609286e-15 2.341450327224559716e-17
5.758654000000000087e+04 1.620636405376148501e-15 1.465815134958540070e-17
5.758755999999999767e+04 1.755686341458009018e-15 9.795572000324037223e-18
5.758848000000000320e+04 1.790522233395155323e-15 1.691314612481393185e-17
5.758941000000000349e+04 1.905887986055949349e-15 1.033580329441316678e-17
5.759041000000000349e+04 1.919209581229398658e-15 7.474816476025702156e-18
5.759140000000000146e+04 1.809216353211717909e-15 1.338894038937440752e-17
5.759238999999999942e+04 1.860298863264335696e-15 6.500792655194914605e-18
5.759338999999999942e+04 1.822387333735004448e-15 1.076903179620941316e-17
5.759431999999999971e+04 1.901045153787247134e-15 1.027958190106008681e-17
5.759530999999999767e+04 1.900476282930567331e-15 8.256361798260870854e-18
5.759643000000000029e+04 1.693969315106094019e-15 9.423805910661563379e-18
5.759741999999999825e+04 1.692045526817682027e-15 1.213502520140784856e-17
5.759829000000000087e+04 1.693331343686591953e-15 1.425277748105185029e-17
5.759927999999999884e+04 1.634262262644973743e-15 1.289544328794987412e-17
5.760020999999999913e+04 1.541563580087592249e-15 1.830425213283303461e-17
5.760219999999999709e+04 1.431421412234894653e-15 9.075619966995890838e-18
5.760319000000000233e+04 1.385628349416824219e-15 4.708792717143450267e-18
5.760418000000000029e+04 1.341413438922042883e-15 1.039951673242407111e-17
5.760523999999999796e+04 1.334732726435683459e-15 6.906342155925883967e-18
5.760616999999999825e+04 1.396804887393025575e-15 7.321382413652951121e-18
