# # time shift (tau) HDelta HGamma HeII4685 HBeta HeI5875 HAlpha HeI5015 OI8446 HeI4471 HeI7065 OIII5007 LyALpha
-1.000000000000000000e+01 -2.899448991350671578e-01 -1.840148810515627731e-01 -1.677837607956031429e-01 -2.337719676324959486e-02 -4.321300067447942928e-01 -4.637621268283158571e-01 -3.082257030257304353e-01 -3.345109413937062681e-02 4.154980748942328772e-02 -1.085618534070284386e-01 -2.911005345009253786e-01 -5.623868251864487799e-01
-9.000000000000000000e+00 -3.188981596728160395e-01 -3.424144645914652951e-01 -1.949052183596300947e-01 -1.548678594131204234e-01 -4.746748583164748236e-01 -4.992351299180162738e-01 -3.832191487888480519e-01 -1.476863583009450642e-01 -1.884061822506302164e-01 -2.085739736603823835e-01 -4.315255112758817901e-01 -5.155764913392125726e-01
-8.000000000000000000e+00 -2.983635125852137637e-01 -3.008574840364393044e-01 6.722363560102026514e-02 -1.789944522657440085e-01 -4.202275249577052119e-01 -2.706237251159961388e-01 -3.987948209504073027e-01 -8.868107043865003369e-02 -3.623088974226817971e-01 -2.646158282123276528e-01 -4.856161999305614319e-01 -2.197585061108774385e-01
-7.000000000000000000e+00 -1.427317079213026585e-01 -2.146443278253614140e-01 2.129213315375546867e-01 -2.170605524681260279e-01 -5.314147867848177942e-01 -2.653124830552844315e-01 -3.993318784216115525e-01 -3.833237449759480109e-01 -4.424310160134959924e-01 -2.045232387957530984e-02 -4.874186082020785515e-01 -1.818681128678244219e-02
-6.000000000000000000e+00 -1.208082595679826898e-01 -5.413492052444280472e-02 2.688250033537047945e-01 -6.513619123848070347e-02 -3.432501185822915413e-01 -2.178769783365175350e-01 -3.814906660701542496e-01 -3.293946461030263229e-01 -2.814845451606432514e-01 1.219381202037559536e-01 -4.620942592605215005e-01 1.249428200859788174e-01
-5.000000000000000000e+00 -1.077789309848479482e-01 2.511309091847923475e-02 2.356044235982817092e-01 1.009322745514815711e-01 -3.754061338943159853e-02 -9.096454128263878336e-02 -4.211934149236180591e-01 -1.764347024083895987e-01 -1.108128631937254083e-01 1.010138589966621536e-01 -4.165894632203868686e-01 1.534325878199753468e-01
-4.000000000000000000e+00 -1.118471900043715994e-04 -8.853314271743305264e-02 1.731945308074512857e-01 -6.435611790439492441e-02 1.630671568773071622e-01 -2.554685199225449899e-01 -6.460222198491361034e-01 -2.737441595351671753e-01 -2.271199186739286113e-01 -1.189055065535679495e-01 -6.615083720806600454e-01 2.129374098422229244e-01
-3.000000000000000000e+00 3.487196360332982525e-01 2.470104288078579513e-01 5.262945134352527976e-01 2.718635282291947952e-01 4.213388890838081213e-01 9.735042682582455142e-02 -3.511949756966917802e-01 -1.653669248498026711e-01 -4.727990960017987992e-02 -7.892518215077998223e-02 -4.364885237458138167e-01 5.692486613024075881e-01
-2.000000000000000000e+00 7.172635876309871872e-01 5.464914580361919239e-01 7.664645514156614992e-01 5.378072356443562851e-01 6.207495346809603909e-01 3.621632397245536650e-01 -1.182468276582793465e-01 -3.144411926694838655e-02 -3.093849684417012552e-02 1.252712428786832699e-01 -3.030963649372396818e-01 7.768283657690893129e-01
-1.000000000000000000e+00 9.002762574454714617e-01 7.816096811795554267e-01 7.986400833978675173e-01 6.614503779813756257e-01 7.187162781975457992e-01 5.924182519369443067e-01 4.793785832081177284e-02 2.332161410200597751e-01 1.544571622181039605e-01 3.609184569943615362e-01 -2.503155104650374718e-01 8.396180305617411133e-01
0.000000000000000000e+00 8.992885440158969734e-01 1.000000000000000000e+00 7.057066436303572887e-01 8.947535348436096436e-01 8.195565202416215111e-01 8.258856731344735858e-01 4.403803857577161529e-01 6.812971138901915413e-01 4.328617859360219811e-01 6.088172534506657296e-01 1.219362057099799418e-01 8.669792187076880152e-01
1.000000000000000000e+00 7.403279053080773497e-01 7.816096811795554267e-01 3.809353273393921158e-01 8.277856606117826033e-01 7.009808348470947248e-01 6.790292671751393394e-01 4.522350596467999972e-01 6.112056020590078687e-01 4.784062304444181013e-01 5.525037630886198148e-01 1.424375401749554959e-01 6.247363001714626440e-01
2.000000000000000000e+00 4.698650727073320765e-01 5.464914580361919239e-01 4.669639398979390926e-02 6.542588211321476166e-01 5.489566629499407213e-01 6.160011364805650924e-01 3.886786033165632315e-01 5.654270154669008841e-01 4.751795841680973576e-01 4.963442651725898380e-01 1.677756430303075641e-01 4.096081097833227380e-01
3.000000000000000000e+00 1.357246325781664709e-01 2.470104288078579513e-01 -2.603807702290894532e-01 5.209295401425479977e-01 3.394400792730097871e-01 5.080947870906749042e-01 3.435050586825074692e-01 6.349720814743774477e-01 1.376394270670937559e-01 1.995906001404156305e-01 2.187311062783166005e-01 1.006692031681295368e-01
4.000000000000000000e+00 -2.126243654094225888e-02 -8.853314271743303876e-02 -1.272032267697954244e-01 1.083491199666204441e-01 -6.271044966364471007e-02 1.618859892320858862e-01 2.257098992667809223e-01 1.454692474713261685e-01 -3.306855914758399795e-02 -3.778435619448159422e-01 1.431166621360428215e-01 -1.484008832032420733e-01
5.000000000000000000e+00 -3.082081011926953579e-02 2.511309091847921393e-02 1.163014209838854757e-01 -4.154580128609566131e-02 -3.292609527450219842e-01 -5.333653779479705093e-02 -1.454962693679980323e-01 1.170106852319593022e-01 3.097967961443680307e-02 -3.730930394364418423e-01 -1.682866274046677657e-01 -1.346423866185941232e-01
6.000000000000000000e+00 1.343177328960899058e-02 -5.413492052444283248e-02 1.476886708077039811e-01 -6.501186265645432505e-02 -2.934905648785951504e-01 -2.929421447114611832e-01 -2.516585669904643496e-01 -7.397012246241338462e-02 2.276787257344592696e-01 -5.521982912865652793e-01 -1.553824751216744127e-01 -2.207998785170455780e-01
7.000000000000000000e+00 -1.652499424898939417e-01 -2.146443278253613585e-01 -1.467289865328191140e-02 -1.377815328238530257e-01 -3.468701912736570359e-01 -4.194055037035785416e-01 -2.771559157777486182e-01 -2.894786313929722521e-01 2.813060904225040959e-01 -4.852659747548904168e-01 -1.878792595808800869e-01 -3.749247591784075073e-01
8.000000000000000000e+00 -2.824124761865556277e-01 -3.008574840364394154e-01 -1.613652853761612105e-01 -2.269209452071401512e-01 -3.624960174528567558e-01 -3.352477509456268656e-01 -5.190249825040497145e-01 -1.729988880516614980e-01 9.522495658590124368e-02 -1.214370003577290857e-01 -4.290582896202881358e-01 -2.229324012984355008e-01
9.000000000000000000e+00 -2.781977857182198477e-01 -3.424144645914652951e-01 -2.387002360481529362e-01 -2.621896451180326104e-01 -8.588765065559730849e-02 -1.185582073921116197e-01 -2.886760254914743085e-01 -3.046591828322980922e-01 -4.385449296614080117e-01 -7.275688695162040032e-02 -3.618023955371789113e-01 -6.522131190653550348e-02
1.000000000000000000e+01 -2.379224371203524369e-01 -1.840148810515627731e-01 6.865720205593894843e-02 -2.481868257376403930e-01 -1.432686717891725747e-01 -6.280126463472243681e-02 -2.532431356706949521e-01 -3.516280148116298632e-01 -5.937841855276775327e-01 2.433962210907430479e-01 -4.923561083079633915e-01 1.109978792219126764e-01
1.100000000000000000e+01 3.261090938407616713e-02 1.186615332064752115e-01 3.381287269694597253e-01 -4.690848687373668641e-02 9.227636365895636184e-02 1.044572932615133731e-01 -3.590749685487273912e-01 -7.657836949049945385e-02 -6.054393189726754443e-01 2.941094024750161018e-01 -7.127194570490749115e-01 3.284775320829412815e-01
1.200000000000000000e+01 2.066872734055327232e-01 2.247960235545534702e-01 4.787714812363236261e-01 1.106465947757882401e-01 3.170056831016942467e-01 8.687615242307297758e-02 -1.095885222135561110e-01 -2.214479143093692551e-02 -2.206129755718459484e-01 8.478058637575236478e-02 -1.372712265893313854e-01 3.721588615616270301e-01
1.300000000000000000e+01 3.858527084817258701e-01 3.177938368954843495e-01 6.961510591004387294e-01 2.780431889722791428e-01 3.287971178848628773e-01 2.867675901728650861e-02 -2.341545931537452052e-01 -2.614063744174866324e-02 3.122694910148505754e-01 3.648385297562125595e-01 -8.996225347779812642e-02 4.867106820431701397e-01
1.400000000000000000e+01 5.064882199787514860e-01 4.020488628908323037e-01 5.933835615687474974e-01 4.980453509931696554e-01 5.975248149657337304e-01 2.287500950368124009e-01 3.635894274255091485e-02 5.321789630804667909e-02 4.786427247969841647e-01 4.552735889233207045e-01 2.354836502895601424e-01 5.536255935993830146e-01
1.500000000000000000e+01 5.919468287889819713e-01 5.511090198575701038e-01 5.329720296986667494e-01 6.216277964145791035e-01 7.323028902325190437e-01 5.245298056440137469e-01 4.596080943358170079e-01 2.772053810398262819e-01 5.531927681947367281e-01 7.140184089044929738e-01 4.569649047192826941e-01 6.068799633801189586e-01
