# # time shift (tau) Cont4010 Cont4200 Cont4440 Cont4765 Cont5100 Cont5600 Cont6045 Cont6110 Cont6880 Cont7390 Cont8015 Cont8900
-1.000000000000000000e+01 -1.321445575906968761e-01 -1.242376473279291696e-02 3.089210339844963155e-02 1.725586467463634255e-02 1.128182875134750296e-01 4.190297538774715586e-02 1.257400698688644902e-01 -5.539566300906559326e-02 -5.031825415513448141e-02 -8.126328137563784693e-02 -9.323066682519144666e-02 -9.725314028061035621e-02
-9.000000000000000000e+00 1.099916079266188840e-02 1.192438983591168483e-01 1.346875928486949148e-01 1.308119449333000062e-01 1.841455156058521281e-01 7.888318394316581883e-02 1.009881598355635152e-01 -9.701856180755676073e-03 1.676960855844827208e-02 3.566116462863103131e-03 -5.569265064164981988e-02 -3.859833670465694783e-02
-8.000000000000000000e+00 2.829294729973401701e-01 3.438389296766014569e-01 3.675924356696673723e-01 3.384016364782316266e-01 3.844536291890892077e-01 2.920452198484463358e-01 2.419777431620598884e-01 2.083418190222545707e-01 1.832228796599035259e-01 1.554174392792961878e-01 7.267436829288331790e-02 3.474065965115893939e-02
-7.000000000000000000e+00 4.867848949056632346e-01 5.405417357727702043e-01 5.605711612839009428e-01 5.381044031788513315e-01 5.588948943928770952e-01 4.874742930103233007e-01 4.928730855581732184e-01 4.477280299276110154e-01 3.820842118831235812e-01 2.822089494405125576e-01 2.179517500096674332e-01 1.383775370587631559e-01
-6.000000000000000000e+00 5.776188874116233718e-01 6.069046323481745997e-01 6.221499421589844481e-01 5.966937707376217537e-01 6.435871551718659322e-01 6.560633963321704787e-01 6.254462424117337438e-01 5.457654808180847361e-01 5.215203550433529234e-01 4.370020256960875371e-01 3.895432754779809548e-01 3.183526900439276330e-01
-5.000000000000000000e+00 6.409762948572242935e-01 6.240304191231853537e-01 6.223539497547164734e-01 5.887340751340419676e-01 6.365980832619029250e-01 6.471828096804519426e-01 6.325080097256953193e-01 5.552139749212776643e-01 5.600535630900373985e-01 4.842099804811702546e-01 4.829969988431762618e-01 4.181397756885324446e-01
-4.000000000000000000e+00 5.750384754252422237e-01 5.380885570008435703e-01 5.530284796900377664e-01 5.090344170680343172e-01 5.624305442660220145e-01 5.845485783299928517e-01 5.498249000453403479e-01 4.724213266760253216e-01 4.644845143642140628e-01 3.821283616063824162e-01 3.894664556178077941e-01 3.171200829712156888e-01
-3.000000000000000000e+00 6.963071081636420523e-01 6.477516995454932758e-01 6.588588572170049895e-01 6.295672992638652321e-01 6.516578946583406751e-01 6.202971621891162357e-01 5.898407347769863973e-01 5.737642955314723459e-01 5.599647101977300867e-01 5.069992298420012977e-01 4.807816659775775991e-01 4.674138196317805249e-01
-2.000000000000000000e+00 8.319652743328815880e-01 8.135638905698743262e-01 8.300891003855951356e-01 8.006721230440403403e-01 8.180665636522614914e-01 7.835431192275822410e-01 7.281341536413414861e-01 7.513637396292611736e-01 7.194754794430648914e-01 6.563957619423490542e-01 6.331858857722816314e-01 5.865979457350709581e-01
-1.000000000000000000e+00 9.287786305307348389e-01 9.348196301193970603e-01 9.368025960036898692e-01 9.239289366031464557e-01 9.263037602778327884e-01 9.023603892104545832e-01 8.656722871189641566e-01 8.939466890555394230e-01 8.640383029488974964e-01 8.036459579206014503e-01 7.750521112196964157e-01 7.516051389200908428e-01
0.000000000000000000e+00 9.646178886654602769e-01 9.736288517232852824e-01 9.722449149515538513e-01 9.680916426284738030e-01 9.815719728638062636e-01 1.000000000000000000e+00 9.650997373762838505e-01 9.731331445621785869e-01 9.668440120623388312e-01 9.274758046058486638e-01 9.122606113078330914e-01 8.936845857003552496e-01
1.000000000000000000e+00 8.770196409304032992e-01 8.872444314778769048e-01 8.919450607017820332e-01 8.730188317599862913e-01 8.962523362875942645e-01 9.023603892104545832e-01 9.321295927616906063e-01 9.076603525909816561e-01 9.272382405000998418e-01 9.055181571198708257e-01 8.938011323721494206e-01 9.020679727049785157e-01
2.000000000000000000e+00 7.446811915723718922e-01 7.647502170410136468e-01 7.805810862014668228e-01 7.433706690452899224e-01 7.869041304573376472e-01 7.835431192275822410e-01 8.224721489770867588e-01 7.898197283602255148e-01 8.353839193594483348e-01 8.387033815818443205e-01 8.259091750317431035e-01 8.485897293498657623e-01
3.000000000000000000e+00 6.418158555527124776e-01 6.698587370422999232e-01 6.892856684084903707e-01 6.273681516541922409e-01 6.626008842593975601e-01 6.202971621891162357e-01 7.084587684800579543e-01 6.853202418850956601e-01 7.359534549180495322e-01 7.643549996538243629e-01 7.344022389709734533e-01 7.938033538814361911e-01
4.000000000000000000e+00 5.858741810250072124e-01 6.449647128578580579e-01 6.628281136455191902e-01 6.029280239692269561e-01 6.233363091089736407e-01 5.845485783299928517e-01 6.445687630507003218e-01 6.537904440967141628e-01 6.630537601923536251e-01 6.918678630671778462e-01 6.336323624145088207e-01 6.715570842615552483e-01
5.000000000000000000e+00 6.309790292769190678e-01 6.951413632007402699e-01 6.781354729009860804e-01 6.518256957408077312e-01 6.386012172294699418e-01 6.471828096804519426e-01 6.803453819445679507e-01 6.835266288232233478e-01 7.012277206331403168e-01 7.097341906835876735e-01 6.694235510784259935e-01 7.157739387680885912e-01
6.000000000000000000e+00 5.998282468754967400e-01 6.499600599148831481e-01 6.375555429033054056e-01 6.452861367743512044e-01 6.314631202806806343e-01 6.560633963321704787e-01 6.416450844353094318e-01 6.528985311921486900e-01 6.432077410939405215e-01 6.272363303889390007e-01 6.173255583963639381e-01 6.367253376872696879e-01
7.000000000000000000e+00 4.216442174890148720e-01 4.764952354484339736e-01 4.649395809638295907e-01 4.990527566052478381e-01 4.726636679940774965e-01 4.874742930103233007e-01 4.737961759912985293e-01 4.612850029572910793e-01 4.746327863390733537e-01 4.145164037951042380e-01 3.956544426576391049e-01 4.668931619385556786e-01
8.000000000000000000e+00 2.534675844479388207e-01 2.961495520136592785e-01 3.232723734220568357e-01 3.099141479207558891e-01 3.324312814630703827e-01 2.920452198484463358e-01 2.882079674457917462e-01 2.739735557160049018e-01 2.930311064287807188e-01 2.473085461351264835e-01 2.485589111139536733e-01 3.120359878229453932e-01
9.000000000000000000e+00 1.056831894694986451e-01 1.213069107292345239e-01 2.190161988284501371e-01 1.246709313177420952e-01 1.379241179095579972e-01 7.888318394316581883e-02 1.092097096764867020e-01 9.711393129886691788e-02 1.284947718140961592e-01 1.026659051140676737e-01 9.671547159739710131e-02 1.494417212216594404e-01
1.000000000000000000e+01 8.164068430418963684e-02 1.148597784953731271e-01 1.352335800396621268e-01 6.185108369128752837e-02 5.693034816386722402e-02 4.190297538774715586e-02 4.097614727344932317e-02 5.834806642546179478e-02 9.947665649723747006e-02 1.424742081065671628e-01 1.557945996659224897e-01 1.449722578744679358e-01
1.100000000000000000e+01 1.486110052094703482e-01 1.160860536102210627e-01 9.621825711183479291e-02 8.992824781149720559e-02 1.648294577128182198e-02 1.147394809348201011e-01 4.637300559846745801e-02 1.049667157740032664e-01 1.189999194177396025e-01 1.949069577725433267e-01 2.049265713923960064e-01 1.636031792925302653e-01
1.200000000000000000e+01 1.614117537043082695e-01 1.353023507053050800e-01 5.552518540588938234e-02 1.398333449796453354e-01 4.670854013377101488e-02 1.572177031947887271e-01 1.003236467982008689e-01 1.446326539232786756e-01 1.141233290115231946e-01 1.216532161385187882e-01 1.439348242739527106e-01 6.644904473434300185e-02
1.300000000000000000e+01 9.295618241545998417e-02 3.141801371849061580e-02 -5.261210022700371636e-03 9.098040014056282820e-02 5.851656844753060777e-02 7.253276237252374858e-02 6.215476320442779590e-02 7.642932826792932233e-02 1.702559252655430622e-02 -2.175199358025816515e-02 -2.541162262486889450e-03 -6.495771655605817041e-02
1.400000000000000000e+01 7.331750325727673379e-02 -8.649028338902388369e-03 2.792076410302686551e-02 4.545406387815826427e-02 1.211770375631390645e-01 -1.229937817015119839e-02 9.521424351687701737e-02 3.377289774833133057e-02 -5.537413562312862303e-02 -1.648822874141051276e-01 -1.827007225962828385e-01 -2.178289776287027080e-01
1.500000000000000000e+01 2.201747136769612867e-01 1.129937921155648312e-01 1.649310742749636183e-01 1.493474524829296324e-01 2.832147751593002138e-01 8.617790290626398120e-02 1.943210711869316487e-01 1.264865515248840833e-01 4.963966054185758869e-02 -1.450038551763473127e-02 -3.755251339124696802e-02 -7.516156570086507394e-02
