# # time shift (tau) HDelta HGamma HeII4685 HBeta HeI5875 HAlpha HeI5015 OI8446
-1.000000000000000000e+01 8.036886859905492675e-02 2.549722537241700393e-01 2.589880938450647013e-02 2.476642062069518702e-01 -2.106231577703495117e-01 -1.848575039235713646e-01 -2.277873783307442224e-02 -3.210741680603292764e-02
-9.000000000000000000e+00 -9.499014045295245401e-02 9.008613472511023401e-02 -1.003898274828770448e-01 5.729095417418542807e-02 -2.644457157665129898e-01 -1.931052580903037108e-01 -2.289778399673569886e-01 3.912275791600058200e-02
-8.000000000000000000e+00 -1.785436322504015405e-01 7.696603641128119122e-03 -1.498810760335565241e-02 -1.426755878191921997e-02 -2.647538184073459644e-01 -2.043732587942562740e-01 -2.754537600805672115e-01 2.552561148882602493e-02
-7.000000000000000000e+00 -9.391841364943431802e-02 -4.632341116277007009e-02 2.124533469639981464e-01 -1.244081397266542516e-01 -3.369387713962572750e-01 -2.616632486799472801e-01 -3.506440504455523577e-01 -2.152271879770492891e-01
-6.000000000000000000e+00 2.032271747415667629e-02 7.205065345073165262e-02 3.630583192696729689e-01 6.831448030183345788e-03 -2.829757841574987443e-01 -1.656655230399000922e-01 -3.688518828276168282e-01 -1.907947654992585562e-01
-5.000000000000000000e+00 1.062486750598767016e-01 1.763848604481217941e-01 3.920968725147832012e-01 1.988188363710239048e-01 -8.136716514933850508e-02 -7.586063593238320801e-02 -3.483640522234786041e-01 -4.058538888131712347e-02
-4.000000000000000000e+00 4.204072601834427103e-02 1.003156999002221966e-01 2.671047652674461426e-01 2.088536778444471109e-01 -1.356657131732987298e-01 -1.449933716467253775e-01 -3.968394794324753283e-01 -8.327448515766647241e-02
-3.000000000000000000e+00 7.335406792644195983e-02 1.021338527423081288e-01 2.869376335939322065e-01 2.494108798540871363e-01 9.205118955071975306e-02 -6.853541589141887158e-02 -5.279953903052867492e-01 6.568217853143928919e-02
-2.000000000000000000e+00 3.070510645928429261e-01 2.177719432063181526e-01 4.446342541484848421e-01 3.769846984020185365e-01 3.473548967150729139e-01 1.100113009586941443e-01 -4.263793262395636496e-01 2.258734316867877512e-03
-1.000000000000000000e+00 5.759948686388169925e-01 4.466968678983990748e-01 6.942628054878292598e-01 5.083533216364883867e-01 4.959151145349548484e-01 3.078072161631117964e-01 -3.029176266807037665e-01 8.797995100199865193e-02
0.000000000000000000e+00 7.904418978693945608e-01 7.136440626962101685e-01 8.503327183358880825e-01 7.040842212342350859e-01 6.193670054329036834e-01 5.698898115381062501e-01 -3.554647963731745464e-02 3.229552464718771776e-01
1.000000000000000000e+00 8.660309486514830013e-01 8.270413487348188264e-01 7.926981944105073730e-01 7.984419963662670039e-01 7.080715548645601931e-01 6.499637587799613758e-01 8.382626984406572890e-02 3.991245721721908279e-01
2.000000000000000000e+00 8.116951836635110107e-01 8.610732459731660349e-01 5.936804443850620672e-01 8.571863979869531747e-01 7.235720821275390957e-01 6.522398684941981273e-01 8.063894538722291006e-02 5.004531661042810331e-01
3.000000000000000000e+00 6.797948912871496496e-01 7.486620702619323220e-01 3.015575396370733241e-01 8.750850710286430800e-01 7.415113086582048041e-01 6.948768147137244222e-01 1.325129273827786447e-01 5.789245339957973524e-01
4.000000000000000000e+00 5.529491184665127346e-01 5.016962758189402738e-01 2.329347179214224517e-01 7.328297447394351849e-01 6.350354025648348166e-01 6.329467805628889998e-01 1.142304784120608957e-01 4.557342161100729760e-01
5.000000000000000000e+00 5.884491057900186339e-01 4.912650368156821767e-01 4.183561133301759161e-01 6.515155643564798371e-01 5.308943722071501892e-01 6.736891055726710320e-01 1.873454716791090324e-01 4.244173357206657560e-01
6.000000000000000000e+00 6.545609291875449376e-01 5.942119558560194914e-01 5.904412093051510935e-01 5.993350695013901497e-01 4.215237994668276089e-01 5.525274202533623225e-01 1.267681383887625246e-01 3.844321936269124440e-01
7.000000000000000000e+00 6.220172825849643594e-01 6.081583358381337234e-01 5.194855365240561573e-01 4.851970213116772457e-01 3.709864239046816170e-01 3.175818564438854796e-01 1.874769619896731465e-01 3.205477792255044256e-01
8.000000000000000000e+00 4.965260161689585283e-01 5.596995272632465657e-01 3.523936533839969742e-01 4.713161697670618655e-01 2.197192424296184055e-01 1.664817620391302877e-01 1.216805718086899218e-01 3.563368158015217668e-01
9.000000000000000000e+00 2.564739525078033044e-01 2.101732055355876039e-01 -8.246968364211040847e-02 3.211785179060003270e-01 1.456790744606453747e-01 7.520229179153170573e-02 3.838909952463617770e-02 1.819192958597320720e-01
1.000000000000000000e+01 1.107643399619398505e-04 -6.545120595825495990e-02 -1.867122945293359648e-01 8.862410133886892971e-02 7.322524988174382993e-03 1.918121292142404288e-01 6.146096739388673402e-02 2.073487978181348321e-02
1.100000000000000000e+01 -1.194682767657812145e-01 -6.823955558153044221e-02 -1.839118755822799767e-01 -4.922225117188292615e-02 1.026659678658069924e-03 2.985522025116927880e-01 -1.466323097538310347e-02 1.731056950204705180e-01
1.200000000000000000e+01 -5.434607539535453447e-02 -4.710573614128750475e-02 1.356971135302633691e-01 -1.937594373431359429e-01 -8.390567933081230501e-02 1.409964459011122939e-01 -4.191800721464668256e-02 -2.425351553526695902e-02
1.300000000000000000e+01 -7.695000902332760351e-02 7.071551564038144888e-03 2.050425977904167807e-01 -1.499208026641841718e-01 -8.248997671262921216e-02 -7.979363567878797192e-02 -2.289088499236854313e-01 -1.252070829314866005e-03
1.400000000000000000e+01 -4.887008140292454367e-02 -1.215938084936649538e-01 2.737230569781290423e-01 -9.327696743909795474e-02 -6.057193713548579550e-02 -3.767040202469928434e-01 -3.427941292632319947e-01 -1.494383228675206787e-01
1.500000000000000000e+01 -7.221830576541951596e-04 -1.466220338327627881e-01 3.479149809793655734e-01 2.623591409636199384e-02 1.410402785254517011e-01 -3.168254650705806252e-01 -2.009354564215285188e-01 -2.868064816345166079e-01
