# # time shift (tau) HDelta HGamma HeII4685 HBeta HeI5875 HAlpha HeI5015 OI8446 HeI4471 HeI7065 OIII5007
-1.000000000000000000e+01 3.136804554869655065e-02 1.081929863232491545e-01 6.241187686994414952e-03 2.357751360214896952e-01 -1.675570454515829533e-01 -2.083413117649649260e-01 -1.431205194787461832e-02 1.562883284567839204e-01 -5.908517435620448677e-02 1.166514054179562387e-01 -3.924042297531126627e-02
-9.000000000000000000e+00 -1.228085384893416176e-01 -2.969819817844750187e-02 -1.041179593099795520e-01 5.202210272008783026e-02 -2.214890005320643285e-01 -2.329775859140786332e-01 -2.031371782257765934e-01 1.502741023532621067e-01 -2.313738246400218190e-01 1.021611988611118016e-02 -2.463300781156987640e-01
-8.000000000000000000e+00 -1.680907934327577347e-01 -8.589103845990539443e-02 2.523696174169115514e-05 -8.227800574858074728e-03 -2.462869049831788448e-01 -2.569182136592274013e-01 -2.423921657970350141e-01 6.471493583494221380e-02 -4.138028274743876245e-01 -9.440873560284257504e-02 -3.341491764214520876e-01
-7.000000000000000000e+00 -7.349682135188738419e-02 -8.334915064934048101e-02 2.244970034895019118e-01 -1.074748216971269238e-01 -3.253912172407103509e-01 -3.103007932831112203e-01 -3.233982170579807747e-01 -1.875638749063630317e-01 -5.100666686045092213e-01 -1.079761817352467568e-01 -4.350846023195345524e-01
-6.000000000000000000e+00 3.972617708307737971e-02 7.584921275385000938e-02 3.515786938134283779e-01 3.561487506321150964e-02 -2.597540402135686821e-01 -2.343455826654325669e-01 -3.477152608234511666e-01 -1.909014934538519059e-01 -4.517153191520481004e-01 9.615935073010317691e-02 -4.420411626670289751e-01
-5.000000000000000000e+00 9.599295552865633185e-02 1.551326363227853444e-01 3.711410373791876327e-01 2.156941989053980935e-01 -7.089338270294812117e-02 -1.322576751111853299e-01 -3.545783999892629934e-01 -1.094395847495718277e-01 -2.878021041094467325e-01 1.681277670515205491e-01 -4.228587313171464634e-01
-4.000000000000000000e+00 2.130848524391809606e-02 8.170590673260048897e-02 2.569128255487437285e-01 2.287295256922000086e-01 -1.098108025102503410e-01 -1.625611810688243064e-01 -3.871942354058774960e-01 -1.870443943231634432e-01 -1.244709310281254117e-01 2.102891930540134735e-01 -4.437253546538809656e-01
-3.000000000000000000e+00 6.067405306821566091e-02 9.536202312168827466e-02 2.817859016952953266e-01 2.259199138368280235e-01 1.099729987944255971e-01 -8.660695312609416330e-02 -5.209240876195573300e-01 -1.075711302468900094e-01 -1.605189570369651153e-01 1.056851289157332563e-01 -6.045745108375695231e-01
-2.000000000000000000e+00 3.063106513827967836e-01 2.432922399593333840e-01 4.536857318897936642e-01 3.466315027653354419e-01 3.397330920660498466e-01 1.129052587467721525e-01 -4.465077058573315716e-01 -9.380796621747061748e-02 -1.583097070992511013e-01 2.352506216324165220e-02 -6.116336755607005848e-01
-1.000000000000000000e+00 5.867039377925965526e-01 4.975064514041247499e-01 7.002141178717873338e-01 5.064137683905922671e-01 4.893264481198831284e-01 3.024993074370785906e-01 -2.859154741610778205e-01 6.967114253884329478e-02 -1.025266228799921464e-01 7.522303286268838818e-02 -5.561487032432288480e-01
0.000000000000000000e+00 7.969373643694255271e-01 7.406554097020873195e-01 8.591996666405801175e-01 7.068473915830242316e-01 6.154632307093503840e-01 5.560054218141554649e-01 6.789072659212788685e-03 3.107069511750580881e-01 2.346911841645731855e-01 2.344125383915824090e-01 -3.188258354667428129e-01
1.000000000000000000e+00 8.727697972052508302e-01 8.484839335107190461e-01 8.010042001197106298e-01 8.048413523436173111e-01 6.995606731137872236e-01 6.500716225702602991e-01 1.246473434782990886e-01 4.109551026236853977e-01 3.295175955585032401e-01 4.725780595621714708e-01 -2.022108436990920355e-01
2.000000000000000000e+00 7.970524869994957129e-01 8.458456872898038048e-01 5.998046032995234533e-01 8.694007491951272204e-01 7.409268053300843704e-01 6.659659777120423563e-01 1.531351174036804375e-01 4.949897096471848057e-01 5.864508492371369730e-01 6.143396094616158098e-01 -1.791985849734067937e-01
3.000000000000000000e+00 6.452602704054757332e-01 7.378116080326813098e-01 3.148427053961699862e-01 8.693287259236790465e-01 7.630170066098036497e-01 7.099586581710607414e-01 2.169210081345537833e-01 5.621649990116069917e-01 4.176030804007888064e-01 4.994571008729483674e-01 -9.670691794847229017e-02
4.000000000000000000e+00 5.270075896714425667e-01 5.116386002785353604e-01 2.486250009605220912e-01 7.183129065646733924e-01 6.415070312037771671e-01 6.421331686863043231e-01 1.847617258590939782e-01 4.768211445133818671e-01 2.590070267644253854e-01 3.110167596546510871e-01 -1.399200881895018567e-01
5.000000000000000000e+00 5.956292698315291956e-01 5.308829991347477906e-01 4.395063836945121705e-01 6.489641300463371287e-01 4.981570367129151689e-01 6.762569936872111498e-01 2.306726740795715935e-01 4.581359414724709422e-01 2.419116482267755774e-01 9.219373222209259477e-02 -6.831891953839483445e-02
6.000000000000000000e+00 6.544419619977417391e-01 6.054103233930849814e-01 6.091345138594779218e-01 6.165021117492079927e-01 3.825315698608073856e-01 5.603028466682101749e-01 1.654965588423493728e-01 4.246308288056166447e-01 3.074498692384799448e-01 7.188612197173326057e-02 -6.567647399763093530e-02
7.000000000000000000e+00 6.273418862088218084e-01 5.875702437226120178e-01 5.482215387318301048e-01 5.212751624396769756e-01 3.304305283663672155e-01 3.416294350603591989e-01 1.462147381474312724e-01 3.707309977169530035e-01 5.601960768035443294e-01 -1.061023133298746868e-01 -2.312018866077801549e-02
8.000000000000000000e+00 4.906106032139257445e-01 4.937053613850335143e-01 3.839980403587136548e-01 4.856803769182249653e-01 2.414129073270841475e-01 1.940168436893930370e-01 1.017839324879646068e-01 3.728646023622189665e-01 8.094841354816533219e-01 5.494152587543756072e-02 1.959694715002562038e-02
9.000000000000000000e+00 2.498524301942799397e-01 1.264063181184834073e-01 -1.341063854427369112e-02 3.295484036448628196e-01 1.662702427520992288e-01 7.233181652906028880e-02 3.171105101651006813e-02 1.634589500260630324e-01 6.248161374996301642e-01 -5.084902617701128613e-02 -6.590485554889957687e-02
1.000000000000000000e+01 1.382062940339837467e-02 -6.313151107174919119e-02 -1.786571986413120205e-01 1.156077092633301939e-01 6.289529901021492786e-02 1.990805703122957848e-01 1.139649687130309258e-01 1.844950795769605134e-02 1.287588046339749881e-01 1.282924889302192450e-01 -7.459721944959599171e-02
1.100000000000000000e+01 -9.704487542145931456e-02 -1.384333499027392070e-02 -1.899874060567863510e-01 -2.582999635058535332e-02 1.252526529212736467e-02 2.952426113726042689e-01 1.679087491751438677e-01 1.827107209491282136e-01 -4.729538571615779508e-01 1.986882738845022200e-01 -2.849658287653394351e-01
1.200000000000000000e+01 -2.026191316610104209e-02 4.492955284722080500e-02 1.164461096514992355e-01 -1.560769603359139779e-01 -1.113527214014764372e-01 1.452453184102193151e-01 1.915216148927029183e-02 -2.471411821518214313e-03 -5.367833935511894250e-01 2.259474803827488110e-03 -3.801720571558236395e-01
1.300000000000000000e+01 -5.365909307995646305e-02 6.785649980099446588e-02 2.227423792464428565e-01 -1.202720293862483969e-01 -9.767486689763034413e-02 -1.188839948185657497e-01 -2.342290932178608676e-01 -8.220874656271648373e-02 -3.260228342636135590e-01 -6.410749077823557629e-02 -3.392628715640935710e-01
1.400000000000000000e+01 -3.936276979769123829e-02 -1.028881972655660421e-01 2.805423536316157263e-01 -8.399795516245800453e-02 -9.559930322129581159e-03 -3.798003571193223626e-01 -4.089617884677794191e-01 -2.602552924743857243e-01 3.382377679221022782e-02 -2.195808657312217638e-01 -1.070789219047262042e-01
1.500000000000000000e+01 3.915069766379950661e-02 -1.195383064338012002e-01 3.410913416918852636e-01 2.224974676136524596e-02 2.211210767730590887e-01 -2.613504350029508538e-01 -3.029782143904650726e-01 -3.133055403206922440e-01 1.772675564439509244e-01 4.765972097331853952e-02 1.004193382679551688e-01
