# extraction with python 
#  import numpy as np 
#  data = np.loadtxt(velodelaymap_Cont4010_HDelta_ICCF.txt) 
#  timeHist = data[1:,0] 
#  velocityBoundaries = data[0,1:] 
#  velocityDelayMap = data[1:,1:]
0.000000000000000000e+00 -9.600000000000000000e+03 -9.200000000000000000e+03 -8.800000000000000000e+03 -8.400000000000000000e+03 -8.000000000000000000e+03 -7.600000000000000000e+03 -7.200000000000000000e+03 -6.800000000000000000e+03 -6.400000000000000000e+03 -6.000000000000000000e+03 -5.600000000000000000e+03 -5.200000000000000000e+03 -4.800000000000000000e+03 -4.400000000000000000e+03 -4.000000000000000000e+03 -3.600000000000000000e+03 -3.200000000000000000e+03 -2.800000000000000000e+03 -2.400000000000000000e+03 -2.000000000000000000e+03 -1.600000000000000000e+03 -1.200000000000000000e+03 -8.000000000000000000e+02 -4.000000000000000000e+02 0.000000000000000000e+00 4.000000000000000000e+02 8.000000000000000000e+02 1.200000000000000000e+03 1.600000000000000000e+03 2.000000000000000000e+03 2.400000000000000000e+03 2.800000000000000000e+03 3.200000000000000000e+03 3.600000000000000000e+03 4.000000000000000000e+03 4.400000000000000000e+03 4.800000000000000000e+03 5.200000000000000000e+03 5.600000000000000000e+03 6.000000000000000000e+03 6.400000000000000000e+03 6.800000000000000000e+03 7.200000000000000000e+03 7.600000000000000000e+03 8.000000000000000000e+03 8.400000000000000000e+03 8.800000000000000000e+03 9.200000000000000000e+03 9.600000000000000000e+03
-1.000000000000000000e+01 -3.458478572714324129e-01 -3.194397353905506498e-02 1.589471489746074884e-02 -2.720462991102873263e-01 1.548211634907899759e-01 5.948644193591385854e-01 4.770891568181613307e-01 3.045288975563230083e-01 6.691760639676783695e-01 3.594216557173838256e-01 1.341983134648389586e-01 8.479926860967359481e-01 7.397002964513324855e-03 1.115163534116294097e-01 3.160082382901442388e-01 -1.298227127545759918e-01 -1.577652508989072500e-01 4.952486662538801987e-02 -1.190235688901395694e-01 1.761888305430767410e-01 -5.714616603290652297e-03 -2.337771370474357457e-01 -2.657126666305344442e-01 -1.143647984909908488e-01 -2.924203886798299457e-01 -3.595033368396922668e-01 -3.895533145528065622e-02 -8.561396119064301757e-02 3.011943862212146036e-02 3.844883296463897371e-01 4.348437179548588216e-01 3.427131824047246478e-01 2.675063360433385107e-01 3.568464657430757692e-01 1.132296658321480104e-01 4.929096809112164523e-01 8.476066081364101723e-02 -3.021449822205534708e-01 1.626202523441022396e-01 2.834537617798898457e-01 1.872602835880762817e-01 -9.839109287751286737e-02 3.847170987610656345e-01 3.083321799602580238e-01 -1.925342485409606841e-01 -4.100654133142470625e-01 -9.173673135724780270e-02 -7.349621086803165282e-01 -7.655908868778669163e-01
-9.000000000000000000e+00 -4.413785303345740818e-01 -2.786278258252249951e-01 -1.942036800119745221e-01 -4.780227685183802144e-01 -9.376176529487820210e-02 3.072596568514349702e-01 2.692058966814932508e-01 -2.412150060862743028e-02 3.229292557749424697e-01 4.214439732847964637e-02 -1.366032874417913434e-01 4.247889433071551646e-01 -1.669729259629045837e-01 -1.229448416822689211e-01 8.104153950165561560e-02 -3.204736260248896573e-01 -8.612360237539096186e-02 4.468245857297283019e-02 -2.015121626318849279e-01 1.582445791731028339e-01 -1.333930438342628144e-01 -3.112323441393362033e-01 -3.851176721548688064e-01 -2.452847199942310152e-01 -3.786085901009104138e-01 -5.232274906676488424e-01 -1.580483779697746671e-01 -1.957953093081187534e-01 -8.701078073777698818e-02 1.750664946547047240e-01 3.515602473039390885e-01 2.493245104705214821e-01 9.437555912927453328e-02 1.324181716062806657e-01 -6.366472102904316421e-02 1.318014967132182247e-01 -2.334199114779099693e-01 -2.687360065961651445e-01 1.361507803598973609e-01 2.613356905428768640e-01 1.864338669525469894e-03 -1.282127151206763904e-01 2.941484249900792047e-01 1.703977825261859258e-01 6.886478791832159607e-02 -2.984979395304727112e-01 -2.719550226816340732e-01 -5.667943559205761428e-01 -6.231660892809985919e-01
-8.000000000000000000e+00 -5.736861606056659069e-01 -4.410673306326591270e-01 -3.389667228228799845e-01 -6.988203109900370524e-01 -3.460893382272282603e-01 5.187731727736487330e-02 9.172098484622860648e-02 -1.354484278874636405e-01 -5.386932141090351039e-02 2.810654684093026254e-02 -2.092523987237219218e-01 1.898376500536746170e-01 -2.698622058289263381e-01 -3.208245162962365393e-01 -1.071742988166002331e-02 -4.928477144486167472e-01 -2.325193154205342227e-01 -1.685794434481420467e-01 -7.752588040325149310e-02 2.359321096325762701e-01 -2.107918901090103658e-01 -5.664326841836841986e-01 -2.865783650790987291e-01 -2.301224683368937873e-01 -4.343131882894026852e-01 -6.800743400604409850e-01 -3.414747005843560279e-01 -2.204250472881812417e-01 -1.429869881462264847e-01 1.528669755663239482e-01 2.905055513308870130e-01 1.209182146249450501e-01 1.666614260875457221e-01 9.958167971508294358e-02 -8.050544057172115409e-02 2.265550365212939954e-01 -2.666573637084285742e-01 -2.310532418435543023e-01 7.900418521243227077e-02 1.322066317928681789e-01 -1.487925755499424074e-01 -2.601039044117711141e-01 1.809740894722949023e-01 -6.828900264050005720e-02 2.181889057866679971e-01 -1.232492136821553841e-01 -1.446219787195827666e-01 -5.170544748252375866e-01 -6.255340296052908089e-01
-7.000000000000000000e+00 -6.145269851809341821e-01 -5.119835926990657926e-01 -4.630962483789685669e-01 -6.427690882168316522e-01 -3.147921636495940589e-01 -1.299052661903139227e-01 3.383787944586519325e-04 -2.253556360883036402e-01 -1.712431932571824023e-01 -6.793164119421790659e-02 -5.624507722976497537e-02 -5.292952110611537364e-03 -2.722875183983432534e-01 -1.877901623998916303e-01 4.501999231014938707e-02 -3.477854787346907894e-01 -3.192616639992765237e-01 -1.772733133530255967e-01 5.697914902714970586e-02 2.941517049595877564e-01 -2.015229320503091059e-01 -5.737817020196153139e-01 -3.102947212017652667e-01 -2.079079379262096239e-01 -3.004575810513551160e-01 -6.098579583679234473e-01 -3.593420856791987861e-01 -3.654516926472063387e-01 -2.042398655778402128e-01 5.894850913377843588e-02 3.658475889208398502e-01 9.648438452443086621e-02 2.144089336147050606e-01 2.585038884356392064e-01 -2.559948146920849876e-02 1.878584301117581234e-01 -1.010810405198561690e-01 -1.953900562143028319e-01 3.816833792043593243e-02 2.533495913945351119e-01 -4.053389678806527952e-02 -1.658362185386610121e-01 9.383040558609542781e-02 9.725403611804003812e-02 2.012947170511656392e-01 -2.583613683167700070e-02 4.122071481033737217e-02 -4.495004948922626253e-01 -5.885549033138774977e-01
-6.000000000000000000e+00 -6.538655968169626576e-01 -5.490572318988080625e-01 -4.717876279055673305e-01 -6.929752335327040713e-01 -4.108686623480007905e-01 -2.005252974023750412e-01 -7.828311636802794127e-02 -3.106771094807821432e-01 -2.205280515610570924e-01 3.494096932680212930e-03 1.832829101139779593e-02 -9.110334130222516591e-02 -3.733283195582879355e-01 -2.498705511014882308e-01 8.115643688598900285e-02 -3.499291355500032119e-01 -2.307891041475750304e-01 -9.065856824872964292e-02 1.293142618011360045e-02 3.627015928215054363e-01 1.054342626003633432e-02 -3.269980784167997312e-01 -1.524829256829213220e-01 -1.093011560747226135e-01 -2.114623032688289217e-01 -6.021014054466006238e-01 -2.658575978237249782e-01 -1.604737016936700900e-01 2.111339023986678193e-02 1.927855131514605302e-01 3.872879911862448510e-01 1.014104100532133013e-01 2.358295084180611345e-01 2.652015427532873337e-01 8.394699974544959920e-02 2.429556793663303349e-01 -1.296626828647140794e-01 9.966153009598104073e-02 2.358484942657310124e-02 1.735313540074710781e-01 -1.165359599730979440e-01 -1.985996795844230944e-01 2.001584838862529581e-01 -1.285843802691304660e-01 3.124908942014562596e-01 1.917850038961526615e-01 1.926052477702570043e-01 -2.371932465009258528e-01 -3.784384460212261159e-01
-5.000000000000000000e+00 -7.435228270876431678e-01 -6.004871767274654326e-01 -5.757044116978657922e-01 -7.556231806157686082e-01 -5.633149743331933301e-01 -1.192637087696113291e-01 -7.500891781504519934e-03 -4.280900874384286348e-01 -3.164295803139113850e-01 6.072482503048273056e-02 5.832260944211185849e-02 -2.669416066579030078e-01 -4.899455218503082632e-01 -3.923700851846241844e-01 -8.217004280429403285e-02 -4.328206706983568353e-01 -1.723014608639175105e-01 -2.639058525809115027e-02 8.518385523563613837e-02 4.150240469871669946e-01 7.512989038363962480e-02 -1.731441715320799768e-01 -1.395997216370156724e-02 1.579584561703146761e-01 -8.706002541250315585e-02 -5.409613552196861352e-01 -2.968003077447704530e-01 -3.685616840281975837e-02 1.973581758159692057e-01 3.136194806267367241e-01 5.113564674137578425e-01 5.815987578978920602e-02 1.021347928178162334e-01 2.021058036420970150e-01 4.222652924593447293e-02 2.066392781249504762e-01 -1.630677862355718877e-01 3.054746739373212852e-02 -9.795232111061885627e-02 1.113926399687481528e-01 -2.783075433121410813e-01 -3.355662691119474794e-01 -1.837693984715113027e-01 -1.423130061615341113e-01 4.558717788634581436e-01 2.418531745351690243e-01 3.839011699736782357e-01 -9.815699199553147569e-02 -2.837367900854924074e-01
-4.000000000000000000e+00 -7.251719273972886404e-01 -6.769142783598119939e-01 -6.422187988890800669e-01 -7.370442428964593118e-01 -6.232711758545808056e-01 -1.307756191047691752e-01 -1.163672295928198375e-01 -4.060719185483060434e-01 -3.011317217852457762e-01 -4.011645785226078398e-02 -4.753007690421756637e-02 -3.173819461725646551e-01 -3.995770532537793462e-01 -3.857791315094368234e-01 -7.612887916096473806e-02 -4.227401230972523405e-01 -9.899899202357732853e-02 8.539182666126096666e-02 2.912439015990918034e-01 4.725025248390128385e-01 3.440076434130577565e-02 -1.400015790832153106e-01 1.292378449577195332e-01 2.804247422182744587e-01 1.223262384792974250e-01 -3.238168635129130002e-01 -3.638087188801588656e-01 9.055985071527118679e-02 2.223483217889822006e-01 2.415217716939634662e-01 4.528120056195544252e-01 -1.551505690896611001e-01 -1.381166917692345786e-01 1.991600797510282017e-01 -7.657420410329705829e-03 8.509254513841993384e-02 -2.642737626268151785e-01 -1.137878276041799919e-01 -1.333007268684647528e-01 -2.187407905573607314e-01 -1.960571750407404112e-01 -2.544759851114520854e-01 -8.367779448292227140e-02 -1.661534317146274031e-01 2.844751159415574993e-01 1.538660875493892966e-01 5.499641513407945714e-01 8.071540294026322004e-02 -3.869023737909460525e-02
-3.000000000000000000e+00 -6.392472973025048466e-01 -6.081382901924352602e-01 -5.741022975253579075e-01 -6.323689053583916309e-01 -5.941056986852353283e-01 -2.025717067401016647e-01 -2.008111403015899743e-01 -6.081255404738582504e-01 -4.317075000012108865e-01 -1.950865574034189864e-01 -4.235741142818312543e-02 -3.938909127968234780e-01 -4.768884707640305698e-01 -4.768973797371842682e-01 -5.906234585941669279e-02 -3.341292004961049500e-01 3.600670156740579109e-03 -8.266443473013493359e-02 5.414708785718726214e-02 3.687614920898862891e-01 -5.618568276665684980e-02 4.423018183037532441e-02 5.026994774983492564e-02 2.454370645832872067e-01 2.036525120177376524e-01 -1.348257756323561207e-01 -1.018973778985150236e-01 1.897656405006445390e-01 3.563506370553788383e-01 2.059047380738293631e-01 3.705412838802948361e-01 -1.884884537736178090e-01 -9.964131827804925678e-02 -6.549655413394434716e-03 -4.781539533147954879e-02 -1.812026606928517081e-02 -4.274623008168372817e-01 -5.808852430226652680e-02 -2.817534912346594256e-01 -2.783145159807479119e-01 -2.508093813891905666e-01 -1.630734340769728619e-01 -2.529607341462983272e-01 -3.146283434033567694e-01 4.279504983872817192e-01 2.256643449266199641e-01 4.508449943639013524e-01 3.009101989086266360e-01 1.904183504374867275e-01
-2.000000000000000000e+00 -4.585115014533410749e-01 -4.234422328269304425e-01 -4.711207110205737347e-01 -4.768084293465935097e-01 -4.766004562036861847e-01 5.602923343804445955e-02 -3.197142267250552283e-02 -5.377949784891886686e-01 -5.213660914316073924e-01 -3.894698184051129108e-02 -1.646912310767773835e-01 -2.816969546865663032e-01 -1.265520036049193608e-01 -1.958365731550243960e-01 1.859036687798900633e-01 -7.804719206540385035e-02 4.064071591046543586e-01 3.090615422410000201e-01 4.305184153974069283e-01 5.808257888327980067e-01 1.912783042663313560e-01 2.703375093958856890e-01 2.233725215017255405e-01 4.395271077890487987e-01 4.103519259251359186e-01 2.669343416184269402e-02 7.234706847845659428e-02 3.807143037729855406e-01 3.942535699855231335e-01 4.095893970356218050e-01 5.177569659808807234e-01 -8.277092998105330113e-02 -2.277616442874202951e-02 4.648664746159870964e-02 -7.781369007299732132e-02 -3.413172743788091268e-02 -3.273833867910168616e-01 -9.538221873366090064e-02 -4.420150318168538095e-01 -2.061353485742799807e-01 -1.527292173544740617e-01 -2.213881221988622527e-01 -4.648569716230649962e-01 -3.566086089427497052e-01 5.510358013476699401e-01 2.949270596532779232e-01 2.766318404098559447e-01 1.795422322681714811e-01 6.591412221370282487e-02
-1.000000000000000000e+00 -3.304994109841813410e-01 -2.472996902546162057e-01 -2.892805123369144304e-01 -2.797727059455548115e-01 -2.419577174866567315e-01 1.882720121616775211e-02 -1.008236033886706073e-01 -5.171976232342642144e-01 -4.791787207815545457e-01 -7.149219983560481384e-02 -1.732135500462316235e-01 -2.871855374188142518e-01 -9.420017261629294592e-02 1.510543300881377060e-02 1.785138421246285634e-01 1.837201727445295640e-01 4.482351561956904318e-01 3.002812788572458147e-01 4.432491440191242971e-01 6.196530007365537163e-01 3.322851130676052200e-01 3.290034407095830948e-01 3.952060992135865147e-01 5.864295522924427573e-01 6.044059921282818326e-01 3.109335264028075252e-01 3.263981326997735799e-01 4.934983725492868567e-01 5.103318731534886021e-01 4.457272424386912180e-01 5.518863204797246347e-01 1.129253352133786359e-01 3.026264915887524332e-01 2.812648781633759199e-01 2.777497857186594921e-02 -2.873914326276248432e-01 -2.719362066776081499e-01 -8.834194974212856294e-03 -1.979406579587461856e-01 -9.671674626199473768e-02 -1.378276720021989754e-01 -1.771978661267926622e-02 -5.009547255078709016e-01 -2.200506258701357964e-01 5.032790870728975907e-01 3.437662679520858688e-01 2.226362336761644189e-01 1.538878319586933774e-01 9.035612267178358414e-02
0.000000000000000000e+00 -1.806133271274965035e-01 -9.269146743994030602e-02 -1.376836938187325776e-01 -1.589248865499606755e-01 -9.111656526203953943e-02 1.029519531208762106e-01 -2.850934799496426808e-03 -4.734541889533117609e-01 -4.461900390398359506e-01 3.037864765374163889e-02 -1.160182686702995042e-01 -2.704400538441080748e-01 -2.703346314153873831e-01 1.305026615097299066e-02 2.001263633254262153e-01 2.207309262934279981e-01 3.951240154746132327e-01 2.652384301529844834e-01 2.863559795326270918e-01 5.744886554933745781e-01 4.467789894467079637e-01 4.984436671665391505e-01 4.673912974190556069e-01 6.544639651419970061e-01 6.790050914935774617e-01 4.816830500423159300e-01 5.295014701143914149e-01 6.730921287683838683e-01 6.938051864415714087e-01 6.750985878153820119e-01 6.838032008670843487e-01 3.575402101388815979e-01 4.063852527222013844e-01 2.328291707965954305e-01 1.123263410502538528e-01 -2.564743201272408624e-01 -2.583416295611192237e-01 6.070935956174552950e-02 -1.442393700496920061e-01 1.415925772351777148e-02 -1.025647616573203136e-01 3.035933681300216624e-02 -2.604841791279880470e-01 -2.365725155015329928e-01 3.593899175781065103e-01 2.735728870228868459e-01 1.701502586714530585e-01 2.086441561764498243e-01 1.369093051503141589e-01
1.000000000000000000e+00 -8.163659343550969116e-03 8.386096065402968980e-02 2.924716622589133841e-02 1.457072873239270705e-02 4.789732672228305677e-03 2.136062517138251904e-01 2.475751163878018302e-01 -2.392560228148995771e-01 -4.237125247038413534e-01 2.550452002473129198e-01 -1.573954525653956105e-02 -9.605711409549144708e-02 -8.833717855602091218e-02 1.156254688344937054e-01 4.276812775211405460e-01 3.791940193345545995e-01 5.410845546661509076e-01 3.782200451740135305e-01 3.994945141699651758e-01 6.155547639272651583e-01 5.240044986011827000e-01 5.089416425927484333e-01 5.488932969776250115e-01 8.370135572014387737e-01 7.462044542190945373e-01 5.984489501484260288e-01 5.924387239071253752e-01 7.242984813629416152e-01 6.885490536076800394e-01 7.253303581743565376e-01 7.969643596779808492e-01 4.601401992908078498e-01 4.388906555855331959e-01 3.827949715376900985e-01 2.001504610827199160e-01 -1.227523676897277066e-01 -1.270445111356671708e-02 1.700487942889679638e-01 -5.128341063941088684e-02 1.781227712192022528e-01 -1.032034801143504321e-01 -1.262315731531993279e-01 -5.465013646356894350e-01 2.228550085220933064e-02 4.999381842624748273e-01 2.431716567440637411e-01 1.799886839888764078e-01 2.289552006590921396e-01 1.010685063690808932e-01
2.000000000000000000e+00 1.942667535512337951e-03 4.287283261328003747e-02 -1.171335669126746803e-02 -1.825491275779294043e-01 -1.475176994680559017e-01 2.141743388376390889e-01 1.317313136389537953e-01 -3.610150966457549848e-01 -5.068639311921463442e-01 -2.321074091738934558e-02 -3.567426576253919235e-01 -2.385097285817388557e-01 -2.454062309391740193e-01 -6.766293030441020151e-02 1.410197336446910588e-01 1.446607479510995664e-01 5.596322321060666072e-01 4.435364399697256377e-01 4.433247431740715006e-01 6.259379494416347223e-01 4.746029333115319160e-01 5.537809576061030192e-01 6.521914853129845424e-01 8.163033885807955414e-01 7.516461334032014108e-01 6.262326696212049404e-01 5.865539067515832539e-01 8.463648622415262945e-01 7.740860074637909705e-01 7.327090655160232169e-01 8.045608035007165704e-01 3.174491551402225387e-01 2.657459572287087513e-01 1.848216346416688416e-01 4.047474995363254530e-02 -2.006696973228337955e-01 -5.348552035306486374e-02 7.182203984302017175e-02 5.053597138019971791e-02 1.123360591611702319e-01 3.258238779781975208e-02 3.004083220703360202e-02 -2.967287133355935858e-01 -1.626949072678911534e-01 2.481015680614143126e-01 1.723606960726038473e-01 1.949377903942575152e-01 2.505294356097660380e-01 4.225083155082449138e-01
3.000000000000000000e+00 4.271313316730530885e-02 1.298096577000418528e-01 1.100175566445898284e-01 -8.686997086761091835e-02 -1.148987741470211821e-01 2.481426618656948913e-01 1.557309503372096282e-01 -3.278057702191313760e-01 -2.877088288937177385e-01 -7.755803622117543594e-02 -1.897153294152904013e-01 -3.012452363274676359e-01 -2.345873005041102521e-01 -3.118038032614389721e-01 4.038778641151916093e-02 1.262210782270982157e-01 4.170105980111559196e-01 -5.428017394361073222e-02 1.156187924348391488e-01 3.464953679497994599e-01 2.263782366174300065e-01 4.137870495893583023e-01 4.838972689942065419e-01 6.717106524477379770e-01 6.553512494191002791e-01 5.757999555083834764e-01 4.697090688799986369e-01 7.582101480808172145e-01 7.642963428271779547e-01 6.422936684035231991e-01 6.431732450064517881e-01 2.087406009413584063e-01 4.549771786257612582e-01 -1.165370716917297489e-01 6.979272659251525845e-02 -2.620594641259510471e-01 -3.459395930950749376e-01 -8.725590472664988828e-02 -1.584437341801017696e-01 -7.876082038685466857e-02 -3.050627309214019034e-01 -1.705226117235898731e-01 -3.204166763405283946e-01 -3.075316795050114238e-01 2.998916062864320775e-01 7.849274136127099011e-02 9.466437918310528776e-02 3.388194490100049916e-01 3.137874492005395810e-01
4.000000000000000000e+00 2.064766406729739434e-01 1.488157035580140453e-01 1.051532828322522400e-01 -9.839710403108464787e-03 -3.439027242192247563e-02 2.890766230261775371e-01 1.735131325066836538e-01 -2.461087394109221227e-01 -4.823638487756231608e-01 -9.350818961776523330e-02 -4.267621768917305158e-01 -2.261851844795903510e-01 1.255158851437891410e-01 -8.314231812560883561e-02 2.932290749094402793e-01 2.431924435857049649e-01 4.986236371624810371e-01 2.953743128795962569e-01 2.937014971241830863e-01 3.786489610675856099e-01 7.850418069730619175e-02 4.691449980625336247e-01 4.418268706815656754e-01 5.481047045268307993e-01 6.554535196732966806e-01 5.381979124778321077e-01 4.123216182732794000e-01 6.414154708130516136e-01 5.069260617876352182e-01 4.061144027636682807e-01 4.992370114157118066e-01 -6.288585493056836340e-02 1.173448923127459742e-01 -1.279906892528605011e-01 -3.240656124458063392e-01 -2.618719667607760648e-01 -1.687653245106671140e-01 -2.234705507078244557e-01 -5.273444627854837474e-01 -1.489079214975286281e-01 6.920450858464929911e-02 -2.960263386207125091e-02 -3.171204663991286643e-01 -3.357754037660641289e-01 3.606667693736730906e-01 2.022933931704703758e-01 -6.490978568063798804e-02 5.259327300990203347e-02 1.366482289604412648e-01
5.000000000000000000e+00 2.973495104442847592e-01 3.106132626541656672e-01 2.435353969452096479e-01 1.763097386589300430e-01 1.372701690680902809e-01 1.982199797554512477e-01 -5.323377112626694052e-02 -3.597852100753912152e-01 -4.875388487541022497e-01 -2.251654771746387229e-01 -5.007869279077459268e-01 -1.356520689233916555e-01 -4.238915131319312413e-03 1.746698507363190767e-01 2.401486547185690268e-01 4.312805891841271499e-01 4.560170254605793727e-01 2.417481986930455073e-01 1.235670153965863216e-01 1.851522143895686090e-01 2.818145603458235837e-01 5.445131218703930243e-01 4.628413392374646218e-01 4.009465516364508764e-01 6.706306907718591059e-01 7.237279303138961506e-01 6.367768276686139872e-01 6.152029047553131402e-01 5.579096581387802400e-01 4.114897700308419726e-01 2.771613362443601791e-01 -3.179931955736706173e-02 4.417194503117805593e-01 -2.772639202740787012e-01 -4.443216464355885797e-01 -5.726526798192796974e-01 -4.687123196141769199e-01 -1.616474078412390714e-01 -3.370718822130550074e-01 -8.976593256400526577e-02 5.789226733808795072e-02 1.532024099979450438e-01 -3.280925655221854642e-01 -2.603375737842699711e-01 1.263057059486173694e-01 1.479954729626487553e-01 -2.457826809171055338e-01 3.090943175945371629e-03 3.735711301177987997e-01
6.000000000000000000e+00 3.225003682702399788e-01 4.452089947459050290e-01 3.832091450463430138e-01 4.034757696371338298e-01 1.683623075925811119e-01 4.728230597895030085e-01 2.392465021363745503e-01 -9.693716955763534426e-02 -3.489677873980219225e-01 1.538193610874934447e-01 -1.973900311247146488e-01 4.758128185884721861e-02 1.177862015352314634e-01 4.621220365649101325e-01 5.077659680884748505e-01 6.770152471190702403e-01 4.149754951751252752e-01 4.109918119129460368e-01 2.495996982065110392e-01 2.553141098787787278e-01 5.985513952474845745e-01 6.242675657474175965e-01 4.430992666880577691e-01 4.129094120490163222e-01 5.698971077713737010e-01 6.876579104657365438e-01 6.537795718430063907e-01 4.949733721802800357e-01 5.094856937058331869e-01 5.310384880254586104e-01 2.874227274963420120e-01 2.281559957766617630e-01 5.110910769569247947e-01 2.818184054658582141e-02 -3.274873597306756090e-01 -3.679702284776304455e-01 -2.716757144516280809e-01 4.933959111681079229e-03 -2.838662750285242398e-01 4.054540862525495004e-02 1.929958962118020205e-01 -3.215847411064180761e-02 -5.405096824978732339e-01 -2.914809638165806807e-02 1.908218335476914440e-01 2.413808880718803507e-01 -9.490402120908124350e-02 -6.495666762139007400e-02 1.738005259295790639e-01
7.000000000000000000e+00 3.668363837308845632e-01 5.642843792203401376e-01 4.225458900872665624e-01 6.249741637477336242e-01 4.511823069406490916e-01 5.609953911285836536e-01 4.334688810148169535e-01 3.952570353820492044e-02 -9.471253936337183099e-02 3.795644339946547818e-01 -1.113124846129111625e-02 4.036606141508651824e-01 2.967209248740279581e-01 7.076922676145311897e-01 4.681612351645328407e-01 6.402253792747848449e-01 4.265975176171414862e-01 6.497423104717960918e-01 3.468144302087772801e-01 2.707771856048236669e-01 7.060387917057864282e-01 6.001090119967362746e-01 4.968429307409528706e-01 4.062159735744672040e-01 5.220771661808027986e-01 6.408109756699218451e-01 5.818617404468486853e-01 4.110653782028806380e-01 4.985652990658137051e-01 5.735388957648859254e-01 3.908596788457942006e-01 3.356005551656278674e-01 2.059071364388820324e-01 2.362526568332895816e-01 -1.950597779325564107e-01 -3.040951351324807650e-01 -1.820787152136996156e-01 -7.737455037706351957e-02 4.652158496341222971e-02 9.422947870339395959e-02 3.020894384458562842e-01 2.639472857768658809e-01 -4.680338513040349646e-01 4.632660033270978861e-01 2.879408330870288080e-02 -7.596940878989200119e-02 5.202052926603989436e-02 4.000787683152310509e-02 1.429551770178476844e-01
8.000000000000000000e+00 2.604181206209703614e-01 4.237652178065405284e-01 2.320252314995066567e-01 3.833437152019998906e-01 2.669887300943799557e-01 6.709804965498364915e-01 4.099354369503863116e-01 3.608708827960697973e-02 1.463135175319222603e-01 3.686777351443863981e-01 2.066217093202358801e-01 3.655415079823822744e-01 2.575469340927841536e-02 4.117591700223263707e-01 2.396269812304429037e-01 3.260583080142670509e-01 3.532484957658870162e-01 5.235179006105410426e-01 7.153356885417878896e-02 6.584785419572118659e-02 5.910208191571429959e-01 5.174842667152379505e-01 1.916676288457339616e-01 2.823950075918937874e-01 3.241598034487955804e-01 4.327115175607205710e-01 4.654909290028659274e-01 3.406838794878882526e-01 4.848458469919427749e-01 5.640912922578558142e-01 2.912023337908395404e-01 5.385322497389892771e-01 6.820643847210308697e-02 2.677074785572426396e-01 1.584571230569238320e-01 -2.338928547176999939e-01 -3.624409149472951897e-01 -1.862569949226579868e-01 1.246781757512845229e-01 -1.512982445325040948e-01 2.230483433685571948e-01 3.089816279076511019e-01 -2.022341979368779685e-01 2.879924440339884373e-01 -1.641725749007736379e-01 -3.068684497953709789e-01 -1.712008378242887985e-02 2.070149078384900532e-01 4.463641822245990598e-01
9.000000000000000000e+00 5.564202622131241005e-02 1.281846284532790481e-01 6.906055046655359964e-02 3.068406870459818303e-01 2.062888165543207419e-01 5.242093528996973895e-01 4.679576923106391617e-01 1.760239057361169812e-01 4.211646841059769608e-01 3.740424069928922624e-01 1.018949450756217040e-01 4.510414645311708881e-01 2.824794582121418207e-01 3.103056637898471970e-01 2.578168670007890406e-01 7.249273518640983460e-02 2.468224006410165150e-01 3.974811748321853688e-01 3.600039043106439407e-01 1.492357908155783619e-01 1.391450091810821355e-01 1.591821596712957032e-01 -1.444447300001448498e-01 2.670007788712701613e-01 1.579377842830941292e-01 6.872028369463710484e-02 1.188186903885488782e-01 5.996480523025755210e-02 1.075947539445934742e-01 3.233604659746575072e-01 2.438156565259301245e-01 4.321173600994979713e-01 -2.451945389235929418e-01 5.369562640517688834e-03 2.328357212875810656e-01 1.969134181283577756e-01 -2.470478815259268268e-01 -1.996556642128269055e-01 2.970446688662198853e-01 1.303204226679437472e-01 2.493877560175178365e-01 2.131697009847696375e-02 -1.098937127257767765e-01 2.081586874899444828e-01 -1.228923316564252688e-01 -4.906645863697428611e-01 -1.337488746691753716e-01 1.354835136660156314e-01 1.083938600355706522e-01
1.000000000000000000e+01 -1.622805306982869761e-02 -2.287542480421469182e-01 -1.269346334259644216e-01 4.014666129280988760e-02 1.618712179024974218e-01 6.163424408612008798e-02 4.534780593143872274e-02 1.462528704503051474e-02 8.789624203775395217e-02 -4.454090324816046276e-01 -4.443288970281007999e-01 2.076514219920147508e-01 2.008792768390676720e-01 1.690554634905412912e-01 1.662165793787255264e-01 -5.991490836927410024e-02 2.785862651647819099e-01 1.622257518554170441e-01 1.957319573755650910e-01 2.387103245639194404e-01 -1.986031056398488426e-01 -2.470054299170711121e-01 -3.711856271779654382e-01 -1.923503310671125510e-01 -2.789340378737145687e-02 -1.136583886930370990e-01 -5.031565542376015276e-02 -6.530638486033250867e-02 -1.883097873796493182e-01 -1.097393968109218326e-01 -2.035510842900243311e-01 2.938229808178432489e-01 -3.946145914827280943e-01 -3.676028379047605044e-01 -2.260238303729122933e-02 -2.438313332944871681e-01 -4.344531365461277717e-01 -4.130779686307083365e-01 3.311368193414043759e-01 -5.771747607772562128e-02 1.614159381200125642e-01 2.130168960414803303e-01 2.357672736082267184e-01 2.372477464084693510e-01 -3.042620100622829837e-01 -5.852601808654142035e-01 -3.822396392139996157e-01 -2.338149959916842047e-01 -4.506027771396713122e-02
1.100000000000000000e+01 -1.469178178350671049e-01 -3.616052679005464787e-01 -6.321014657180382135e-02 -2.199635643539832597e-01 -1.193998702780392496e-01 -3.353496241609615347e-01 -1.186904187226557467e-01 1.557629314919217398e-02 -1.823675467932070471e-01 -3.917197228419458943e-01 -3.785597453985045657e-01 -5.701742670644611294e-02 -2.612193129579223894e-01 -3.083525631643070919e-01 -1.516027821011711740e-02 -1.414598079192218860e-01 -5.291658901370385748e-03 -1.657966886050698807e-01 -9.128680633021896140e-02 -8.602724249271526125e-02 -5.396376359978802828e-01 -5.183241442543987665e-01 -5.223100670402462953e-01 -3.116618502851904449e-01 -2.514358712319029188e-01 -1.993026308017609438e-01 -7.445870823509578851e-02 -2.230435126901297860e-01 -1.113338950400254851e-01 -1.784821499303732295e-01 -2.730210579031234763e-01 3.485673025650994350e-01 1.183620587526620083e-01 -4.410226204248784421e-01 4.082328121536114851e-02 -1.889282229604670182e-01 -3.942176523731240056e-01 1.431101904952833126e-01 3.016460949718858808e-01 2.989463446684697545e-01 1.457808616499041143e-01 -2.357856307048992739e-01 1.111022090655528483e-01 -2.424750160148022027e-01 2.748786827738483596e-01 -8.264843917806144469e-02 -5.703123674597744275e-01 -3.507081900756734427e-01 -2.506006525942620078e-01
1.200000000000000000e+01 -9.672659809903670636e-02 -2.859945452054239445e-01 -1.277177971788339417e-01 -1.453597125455189931e-01 1.457147062081518745e-03 -5.117445441473025269e-01 -2.229699966744100870e-01 1.318362888352966056e-01 -3.208791425692067989e-01 -1.364049720868283078e-01 -2.769028872616630110e-01 5.788511449730906686e-03 -1.125194687110045444e-01 -8.181627900963248101e-02 -5.154686349784618621e-02 -1.576757094512869495e-01 -3.111012379511842174e-01 -1.241738739753961013e-01 2.000438834769275032e-01 1.100779493135673262e-02 -4.043493272332377431e-01 -4.247461403692289750e-01 -2.178776555592750463e-01 -2.388887321180914181e-01 -2.972302617825937632e-01 -2.735274601241751702e-01 -2.897890326859973165e-01 -3.256125322240246422e-01 -2.686634526679036461e-01 -2.537118995082083828e-01 -1.374676028653931958e-01 8.398118632763294789e-02 6.913341549392525154e-02 -6.239314693713228221e-01 -3.993087136027158486e-03 4.314197574479337882e-02 1.654130128676508521e-02 4.286399943697683512e-01 3.106411236481773641e-01 6.229174051042233318e-01 9.383812572340920199e-02 9.770489320736593097e-02 -2.778787413457923378e-02 -1.206101920207114930e-01 3.789527447243962732e-01 2.371548462033554461e-01 -2.882797556643739711e-01 -5.104067730345221987e-01 -5.233330392594721658e-01
1.300000000000000000e+01 -3.814260968385596584e-01 -3.341552415436492840e-01 -2.233385823386106472e-01 -4.591117873881080946e-01 -5.125569097773929883e-01 -5.357173525904844746e-01 -5.024983981158707147e-01 -1.558270903732751275e-02 -2.635646616001615650e-01 1.132572989590724249e-01 2.388338210221941649e-01 -3.046617246244726629e-01 -4.443749749789542292e-01 -4.466570894322297036e-01 -4.059631271314794732e-01 -3.016355632956735922e-01 -4.673134418769834819e-01 -4.615902004116626545e-01 -3.677993750248971794e-01 -2.981114781805888625e-01 -8.375868325712149121e-02 -3.195596848947550583e-01 -1.967135408512443728e-02 -2.596081417859182894e-01 -2.842688917721863939e-01 -2.784221250309142914e-01 -2.886065341389900674e-01 -2.108632409397672158e-01 -2.050284530187176935e-01 -3.568284311908706541e-01 -2.176970560837724611e-01 -1.268105049624055902e-01 3.002734758808981996e-01 9.868227265688285510e-02 3.741306007110217213e-01 2.055111381439523321e-01 4.093810959269567062e-01 6.848235176392899470e-01 4.298249593691739756e-01 2.993403229788006437e-01 1.604128407342469281e-02 4.855052128638730202e-02 3.058289692863691567e-01 -5.012806969565415383e-01 1.526217099615984063e-01 5.229151743768070126e-01 2.946480955925668277e-01 3.217214434665420231e-01 1.531924144025659795e-01
1.400000000000000000e+01 -4.538407402139714164e-01 -2.040770470095422395e-01 -3.408054281999111645e-01 -4.502671495832538118e-01 -5.140587285854920641e-01 -3.588168264629749138e-01 -2.162116234362288225e-01 -1.933923909944492703e-01 2.766001542103015409e-01 3.703430204881086318e-01 7.190953101799351099e-01 -3.770689672238716761e-01 -4.643214255893643450e-01 -6.534074478968154853e-01 -6.432473221165310173e-01 -4.872831923348245331e-01 -5.202001874392494507e-01 -5.278440857880764003e-01 -3.120102962443157546e-01 -3.048867042770632141e-01 2.311012878606550844e-02 -6.836307101279844034e-02 1.561921791488526667e-01 -1.576066823307726433e-02 -1.860398536586438389e-01 -3.317411577556784175e-01 -3.974064045988556226e-01 -2.691639037641960219e-01 -2.344117334007841669e-01 -2.714977427579249869e-01 9.507972175670294235e-02 -4.648868479588552094e-01 1.503135152070187719e-01 1.422585423298798613e-01 3.153241157994556843e-01 4.961319267746634454e-01 3.457391779238395690e-01 3.317011359654836178e-01 -1.249404595056190781e-01 1.093779147428733250e-01 -6.833341121979129573e-01 -8.366880951422654977e-01 -3.520178780713942995e-02 -4.533672162028360986e-01 3.843764577250431413e-01 4.409811746744676797e-01 5.341811369514478658e-01 4.468204298164057953e-01 1.377802358754199805e-02
1.500000000000000000e+01 -3.098229550899779250e-01 -2.129000246654176864e-01 -4.450656894063744762e-01 -3.956433194447873669e-01 -3.738296248339471606e-01 -1.743917243526513228e-01 -1.750926912908028488e-01 -2.723889089074827963e-01 1.903006618283195894e-01 -3.758660657552227724e-02 4.710304350908671167e-01 -3.404761173679886066e-01 -6.980041863173866434e-02 -3.577042836213026877e-01 -2.591904054849375472e-01 -3.852284736677649146e-01 -2.744949379946288182e-01 -2.940905649986120807e-01 1.888380042087331456e-02 2.191954713383101883e-01 2.986226679605979983e-02 1.011523272130988860e-02 2.629071153488181101e-01 -2.383570696451446647e-02 -9.633552443473340776e-02 -2.849738512170056914e-01 -3.890815382164199976e-01 -8.320451776061194016e-02 -2.150522001696189567e-01 -1.693450595394611624e-01 3.741050748819396699e-02 -7.403484325386541220e-01 -4.265611023397357648e-01 7.412751269308529567e-01 1.971024336049463366e-01 6.264803339671972671e-01 6.361981222061461327e-01 -2.883367243763813037e-01 -5.463301098371813325e-01 -6.558403362635517597e-01 -5.142486927279174003e-01 -3.778908645927797072e-01 1.983226404715238977e-01 -2.313740654812923014e-01 -2.419030568649901403e-01 1.597356217483070218e-01 6.938548007192495426e-01 5.522367567121567733e-01 1.166446951142534327e-01
