# time shift (tau) 	 correlation coefficient 	 number of simulations: 15000	 FR: True	 RSS: True
-9.000000000000000000e+00 1.000000000000000000e+00
-8.000000000000000000e+00 0.000000000000000000e+00
-7.000000000000000000e+00 0.000000000000000000e+00
-6.000000000000000000e+00 0.000000000000000000e+00
-5.000000000000000000e+00 0.000000000000000000e+00
-4.000000000000000000e+00 2.000000000000000000e+00
-3.000000000000000000e+00 1.000000000000000000e+00
-2.000000000000000000e+00 0.000000000000000000e+00
-1.000000000000000000e+00 1.000000000000000000e+00
0.000000000000000000e+00 1.000000000000000000e+00
1.000000000000000000e+00 1.900000000000000000e+01
2.000000000000000000e+00 7.400000000000000000e+01
3.000000000000000000e+00 1.385000000000000000e+03
4.000000000000000000e+00 9.240000000000000000e+02
5.000000000000000000e+00 3.888000000000000000e+03
6.000000000000000000e+00 5.409000000000000000e+03
7.000000000000000000e+00 1.786000000000000000e+03
8.000000000000000000e+00 7.300000000000000000e+02
9.000000000000000000e+00 2.700000000000000000e+02
1.000000000000000000e+01 1.690000000000000000e+02
1.100000000000000000e+01 2.560000000000000000e+02
1.200000000000000000e+01 8.400000000000000000e+01
