# # time shift (tau) HDelta HGamma HeII4685 HBeta HeI5875 HAlpha HeI5015 OI8446 HeI4471 HeI7065 OIII5007 LyALpha
-9.000000000000000000e+00 -4.312802905316368007e-02 5.102559591313403364e-02 -6.864940498474482455e-02 9.691819875983935517e-02 -1.783167443946143682e-01 -2.611947429243517416e-01 -1.278001832955117933e-01 1.800397963413787883e-01 -2.050481163451428612e-01 -1.359473789667131442e-02 -1.371347652098769410e-01 -3.499169246960228685e-01
-8.000000000000000000e+00 -8.911816600240884956e-02 -3.800286542445724391e-02 -9.535032197078269212e-03 -2.108705752484115598e-02 -1.822599236837998404e-01 -3.335505269461462863e-01 -2.409710427163427870e-01 1.081271774665413521e-01 -3.533100866517793204e-01 -1.489361689155187518e-01 -3.145186592659695579e-01 -2.717387185591293441e-01
-7.000000000000000000e+00 -4.052177350527508271e-02 -6.408500491392737919e-02 2.004819967706827910e-01 6.204028950590509406e-03 -3.296475940406474736e-01 -2.809901489900447080e-01 -2.038150762874788580e-01 -1.436617644124865423e-01 -3.572294364247437515e-01 -8.801969545960322550e-02 -3.039814244642895513e-01 -1.321500471607585658e-01
-6.000000000000000000e+00 8.271053816899746197e-04 -1.231214839229732155e-02 2.762021409903440139e-01 -4.309792689163623181e-02 -3.099244067966794303e-01 -3.015995924092308433e-01 -4.198692212224593989e-01 -1.833818245798590485e-01 -4.781934856005864987e-01 9.572559555573043749e-03 -5.156481167782163144e-01 5.151927228268389156e-03
-5.000000000000000000e+00 2.667173991701508179e-02 1.084844974787906313e-01 2.834299056147847606e-01 1.216260724600492921e-01 -1.398263867807069682e-01 -1.220718594755051956e-01 -3.647831489774063796e-01 -6.993451507048820126e-02 -3.616768690797292907e-01 1.151982562901034679e-01 -4.486519294176757322e-01 1.013504461687074198e-01
-4.000000000000000000e+00 -3.537585773827794239e-02 5.531777720976149837e-02 2.181618219291849570e-01 2.029313078220810751e-01 -1.623998894754814237e-01 -1.492559982337222646e-01 -2.746621378851564765e-01 -1.345759422693368623e-01 -2.380482566430574543e-01 1.881694825423829709e-01 -3.563957105844915429e-01 8.575563861761528739e-02
-3.000000000000000000e+00 -6.491529247336373654e-02 -5.022466013389438599e-02 1.995752856047926516e-01 1.200371783690693944e-01 -1.366237044048411176e-01 -1.872299341485034463e-01 -5.111531018983246355e-01 -2.676128777991179097e-01 -9.894340164539666693e-02 1.402026476082501305e-01 -5.503862933203957919e-01 1.348309248058998377e-01
-2.000000000000000000e+00 7.146236777741470092e-02 8.055530795222506923e-02 2.530864006339135219e-01 2.136885335152936549e-01 1.984546301005487012e-01 4.958279057273140555e-03 -5.256660255925499348e-01 -1.529802860925568164e-01 -2.163008982743149788e-01 3.236187769627538180e-02 -6.096269740353670308e-01 2.669850975159493434e-01
-1.000000000000000000e+00 3.379320759475351599e-01 2.749460135853130649e-01 4.968319759063899443e-01 3.709882382927853772e-01 3.785822876702702455e-01 1.791595266333085579e-01 -3.807099782611353955e-01 -1.825148327697183326e-02 -8.204827381992976787e-02 -6.499467544285561504e-02 -5.762136496860619239e-01 4.658909942466321619e-01
0.000000000000000000e+00 6.386256990125162014e-01 5.219249832404134759e-01 7.717466820904199665e-01 5.242184622893408807e-01 4.609935359626169404e-01 3.748937695644143364e-01 -1.781788886324511267e-01 6.050064260974197250e-02 2.018900458771343553e-01 8.501010625629047690e-02 -4.637772113978221311e-01 7.132405121757117161e-01
1.000000000000000000e+00 8.539259303181967464e-01 7.479791371108024389e-01 8.479901745503524157e-01 7.018781407074579093e-01 6.435434129925801106e-01 5.582226628172325400e-01 -1.224741089113038500e-02 2.590424255059301517e-01 4.700336449129126626e-01 3.210455727401102521e-01 -2.976365408219513453e-01 8.709864955921878815e-01
2.000000000000000000e+00 8.834071127517287847e-01 8.766298002375468856e-01 6.822683309116739370e-01 8.663734426602174299e-01 7.973595548598555460e-01 7.185776161446681964e-01 2.691420162053758669e-01 4.454007690961417909e-01 6.395229384304638165e-01 4.929049964550285545e-01 -3.969090468441841685e-02 8.478349027185623221e-01
3.000000000000000000e+00 7.532536662985073184e-01 8.404604715610389798e-01 4.075543033440727214e-01 8.683557725221913159e-01 8.397521340675274670e-01 7.525097208697320017e-01 3.663055217908063321e-01 6.142727126267432114e-01 5.612229975729872145e-01 6.153682308453687355e-01 1.724839097654825779e-02 7.635932383240910948e-01
4.000000000000000000e+00 6.327953188704038556e-01 6.222606116747797511e-01 2.561017530710374968e-01 7.285601496575808689e-01 7.358485741566831440e-01 7.291594048695353436e-01 4.063062440036412371e-01 5.820356592786344319e-01 4.281164367699802353e-01 4.016063353830153781e-01 9.401342922340237551e-02 6.882140456221512714e-01
5.000000000000000000e+00 5.920905743794271370e-01 4.929946444074982947e-01 2.334783030246883606e-01 6.221122665175893296e-01 5.910944797715576016e-01 7.077462507438376793e-01 4.804713145181361278e-01 4.624915580016001893e-01 2.677667874694075190e-01 3.237726114262886590e-01 2.487549296584230241e-01 5.816038881804144189e-01
6.000000000000000000e+00 4.965483349317864059e-01 4.810813453106657644e-01 2.801922661618411192e-01 5.283604391873597539e-01 3.674514257528991301e-01 6.087908117323079793e-01 5.480321617003801604e-01 5.178953693969040595e-01 2.753676944766573209e-01 1.032751246219940910e-01 3.760291384046489105e-01 3.792657672481758446e-01
7.000000000000000000e+00 4.055212700108213886e-01 4.547070494704171240e-01 2.431329930206990730e-01 3.513059432977013730e-01 2.178536769815511143e-01 3.571552833396216542e-01 4.730562950449723192e-01 5.163353009948796757e-01 3.738504629812334779e-01 -1.099691634385045608e-01 4.292101620548521845e-01 1.711399135845614317e-01
8.000000000000000000e+00 1.646266838331326976e-01 1.797885838023271510e-01 1.759931797959867622e-02 1.009880568687335362e-01 -5.779390481107508915e-02 -9.508163617596142314e-02 2.206534780307120580e-01 2.155763401878089680e-01 5.897617810785151793e-01 -2.540641028995120898e-01 3.054488095856240371e-01 -1.232214686570776291e-01
9.000000000000000000e+00 -6.651027714361155974e-02 -1.317279446730738046e-01 -2.546780313509240390e-01 3.141491937208459873e-02 -2.093783816948239507e-01 -2.716990396440526201e-01 6.691290672584035426e-02 -8.523070373397506616e-02 5.837059141431669707e-01 -2.545294542760187517e-01 3.004415004798652866e-01 -3.215218250107442222e-01
1.000000000000000000e+01 -3.750287131058770429e-01 -3.953014603484504841e-01 -6.749414511123770222e-01 -1.315831982366495456e-01 -2.460271303734576365e-01 -1.991480900804354082e-01 6.830160781214278387e-02 -5.108467152272448686e-02 1.342502847150379430e-01 -2.998077590135304615e-01 2.167341327203368140e-01 -5.296873626347553543e-01
1.100000000000000000e+01 -4.807878804667429229e-01 -4.908311294720183460e-01 -6.856552638423709656e-01 -4.516159018543536297e-01 -4.519306353453180769e-01 -1.095331244936766923e-01 -1.264243818636783673e-02 -2.974282012379641377e-02 -3.371965295247689731e-01 -3.152391840139932566e-01 -9.494271405495693927e-02 -4.758314199504380948e-01
1.200000000000000000e+01 -5.045500700059655230e-01 -3.936723271199381591e-01 -4.289571283357626608e-01 -5.819040557593978535e-01 -5.822954169717986517e-01 -2.197609592671787015e-01 -1.769956395147877226e-01 -1.821246679488021381e-01 -6.882662522937007532e-01 -2.739525028857697775e-01 -3.677814784618060884e-01 -3.209304361868209332e-01
