# time shift (tau) 	 correlation coefficient 	 number of simulations: 15000	 FR: True	 RSS: True
-9.000000000000000000e+00 2.400000000000000000e+01
-8.000000000000000000e+00 3.000000000000000000e+00
-7.000000000000000000e+00 1.000000000000000000e+00
-6.000000000000000000e+00 0.000000000000000000e+00
-5.000000000000000000e+00 7.000000000000000000e+00
-4.000000000000000000e+00 1.900000000000000000e+01
-3.000000000000000000e+00 1.700000000000000000e+01
-2.000000000000000000e+00 0.000000000000000000e+00
-1.000000000000000000e+00 0.000000000000000000e+00
0.000000000000000000e+00 1.000000000000000000e+00
1.000000000000000000e+00 1.940000000000000000e+02
2.000000000000000000e+00 4.453000000000000000e+03
3.000000000000000000e+00 9.670000000000000000e+02
4.000000000000000000e+00 1.800000000000000000e+02
5.000000000000000000e+00 4.000000000000000000e+00
6.000000000000000000e+00 1.800000000000000000e+01
7.000000000000000000e+00 1.580000000000000000e+02
8.000000000000000000e+00 3.289000000000000000e+03
9.000000000000000000e+00 5.627000000000000000e+03
1.000000000000000000e+01 8.000000000000000000e+00
1.100000000000000000e+01 1.800000000000000000e+01
1.200000000000000000e+01 1.200000000000000000e+01
