# # time shift (tau) HDelta HGamma HeII4685 HBeta HeI5875 HAlpha HeI5015 OI8446 HeI4471 HeI7065 OIII5007 LyALpha
-5.000000000000000000e+00 -1.639137778022980996e-02 -1.682866274046603272e-01 3.417403699546767148e-03 -1.857003112144544332e-01 -2.424842384314132571e-03 1.457242555896015590e-01 -1.329566152007186086e-01 -3.276187806852238760e-01 2.609756302786108151e-01 -8.369280949515091328e-02 -5.751864351841222411e-02 6.803390808221887465e-02
-4.500000000000000000e+00 1.273879919769786012e-02 -4.491341027122899149e-02 -5.332558356840844116e-02 -1.877554501262509723e-01 1.099532025565654048e-01 2.121575727438977377e-01 -1.023575027420811634e-01 -2.473579677192437043e-01 1.948965908053188201e-01 1.429175351544468425e-02 -3.482063331179532234e-02 1.287488328848132857e-01
-4.000000000000000000e+00 1.636939253033771746e-01 1.431166621360480673e-01 -8.043146965332940990e-02 -9.938068933761612378e-02 3.135944082839279279e-01 2.348287901032021507e-01 7.017415476624250421e-03 -2.063467040367595456e-02 -1.244268831954319435e-03 6.643366940441559898e-02 2.632815960318275056e-02 2.777006166406076337e-01
-3.500000000000000000e+00 2.126580505216595363e-01 2.405657851006868797e-01 8.788150200688980840e-03 6.861671172322542089e-02 4.552339496163360089e-01 3.173574254455027166e-01 2.904237534798572162e-01 4.571578515140357901e-02 8.476294636228023927e-02 3.453031692776600131e-02 2.495108418269780248e-01 2.989572558104384159e-01
-3.000000000000000000e+00 1.599885302741936299e-01 2.187311062783220961e-01 6.720077845383130855e-02 1.454678710669567721e-01 4.400746563601410921e-01 3.239064079040889221e-01 5.026072337611249274e-01 6.684231575020735394e-02 1.600773452224569238e-01 -1.066087390090261211e-01 4.424638037814757618e-01 1.867137262401978859e-01
-2.500000000000000000e+00 2.316957619888388997e-01 2.230280810631869448e-01 1.320282175167863392e-01 9.861433852906413555e-02 3.411320495202949665e-01 2.612209484115171620e-01 4.832521742553266275e-01 -4.462095979607209190e-02 1.703909669984029485e-01 -4.817319320720220982e-02 4.265192420790573369e-01 2.322708493467441904e-01
-2.000000000000000000e+00 2.625742157639320840e-01 1.677756430303045665e-01 1.345850426663447175e-01 -3.839215457462696185e-02 1.546906571750629455e-01 9.585704469229902602e-02 2.016104177956595522e-01 -1.235843566594614362e-01 7.286904937076638111e-02 4.454128752266999641e-02 2.103651395604809182e-01 2.224218180897707398e-01
-1.500000000000000000e+00 3.066162837936368124e-01 2.353660193005988055e-01 8.273581014197167738e-02 4.701429351730795209e-02 2.608184202775474247e-01 2.066843020138531273e-01 1.945652871904309522e-01 1.039532322281361137e-01 1.015805210499841627e-01 1.694267155121934043e-01 1.901556174579293879e-01 2.483757950110204726e-01
-1.000000000000000000e+00 1.689054077921233465e-01 1.424375401749512771e-01 -9.219072606101690048e-02 4.702552542814852216e-02 2.334480320742250981e-01 2.215532782622616770e-01 1.456702145179120111e-01 2.314512649241699527e-01 7.554014519841457942e-02 1.958364611753159734e-01 1.737023336823618758e-01 1.411175151635731262e-01
-5.000000000000000000e-01 1.487940363580405045e-01 1.773449152534339324e-01 -1.554814805953341761e-01 1.992778632225248869e-01 2.136086105306096994e-01 3.144993781143532452e-01 6.929380614699971463e-01 3.008214554863391510e-01 3.121452062239916669e-01 2.735817379486608081e-01 7.560513114046489846e-01 3.875252757552997973e-02
0.000000000000000000e+00 5.801639383918687221e-02 1.219362057099715596e-01 -1.632864682570490944e-01 2.643061921420484794e-01 1.020497030192176191e-01 2.793551129253025733e-01 8.977089557730540959e-01 2.133589535771878987e-01 4.263597113749639234e-01 2.265875559805256012e-01 1.000000000000000000e+00 -7.622971765020450374e-02
5.000000000000000000e-01 -1.390113305729228643e-01 -8.441977426841665300e-02 -3.678227621010209392e-01 -1.495250413246453948e-02 -9.720151001939938973e-02 7.513040127592540696e-02 5.982611883584220136e-01 1.476470997118764505e-01 2.398206505160870028e-01 1.721893193745169248e-01 7.560513114046489846e-01 -2.674463217356194966e-01
1.000000000000000000e+00 -3.026079009333868530e-01 -2.503155104650445217e-01 -4.492464004995214699e-01 -2.487550508106025626e-01 -2.597370588693558302e-01 -1.226066760175149734e-01 5.167665288933060569e-02 6.307286989580057623e-02 6.739041590352913558e-02 5.165177617263086440e-02 1.737023336823618758e-01 -3.602432696187470307e-01
1.500000000000000000e+00 -4.341670222951610758e-01 -3.431044651006937007e-01 -6.745343560847496533e-01 -3.815362648678229385e-01 -3.279385812847034343e-01 -1.742648827604288964e-01 -6.203023814054506313e-03 2.967641042667452239e-02 -4.113121449903971855e-02 -6.143992476483019910e-02 1.901556174579293879e-01 -5.126297875858066844e-01
2.000000000000000000e+00 -3.951964206776082955e-01 -3.030963649372473423e-01 -6.731150789145392555e-01 -3.550469494102013179e-01 -2.731562120782599634e-01 -1.279679390734560496e-01 2.660587323597063056e-02 1.319776012417883670e-02 -8.643103147850539347e-02 -1.339936835101697143e-01 2.103651395604809182e-01 -4.896477222458729406e-01
2.500000000000000000e+00 -5.038255784018137451e-01 -4.026749064443293502e-01 -6.739874833334857929e-01 -3.466058932789375380e-01 -3.056776352634991145e-01 -2.782042446213432441e-01 2.419091377263636600e-01 5.395452197969573260e-02 -1.762455511569895328e-01 -3.414747659072727703e-01 4.265192420790573369e-01 -5.972381080569940659e-01
3.000000000000000000e+00 -5.242394645601937686e-01 -4.364885237458261402e-01 -5.128357398718337290e-01 -2.872128104825948935e-01 -2.859210074848990146e-01 -3.477611239641856256e-01 3.186118147874236195e-01 6.659918683974128117e-02 -2.271553912672636955e-01 -4.403295015346716523e-01 4.424638037814757618e-01 -5.867950775294069610e-01
3.500000000000000000e+00 -5.923415173651698229e-01 -6.579519111863704195e-01 -4.641396673401041451e-01 -5.307834843203803610e-01 -6.082494154643387496e-01 -5.299089802855913023e-01 5.930480795399022120e-02 -2.372736401506603532e-01 -1.922867181218692600e-01 -6.612234619413748238e-01 2.495108418269780248e-01 -7.205874524875006681e-01
4.000000000000000000e+00 -5.057719659905144383e-01 -6.615083720806708145e-01 -3.171848004027228995e-01 -6.040204208312672796e-01 -7.173595115911403086e-01 -5.336884295451456151e-01 -1.634666962318493955e-01 -3.675502125903832296e-01 -8.371904494404369679e-02 -6.880716458553045589e-01 2.632815960318275056e-02 -6.694965567995745381e-01
4.500000000000000000e+00 -4.732366623938591976e-01 -5.995772851102735279e-01 -3.370071759451154225e-01 -6.908375861916735694e-01 -7.399900096879253875e-01 -5.398569527363870080e-01 -3.182946998507994452e-01 -3.700265014943164843e-01 -2.406231536740938703e-01 -5.134235121999571883e-01 -3.482063331179532234e-02 -5.994927426454632613e-01
5.000000000000000000e+00 -3.839186950576402024e-01 -4.165894632203931414e-01 -3.253217460232782354e-01 -5.822192208588764517e-01 -5.732979695057089931e-01 -4.079604689408367069e-01 -3.276561051261996371e-01 -2.170232136694624225e-01 -2.957500826379994008e-01 -2.073676600526291602e-01 -5.751864351841222411e-02 -4.477824862539243056e-01
5.500000000000000000e+00 -5.108581222874591932e-01 -4.706782248906016819e-01 -3.964751261560276463e-01 -5.531520111783586602e-01 -5.393782768093439151e-01 -4.823256486437433321e-01 -1.669314084790820829e-01 -2.007451704860143404e-01 -2.531078717930212441e-01 -3.055969567913251472e-01 9.470126010133256278e-02 -5.683396703686895979e-01
6.000000000000000000e+00 -5.479596023834576446e-01 -4.620942592605239430e-01 -3.533345490265930033e-01 -4.641137899314833337e-01 -4.534622045553400871e-01 -4.951917603463553696e-01 -1.167682940145681539e-02 -2.090956921477173380e-01 -1.946824136790471782e-01 -3.859851734978100302e-01 1.878133315073146070e-01 -5.571076934591248087e-01
6.500000000000000000e+00 -6.235975571125826900e-01 -5.094493185720435635e-01 -3.463592944824780973e-01 -5.573047503736763275e-01 -5.773919337971387122e-01 -5.928615757801083408e-01 -1.264045587366241508e-01 -4.648968104737093432e-01 -2.859312143891337143e-01 -2.837604061982220705e-01 6.962688763859611885e-02 -5.844860194241313645e-01
7.000000000000000000e+00 -5.536716187591916860e-01 -4.874186082020682265e-01 -2.705329501944043757e-01 -5.531049135726244792e-01 -5.758450636011144264e-01 -5.968535831853836182e-01 -3.039468637632578019e-01 -6.016392510236815427e-01 -2.854148452975967531e-01 -1.792030278038256319e-01 -1.480911171527660719e-01 -4.895323657718204657e-01
7.500000000000000000e+00 -6.238861780504322274e-01 -5.734597079880159320e-01 -4.826222286859588873e-01 -6.533617384636212222e-01 -5.102932911872081201e-01 -6.483758183561617594e-01 -6.068176034976462407e-01 -5.658522838075790151e-01 -5.165739867741301339e-01 -1.000571830034097665e-01 -4.500972940937674194e-01 -4.797694311769390985e-01
8.000000000000000000e+00 -5.350886468862132705e-01 -4.856161999305468879e-01 -4.747490709239901019e-01 -5.280098813086597787e-01 -3.124814421647811313e-01 -4.739072207493166822e-01 -6.158847694452873611e-01 -3.300348459438966486e-01 -5.049935509118874677e-01 -4.999221417113557109e-02 -4.771135984636430960e-01 -3.244250947742263191e-01
8.500000000000000000e+00 -4.748383154273640994e-01 -4.983363399640465818e-01 -3.806750471756941145e-01 -4.512075098886589863e-01 -2.009584383400558893e-01 -3.164563592819946147e-01 -2.689914045586309643e-01 -3.738212640863829983e-01 -4.756004016036193272e-01 -1.229280384457311220e-01 -7.337634532774761631e-02 -2.601270409186654531e-01
9.000000000000000000e+00 -3.587143807179900001e-01 -4.315255112758704659e-01 -2.299018368666377876e-01 -3.284227392347415231e-01 -1.294450055316826997e-01 -1.764609383824884414e-01 -3.587335779913010392e-02 -3.400544826810795174e-01 -4.481306075730071004e-01 -1.416912469156094145e-01 1.385829007679316716e-01 -1.671951289548473663e-01
9.500000000000000000e+00 -4.422636613201919031e-01 -4.483488184645308960e-01 -2.058295853039198153e-01 -3.751263379966617295e-01 -3.077416497026265740e-01 -2.564964829731898877e-01 -2.390799750162143078e-01 -4.043204202027222416e-01 -6.595510279366358919e-01 -3.492476728093774768e-02 -1.220970147461200583e-01 -2.420792028268886065e-01
1.000000000000000000e+01 -3.178366942034257514e-01 -2.911005345009128331e-01 -2.562776176184833332e-04 -3.086826706283712918e-01 -2.937545008304829341e-01 -2.299486145644196733e-01 -3.919173681184762170e-01 -4.001072748873919505e-01 -5.893178970874690670e-01 5.971830996292268323e-02 -3.800754368333894018e-01 -1.009912255222299715e-01
