# time shift (tau) 	 correlation coefficient 	 number of simulations: 40000	 FR: True	 RSS: True
-1.000000000000000000e+01 3.000000000000000000e+00
-9.000000000000000000e+00 3.000000000000000000e+00
-8.000000000000000000e+00 4.000000000000000000e+00
-7.000000000000000000e+00 1.600000000000000000e+01
-6.000000000000000000e+00 2.100000000000000000e+01
-5.000000000000000000e+00 5.100000000000000000e+01
-4.000000000000000000e+00 1.120000000000000000e+02
-3.000000000000000000e+00 1.990000000000000000e+02
-2.000000000000000000e+00 3.720000000000000000e+02
-1.000000000000000000e+00 4.340000000000000000e+02
0.000000000000000000e+00 5.920000000000000000e+02
1.000000000000000000e+00 1.374600000000000000e+04
2.000000000000000000e+00 1.932800000000000000e+04
3.000000000000000000e+00 3.543000000000000000e+03
4.000000000000000000e+00 1.045000000000000000e+03
5.000000000000000000e+00 2.120000000000000000e+02
6.000000000000000000e+00 1.400000000000000000e+02
7.000000000000000000e+00 5.400000000000000000e+01
8.000000000000000000e+00 4.100000000000000000e+01
9.000000000000000000e+00 1.300000000000000000e+01
1.000000000000000000e+01 1.500000000000000000e+01
1.100000000000000000e+01 2.000000000000000000e+00
1.200000000000000000e+01 0.000000000000000000e+00
1.300000000000000000e+01 2.300000000000000000e+01
1.400000000000000000e+01 3.000000000000000000e+01
1.500000000000000000e+01 1.000000000000000000e+00
