# time shift (tau) 	 correlation coefficient 	 number of simulations: 10000	 FR: True	 RSS: True
-1.000000000000000000e+01 3.130000000000000000e+02
-9.000000000000000000e+00 2.100000000000000000e+01
-8.000000000000000000e+00 4.000000000000000000e+00
-7.000000000000000000e+00 8.000000000000000000e+00
-6.000000000000000000e+00 5.000000000000000000e+00
-5.000000000000000000e+00 1.400000000000000000e+01
-4.000000000000000000e+00 2.200000000000000000e+01
-3.000000000000000000e+00 8.500000000000000000e+01
-2.000000000000000000e+00 1.060000000000000000e+02
-1.000000000000000000e+00 9.800000000000000000e+01
0.000000000000000000e+00 1.880000000000000000e+02
1.000000000000000000e+00 2.130000000000000000e+02
2.000000000000000000e+00 2.940000000000000000e+02
3.000000000000000000e+00 5.630000000000000000e+02
4.000000000000000000e+00 5.580000000000000000e+02
5.000000000000000000e+00 1.195000000000000000e+03
6.000000000000000000e+00 1.311000000000000000e+03
7.000000000000000000e+00 1.286000000000000000e+03
8.000000000000000000e+00 1.057000000000000000e+03
9.000000000000000000e+00 6.880000000000000000e+02
1.000000000000000000e+01 4.980000000000000000e+02
1.100000000000000000e+01 1.083000000000000000e+03
1.200000000000000000e+01 3.110000000000000000e+02
1.300000000000000000e+01 6.500000000000000000e+01
1.400000000000000000e+01 1.000000000000000000e+01
1.500000000000000000e+01 4.000000000000000000e+00
