# time shift (tau) 	 correlation coefficient 	 number of simulations: 10000	 FR: True	 RSS: True
-1.000000000000000000e+01 9.800000000000000000e+01
-9.000000000000000000e+00 2.500000000000000000e+01
-8.000000000000000000e+00 1.210000000000000000e+02
-7.000000000000000000e+00 2.210000000000000000e+02
-6.000000000000000000e+00 1.990000000000000000e+02
-5.000000000000000000e+00 2.830000000000000000e+02
-4.000000000000000000e+00 4.670000000000000000e+02
-3.000000000000000000e+00 6.130000000000000000e+02
-2.000000000000000000e+00 8.370000000000000000e+02
-1.000000000000000000e+00 8.790000000000000000e+02
0.000000000000000000e+00 7.780000000000000000e+02
1.000000000000000000e+00 1.487000000000000000e+03
2.000000000000000000e+00 2.820000000000000000e+03
3.000000000000000000e+00 5.180000000000000000e+02
4.000000000000000000e+00 3.100000000000000000e+02
5.000000000000000000e+00 1.740000000000000000e+02
6.000000000000000000e+00 8.500000000000000000e+01
7.000000000000000000e+00 2.500000000000000000e+01
8.000000000000000000e+00 1.500000000000000000e+01
9.000000000000000000e+00 2.700000000000000000e+01
1.000000000000000000e+01 6.000000000000000000e+00
1.100000000000000000e+01 1.000000000000000000e+00
1.200000000000000000e+01 1.000000000000000000e+00
1.300000000000000000e+01 0.000000000000000000e+00
1.400000000000000000e+01 2.000000000000000000e+00
1.500000000000000000e+01 8.000000000000000000e+00
