# time shift (tau) 	 correlation coefficient 	 number of simulations: 20000	 FR: True	 RSS: True
-1.000000000000000000e+01 1.720000000000000000e+02
-9.000000000000000000e+00 1.100000000000000000e+01
-8.000000000000000000e+00 1.500000000000000000e+01
-7.000000000000000000e+00 3.000000000000000000e+01
-6.000000000000000000e+00 2.500000000000000000e+01
-5.000000000000000000e+00 6.000000000000000000e+01
-4.000000000000000000e+00 1.340000000000000000e+02
-3.000000000000000000e+00 1.550000000000000000e+02
-2.000000000000000000e+00 2.700000000000000000e+02
-1.000000000000000000e+00 4.020000000000000000e+02
0.000000000000000000e+00 5.380000000000000000e+02
1.000000000000000000e+00 5.730000000000000000e+02
2.000000000000000000e+00 1.649000000000000000e+03
3.000000000000000000e+00 6.022000000000000000e+03
4.000000000000000000e+00 2.929000000000000000e+03
5.000000000000000000e+00 1.348000000000000000e+03
6.000000000000000000e+00 7.860000000000000000e+02
7.000000000000000000e+00 8.330000000000000000e+02
8.000000000000000000e+00 7.710000000000000000e+02
9.000000000000000000e+00 4.310000000000000000e+02
1.000000000000000000e+01 2.250000000000000000e+02
1.100000000000000000e+01 4.300000000000000000e+02
1.200000000000000000e+01 3.020000000000000000e+02
1.300000000000000000e+01 1.270000000000000000e+02
1.400000000000000000e+01 1.230000000000000000e+02
1.500000000000000000e+01 1.400000000000000000e+01
1.600000000000000000e+01 3.700000000000000000e+01
1.700000000000000000e+01 3.000000000000000000e+01
1.800000000000000000e+01 5.370000000000000000e+02
1.900000000000000000e+01 1.021000000000000000e+03
2.000000000000000000e+01 0.000000000000000000e+00
2.100000000000000000e+01 0.000000000000000000e+00
