# time shift (tau) 	 correlation coefficient 	 number of simulations: 10000	 FR: True	 RSS: True
-1.000000000000000000e+01 9.300000000000000000e+01
-9.000000000000000000e+00 2.470000000000000000e+02
-8.000000000000000000e+00 1.110000000000000000e+02
-7.000000000000000000e+00 3.900000000000000000e+01
-6.000000000000000000e+00 3.300000000000000000e+01
-5.000000000000000000e+00 1.010000000000000000e+02
-4.000000000000000000e+00 1.310000000000000000e+02
-3.000000000000000000e+00 2.150000000000000000e+02
-2.000000000000000000e+00 2.300000000000000000e+02
-1.000000000000000000e+00 2.460000000000000000e+02
0.000000000000000000e+00 3.760000000000000000e+02
1.000000000000000000e+00 3.050000000000000000e+02
2.000000000000000000e+00 3.570000000000000000e+02
3.000000000000000000e+00 4.640000000000000000e+02
4.000000000000000000e+00 1.267000000000000000e+03
5.000000000000000000e+00 1.697000000000000000e+03
6.000000000000000000e+00 1.376000000000000000e+03
7.000000000000000000e+00 8.610000000000000000e+02
8.000000000000000000e+00 1.028000000000000000e+03
9.000000000000000000e+00 2.330000000000000000e+02
1.000000000000000000e+01 2.150000000000000000e+02
1.100000000000000000e+01 2.720000000000000000e+02
1.200000000000000000e+01 6.700000000000000000e+01
1.300000000000000000e+01 3.000000000000000000e+01
1.400000000000000000e+01 1.000000000000000000e+00
1.500000000000000000e+01 5.000000000000000000e+00
