# time shift (tau) 	 correlation coefficient 	 number of simulations: 10000	 FR: True	 RSS: True
-1.000000000000000000e+01 1.850000000000000000e+02
-9.000000000000000000e+00 7.430000000000000000e+02
-8.000000000000000000e+00 9.740000000000000000e+02
-7.000000000000000000e+00 5.160000000000000000e+02
-6.000000000000000000e+00 3.620000000000000000e+02
-5.000000000000000000e+00 4.910000000000000000e+02
-4.000000000000000000e+00 5.430000000000000000e+02
-3.000000000000000000e+00 6.020000000000000000e+02
-2.000000000000000000e+00 5.760000000000000000e+02
-1.000000000000000000e+00 5.960000000000000000e+02
0.000000000000000000e+00 7.030000000000000000e+02
1.000000000000000000e+00 5.770000000000000000e+02
2.000000000000000000e+00 5.620000000000000000e+02
3.000000000000000000e+00 3.930000000000000000e+02
4.000000000000000000e+00 3.130000000000000000e+02
5.000000000000000000e+00 2.740000000000000000e+02
6.000000000000000000e+00 1.530000000000000000e+02
7.000000000000000000e+00 1.140000000000000000e+02
8.000000000000000000e+00 4.740000000000000000e+02
9.000000000000000000e+00 3.260000000000000000e+02
1.000000000000000000e+01 2.400000000000000000e+02
1.100000000000000000e+01 1.380000000000000000e+02
1.200000000000000000e+01 1.080000000000000000e+02
1.300000000000000000e+01 3.200000000000000000e+01
1.400000000000000000e+01 3.000000000000000000e+00
1.500000000000000000e+01 2.000000000000000000e+00
