# # time shift (tau) UVW2 Cont1150_not_optical_calibrated LyAlpha_not_optical_calibrated HBeta_not_optical_calibrated OI8446_not_optical_calibrated Cont1460_not_optical_calibrated
-1.000000000000000000e+01 -4.289620259158535842e-01 -2.523539066836862910e-01 3.889647298026613353e-03 4.142137112107707186e-01 4.986622123704821385e-01 -1.925254243909678142e-01
-9.000000000000000000e+00 -4.681960305089164498e-01 -6.933207749319572621e-02 -1.143839088131078929e-01 2.482882104749335739e-01 5.405631723929091859e-01 1.578032540218192448e-02
-8.000000000000000000e+00 -2.435699743247021765e-01 1.637349808245532889e-01 -4.208860278121071344e-03 1.871573628338047968e-01 4.603730005564315997e-01 2.534159503302951810e-01
-7.000000000000000000e+00 1.520744770985097138e-01 2.441553875665905260e-01 2.347335192211140176e-01 3.259749699207822315e-01 2.766139483900028617e-01 3.603963502198049840e-01
-6.000000000000000000e+00 1.878661286234580285e-01 2.245075837635914229e-01 3.758492783686117611e-01 5.175177848028971184e-01 3.584340845081484539e-01 3.548071179963798727e-01
-5.000000000000000000e+00 1.539069776340787621e-01 2.181362311547573873e-01 2.475542119933139551e-01 3.923336187269236275e-01 1.367719070882065791e-01 3.030483463677964284e-01
-4.000000000000000000e+00 2.094727569916202126e-01 1.190988628424356488e-01 2.810190256534818645e-02 2.844050909345561262e-01 7.389323844893723459e-02 1.557877789096666632e-01
-3.000000000000000000e+00 2.933994238626628226e-01 2.542862802647427034e-01 5.735034978944907741e-03 1.502953863077301777e-01 5.338471639602353908e-02 2.463996063104638423e-01
-2.000000000000000000e+00 4.993709971972656314e-01 4.669399574345373671e-01 3.996359935871361679e-02 1.025081956872016115e-01 -1.844059602063317094e-01 4.472423006958490266e-01
-1.000000000000000000e+00 7.064298125579531185e-01 7.626485128551563353e-01 2.981644208994927991e-01 3.157851907871790376e-01 7.996860991723452050e-02 7.469518479726118265e-01
0.000000000000000000e+00 8.957243150915906726e-01 1.000000000000000000e+00 5.967988838041384803e-01 5.483692091320929718e-01 3.342751472548809444e-01 9.793797674988374835e-01
1.000000000000000000e+00 8.365064402413235900e-01 7.626485128551563353e-01 8.313324395253958166e-01 6.910579482147825026e-01 3.738291019993019715e-01 8.194410083819412272e-01
2.000000000000000000e+00 6.001216271525511292e-01 4.669399574345373671e-01 8.265122002938555257e-01 7.215926168799653428e-01 3.876230104350083527e-01 5.660127622618920107e-01
3.000000000000000000e+00 4.043596606472499300e-01 2.542862802647427034e-01 5.866251089008933661e-01 6.020842621809121553e-01 2.361629770781435433e-01 3.230908225105554310e-01
4.000000000000000000e+00 3.415919671171766536e-01 1.190988628424356488e-01 4.712701277834870361e-01 3.032610484935091555e-01 2.004789179386515241e-01 1.829171811468646713e-01
5.000000000000000000e+00 3.899860528075085320e-01 2.181362311547573873e-01 4.640155527037318484e-01 2.924576913155902957e-01 1.835271629470427990e-01 2.897252728530800292e-01
6.000000000000000000e+00 3.293056039238372312e-01 2.245075837635914229e-01 4.097975137410551638e-01 2.882283412333091488e-01 5.779917228313849464e-04 2.710311421351110361e-01
7.000000000000000000e+00 2.704705404141284353e-01 2.441553875665905260e-01 2.259742931569941882e-01 2.297787080871879772e-01 1.078821860881736538e-01 2.331938402460583259e-01
8.000000000000000000e+00 8.313648438130696872e-02 1.637349808245532889e-01 8.364325553347892739e-02 3.814244182875309308e-01 4.768595092083739440e-01 1.018945814419150442e-01
9.000000000000000000e+00 -1.137879811527173213e-01 -6.933207749319572621e-02 -2.268942140850185168e-03 4.202400881503387531e-01 4.318426218414604945e-01 -1.340111730749722341e-01
1.000000000000000000e+01 -2.624487241923727510e-01 -2.523539066836862910e-01 -1.234651552399400193e-01 3.143255078309746264e-01 3.869622936688010828e-01 -2.432079327541651903e-01
1.100000000000000000e+01 -3.768996505425528110e-01 -1.905284074300114538e-01 -3.110875666991318456e-01 -6.115973336457785486e-03 2.888652682519597392e-01 -1.776546252460576847e-01
1.200000000000000000e+01 -2.704801800873887774e-01 -1.625147778660007147e-01 -3.036820623988872869e-01 -4.698957502299653255e-01 -1.696055067061676136e-02 -8.937142977250825404e-02
1.300000000000000000e+01 -3.210119838071343601e-01 -3.222899026140272349e-01 -1.907744124182513268e-01 -5.133203013376581580e-01 -6.628220860532821335e-02 -1.704480123058836338e-01
1.400000000000000000e+01 -3.516551524180764332e-01 -3.033736478691561045e-01 -2.987677961585658570e-01 -5.013429872193234660e-01 -5.290837010180630129e-01 -3.068645396697935457e-01
1.500000000000000000e+01 -9.319199608257849876e-02 -2.305431411232435890e-01 -3.213697393741036801e-01 -4.218862408987869017e-01 -5.700643630839945519e-01 -4.309346104377795861e-01
1.600000000000000000e+01 6.732343411486249596e-02 1.827871866314147858e-02 -5.677438377181462381e-02 -1.887069934882957822e-01 -3.725587563387852130e-01 -2.196000181085177583e-01
1.700000000000000000e+01 4.700555430594210993e-01 2.353132203411711920e-01 1.739778443499079008e-01 -6.455385169086697017e-03 -4.503652152941158837e-01 1.475038546375072868e-01
1.800000000000000000e+01 4.562832873744974149e-01 9.225011149468720362e-02 2.716701015384221929e-01 1.457858860415888469e-01 -5.284526277688173651e-02 2.292565083973789053e-01
1.900000000000000000e+01 3.488624842527066616e-01 7.093473624403221489e-01 -2.287118736847866540e-01 5.514732870650612684e-02 4.915124013194673291e-01 8.297027976165629592e-01
2.000000000000000000e+01 6.934693521618270351e-01 4.595921097905186770e-01 -6.130162800306118709e-02 6.481442889473182367e-01 8.894120026315257554e-01 6.289291383519808321e-01
