# # time shift (tau) HDelta HGamma HeII4685 HBeta HeI5875 HAlpha HeI5015 OI8446 HeI4471 HeI7065 OIII5007 LyALpha
-1.000000000000000000e+01 1.737095101890958060e-01 1.312606437786917601e-01 9.768139731397162961e-02 2.213882928347900014e-01 -1.132150047208405619e-01 -1.844729839753010969e-01 2.665928386704779357e-02 5.605805655465453952e-02 -3.968812499425964507e-02 1.571449451703115785e-01 -2.303246686593261178e-02 -1.423159044153716191e-01
-9.500000000000000000e+00 1.294346200709833028e-01 1.351801851190292392e-01 7.191402390670284528e-02 1.851770200386761989e-01 -8.302453397117390277e-02 -1.281328405047295615e-01 -1.063842053541199928e-01 1.793078949921437792e-01 -1.610958544093016864e-01 1.243187297492480969e-01 -1.497244958783664759e-01 -1.511515673104083524e-01
-9.000000000000000000e+00 6.051200130232615992e-03 1.286349008622607593e-01 8.340999507110535838e-03 1.905957914043954760e-01 -5.784622113210732136e-02 -4.885876300520902021e-02 -1.052561213587590444e-01 2.702009164569648680e-01 -2.186157226071989701e-01 1.064464718004973498e-01 -1.249029849017700700e-01 -1.796631332746991272e-01
-8.500000000000000000e+00 1.884894314003238147e-02 1.081814947537790284e-01 4.897902490579122969e-02 6.284999347606419484e-02 -2.583028777951613952e-04 -1.284296604796484886e-01 -2.152559178670701290e-01 2.450051916075124403e-01 -4.181796640644069307e-01 -4.983579679713241728e-02 -2.763869611607566723e-01 -1.311106296121060388e-01
-8.000000000000000000e+00 -2.355777141856384843e-02 6.124181943125927424e-02 5.941814723371009743e-02 5.506058838503221156e-03 -1.705745403333234350e-02 -1.876154722369351435e-01 -2.457388530084168576e-01 1.477193474109101401e-01 -5.098254920139908553e-01 -1.026264388971015740e-01 -3.537228274280873608e-01 -1.085517362917628736e-01
-7.500000000000000000e+00 8.570317149477323093e-02 1.097317506983066238e-01 2.148919204632217528e-01 -2.924379532987691349e-02 -2.445121404905149440e-02 -2.376929575643724202e-01 -2.826844285119063382e-01 9.122202764639597561e-03 -5.908568290530117340e-01 -1.353491235976166940e-01 -4.153920566506806855e-01 2.775337585962366418e-02
-7.000000000000000000e+00 1.086862863155922537e-01 1.280069735667332398e-01 2.943328547580597587e-01 -6.656377298858325020e-03 -1.111956100133459635e-01 -2.199195086534246335e-01 -1.457225829774975723e-01 -9.279415658828635283e-02 -4.796751890442967903e-01 -4.662261866929579002e-02 -2.894779527170695532e-01 9.069053037095668734e-02
-6.500000000000000000e+00 2.381614391235414296e-01 2.293032091099570235e-01 4.093100740272948568e-01 1.238340292554536426e-01 -1.889988872134820350e-02 -1.710617451756979990e-01 -2.107658018925254173e-01 -5.993299387238026910e-02 -5.165206991370979717e-01 1.498936459018479148e-02 -3.404499502932007426e-01 2.192610119191352736e-01
-6.000000000000000000e+00 2.198804405903206916e-01 2.408483839500299428e-01 4.259794757372509233e-01 1.797714246259108084e-01 -4.383473720889632941e-02 -1.392527427929756700e-01 -1.942875875866054425e-01 -6.667371272372674129e-02 -4.266568422398055449e-01 1.679569266934181071e-01 -3.000553550980930018e-01 2.327907230128378746e-01
-5.500000000000000000e+00 2.916945769781800202e-01 2.866564708778677195e-01 4.418903096857272339e-01 2.899615608896274899e-01 4.696465650224101313e-02 -7.009837962674674017e-02 -2.615478333948021428e-01 -3.924910413180095897e-02 -3.840812874447955272e-01 2.057375155527006449e-01 -3.518644855167671892e-01 2.658342140115995123e-01
-5.000000000000000000e+00 2.177637611981019794e-01 2.344234118836807934e-01 3.380146371336918976e-01 3.048403167314595041e-01 1.365184480699221936e-03 -2.078100518353400566e-02 -2.240709144104620076e-01 -4.798800301945075480e-02 -2.461632052790410363e-01 2.783488383326065407e-01 -2.934527683398962528e-01 1.791955713698882846e-01
-4.500000000000000000e+00 1.336071688111729605e-01 2.214050654003672791e-01 2.245909125809721907e-01 3.875972891383792640e-01 -4.286629923630649874e-02 3.100661192449713499e-02 -2.012944710917954350e-01 1.878241859777452644e-02 -1.523342811169637878e-01 3.679674255923036652e-01 -2.670022759741262353e-01 1.179041533258501362e-01
-4.000000000000000000e+00 1.007164280547147989e-02 1.771265387482485465e-01 1.131108385437804287e-01 3.862841669177577986e-01 -1.196313068368402288e-01 1.092664674751260903e-02 -9.145304858114353119e-02 4.730317203169627505e-02 -3.660877141917341648e-02 3.955282523235234549e-01 -1.520105531572666924e-01 2.103979656284172411e-02
-3.500000000000000000e+00 -3.839708538813088601e-02 9.746781751733013532e-02 7.564786420386929167e-02 3.487613344402272220e-01 -7.544638442259989086e-02 2.664184509757569833e-02 -2.413300388350557713e-01 7.801101834279837444e-02 -8.464727236769165053e-03 3.287270141803689816e-01 -2.902157591344050047e-01 5.418149153620974157e-02
-3.000000000000000000e+00 -1.744401695525993334e-01 -6.706837632186417320e-02 7.867553290855790193e-03 1.736649589801294025e-01 -9.053168049225682190e-02 -7.446218823909851736e-02 -3.387653676081780474e-01 1.330886435174685745e-02 -3.678698563736772231e-02 1.413877377226102072e-01 -3.823712394465801356e-01 -2.961641625564236796e-03
-2.500000000000000000e+00 -1.554844703201876954e-01 -9.445702062018002110e-02 5.626462808070043647e-03 1.318988616196477559e-01 -1.646203427630349089e-02 -5.890977389414066984e-02 -4.659893549155886827e-01 -8.568544572924050029e-02 -8.444215151537441677e-02 4.436763086481603641e-02 -5.430489340599768955e-01 1.191964820530549973e-03
-2.000000000000000000e+00 -1.007297055515762874e-01 -1.209797468291492484e-01 3.675396071622313160e-02 6.389207235321839318e-02 -2.476210576654941029e-02 -9.211932983344593706e-02 -5.200666415382505514e-01 -2.016751885464664884e-01 -1.265502053960354534e-01 -5.396520521014263466e-02 -5.813189084233121307e-01 1.596318279622627179e-02
-1.500000000000000000e+00 5.071228433238506722e-02 2.417556161886036392e-02 2.186125161056117761e-01 1.648746532561759237e-01 7.365822536518153163e-02 -1.610954389285211216e-02 -5.490670335587440887e-01 -1.030363085469030854e-01 -9.163081977813763990e-02 -1.359860708150156250e-01 -6.672150961901138766e-01 1.560680262696106380e-01
-1.000000000000000000e+00 1.749853535101911495e-01 1.172146722972731286e-01 3.560158761256153603e-01 2.107764922731211465e-01 1.664473669098904818e-01 6.354627696430095729e-03 -4.600447020671273313e-01 -3.819118957719339069e-02 -1.309870158735295387e-01 -2.382978382828828123e-01 -5.994626622015432060e-01 2.557081361092742866e-01
-5.000000000000000000e-01 3.403188419956399979e-01 2.651481493130285472e-01 5.620952516710866487e-01 3.102759602704775466e-01 2.805296171345247891e-01 1.602563862198397859e-01 -4.224676234276150133e-01 4.487759531460023404e-02 -3.676592947286597829e-02 -2.553088652393583069e-01 -6.514340448998390265e-01 4.138393905116494187e-01
0.000000000000000000e+00 4.856573650303072087e-01 3.808348028265767238e-01 7.027738800405833874e-01 3.781616381921254488e-01 3.600817018836194316e-01 2.626124772529644935e-01 -2.254044674684289040e-01 7.821396730655336138e-02 8.455904126491398110e-02 -2.438728225267847716e-01 -4.466760489227485365e-01 5.262162977534506902e-01
5.000000000000000000e-01 6.309545199368644663e-01 5.057967894847790191e-01 8.117740535415887138e-01 4.459035657829769628e-01 4.057283948468159984e-01 3.237080138347780411e-01 -2.035634562206310449e-01 8.424034329261623211e-02 1.816781516394194163e-01 -3.850771783002510107e-02 -4.837506090102953182e-01 6.541562984080502297e-01
1.000000000000000000e+00 7.387136239589393583e-01 5.984393926361726290e-01 8.331937800770192748e-01 4.749327670188169259e-01 4.108583631607724551e-01 3.367624376813631581e-01 -1.155023045492460237e-01 8.707923741236804627e-02 2.226071575281714510e-01 1.801720202623822153e-01 -3.713268759504960714e-01 7.262999137709672537e-01
1.500000000000000000e+00 7.958412782546955277e-01 7.126305929979848131e-01 8.665774548612017458e-01 6.166928795345307801e-01 5.465041443454969894e-01 4.540206121472436518e-01 1.909617990807402355e-02 1.879499570505883121e-01 4.520960310386277214e-01 3.672574325246305005e-01 -2.839215213431389717e-01 8.159962292044545817e-01
2.000000000000000000e+00 7.632271537419790253e-01 7.440064863902458026e-01 7.594948360483155803e-01 6.648516814952516452e-01 6.151856516696290189e-01 4.917863305438560095e-01 7.107268619134307630e-02 2.363618743160030289e-01 5.250895713831583711e-01 5.022474293030467773e-01 -1.856186699421842612e-01 8.048843524081239487e-01
2.500000000000000000e+00 7.379500103344973638e-01 7.816303447657968473e-01 6.200226868198823738e-01 7.557761186904423667e-01 7.310729322447427903e-01 6.118759837600662443e-01 2.012119761904511139e-01 3.491304023918417876e-01 5.299514244012398789e-01 6.110258968096495824e-01 -8.766171357183620561e-02 7.751212464062057217e-01
3.000000000000000000e+00 6.283463314904997876e-01 7.160237157326592161e-01 3.843253800599351067e-01 7.456052057651186837e-01 7.415613553130833147e-01 6.173034667232304429e-01 2.295098184658838636e-01 3.483822609274452864e-01 3.801909302610675945e-01 6.434224153975753868e-01 -3.883274626539862801e-02 6.634910139767334902e-01
3.500000000000000000e+00 5.941361603914065981e-01 6.660285115683154400e-01 2.643229771362282099e-01 7.064290571019944398e-01 7.615827376874018118e-01 6.553906512692366793e-01 2.485817007670501066e-01 4.777693897288366465e-01 3.441180881867023089e-01 6.319031735538815919e-01 -7.265184224676830838e-02 6.701862806539313766e-01
4.000000000000000000e+00 4.952566596966598844e-01 5.456284635203426658e-01 1.350617840273135029e-01 6.055946651397339231e-01 6.880623391838680547e-01 6.272104564104228341e-01 2.265899196165602481e-01 4.924724182415882723e-01 2.031812640810964909e-01 5.631993520495253147e-01 -8.783757967052628624e-02 6.216654741220658531e-01
4.500000000000000000e+00 4.763367455375662196e-01 5.317777771424022637e-01 1.526392096058781789e-01 6.151573307710236360e-01 6.925173977614342835e-01 7.106621952836751355e-01 3.445470485357560175e-01 5.472611288076728586e-01 1.431615570043394681e-01 5.052671046999029913e-01 3.943743722478561253e-02 6.412805919345127004e-01
5.000000000000000000e+00 4.486882944762733416e-01 4.720102978623307854e-01 2.051768654954129190e-01 5.670717641638197692e-01 6.104793758968007911e-01 7.013278004397942578e-01 3.833317531207788842e-01 4.953454950675136859e-01 7.558843719589049270e-02 3.214029569007016418e-01 1.260719136458605116e-01 6.137224114304768996e-01
5.500000000000000000e+00 4.672688769280197718e-01 4.387093157291273027e-01 3.023075727780156763e-01 5.421485437316236888e-01 5.137914743145804986e-01 6.182152710112440719e-01 3.709374184258504847e-01 4.006559684422932310e-01 9.823257414613602301e-02 2.327310574084454076e-01 1.512496351631516522e-01 5.722482809111471003e-01
6.000000000000000000e+00 4.571810190293802423e-01 3.760336640609463488e-01 3.433856223257427676e-01 4.310564756502920369e-01 3.865802576405109603e-01 4.667969658688066459e-01 2.827408385793205858e-01 2.345454844544743178e-01 3.990317922232797937e-02 1.755512970362135272e-01 1.284867237942292351e-01 4.766907958188729699e-01
6.500000000000000000e+00 5.016770574156992346e-01 4.227518671065770839e-01 3.937202355738763648e-01 4.152773864283151317e-01 3.629389279857255790e-01 4.406554830391815614e-01 2.540376219709483685e-01 2.883168774647752453e-01 1.729287768105222112e-01 7.070843831561866855e-02 1.388154853914923270e-01 4.190624187104809995e-01
7.000000000000000000e+00 4.871161792756640851e-01 4.779712774868177805e-01 4.004071458565749975e-01 4.062819522352795198e-01 3.251836615307885925e-01 3.818037005396112127e-01 2.570886066449063478e-01 3.427058790162300084e-01 3.095284394743152978e-01 4.138481742038144923e-02 1.954117673701178948e-01 3.129198003658907323e-01
7.500000000000000000e+00 4.904297941142143902e-01 5.452662298644759264e-01 3.969345597402563208e-01 4.814155477120916071e-01 3.423546277802027582e-01 3.772175436355692524e-01 3.650175872928452803e-01 5.212885704489107486e-01 5.282571163254736746e-01 2.640416995488556809e-02 3.345606256088575758e-01 2.586532488884779601e-01
8.000000000000000000e+00 4.261570912153274104e-01 4.732263122035386127e-01 2.811994284487149276e-01 4.371047727170701003e-01 2.712062150047246933e-01 2.486418277505282326e-01 3.678106959986230939e-01 4.961175519327800654e-01 6.409345688359836535e-01 -3.873117499436701250e-02 3.814093483055209788e-01 1.223112653750368095e-01
8.500000000000000000e+00 3.801097835569880456e-01 3.255333015567140609e-01 1.777584836056285700e-01 3.604592678766539993e-01 1.606271696206579835e-01 9.466924426801022474e-02 2.710094403018287190e-01 3.448548647872657913e-01 7.421395490172071341e-01 -1.605767851927366041e-01 2.893032111525434269e-01 3.074223971518919712e-02
9.000000000000000000e+00 2.795770667681357624e-01 1.650597907276575849e-01 1.963579401908750396e-02 2.478903774193855214e-01 4.871604535423725013e-02 -2.248716289060462628e-02 1.533062959909141099e-01 1.807196706781996343e-01 7.649981404326094969e-01 -1.837253330637443338e-01 1.749315365728991711e-01 -7.035218388315020444e-02
9.500000000000000000e+00 1.741422398595463550e-01 1.030809412762801053e-01 -1.003085221119246195e-01 2.227114561433952700e-01 2.273655769682631986e-02 1.364760130023913963e-02 1.763397138145835485e-01 1.415325280161803256e-01 6.982734182068313089e-01 -9.111672924102427740e-02 1.681225603953859227e-01 -7.978105142380273462e-02
1.000000000000000000e+01 1.208024263017358491e-02 -1.573262401844771272e-02 -2.924455960928962206e-01 1.420159892210561547e-01 -3.023268518257046789e-02 3.992047924772943596e-02 1.783403158430467983e-01 1.260418147762457641e-01 4.902792713356178833e-01 -1.378344015395084610e-02 1.778835729345034922e-01 -1.655384495555275448e-01
1.050000000000000000e+01 -8.362093260949589324e-02 -9.026166719950612372e-02 -4.388109517837480156e-01 1.217271573039224453e-01 -8.242674824967460845e-03 1.057740053415593823e-01 2.953071270043977625e-01 1.913263712676936956e-01 2.530319603822426267e-01 -2.700575324746217268e-02 2.260698472257084424e-01 -1.956198992620928057e-01
1.100000000000000000e+01 -2.195877478144868111e-01 -2.276459654171777425e-01 -5.602580053691594841e-01 -4.630244277318302376e-02 -1.169268687873123713e-01 9.739095676573183979e-02 2.997820791250004335e-01 1.412431115586468278e-01 -6.774846847254357984e-02 -1.330182250994462190e-01 1.476737077095770789e-01 -2.731931655482444654e-01
1.150000000000000000e+01 -2.412380608905965451e-01 -2.628606407122996425e-01 -4.827829002741568232e-01 -1.978822585774373810e-01 -2.504298815848410298e-01 7.569233775951438037e-02 1.900742724609406076e-01 2.017251971825954199e-02 -2.797980754153635008e-01 -2.286899048144178659e-01 -6.853789462565355872e-02 -2.424809013839597238e-01
1.200000000000000000e+01 -2.983823549198315606e-01 -2.525200313969635513e-01 -4.150355152352613874e-01 -3.383739621440974288e-01 -3.819154033077071242e-01 3.837405816725186769e-02 8.038856016254394832e-02 1.460059901137424933e-02 -4.709705772067237506e-01 -2.465970395408031979e-01 -2.405467389701154701e-01 -2.198634994417796862e-01
1.250000000000000000e+01 -3.324302900418362738e-01 -1.903486818167337002e-01 -2.767200034540967524e-01 -3.764906681863324778e-01 -4.672631697867316580e-01 -3.985029665601008686e-02 -1.107473571262388295e-01 5.430557414014866580e-03 -5.350273858315285347e-01 -1.437387717153585653e-01 -3.396229597459617944e-01 -1.328932532786985532e-01
1.300000000000000000e+01 -3.984554761812582058e-01 -2.463586562026650051e-01 -2.291309488377976933e-01 -4.535761912662635842e-01 -5.076560850970956995e-01 -2.206841180974451755e-01 -2.780285622473930296e-01 -1.020246321088677521e-01 -5.933742480366456240e-01 -2.522911673323596782e-01 -4.485251423024723127e-01 -1.766455252333773152e-01
1.350000000000000000e+01 -4.017985142061826220e-01 -3.223025317965826919e-01 -1.485453394649178249e-01 -4.469158774695999869e-01 -4.183429178931525327e-01 -3.923221834810495245e-01 -2.768682984516241952e-01 -3.108464003866182601e-01 -5.017609180548423531e-01 -4.451513430732449983e-01 -1.649259087421273140e-01 -2.137413951253076538e-01
1.400000000000000000e+01 -4.735543053612082387e-01 -4.696498326962701420e-01 -1.331876789758033586e-01 -5.214393137908825970e-01 -4.299964069197118599e-01 -6.421588166483338522e-01 -4.708394478713318065e-01 -5.367482758518573593e-01 -5.035804169415816212e-01 -6.073678563246009965e-01 -2.914245552471897982e-01 -3.757065032798606596e-01
1.450000000000000000e+01 -4.738228599997929003e-01 -4.961815266975543870e-01 -3.335727520998000434e-02 -4.967982387866459737e-01 -3.850242497720788304e-01 -7.183515895039539467e-01 -4.944042399469226190e-01 -5.947829998670440821e-01 -3.833407094952842042e-01 -5.222028138215484283e-01 -2.016341874726394756e-01 -4.210259005394523246e-01
1.500000000000000000e+01 -4.971793674041611322e-01 -5.389055133883073889e-01 2.515484926903500604e-02 -5.074044811641629238e-01 -3.740622737925466401e-01 -7.621440089333797463e-01 -7.066272427049861138e-01 -6.254804139979719402e-01 -3.065430179823036005e-01 -3.051328506783190786e-01 -3.753562678749606252e-01 -4.652972904546814892e-01
