# time shift (tau) 	 correlation coefficient 	 number of simulations: 20000	 FR: True	 RSS: True
-1.000000000000000000e+01 5.630000000000000000e+02
-9.000000000000000000e+00 1.129000000000000000e+03
-8.000000000000000000e+00 6.160000000000000000e+02
-7.000000000000000000e+00 4.600000000000000000e+01
-6.000000000000000000e+00 4.500000000000000000e+01
-5.000000000000000000e+00 1.580000000000000000e+02
-4.000000000000000000e+00 8.900000000000000000e+01
-3.000000000000000000e+00 4.300000000000000000e+01
-2.000000000000000000e+00 1.300000000000000000e+01
-1.000000000000000000e+00 5.000000000000000000e+00
0.000000000000000000e+00 6.000000000000000000e+00
1.000000000000000000e+00 1.100000000000000000e+01
2.000000000000000000e+00 1.270000000000000000e+02
3.000000000000000000e+00 4.920000000000000000e+02
4.000000000000000000e+00 2.577000000000000000e+03
5.000000000000000000e+00 3.744000000000000000e+03
6.000000000000000000e+00 7.280000000000000000e+02
7.000000000000000000e+00 9.420000000000000000e+02
8.000000000000000000e+00 3.146000000000000000e+03
9.000000000000000000e+00 3.410000000000000000e+02
1.000000000000000000e+01 5.610000000000000000e+02
1.100000000000000000e+01 9.620000000000000000e+02
1.200000000000000000e+01 3.330000000000000000e+02
1.300000000000000000e+01 1.350000000000000000e+02
1.400000000000000000e+01 1.000000000000000000e+01
1.500000000000000000e+01 2.400000000000000000e+01
1.600000000000000000e+01 2.180000000000000000e+02
1.700000000000000000e+01 7.000000000000000000e+00
1.800000000000000000e+01 6.480000000000000000e+02
1.900000000000000000e+01 2.281000000000000000e+03
2.000000000000000000e+01 0.000000000000000000e+00
2.100000000000000000e+01 0.000000000000000000e+00
