# time shift (tau) 	 correlation coefficient 	 number of simulations: 20000	 FR: True	 RSS: True
-1.000000000000000000e+01 8.800000000000000000e+01
-9.000000000000000000e+00 5.200000000000000000e+01
-8.000000000000000000e+00 1.000000000000000000e+00
-7.000000000000000000e+00 1.000000000000000000e+00
-6.000000000000000000e+00 2.000000000000000000e+00
-5.000000000000000000e+00 3.000000000000000000e+00
-4.000000000000000000e+00 2.000000000000000000e+00
-3.000000000000000000e+00 4.000000000000000000e+00
-2.000000000000000000e+00 1.000000000000000000e+00
-1.000000000000000000e+00 1.000000000000000000e+00
0.000000000000000000e+00 6.000000000000000000e+00
1.000000000000000000e+00 4.300000000000000000e+01
2.000000000000000000e+00 4.140000000000000000e+02
3.000000000000000000e+00 3.460000000000000000e+03
4.000000000000000000e+00 3.130000000000000000e+03
5.000000000000000000e+00 7.340000000000000000e+03
6.000000000000000000e+00 8.410000000000000000e+02
7.000000000000000000e+00 4.830000000000000000e+02
8.000000000000000000e+00 1.490000000000000000e+02
9.000000000000000000e+00 4.000000000000000000e+01
1.000000000000000000e+01 6.000000000000000000e+01
1.100000000000000000e+01 9.100000000000000000e+01
1.200000000000000000e+01 5.700000000000000000e+01
1.300000000000000000e+01 2.300000000000000000e+01
1.400000000000000000e+01 1.000000000000000000e+00
1.500000000000000000e+01 1.000000000000000000e+00
1.600000000000000000e+01 9.500000000000000000e+01
1.700000000000000000e+01 8.300000000000000000e+01
1.800000000000000000e+01 1.228000000000000000e+03
1.900000000000000000e+01 2.300000000000000000e+03
2.000000000000000000e+01 0.000000000000000000e+00
2.100000000000000000e+01 0.000000000000000000e+00
