# time shift (tau) 	 correlation coefficient 	 number of simulations: 10000	 FR: True	 RSS: True
-1.000000000000000000e+01 1.154000000000000000e+03
-9.000000000000000000e+00 9.900000000000000000e+02
-8.000000000000000000e+00 1.679000000000000000e+03
-7.000000000000000000e+00 6.860000000000000000e+02
-6.000000000000000000e+00 1.091000000000000000e+03
-5.000000000000000000e+00 7.200000000000000000e+01
-4.000000000000000000e+00 6.200000000000000000e+01
-3.000000000000000000e+00 1.000000000000000000e+01
-2.000000000000000000e+00 3.000000000000000000e+00
-1.000000000000000000e+00 0.000000000000000000e+00
0.000000000000000000e+00 8.400000000000000000e+01
1.000000000000000000e+00 2.100000000000000000e+02
2.000000000000000000e+00 5.120000000000000000e+02
3.000000000000000000e+00 4.600000000000000000e+01
4.000000000000000000e+00 1.350000000000000000e+02
5.000000000000000000e+00 6.000000000000000000e+01
6.000000000000000000e+00 1.400000000000000000e+01
7.000000000000000000e+00 3.700000000000000000e+01
8.000000000000000000e+00 9.910000000000000000e+02
9.000000000000000000e+00 6.500000000000000000e+02
1.000000000000000000e+01 6.830000000000000000e+02
1.100000000000000000e+01 3.960000000000000000e+02
1.200000000000000000e+01 3.070000000000000000e+02
1.300000000000000000e+01 1.040000000000000000e+02
1.400000000000000000e+01 1.100000000000000000e+01
1.500000000000000000e+01 1.300000000000000000e+01
