# time shift (tau) 	 correlation coefficient 	 number of simulations: 20000	 FR: True	 RSS: True
-1.000000000000000000e+01 3.000000000000000000e+01
-9.000000000000000000e+00 7.000000000000000000e+00
-8.000000000000000000e+00 8.000000000000000000e+00
-7.000000000000000000e+00 1.800000000000000000e+01
-6.000000000000000000e+00 3.200000000000000000e+01
-5.000000000000000000e+00 1.120000000000000000e+02
-4.000000000000000000e+00 1.800000000000000000e+01
-3.000000000000000000e+00 2.000000000000000000e+01
-2.000000000000000000e+00 2.000000000000000000e+00
-1.000000000000000000e+00 1.000000000000000000e+00
0.000000000000000000e+00 4.300000000000000000e+01
1.000000000000000000e+00 7.271000000000000000e+03
2.000000000000000000e+00 1.007200000000000000e+04
3.000000000000000000e+00 2.980000000000000000e+02
4.000000000000000000e+00 1.010000000000000000e+02
5.000000000000000000e+00 1.370000000000000000e+02
6.000000000000000000e+00 2.610000000000000000e+02
7.000000000000000000e+00 1.300000000000000000e+01
8.000000000000000000e+00 1.000000000000000000e+00
9.000000000000000000e+00 0.000000000000000000e+00
1.000000000000000000e+01 0.000000000000000000e+00
1.100000000000000000e+01 0.000000000000000000e+00
1.200000000000000000e+01 5.000000000000000000e+00
1.300000000000000000e+01 4.000000000000000000e+01
1.400000000000000000e+01 4.500000000000000000e+01
1.500000000000000000e+01 4.000000000000000000e+00
1.600000000000000000e+01 1.160000000000000000e+02
1.700000000000000000e+01 4.470000000000000000e+02
1.800000000000000000e+01 3.450000000000000000e+02
1.900000000000000000e+01 5.530000000000000000e+02
2.000000000000000000e+01 0.000000000000000000e+00
2.100000000000000000e+01 0.000000000000000000e+00
