# Cont4010 timestamps [MJD], fluxes [ergs/s/cm2/A], fluxerrs [ergs/s/cm2/A]
5.758166000000000349e+04 3.945509537980158507e-15 0.000000000000000000e+00
5.758266000000000349e+04 4.240481985597890566e-15 0.000000000000000000e+00
5.758365000000000146e+04 3.664283164546942861e-15 0.000000000000000000e+00
5.758377999999999884e+04 3.728613199308538836e-15 2.507773256114565085e-17
5.758458000000000175e+04 3.771885147968445651e-15 0.000000000000000000e+00
5.758556999999999971e+04 3.417619123493491687e-15 0.000000000000000000e+00
5.758654000000000087e+04 3.384375621412602161e-15 0.000000000000000000e+00
5.758755999999999767e+04 3.897532533056490868e-15 2.990970312329140030e-18
5.758848000000000320e+04 3.875521323130903806e-15 0.000000000000000000e+00
5.758941000000000349e+04 4.063316574350181107e-15 0.000000000000000000e+00
5.759041000000000349e+04 4.199481355786046158e-15 3.225007188332666601e-18
5.759140000000000146e+04 3.796763776178725333e-15 0.000000000000000000e+00
5.759238999999999942e+04 3.794941808309181333e-15 0.000000000000000000e+00
5.759338999999999942e+04 3.825065688045333270e-15 1.401346330864878848e-17
5.759431999999999971e+04 3.786718812457236585e-15 0.000000000000000000e+00
5.759530999999999767e+04 3.824410508060632069e-15 0.000000000000000000e+00
5.759643000000000029e+04 3.471778833657405278e-15 8.669396703040428341e-18
5.759741999999999825e+04 3.277673716376675473e-15 3.734220819854735419e-17
5.759829000000000087e+04 3.208742916282949359e-15 0.000000000000000000e+00
5.759927999999999884e+04 3.093617162707460247e-15 9.140929349376133231e-17
5.760020999999999913e+04 3.024139073450689448e-15 0.000000000000000000e+00
5.760219999999999709e+04 2.662711808923174002e-15 0.000000000000000000e+00
5.760319000000000233e+04 2.732808761627032474e-15 1.282179185780165720e-17
5.760418000000000029e+04 2.709455745633876193e-15 0.000000000000000000e+00
5.760523999999999796e+04 2.754299787443886989e-15 0.000000000000000000e+00
5.760616999999999825e+04 2.709461251348033346e-15 0.000000000000000000e+00
