# Cont6110 timestamps [MJD], fluxes [ergs/s/cm2/A], fluxerrs [ergs/s/cm2/A]
5.758166000000000349e+04 2.114822875965754081e-15 2.631202494920754358e-17
5.758266000000000349e+04 2.269909173479938390e-15 1.764005209035549114e-17
5.758365000000000146e+04 2.057906638247159509e-15 4.898600598319995567e-18
5.758377999999999884e+04 2.134190319597763391e-15 1.170890231461242610e-17
5.758458000000000175e+04 2.043716259988768483e-15 1.485834029268777319e-17
5.758556999999999971e+04 1.849103064111844237e-15 1.956169076939423854e-17
5.758654000000000087e+04 1.770029556223820045e-15 1.534913065689670181e-17
5.758755999999999767e+04 2.011966500510361917e-15 1.068005997599191060e-17
5.758848000000000320e+04 2.079883331580145958e-15 1.166734550382475017e-17
5.758941000000000349e+04 2.056755767523117066e-15 1.147121798766036957e-17
5.759041000000000349e+04 2.109616114020354329e-15 1.406977019866276879e-17
5.759140000000000146e+04 2.068219582017335836e-15 2.129407500602596331e-17
5.759238999999999942e+04 2.012626480348431155e-15 3.233003602042274053e-17
5.759338999999999942e+04 2.025131439506983205e-15 1.058935862473749309e-17
5.759431999999999971e+04 2.076221043460533852e-15 6.885110189824915601e-18
5.759530999999999767e+04 2.110093502797799427e-15 8.140163158993142422e-18
5.759643000000000029e+04 1.896085122959843294e-15 1.402323607257139648e-17
5.759741999999999825e+04 1.847814656412991377e-15 9.471755935123284747e-18
5.759829000000000087e+04 1.819281698663499963e-15 1.332570707511708216e-17
5.759927999999999884e+04 1.768466462798780640e-15 1.527494157662388324e-17
5.760020999999999913e+04 1.670051610481434806e-15 1.299611362756666471e-17
5.760219999999999709e+04 1.558253972881345915e-15 5.640358252937074379e-18
5.760319000000000233e+04 1.535833981326110112e-15 1.399249205258297592e-17
5.760418000000000029e+04 1.489339213474058430e-15 2.173421164150141570e-17
5.760523999999999796e+04 1.518757867695542290e-15 1.240886808747458455e-17
5.760616999999999825e+04 1.511950475656696291e-15 1.977136938839939906e-17
