# Cont1150 timestamps [MJD], fluxes [ergs/s/cm2/A], fluxerrs [ergs/s/cm2/A]
5.758166000000000349e+04 9.826926937656944545e-15 4.035869723845200518e-16
5.758266000000000349e+04 1.133039960524603521e-14 4.291303114912568146e-16
5.758365000000000146e+04 8.430419312947454485e-15 2.585829202729480129e-16
5.758377999999999884e+04 7.568061930314723754e-15 4.830936682279428545e-16
5.758458000000000175e+04 6.792716416587948917e-15 4.151270964331991234e-16
5.758556999999999971e+04 6.404084853721309757e-15 3.665673523532568261e-16
5.758654000000000087e+04 7.194030462601670155e-15 3.985688237073293311e-16
5.758755999999999767e+04 9.934665801602723314e-15 3.581008011313872636e-16
5.758848000000000320e+04 1.036329428847314358e-14 4.002849526700431726e-16
5.758941000000000349e+04 1.116823562747953598e-14 4.478203783691670229e-16
5.759041000000000349e+04 1.265100220762538300e-14 8.396628865009599190e-16
5.759140000000000146e+04 9.101158671732221799e-15 3.926442114345262382e-16
5.759238999999999942e+04 7.881898366356440058e-15 1.689366784781778802e-16
5.759338999999999942e+04 9.166883205069314630e-15 2.532610290237111270e-16
5.759431999999999971e+04 9.678375061697138196e-15 5.063831490915165046e-16
5.759530999999999767e+04 9.357493429116634249e-15 4.226147424882482032e-16
5.759643000000000029e+04 7.683070539233606965e-15 5.565829234598171511e-16
5.759741999999999825e+04 6.883683957592013864e-15 3.303313793316919146e-16
5.759829000000000087e+04 6.891760120282552395e-15 4.923030049357968630e-16
5.759927999999999884e+04 7.696588168632249524e-15 2.895383544838187941e-16
5.760020999999999913e+04 5.163336381264870484e-15 2.066612460979971650e-16
5.760219999999999709e+04 5.939168374247684777e-15 2.676756785988919010e-16
5.760319000000000233e+04 4.791317534420570989e-15 2.735361959479311059e-16
5.760418000000000029e+04 5.000755296240711448e-15 2.858654016849617694e-16
5.760523999999999796e+04 4.350979889962761398e-15 2.127337791395312493e-16
5.760616999999999825e+04 5.587411190776418587e-15 2.570888079979314885e-16
