# HeI5875 timestamps [MJD], fluxes [ergs/s/cm2/A], fluxerrs [ergs/s/cm2/A]
5.758166000000000349e+04 8.835415313414752654e-14 4.524717373833747342e-17
5.758266000000000349e+04 9.384720504728856718e-14 2.121520408144058074e-16
5.758365000000000146e+04 8.493106645726209535e-14 1.230337645950251020e-16
5.758377999999999884e+04 8.900478043460824633e-14 1.184071752762015032e-16
5.758458000000000175e+04 8.633888625222526118e-14 5.572786817169803592e-17
5.758556999999999971e+04 8.336766451656441595e-14 1.838745567820378561e-16
5.758654000000000087e+04 8.459385917549439108e-14 9.231647813838094943e-17
5.758755999999999767e+04 7.994924036648343378e-14 8.799058735728999007e-17
5.758848000000000320e+04 7.689389573410654971e-14 1.259816794038554437e-16
5.758941000000000349e+04 8.229762969712847785e-14 2.997021718463351461e-17
5.759041000000000349e+04 8.460968168229258045e-14 5.338179132688626855e-17
5.759140000000000146e+04 8.382721422505989984e-14 1.430727137173176950e-16
5.759238999999999942e+04 9.094548874779349888e-14 1.477312749388472597e-16
5.759338999999999942e+04 9.036330417254111280e-14 6.592093136839081411e-17
5.759431999999999971e+04 8.771093643720259942e-14 7.344617062422653623e-17
5.759530999999999767e+04 9.126814408200324451e-14 9.493356818014174198e-17
5.759643000000000029e+04 8.913295087252777695e-14 7.316959075757605100e-17
5.759741999999999825e+04 8.612670078677941905e-14 1.772123054039630573e-17
5.759829000000000087e+04 9.062291031804034599e-14 1.228157405600421802e-16
5.759927999999999884e+04 8.572039379894796076e-14 8.479546757084102320e-17
5.760020999999999913e+04 7.761918956435161141e-14 2.158531958950044214e-16
5.760219999999999709e+04 8.142831084063723028e-14 1.216394424381126711e-16
5.760319000000000233e+04 6.700795973466547127e-14 2.944310892803445405e-17
5.760418000000000029e+04 7.583827187642798465e-14 1.532501846364391947e-16
5.760523999999999796e+04 7.399182421393912348e-14 2.159886245156773115e-17
5.760616999999999825e+04 7.693529206645239338e-14 8.774597043600403302e-18
