# time shift (tau) 	 number of simulations: 1000	 FR: True	 RSS: True
-5.058103702934276802e-01
-4.940990847295086419e-01
-4.912223042548410912e-01
-4.921298039205209141e-01
1.431637898659960939e+00
-5.135667729457528141e-01
6.188963869759398495e-01
2.166273975931313003e-02
4.468930845067206725e+00
-4.747439651715829045e-01
-9.340339338901039179e-01
2.345213169195802028e+00
2.425742774697002613e+00
2.487216094907039945e-02
-5.139883438875871846e-01
-5.183082482472366470e-01
-4.982396563001184053e-01
-1.029757663226309905e+00
1.234601270078515167e+00
-1.019493902506098060e+00
-4.725309998660660038e-01
9.440724345789200944e-01
-9.647945419380222765e-01
-2.401831440308904893e-03
2.500832089031157057e+00
-5.596027096340880913e-01
7.386715319417141989e-01
-9.956703440121246196e-01
-8.405841645846781271e-03
-5.180090771977765574e-01
-4.602264076087169697e-01
6.484156232562155786e+00
1.382705376677995535e+00
-5.274844028233831583e-01
-4.756603088399446455e-01
-1.535529879152722384e-02
0.000000000000000000e+00
-4.960042119432844787e-01
-2.447960472761653503e-02
1.873294808938416933e+00
-4.047445399089720508e-02
4.633521692590886865e+00
3.067257936766361048e+00
1.421201380905346756e+00
-4.994916009301411663e-01
-1.427246648536363516e+00
-2.981595877194806454e-02
1.896932861275079096e+00
-5.044094074588268972e-01
1.474162461017807901e+00
-4.470232508088735623e-01
1.589130653568347373e+00
4.245546130399541873e+00
1.419844715654018819e+00
4.464281329484272476e+00
-9.900033956446803174e-01
-4.713171890718818591e-01
-9.658518351998466311e-01
-2.793237926182720859e-03
2.453168211791601827e+00
-5.217345118452704211e-01
-5.011092332210161926e-01
-4.848561914605934997e-01
-5.127894590013019060e-01
-1.762996283848207446e-02
-4.844581920238016370e-01
-9.919774352000078066e-01
4.153183291474474181e+00
-9.600538362787723878e-01
-5.127371399087120585e-01
5.262066584740401787e+00
1.426759221440972114e+00
-9.482159259081578417e-01
-5.379988618754061314e-01
-9.890180717332318627e-01
-2.085758805059371307e-02
-4.673722525108122694e-01
4.562123118817785761e-01
-1.486642286451899109e+00
4.280871559650160307e+00
1.861788300687858388e+00
-5.048186560384471111e-01
6.770865273479844682e-01
1.933377586061338027e+00
-5.226630800442338964e-01
-9.425303952330471580e-01
6.301268730942831020e+00
3.701366168986028438e+00
2.609317976592243404e+00
-4.933292616200982139e-01
8.407673004966872421e-01
-9.830336462756829041e-01
6.641156599211743838e+00
2.448753129735920187e+00
1.189243509968052726e+00
4.649906303966171883e+00
3.139390719690488777e-03
2.663746780793124991e+00
-4.802125038631490650e-01
9.378907269822841286e+00
-2.359033799292532818e-02
3.215205981739588381e-02
3.541889063008012428e+00
-1.012400541619765226e+00
2.842743166868206384e+00
-4.759323587205933070e-01
2.408669962828783095e+00
-5.005231904338587334e-01
2.855112458647122597e+00
-9.974659961726887181e-01
-9.449379195950085020e-01
2.780532825776790951e+00
-4.998530771072137169e-01
-4.741760433323605750e-01
-5.006275795109502713e-01
-9.469006856930226590e-01
7.698443341565926801e+00
-2.962695298342159500e-01
-2.629808105418868225e-02
2.088615768777514425e+00
-5.688285488367810228e-01
5.963775054242451468e+00
2.793776741471231340e+00
-5.451700893901314515e-01
-2.070123061647767895e-02
-4.832878060180120783e-01
5.713195334759958444e-01
-9.762853401273869913e-01
-5.358059418760623416e-01
1.581823168640418942e+00
5.131694472311546518e-01
1.785852102598008972e+00
2.968915030852285475e-01
5.124379509559225943e-01
1.424549224642040687e-02
-5.323630544159483335e-01
4.642927818294174114e-01
-9.266233764962592545e-01
-9.764530840190294159e-01
-9.381287735695091889e-01
-5.116031497321188448e-01
4.362766341171605416e-02
7.245576447672546827e+00
-9.480961540504430698e-03
1.136513025088888851e+00
3.573394643126715842e+00
3.538471951368197255e-01
-9.724387061333811255e-01
-5.508650535621795186e-01
-9.547139094791837755e-01
2.381411777593971824e+00
-4.883369832700762414e-01
-9.536920721954741387e-01
-1.387283386312260051e-02
2.432793172173573826e+00
1.207390544169966752e-02
-9.574612485389073502e-01
-4.721522807933799526e-01
3.503735130863760983e+00
-9.498577752608790004e-01
-1.890519530034178233e-02
-9.496040863799922738e-01
3.867374119177151570e+00
4.353699390664285684e-01
-1.443742352241370597e+00
3.196750703464682486e-01
8.267446100025143130e-01
-9.301774840115470955e-01
7.080539245421832995e-01
2.028114343836966871e+00
9.375024315439897116e-01
1.299999999999999822e+01
2.950260570120330494e-02
4.699564181278402253e-01
-5.005636281158136747e-01
-9.913681738970900881e-01
-4.846658134569542531e-01
3.080139826945068826e+00
-3.210796065700464996e-02
5.178112017801903555e-01
-5.585698440342455884e-01
5.729847669537634580e+00
-4.727758836970477607e-01
-2.312780882970203247e-02
-9.438801545728677800e-01
1.463127171396949144e+00
-4.860770319261633055e-01
-4.783581869553246158e-01
1.333703505089117058e+00
5.152855286195149986e+00
-2.744491850211630210e-02
2.422841443303101805e+00
1.449472738211733842e-02
-9.399592695669815035e-01
-5.511324805541820832e-02
8.076154689596825031e-01
5.390374430463716671e+00
-9.399190607474519066e-01
-5.299881668219297293e-01
-2.112629616566540081e-02
-2.653199173002103450e-02
-9.849870589979955460e-01
-9.977289755705319729e-01
2.999263497792537869e+00
-9.384759280961672001e-01
-5.170282569931162753e-01
4.748764474962814952e-01
-4.811875390425453536e-01
-4.837523291795304825e-01
9.092171313743933059e-01
3.241484839502126736e+00
-9.629563252774338000e-01
4.632805732806366095e+00
-5.419328398207660102e-01
2.328274347282297096e+00
-4.851977634088696645e-01
-9.429918993561526852e-01
4.485665266054805755e+00
5.343559454356844318e-02
3.334100433136331976e+00
-4.737963078798762551e-01
-9.459793569493889498e-01
-9.692230894983233647e-01
1.074342166687152454e-02
-9.508126925295491416e-01
2.238863958551513100e+00
-5.048109722086995266e-01
-4.533090652988701064e-01
-4.839643003120868703e-01
1.459890416946031166e+00
1.555493486584995200e+00
2.529337821152477961e+00
4.124718290808149779e-01
3.041492526096226445e+00
6.542215128593923401e-01
2.411049225340184954e+00
1.908584184233719894e+00
-4.247300510043355848e-01
-4.684514577716780148e-01
-5.661323565373891364e-01
1.198054391477446190e+00
-1.009960933473789790e+00
7.412457945334957055e-01
1.394990502863093562e+00
1.149919694134327264e+00
-4.905236698226153047e-01
2.998655305515652181e+00
-4.897922756304030067e-01
-9.546781890793220038e-01
1.008397658752900217e+00
1.662536510122189837e+00
4.620465338984952597e-01
-5.214288187015134746e-01
4.348836185261443887e+00
-9.600177126072028111e-01
-4.814736178116280074e-01
-1.009327432780616096e+00
4.717868074722461058e-01
-4.725850218922443280e-01
1.326237339419293448e+00
2.717494593734746999e+00
-9.555799624406324799e-01
5.380228075734203586e+00
-2.911691846060871641e-02
-9.914668657653258332e-01
6.641931662893100219e-01
-3.825125242283606425e-02
1.349513134404384473e+00
-9.945881851107074567e-01
-5.126446317622586069e-01
1.143426816997999973e+00
3.311886441452799090e+00
-5.195194820852215567e-02
2.610734532187450885e+00
-9.697195311517888827e-01
-9.591808121065877879e-01
-1.537594116755459754e-02
-9.422280558474195322e-01
-5.257974235794667939e-01
8.871452673677291401e-01
-9.636642296936241969e-01
1.115736236026334760e+00
-5.017654699409495045e-01
2.821402633074919120e+00
-1.852433821837515954e-02
4.206429070911933410e-01
2.973342998362112244e+00
-5.152199950730184108e-01
-4.728727223023653781e-01
-3.193900831647050048e-02
-9.754926037678317563e-01
-9.612768692475384125e-01
-5.099368185188510871e-01
-5.471087232847188231e-01
1.809670229670170327e+00
6.605307457137797877e-01
5.202469248855119410e-01
-4.741201256762982985e-01
4.405775715622169741e+00
2.671246657016861370e+00
-5.318459237667930717e-01
1.470825993842095558e+00
2.911225333633794821e-02
-9.783916000768630994e-01
-9.419883903787540369e-01
-1.486054206248896836e+00
-5.508480922776017863e-01
-4.343871869379008210e-02
-1.341431397588174063e-02
2.205711939197279925e+00
5.119978548088253589e+00
6.157763158426998208e-04
4.490638953097765729e+00
-9.522357346099846742e-01
-9.725235140324191008e-01
6.438577323174227152e-01
-4.549539378281765578e-01
2.331350317164487596e+00
-5.237470996153087421e-01
-9.413956822911592193e-01
-9.991949822392490743e-01
7.101455554910670598e-01
1.266016162467853645e+00
-5.190882734537091148e-01
1.802063727819478434e+00
-4.961311857737255582e-01
-2.511669341529301769e-02
-4.741540687095439632e-01
-4.943283212167602914e-01
-5.536145345817909957e-01
-4.914954176730418345e-01
2.101038691083221721e+00
-9.596796796305157029e-01
1.031547377954525446e+00
-9.559857327425136386e-01
-9.799729383768365221e-01
-4.923277615136486540e-01
-4.924368001744840462e-01
4.540208512013624853e-01
-3.321550601804413444e-02
2.086397618170927615e+00
-1.109266279634982144e+00
1.245792794685977434e+01
5.075576441369354264e+00
-4.917312373390232971e-01
-1.491536970089001102e+00
-4.810040981357543988e-01
-5.095515571684302580e-01
-4.651503212688751776e-01
1.605421469955490954e+00
-4.901308728793360991e-01
-9.906083095159446961e-01
-9.622879857130720582e-01
1.926712579780830881e+00
1.258440414826696774e+00
1.464274271289389029e+00
2.654565863876060305e+00
-1.041183064997319274e+00
3.415135127072127741e+00
-1.067472036700707116e+00
8.761713896200616913e-01
2.926253085991249669e+00
-1.460662292974903131e+00
4.733315440295237764e+00
-5.206915708244720387e-01
-4.642931800845441770e-01
2.449195609075919045e+00
-5.011181143854085418e-01
-4.920725516660644505e-01
-1.847402127196388216e-02
-4.478886457812789601e-01
2.407520740855875641e+00
1.499999999999999822e+01
6.922534429363174507e-03
-9.819158346228695766e-01
-4.988729321903683789e-01
-5.344770841461247146e-01
5.421169577838503173e+00
-5.355529197741529246e-02
1.851528994828253616e+00
2.386675342230966557e+00
-4.899390849770520751e-01
-1.034323556459949556e-01
2.987506958530575574e+00
1.057777265646409282e+00
-5.013163262724278368e-01
4.512582352470765890e-01
-5.461889151135570497e-01
-3.883966510004793066e-02
-4.626011561034277242e-01
-4.897155316538640002e-01
1.353957363552580562e+00
-9.784362701795155104e-01
7.204835011458602390e-01
-4.680316214895157145e-01
2.803160793230402348e+00
-9.445104477857181324e-01
2.781810433697609497e+00
1.343315895641159718e+00
1.929196469278635861e+00
-5.315770029260558083e-01
-2.281134021589594982e-02
-1.001198872827222308e+00
1.471413620481099471e+00
6.094804163412587128e-01
-5.422145066643591083e-01
-9.928589883821924422e-01
-5.014244217036842866e-01
2.292679238242718576e+00
2.926216361981752723e+00
2.444258059637016256e+00
1.620772295696582210e+00
-9.265220486097568431e-01
-4.983508919303137330e-01
7.288669189426982831e-01
-9.836109241807681203e-01
-9.378303528179166015e-01
-4.986144947814370454e-01
-4.708304173813703808e-01
-9.849414858047650378e-01
4.429299582904973498e+00
-9.489464739060108345e-01
-4.841745525011913465e-01
-9.877628627941007489e-01
-1.096263322617827690e-02
5.887430558586220775e-01
-5.218989407590732821e-01
5.152365007542067943e+00
-9.765100326028484101e-01
-1.514014432862760051e+00
-4.883020821492620733e-01
-1.026749906792645897e-02
-6.096935662602678829e-03
-2.746403810658261738e-02
2.092304516930550140e-02
-5.589937897147211066e-02
5.070436787071492368e+00
5.636026048201829397e+00
-5.488282659489625015e-01
2.341935578831239706e+00
3.071512549505769130e+00
-4.527308510824743504e-01
-1.473055028123438692e+00
-1.460713457293987938e+00
-4.665664732595501962e-01
-4.983059227604141883e-01
1.163401548771767047e+00
-5.029526620128714764e-01
1.127591864441437108e+00
4.701101802485783132e+00
-9.445606965167377966e-01
3.274223273475693308e+00
9.390434780066777565e-01
1.135625255278170709e+00
-5.422075958262156936e-01
-1.000000000000000000e+00
2.408802044581300983e+00
3.674740018473053205e+00
4.786945492433970273e+00
-5.126119155102962788e-01
-4.615421380374266080e-01
-5.169377201976759206e-01
1.815103370718913256e+00
-5.014662952160667958e-02
3.162083114543621232e+00
-9.552561462677046089e-01
-5.060242686749157892e-01
-3.867605850321666205e-02
1.596072755751292219e-02
-2.118941195568430774e-02
-9.302744312436885821e-01
2.386227165924324822e+00
2.348939548006690359e+00
-4.825454078043784900e-01
-5.207026904646414600e-01
-4.801699087224632900e-01
-4.890910360762260045e-01
-4.646957146683080575e-01
-1.019553128044067947e+00
-1.104028234948322730e-02
3.330146964700098078e+00
2.919242049044541876e+00
5.255632367692238960e-01
9.634020073572611143e-01
1.488347870126387029e+00
6.967212798147451203e+00
2.826088461407034735e+00
-9.684298844306388210e-01
-1.942830201742586027e+00
-1.445303544697983167e+00
-3.330438321342349406e-02
-9.530955964777525491e-01
-2.880473250114114148e+00
5.109742344200111752e+00
1.655031728315466522e+00
-9.702998798884678866e-01
-5.585909348173459521e-02
4.915000707564827140e-03
-9.866433146992450443e-01
-5.298159928984016442e-01
-9.511666433979636404e-01
-5.195873212695828469e-01
2.201782694608740362e-02
4.819209556065356281e+00
-4.838485782759764930e-01
-5.139356469757010437e-01
3.272385834772909785e+00
-9.688316411263646621e-01
-4.793869034599609336e-01
2.794353043852428886e+00
5.235761578236886926e+00
-1.035993655110197809e+00
-1.438884472693242822e+00
4.568263596753825428e-01
-9.697702538438727204e-01
2.599020776579111125e+00
2.875157148381379368e+00
4.521257102373256176e-01
-5.153429180905514384e-01
-9.468373730537558153e-01
1.452118236064490864e+00
6.352039371041505511e+00
9.401706297695981707e-03
1.999383320917455409e+00
2.222140652793876292e+00
-6.441137975192857967e-02
2.040406370326668384e+00
-4.838019915607105759e-01
-4.978704749991719192e-01
-9.760602003041295438e-01
4.752896606491207265e+00
9.132886240312062531e-01
2.762163049448656427e+00
5.001553303296974562e+00
1.903909798052947147e-02
-5.043292695928174307e-01
-4.908794208750985044e-01
-9.650425778335783855e-01
-9.592773348894020335e-01
-4.779566929147758825e-01
-4.600950359715493820e-01
-4.726253312756880098e-01
-4.847021069985854580e-01
-9.652295197970914842e-01
1.393872482321079298e+00
-4.320649151238640379e-02
-5.146775087792754277e-01
-9.606713088279875690e-01
-4.446071132252343294e-01
4.723114304301531119e-01
-1.927690531666224283e+00
3.211293047746858420e+00
4.892628626901657896e+00
-4.961835744102828794e-01
8.600228068562112416e-01
1.451903015903317717e+00
-4.675042170357852911e-02
-1.448658714033986161e+00
-9.547753432256550488e-01
-1.009042833468082989e+00
-4.523833500053549561e-01
9.369637895073539696e-03
8.239133381000490530e+00
2.011599569588148562e+00
-9.219801111428195250e-01
-4.632934230959296906e-01
-4.524990594612681577e-02
4.122386111753381654e-01
4.363059233293107853e-01
-9.468014698182465327e-01
2.311012617876341491e+00
1.486426190825277827e+00
-9.730710871625323222e-01
-4.479258824666927374e-01
-9.745003036234667348e-01
1.929499214741920321e+00
1.500000000000000000e+01
-1.220037354228769091e-02
4.431665705766784313e+00
-4.787351575538582593e-01
-4.757524356352499373e-01
-4.383975469327267005e-02
2.297992940568794218e+00
-4.923019831820178993e-01
-5.122211396053818477e-01
-9.053513679407404480e-03
-1.505471260571162873e+00
1.385567204668862962e+00
9.595522746035104467e-01
1.101436938356995965e+00
3.276183486273313683e+00
-4.795235536824360434e-01
-4.492675990306548850e-01
-9.882103747561800100e-01
-1.001077411193308953e+00
1.192170709099528159e+00
-9.417931050829816408e-01
1.233484619715904396e+00
1.578833620762572387e+00
3.254766866772960565e+00
-1.092672881113292485e-02
4.239385242936987153e-01
2.439510890568234378e-03
-8.170754182286130152e-02
2.986937168265624276e+00
-4.990633105206171982e-01
-9.613297357250540909e-01
-1.263771167172029974e+00
-5.324107099732549031e-01
-4.408986625692190575e-02
-5.002888854999831825e-01
-4.034546966290577380e-02
1.381771651133526957e+00
-4.944905542459883119e-01
-5.181031076790212353e-01
-9.390738584854025905e-01
-3.453926776540700017e-02
-9.644532426029474026e-01
-4.818386729168083193e-01
-1.000705391731920413e+00
4.698571941404318109e-01
5.766743948343934001e+00
-9.591704194931163219e-01
-2.605054397643251710e-02
5.084927621361197581e+00
-4.757275535484615236e-01
-1.449719040950670119e-02
1.492587929912751799e+00
-9.910863016804698500e-01
4.239047696192290715e+00
5.734935269776568312e+00
-4.863532474008910866e-01
-9.574681914800901028e-01
1.271647186068630919e+00
-1.932255230217140962e+00
2.401561073353602804e+00
6.484591215334930325e+00
-5.062224856036982024e-01
-4.861396584691888290e-01
2.505003756358087141e+00
2.639488196536931230e+00
-5.034869557448482524e-01
-4.786307405938156068e-01
-5.012989252484255642e-01
-5.217877641783036369e-01
4.342117426364336952e-01
1.519845016421662365e+00
1.709590714768376499e-02
-9.480339793889162037e-01
1.560146640651456584e+00
2.677509878611898930e+00
-4.877252455141160015e-01
8.930887759687478056e-01
-5.072512690518763412e-01
-1.013207022260742551e+00
1.503512067735390145e+00
-4.881324774979880349e-02
3.205099427610035301e-01
1.754299443610971121e+00
6.591564337187950651e-01
-5.149760158931616649e-01
-5.068574721604175437e-01
1.879794953699843063e+00
-5.224658520559776198e-01
2.697633816456559863e+00
-5.086462463740539786e-01
5.656152979347703891e+00
1.810392704642220130e+00
1.795153502111978661e+00
-4.807197391461551783e-01
-4.115037511309970614e-02
4.281406557354144882e-01
1.057982610301346979e-02
0.000000000000000000e+00
4.646551969655310366e-02
-9.726538546939239582e-01
-1.010467482156461427e+00
1.599994176223320297e+00
-5.717564436774190684e-01
-9.469991563328539197e-01
-9.966013468635824823e-01
3.995555531239714520e-01
-3.979789410983398251e-02
-4.895486634459983444e-01
9.798678579052179094e-01
3.741211142771105891e+00
2.508601752432730425e+00
-8.938780111385584703e-01
-4.761671500952590064e-01
-9.712422173812232939e-01
-4.616780531484677465e-03
4.448978218203368806e-01
-3.595282945042970607e-02
-9.785270958619164405e-01
-4.931635285960724868e-01
2.360634880966983484e+00
-9.349612268157418971e-01
-4.721968232113082919e-01
2.595914277791268709e+00
1.651600049200621756e+00
-5.297277217903372248e-01
-5.404171568028185435e-01
-5.694123920634274194e-01
-4.575538084097381941e-01
3.271032004640779700e+00
-1.007298559329335319e+00
-5.138394961417254159e-01
-1.479895014039609435e+00
-9.607805201269956630e-01
-5.233321786581255353e-01
-6.603397892369734512e-01
-5.002441940896997785e-01
4.822336216022116706e-01
1.905478670821060261e+00
1.239825169856405340e+00
-9.844793097622975830e-01
-9.866441250074853286e-01
1.951470189699911151e+00
-5.220406544283477945e-01
-5.484004968612125053e-01
-9.699395696410461065e-01
-2.703815085346950725e-02
-4.687898079157415965e-01
-1.452246600575181290e+00
-4.567302393700853891e-01
3.230312650473153191e+00
-4.996788730141127344e-01
1.159172190605043395e+00
3.924758710255007887e+00
2.818904601958207135e+00
4.931779723037006402e-01
1.723892464148632619e+00
-1.540761523630479468e+00
-4.674172757247846977e-01
-9.803864887649635929e-01
4.044757795036506565e-01
3.650836235020561649e+00
-3.952729260792711002e-02
-9.698188514322106935e-01
-4.821292329893364093e-01
-4.662838457209497189e-01
5.497286660354996357e-01
-5.247216248387436277e-01
2.107505314599677160e+00
-9.633088969892871223e-01
-5.353597983465516741e-01
-9.666946504396815021e-01
-5.376782265064690147e-01
-5.392079781106137171e-01
-9.843841779240596335e-01
-4.794313289917412346e-01
-4.961971656336572334e-01
-7.786839649843671322e-03
2.198566211290134742e+00
-5.024705431433382774e-01
1.987895004308503966e+00
-1.672706942590559964e-02
-9.799796629857159269e-01
-9.817500283332895039e-01
-4.718863775391914928e-01
2.065047914533747253e+00
-3.071245048080242235e-01
-5.862923791689810676e-02
1.404067711069327151e+00
4.326722245952399071e+00
2.513018052135299385e+00
5.227984415903887960e-01
-5.599062648314315771e-01
-5.132563500871780704e-01
9.601602965282937108e-01
4.339246920464929769e-01
-4.965397110247156687e-01
-4.656310627358442034e-01
-9.506420005145829188e-01
1.200000000000000000e+01
2.708526006496900340e+00
-9.615668540920503382e-01
7.410359367705878775e-01
2.775727915121458000e+00
8.840926826728037202e-01
-4.798179775230094757e-01
-5.011138997271896711e-01
1.977601215759240638e+00
1.152646469825112208e+00
-4.825308699368419108e-01
6.508749494201725661e+00
-6.230036165131243309e-02
2.866785174838447858e+00
-4.530553164245222919e-01
-9.382902602819733762e-01
1.585690052948951267e+00
-4.882055296032252190e-01
-1.039955747752784099e+00
-5.558522076861230898e-01
1.455271867744577508e+00
-4.796069246883377102e-01
3.144645465605699464e+00
-5.176301122352340300e-01
-2.106450562267505114e-02
2.457558650137115386e+00
1.433200305353130366e+00
-9.770922029184535562e-01
-4.924756071159005488e-01
-9.842040185357444626e-01
1.639804016770959319e-03
-5.429159502362824741e-01
-5.068571796505347837e-01
-9.834103856279817757e-01
6.341483787993544396e+00
2.203189652897493911e+00
6.815017972628608645e-01
-5.312917811499714427e-01
-9.821064015460297947e-01
-6.541576767457522867e-02
-5.074762154282811411e-01
2.152306832209045062e+00
-9.444013636994400551e-01
-6.233938642460064294e-02
1.113463606819817819e+00
-4.427408767839052239e-01
-4.977460956779819479e-01
-5.163100071615464026e-01
-9.817793044067789632e-01
5.293140295878198565e+00
-5.240797121765927713e-01
3.844826320535220887e+00
1.642489958201708733e+00
5.535931339851385857e+00
3.385461892748389712e+00
7.660671531497413866e-01
2.299725684921370306e+00
1.069614670992514949e+00
3.216209001695484737e-01
-4.571675893071636687e-01
5.676374618634849156e+00
1.532583547749621022e+00
8.474619315856873891e-01
-5.596730340172797469e-01
-5.123179676243309055e-01
-9.896938311228954399e-01
-9.099141893130224812e-02
3.546770560525331906e+00
-3.867187297312882355e-02
-1.937472249918398282e-02
-3.024119402401761678e-02
-9.521336588904600884e-01
5.251386090131049400e-01
1.685677142515163318e+00
2.887695003723984577e+00
4.505790955776667328e-01
1.571964193582054081e+00
-4.693355575424059678e-01
1.109093243958791497e+00
4.788814573383207152e-01
4.334413509017164857e-03
-9.294099509495697964e-01
3.962553443494973848e-01
-4.978171763424944496e-01
-9.311979195234961759e-01
-4.909549409586219659e-01
-4.748233054888177374e-01
1.764420511324432450e+00
3.032702042825486721e+00
-4.899551904472023156e-01
-2.525420731027252716e-02
2.415810818235908819e+00
-5.322230840951296393e-01
-1.677222413462139267e-02
-4.940315346797621299e-01
2.386587051569136531e+00
5.593155240786152227e+00
8.260370323872848530e+00
-4.084533486244584788e-01
-9.476243328099817065e-01
6.783718815447397965e+00
3.226570672504987941e-02
4.459633485022488131e+00
4.438104183948141213e+00
1.354896384254965058e+00
-5.099515906850548008e-01
1.554716587531985716e+00
-9.842085702701144356e-01
-9.673615467759419939e-01
-4.947780688274064920e-01
4.543343188784505493e+00
2.678075977918039641e+00
-1.000000000000000000e+00
-9.398979057999403697e-01
2.092346015115294833e+00
1.434101843787124464e+00
-5.033362970126775693e-01
-9.396970508859804339e-01
6.593476445256524876e+00
3.847134472724021315e+00
2.907554707222252066e+00
3.372044796923368448e+00
-4.716672167531350546e-01
2.282097785903145493e+00
-9.684169608251335104e-01
-5.457980591227126199e-01
-9.458436825094802547e-01
-9.826897901762167153e-01
3.066120230783905498e+00
5.191627689611402197e-01
-9.466193603001602508e-01
1.184970021734914836e+00
-5.379296841322406264e-01
4.509248618603735603e-01
3.107913014329217738e+00
1.315295616557301983e+00
1.086247597203422455e+00
4.410238144094995150e+00
4.008633212402064050e-01
-4.900689784556898076e-01
5.156931139860592594e+00
5.163246785689856733e-01
1.039347340556911581e+00
3.421184193509974492e+00
-5.021652204970084021e-01
-5.258748236771604995e-02
-4.961187640340873894e-01
-4.237288567488828872e-01
3.864988983592191896e-01
2.412049267904468941e+00
-9.407609483781461668e-01
-4.885165320403399569e-01
-5.310166187685797512e-01
2.221638052259491403e+00
-4.506749189636212738e-01
-1.470453267099075978e+00
6.289074856733289746e-03
-5.093514711812272555e-01
2.658226171801159943e+00
-2.403870054396982717e-02
2.860983752487695764e+00
-5.165759092998275515e-01
3.812391862779398455e+00
-5.175146887823157682e-01
5.572726916016851995e+00
6.258305735711373607e-01
-4.811188756291557844e-01
-5.093825593058035617e-01
3.381041852212602450e+00
-5.043886672213165889e-01
2.260865275116902939e+00
8.097839220323223230e+00
4.894432776806242336e-01
-5.282747936181231285e-01
-4.001105120768359835e-02
2.807372554270609832e+00
-9.271790926772945085e-02
-4.914287029948463115e-01
-9.811546699101255653e-01
1.864701743175940729e+00
-9.896816110859564253e-01
3.126470540151665922e+00
4.607310834143830136e-01
-4.356734333982461016e-01
-5.274607671809952159e-01
4.138493190157333597e-04
-4.479296525332432943e-01
4.384231249994017809e-01
-5.372508741793491360e-01
-4.829385383374909524e-01
2.146447823200954286e+00
2.973689644074379856e+00
-9.839174274214449456e-01
6.194175915132570154e+00
-5.127610911069238053e-01
-1.037185913503456458e+00
3.895609834102797819e+00
-4.895395270245324060e-01
-5.264214375424044468e-01
3.021661670955727352e+00
1.815291112822078778e+00
-9.747457767095659698e-01
-1.495862889405364049e+00
5.157122896152068314e+00
4.784810208671618631e-03
3.148331585143194999e+00
-4.909754616567868490e-01
0.000000000000000000e+00
2.033614264485620549e+00
-4.999564327054877855e-01
-4.966134436264477703e-01
-9.388201402080058600e-01
-1.708932401078155916e-02
-5.193257814708679421e-01
-5.399250301822188236e-01
-5.162078648088590516e-01
-4.547200442396389097e-01
1.311599071410610051e+00
3.854146779527237943e+00
-1.432235070587630110e+00
9.439589684127379712e-03
-4.843602927960751203e-01
1.063455372683913103e+00
1.882805769541783247e+00
-9.741040592136696041e-01
-9.501776800542561796e-01
