# time shift (tau) 	 correlation coefficient 	 number of simulations: 10000	 FR: True	 RSS: True
-1.000000000000000000e+01 2.000000000000000000e+01
-9.000000000000000000e+00 2.700000000000000000e+01
-8.000000000000000000e+00 6.000000000000000000e+00
-7.000000000000000000e+00 3.000000000000000000e+00
-6.000000000000000000e+00 8.000000000000000000e+00
-5.000000000000000000e+00 1.100000000000000000e+01
-4.000000000000000000e+00 3.200000000000000000e+01
-3.000000000000000000e+00 3.600000000000000000e+01
-2.000000000000000000e+00 4.400000000000000000e+01
-1.000000000000000000e+00 7.000000000000000000e+01
0.000000000000000000e+00 1.040000000000000000e+02
1.000000000000000000e+00 9.700000000000000000e+01
2.000000000000000000e+00 1.800000000000000000e+02
3.000000000000000000e+00 2.530000000000000000e+02
4.000000000000000000e+00 1.850000000000000000e+02
5.000000000000000000e+00 3.260000000000000000e+02
6.000000000000000000e+00 4.390000000000000000e+02
7.000000000000000000e+00 3.790000000000000000e+02
8.000000000000000000e+00 2.546000000000000000e+03
9.000000000000000000e+00 3.754000000000000000e+03
1.000000000000000000e+01 4.230000000000000000e+02
1.100000000000000000e+01 4.780000000000000000e+02
1.200000000000000000e+01 2.570000000000000000e+02
1.300000000000000000e+01 5.000000000000000000e+00
1.400000000000000000e+01 2.000000000000000000e+00
1.500000000000000000e+01 3.150000000000000000e+02
