# time shift (tau) 	 correlation coefficient 	 number of simulations: 10000	 FR: True	 RSS: True
-1.000000000000000000e+01 1.700000000000000000e+01
-9.000000000000000000e+00 2.000000000000000000e+00
-8.000000000000000000e+00 1.000000000000000000e+00
-7.000000000000000000e+00 1.000000000000000000e+00
-6.000000000000000000e+00 4.000000000000000000e+00
-5.000000000000000000e+00 1.600000000000000000e+01
-4.000000000000000000e+00 2.900000000000000000e+01
-3.000000000000000000e+00 2.500000000000000000e+01
-2.000000000000000000e+00 5.300000000000000000e+01
-1.000000000000000000e+00 8.600000000000000000e+01
0.000000000000000000e+00 5.700000000000000000e+01
1.000000000000000000e+00 1.230000000000000000e+02
2.000000000000000000e+00 3.081000000000000000e+03
3.000000000000000000e+00 2.664000000000000000e+03
4.000000000000000000e+00 4.970000000000000000e+02
5.000000000000000000e+00 6.650000000000000000e+02
6.000000000000000000e+00 7.120000000000000000e+02
7.000000000000000000e+00 5.310000000000000000e+02
8.000000000000000000e+00 2.730000000000000000e+02
9.000000000000000000e+00 2.630000000000000000e+02
1.000000000000000000e+01 1.980000000000000000e+02
1.100000000000000000e+01 8.100000000000000000e+01
1.200000000000000000e+01 8.000000000000000000e+01
1.300000000000000000e+01 8.100000000000000000e+01
1.400000000000000000e+01 2.900000000000000000e+01
1.500000000000000000e+01 4.310000000000000000e+02
