# time shift (tau) 	 correlation coefficient 	 number of simulations: 20000	 FR: True	 RSS: True
-5.000000000000000000e+00 1.500000000000000000e+01
-4.500000000000000000e+00 1.400000000000000000e+01
-4.000000000000000000e+00 1.000000000000000000e+00
-3.500000000000000000e+00 2.000000000000000000e+00
-3.000000000000000000e+00 2.000000000000000000e+00
-2.500000000000000000e+00 4.000000000000000000e+00
-2.000000000000000000e+00 0.000000000000000000e+00
-1.500000000000000000e+00 9.000000000000000000e+00
-1.000000000000000000e+00 9.000000000000000000e+00
-5.000000000000000000e-01 1.100000000000000000e+01
0.000000000000000000e+00 2.800000000000000000e+01
5.000000000000000000e-01 4.800000000000000000e+01
1.000000000000000000e+00 1.120000000000000000e+02
1.500000000000000000e+00 4.120000000000000000e+02
2.000000000000000000e+00 2.934000000000000000e+03
2.500000000000000000e+00 7.502000000000000000e+03
3.000000000000000000e+00 2.761000000000000000e+03
3.500000000000000000e+00 1.525000000000000000e+03
4.000000000000000000e+00 1.450000000000000000e+03
4.500000000000000000e+00 1.115000000000000000e+03
5.000000000000000000e+00 6.160000000000000000e+02
5.500000000000000000e+00 4.030000000000000000e+02
6.000000000000000000e+00 5.350000000000000000e+02
6.500000000000000000e+00 3.510000000000000000e+02
7.000000000000000000e+00 6.800000000000000000e+01
7.500000000000000000e+00 2.300000000000000000e+01
8.000000000000000000e+00 1.000000000000000000e+01
8.500000000000000000e+00 6.000000000000000000e+00
9.000000000000000000e+00 1.100000000000000000e+01
9.500000000000000000e+00 8.000000000000000000e+00
1.000000000000000000e+01 1.500000000000000000e+01
