# # time shift (tau) UVW2 Cont1150_not_optical_calibrated LyAlpha_not_optical_calibrated HBeta_not_optical_calibrated OI8446_not_optical_calibrated Cont1460_not_optical_calibrated
-1.000000000000000000e+01 -5.153212162477474045e-01 -1.234651552399400332e-01 -1.999073799858746003e-01 2.753267620778562241e-01 5.618070430083782485e-01 -8.222502554678445819e-02
-9.500000000000000000e+00 -3.555663258854591113e-01 -5.527401977351881213e-03 -1.678908917878290108e-01 2.603717456174362566e-01 6.516051075153668215e-01 4.065783159742061836e-02
-9.000000000000000000e+00 -2.342336008167003603e-01 -2.268942140850188638e-03 -1.633976425092468765e-01 1.810327101647513648e-01 4.781561292375358097e-01 4.455699763276706887e-02
-8.500000000000000000e+00 -1.201070724577647797e-01 6.566360788900987844e-02 -4.342102648711136659e-02 2.289869457691140475e-01 5.138036797152800705e-01 1.369363820778701779e-01
-8.000000000000000000e+00 -9.396347979024902153e-02 8.364325553347891351e-02 -3.075213198556271676e-02 3.137374831682514520e-01 3.782894849782802993e-01 1.615513189674945838e-01
-7.500000000000000000e+00 -6.847377451599162557e-03 1.853143893827370881e-01 1.944969525715713882e-02 3.298212317901427770e-01 2.150567068542151850e-01 2.584860666975946630e-01
-7.000000000000000000e+00 8.217386219723672725e-02 2.259742931569941882e-01 -5.151929920823136722e-02 2.848711016187305822e-01 7.673473376993206196e-02 2.809847190704204412e-01
-6.500000000000000000e+00 1.741208251795425821e-01 3.446746873535463385e-01 2.149303448453265819e-03 2.531874794112683458e-01 1.212873796944849702e-01 3.896889245911115407e-01
-6.000000000000000000e+00 2.544906587210890025e-01 4.097975137410552748e-01 -3.356368394811086453e-02 9.584402940608571786e-02 5.871272254595742007e-02 4.403140652433786273e-01
-5.500000000000000000e+00 3.638031343147120622e-01 4.778613178803355899e-01 2.064502643159051021e-02 1.237265556141014106e-01 4.442804977853816173e-02 4.799047602668288226e-01
-5.000000000000000000e+00 4.733488395740184096e-01 4.640155527037318484e-01 5.157576535689797903e-02 1.879017168394776227e-01 3.581438743284433984e-02 4.609468215384616707e-01
-4.500000000000000000e+00 5.499044034761461086e-01 4.669640235920478055e-01 1.070894912109232044e-01 1.941882604690484959e-01 -9.828360672809274834e-02 4.514388099983974723e-01
-4.000000000000000000e+00 6.009501881851907479e-01 4.712701277834869806e-01 1.557596928675057391e-01 1.560032227310780006e-01 -2.557477012234883329e-01 4.631142649065382311e-01
-3.500000000000000000e+00 6.107325219621526635e-01 5.575328303895870086e-01 2.328312589062638549e-01 2.393965776210302265e-01 -2.445222645166617303e-01 5.446758125859001431e-01
-3.000000000000000000e+00 6.447513605501566936e-01 5.866251089008932551e-01 2.279280330712314950e-01 2.234331146184850569e-01 -1.580569430085539684e-01 5.794958742097182647e-01
-2.500000000000000000e+00 6.853624262412620904e-01 7.496599328305991738e-01 3.696034307848491407e-01 2.998246576771763650e-01 -3.264176624114835390e-02 7.481160123194038336e-01
-2.000000000000000000e+00 7.885912020384240328e-01 8.265122002938556367e-01 4.739808063271712113e-01 2.939614489832822475e-01 6.646893165378886525e-02 8.300561991727433142e-01
-1.500000000000000000e+00 8.586699419748906603e-01 8.843193023287295729e-01 6.622022823697308880e-01 4.865610760620271424e-01 2.689934970248671342e-01 9.032025744933928069e-01
-1.000000000000000000e+00 8.978481969702643006e-01 8.313324395253957055e-01 7.564464267092538829e-01 6.036612992048140391e-01 2.917322625889295917e-01 8.683366946051991331e-01
-5.000000000000000000e-01 8.707074233433367283e-01 7.433701093010861571e-01 9.358865583697827395e-01 7.676853621477950362e-01 4.669376992138875027e-01 8.196795090271378204e-01
0.000000000000000000e+00 7.540805999855004771e-01 5.967988838041383692e-01 9.999999999999997780e-01 7.772302972250573205e-01 4.698241724459270019e-01 7.090456113231086155e-01
5.000000000000000000e-01 5.886115884567537648e-01 4.706015748137609700e-01 9.358865583697828505e-01 8.039089996978597830e-01 4.626241940771621541e-01 5.874936251335132198e-01
1.000000000000000000e+00 4.735146933429903449e-01 2.981644208994927991e-01 7.564464267092538829e-01 7.329973945500443122e-01 3.386858454951329755e-01 4.074015052401381842e-01
1.500000000000000000e+00 3.055870500108875953e-01 1.823057451988508992e-01 6.622022823697308880e-01 6.774202142376681834e-01 4.365265159879659906e-01 2.846396682229402897e-01
2.000000000000000000e+00 2.705713439827046596e-01 3.996359935871362373e-02 4.739808063271712668e-01 4.730265029736254734e-01 3.602804053287299579e-01 1.255078037310420058e-01
2.500000000000000000e+00 1.536946310464656906e-01 9.695733588118170265e-03 3.696034307848491407e-01 4.044942028506328113e-01 4.478925063438431442e-01 7.929487249934671911e-02
3.000000000000000000e+00 1.972309739961058128e-01 5.735034978944928558e-03 2.279280330712314673e-01 3.106892018923961274e-01 4.369410008366920173e-01 4.491383098483398700e-02
3.500000000000000000e+00 5.435690184099599420e-02 5.216291845122247861e-02 2.328312589062639104e-01 3.395233595534612459e-01 3.520784043928655294e-01 9.737330146480636939e-02
4.000000000000000000e+00 1.487281359536867797e-01 2.810190256534820380e-02 1.557596928675057391e-01 1.804798417761260543e-01 2.996571256949735751e-02 7.153322185250080012e-02
4.500000000000000000e+00 1.542779853690984804e-01 1.467688604984914158e-01 1.070894912109232044e-01 2.573519997221088706e-01 7.786323009043712162e-02 1.689923804039747124e-01
5.000000000000000000e+00 1.838096002667239104e-01 2.475542119933139551e-01 5.157576535689802066e-02 3.267210756895447821e-01 1.697914432474058599e-01 2.364637131467085818e-01
5.500000000000000000e+00 1.776424210698359096e-01 3.757969878617529735e-01 2.064502643159051715e-02 3.387031168883301580e-01 2.961917562245964253e-01 3.346296999228227653e-01
6.000000000000000000e+00 1.923149387853383407e-01 3.758492783686118166e-01 -3.356368394811083677e-02 2.817717035669594638e-01 3.464339271847015622e-01 3.142686382496146513e-01
6.500000000000000000e+00 1.212857995746013107e-01 3.673668396925711677e-01 2.149303448453251941e-03 3.136617146265914258e-01 5.369471170427897455e-01 3.062591493827397926e-01
7.000000000000000000e+00 6.374164592258255158e-02 2.347335192211139898e-01 -5.151929920823136722e-02 2.309424009584439830e-01 5.328087363773033047e-01 1.760516893540234329e-01
7.500000000000000000e+00 -2.684041634339999829e-02 1.593806830010135456e-01 1.944969525715709024e-02 3.063873576311553215e-01 4.951097116806885690e-01 1.249065444273376735e-01
8.000000000000000000e+00 -1.326398447960236981e-01 -4.208860278121040119e-03 -3.075213198556275493e-02 2.463959309049589264e-01 3.106852501294159463e-01 -1.428706894996516902e-02
8.500000000000000000e+00 -1.744556521126372772e-01 -3.454518603524590198e-02 -4.342102648711138047e-02 2.553701232480641292e-01 2.048133674577151953e-01 -3.356073808130549674e-02
9.000000000000000000e+00 -2.343227148752967670e-01 -1.143839088131078929e-01 -1.633976425092468487e-01 1.249875691960793539e-01 4.760877978640095515e-02 -1.185045115278144379e-01
9.500000000000000000e+00 -2.052642950863242666e-01 -2.324302907146831923e-02 -1.678908917878290663e-01 -1.952876758855229267e-02 -1.531230287219888415e-02 -2.929284045301386655e-02
1.000000000000000000e+01 -1.586800098120879077e-01 3.889647298026592537e-03 -1.999073799858745448e-01 -2.671456350453688122e-01 -8.905029968483324510e-02 9.530480728060741064e-03
1.050000000000000000e+01 -9.322613737206442153e-03 1.240124357474038375e-01 -8.763217806513212693e-02 -3.816147772667661808e-01 -1.710489536152901002e-01 1.572366694816980104e-01
1.100000000000000000e+01 4.383492823326961413e-02 1.296749340331626865e-01 -5.533291873573473185e-03 -4.338189336725895573e-01 -1.608127433691298735e-01 2.018247694977630402e-01
1.150000000000000000e+01 1.534573683974594371e-01 1.524458444606728025e-01 1.463980430079098172e-01 -3.989292328099420804e-01 -3.324057162570835944e-01 2.541858666345048756e-01
1.200000000000000000e+01 1.611906709733554877e-01 1.117131964400025629e-01 1.805361859724677054e-01 -4.173251028914840566e-01 -5.223729739945406347e-01 2.107090787792106346e-01
1.250000000000000000e+01 2.747646969854181664e-01 1.761988343490643594e-01 2.430384690054256114e-01 -2.978705832543003806e-01 -5.986273894001331586e-01 2.420632827269325049e-01
1.300000000000000000e+01 2.971777077248456411e-01 1.939246953914573746e-01 2.032522115941177987e-01 -1.932221520645863722e-01 -5.660824807026743066e-01 1.977046261793757032e-01
1.350000000000000000e+01 4.036468582274725936e-01 3.084139816083431018e-01 1.664999119100166181e-01 -3.435401228195376910e-02 -3.747013009409212447e-01 2.091417309302253391e-01
1.400000000000000000e+01 5.071989762362432153e-01 4.364439377966508049e-01 2.175042994786712813e-01 1.512303720605395196e-01 -1.749071738101074247e-01 2.615372521232715020e-01
1.450000000000000000e+01 6.285848912902735064e-01 5.975581322379561744e-01 3.536776339362453503e-01 3.034142898078651673e-01 3.166076548360537146e-02 4.070804799530888252e-01
1.500000000000000000e+01 6.912193260601335876e-01 6.611453930378823340e-01 5.699476496125219782e-01 4.922085057634383309e-01 1.031494580587345583e-01 5.587740542488279782e-01
