# time shift (tau) 	 correlation coefficient 	 number of simulations: 40000	 FR: True	 RSS: True
-1.000000000000000000e+01 4.321000000000000000e+03
-9.000000000000000000e+00 3.930000000000000000e+02
-8.000000000000000000e+00 2.040000000000000000e+02
-7.000000000000000000e+00 3.420000000000000000e+02
-6.000000000000000000e+00 1.950000000000000000e+02
-5.000000000000000000e+00 9.000000000000000000e+00
-4.000000000000000000e+00 3.000000000000000000e+00
-3.000000000000000000e+00 1.000000000000000000e+00
-2.000000000000000000e+00 1.000000000000000000e+00
-1.000000000000000000e+00 1.000000000000000000e+00
0.000000000000000000e+00 1.950000000000000000e+02
1.000000000000000000e+00 2.910000000000000000e+02
2.000000000000000000e+00 9.987000000000000000e+03
3.000000000000000000e+00 1.997800000000000000e+04
4.000000000000000000e+00 5.010000000000000000e+02
5.000000000000000000e+00 1.630000000000000000e+02
6.000000000000000000e+00 5.670000000000000000e+02
7.000000000000000000e+00 9.200000000000000000e+01
8.000000000000000000e+00 2.100000000000000000e+01
9.000000000000000000e+00 5.700000000000000000e+01
1.000000000000000000e+01 9.200000000000000000e+01
1.100000000000000000e+01 4.130000000000000000e+02
1.200000000000000000e+01 1.150000000000000000e+02
1.300000000000000000e+01 8.200000000000000000e+01
1.400000000000000000e+01 5.460000000000000000e+02
1.500000000000000000e+01 1.430000000000000000e+03
