# time shift (tau) 	 correlation coefficient 	 number of simulations: 20000	 FR: True	 RSS: True
-5.000000000000000000e+00 2.000000000000000000e+00
-4.500000000000000000e+00 0.000000000000000000e+00
-4.000000000000000000e+00 1.000000000000000000e+00
-3.500000000000000000e+00 0.000000000000000000e+00
-3.000000000000000000e+00 0.000000000000000000e+00
-2.500000000000000000e+00 0.000000000000000000e+00
-2.000000000000000000e+00 0.000000000000000000e+00
-1.500000000000000000e+00 0.000000000000000000e+00
-1.000000000000000000e+00 6.000000000000000000e+00
-5.000000000000000000e-01 3.100000000000000000e+01
0.000000000000000000e+00 2.300000000000000000e+02
5.000000000000000000e-01 4.180000000000000000e+02
1.000000000000000000e+00 6.110000000000000000e+02
1.500000000000000000e+00 9.408000000000000000e+03
2.000000000000000000e+00 3.160000000000000000e+03
2.500000000000000000e+00 5.028000000000000000e+03
3.000000000000000000e+00 6.400000000000000000e+02
3.500000000000000000e+00 1.950000000000000000e+02
4.000000000000000000e+00 4.500000000000000000e+01
4.500000000000000000e+00 2.000000000000000000e+01
5.000000000000000000e+00 8.000000000000000000e+00
5.500000000000000000e+00 2.600000000000000000e+01
6.000000000000000000e+00 3.200000000000000000e+01
6.500000000000000000e+00 4.000000000000000000e+01
7.000000000000000000e+00 1.100000000000000000e+01
7.500000000000000000e+00 1.600000000000000000e+01
8.000000000000000000e+00 1.000000000000000000e+00
8.500000000000000000e+00 7.000000000000000000e+00
9.000000000000000000e+00 9.000000000000000000e+00
9.500000000000000000e+00 8.000000000000000000e+00
1.000000000000000000e+01 4.700000000000000000e+01
