# # time shift (tau) Cont4010 Cont4200 Cont4440 Cont4765 Cont5100 Cont5600 Cont6045 Cont6110 Cont6880 Cont7390 Cont8015 Cont8900 Cont1150 Cont1460
-1.000000000000000000e+01 2.757030839593447302e-01 1.900674580716563422e-01 3.147443528476853158e-01 2.499377668310690526e-01 2.664767325642241058e-01 1.414736039904423981e-01 9.458117243940011853e-02 3.974013435512984554e-02 -9.128805704856152170e-02 -3.354751820945108820e-01 -1.327305219998074770e-01 -3.580632189000013121e-01 2.763872674524531781e-01 2.531482072187632437e-01
-9.500000000000000000e+00 3.991706177581429427e-01 3.871935798023364850e-01 4.798444884675797661e-01 3.986356593576197982e-01 4.424574948307578581e-01 3.702053470740851449e-01 2.351302761718190859e-01 1.991820403725119704e-01 1.749831876354369653e-01 -4.478187754081638938e-03 1.000777114688089775e-01 -8.872717099197939550e-02 3.611343414826886922e-01 3.774702661271659987e-01
-9.000000000000000000e+00 4.991549219835229589e-01 5.072477758550579807e-01 5.594427371914509894e-01 4.850524874384389840e-01 5.118084898004485739e-01 5.068906394919743263e-01 2.504714321426695367e-01 2.767397171509786702e-01 4.002496918225204037e-01 2.955325853119663559e-01 2.643371623818128180e-01 2.078853046087627554e-01 4.194326005875517183e-01 4.598277906487771571e-01
-8.500000000000000000e+00 6.855180103508995426e-01 6.624467429503673177e-01 6.694145935483100107e-01 6.244553040107985176e-01 6.108429479074184432e-01 6.106186568342435450e-01 4.455244640783684318e-01 4.912852748374909595e-01 6.027977334901029050e-01 5.740010795344828720e-01 4.881538867885594768e-01 5.075317267692008860e-01 5.550614014607060387e-01 6.219180277357863051e-01
-8.000000000000000000e+00 6.758764407226740545e-01 6.268478974663778125e-01 5.950571536644760906e-01 5.743698425593271040e-01 5.668417714557913989e-01 5.940592588006833319e-01 5.771234180571247485e-01 5.873092752220595569e-01 6.326138474198882422e-01 6.449523097184683973e-01 5.853360100064672888e-01 6.181409420794317100e-01 5.137165455919963097e-01 5.807853054975449236e-01
-7.500000000000000000e+00 6.209853368997804157e-01 5.893101915405465352e-01 5.914744234004023493e-01 5.929119513919626216e-01 5.799520471494516993e-01 6.262957998314506725e-01 6.551196316807604836e-01 6.499029711919972474e-01 6.020006585018566891e-01 5.876275898547094201e-01 5.052905033351008379e-01 4.950807842653276447e-01 4.347709412866658241e-01 4.816160806230654901e-01
-7.000000000000000000e+00 3.565781389816370384e-01 3.192712443602597761e-01 4.031045904564544147e-01 4.163825952068513914e-01 3.762576775677558549e-01 4.145084058190249277e-01 4.964728217229484875e-01 4.771509717927930327e-01 3.419895603369653703e-01 2.999225978310254837e-01 1.940550818085642892e-01 1.423112703445050531e-01 1.537837830919848159e-01 1.867717410810741385e-01
-6.500000000000000000e+00 3.776722081753461913e-01 3.563775226703912447e-01 4.055142396553075290e-01 3.954599400397357245e-01 4.054495097473389542e-01 4.481832655405217913e-01 5.179936397389701686e-01 4.510520586460309289e-01 4.302778227012211132e-01 3.747110331842399278e-01 3.417504538827915717e-01 3.048319839500698292e-01 1.093333399066673123e-01 1.593213160905864179e-01
-6.000000000000000000e+00 3.291461488175191352e-01 3.313685713630370455e-01 3.272351870664805817e-01 2.895004270160641546e-01 3.614858285818748351e-01 3.913970647359293897e-01 4.328862397513231208e-01 3.156324852259576597e-01 4.562233842165811515e-01 4.197641097862058190e-01 4.624486554445640385e-01 4.551813204696971704e-01 5.417790016434256145e-02 1.219803006241522575e-01
-5.500000000000000000e+00 4.365344632205406805e-01 4.407493670259334806e-01 4.376558294474901523e-01 3.783451615489605846e-01 4.552458665274690675e-01 4.342769964169598262e-01 4.745602383356086751e-01 4.170876591192975713e-01 5.180274231587758127e-01 5.154884697709628538e-01 5.878229106360040035e-01 5.445358841173857378e-01 1.973365374144715745e-01 2.547620513590997948e-01
-5.000000000000000000e+00 3.862464216263932215e-01 3.876940384007184215e-01 3.970937607506814793e-01 3.329605955457148880e-01 3.809993955712729363e-01 3.032650401685188513e-01 3.486868661310058570e-01 3.830964397421462442e-01 3.894703390447088465e-01 4.307399497134794530e-01 4.863955927802450230e-01 4.044038338602119476e-01 2.325428849075826532e-01 2.764406805392367605e-01
-4.500000000000000000e+00 3.217894810255743643e-01 3.357602572481833691e-01 3.372276119542481077e-01 3.055312153509112116e-01 3.121081323548698938e-01 2.932978770263149348e-01 3.287671758253637444e-01 3.393179559332469841e-01 3.358169676915391810e-01 3.564269831043612724e-01 3.299770244527784890e-01 3.077169502972279536e-01 2.393078904230359072e-01 2.576933362959885621e-01
-4.000000000000000000e+00 1.969439291584708096e-01 2.394367756445036910e-01 2.259782951242597371e-01 2.388523035662262761e-01 2.280945903309259948e-01 3.029552417930256869e-01 2.966759416213821665e-01 2.494291712448863663e-01 2.407663491107000509e-01 2.049785445275583151e-01 6.862133110483603637e-02 1.251859983966100431e-01 1.997893221485116388e-01 1.783135702662614341e-01
-3.500000000000000000e+00 3.992020545980665691e-01 4.434505775187553844e-01 4.136000782004284337e-01 4.160171938420182958e-01 4.470055427278334381e-01 4.594236354670186429e-01 4.724890802240897525e-01 4.554469723347934762e-01 4.418453496614702103e-01 4.547449204237616338e-01 3.391277625924654648e-01 4.460552170660966875e-01 3.153140806082410097e-01 3.191628569683658267e-01
-3.000000000000000000e+00 4.144483437741186549e-01 4.406267727256932831e-01 3.983841952632389827e-01 4.021136099733017555e-01 4.331531653406520688e-01 3.769919697752434073e-01 4.149384888410301286e-01 4.426393660898545468e-01 4.337503752963061121e-01 4.868269766125429276e-01 4.434075075023105050e-01 5.356125154867665827e-01 3.079351240312247495e-01 3.446093357890392950e-01
-2.500000000000000000e+00 5.351089314857285784e-01 5.426654011414786538e-01 5.485122065772707334e-01 5.288686901693531173e-01 5.663232498330947884e-01 5.086819344370531182e-01 5.185883719765527200e-01 5.355305326492038054e-01 5.272650017981457271e-01 5.145865737880428448e-01 5.132449699211301120e-01 5.392226012106069444e-01 4.301181879352415915e-01 4.595764760422257345e-01
-2.000000000000000000e+00 4.619850565924960017e-01 4.641891002470305283e-01 5.045895544180492021e-01 4.746718560005880327e-01 5.209740107970777245e-01 4.982340251654460705e-01 4.777068440048038434e-01 4.754161573380948358e-01 4.504612529087292927e-01 3.791862848045484680e-01 3.890923847598444785e-01 3.643172169739778976e-01 3.764013931824631842e-01 3.765604265413712293e-01
-1.500000000000000000e+00 5.303135803828460393e-01 5.605461337532157140e-01 5.656599152727992408e-01 5.404865589803946602e-01 5.756930434073763703e-01 5.695539216440643759e-01 5.526307562880194979e-01 5.491303860028289296e-01 5.569386869276443663e-01 4.988036669953958002e-01 5.013846353409325829e-01 5.162018570267050688e-01 4.660290032622153023e-01 4.756052080726953513e-01
-1.000000000000000000e+00 4.372031070944443210e-01 4.859474817745638164e-01 4.621071519672493855e-01 4.420733005375073743e-01 4.641759301040370711e-01 4.690590067907011163e-01 4.530120531195898081e-01 4.453719022453025422e-01 4.970655758196405594e-01 4.679598390655510531e-01 4.608616559189052664e-01 5.110046615600996045e-01 3.990003092884414349e-01 4.273811440023290720e-01
-5.000000000000000000e-01 5.080791119105878550e-01 5.359594112888316220e-01 5.468242188280185712e-01 5.099583847845948759e-01 5.388393898308416752e-01 5.493797195565714997e-01 5.475807865315789336e-01 5.425058477981037353e-01 5.908840658240577248e-01 5.938418615209637430e-01 5.753707405199440794e-01 6.325900671546179632e-01 4.177740384105006477e-01 4.456887164736557660e-01
0.000000000000000000e+00 4.857869333075905405e-01 4.838467692897763239e-01 5.236224702952299026e-01 4.769141059881996658e-01 5.036328990749863177e-01 5.081912954319339759e-01 5.225263701925988435e-01 5.228462085972349627e-01 5.525050718005479755e-01 5.848787098964773890e-01 5.469917892157976080e-01 5.990945078835703264e-01 3.482660995533025106e-01 3.733954846989661625e-01
5.000000000000000000e-01 4.273532999495783802e-01 4.457831944185968176e-01 4.807660034915740010e-01 4.279629864842785514e-01 4.414697864015013629e-01 4.307743305174687176e-01 4.938076310340800412e-01 4.736716666820096067e-01 5.018522498911804908e-01 5.235474558879016360e-01 4.785549796891982455e-01 5.304327258952735713e-01 2.794747960819936594e-01 3.293357705303097127e-01
1.000000000000000000e+00 2.127903405654756330e-01 2.514151412463827562e-01 2.685597836215125600e-01 2.292287928814984443e-01 2.287299122170952104e-01 2.156269406272123823e-01 2.921519833341525429e-01 2.590774348277256056e-01 2.866835238953875376e-01 2.875846579316516660e-01 2.434196392870928705e-01 2.790444965454508819e-01 1.080492672287547695e-01 1.666337068389598386e-01
1.500000000000000000e+00 1.952034970655817103e-01 2.223725985024976315e-01 2.512369878990230454e-01 1.897690183613546799e-01 2.242126392230959220e-01 2.191195386845505300e-01 2.663250147405358814e-01 2.224320715003545446e-01 2.637592471877412970e-01 2.850937136252051918e-01 2.566754172507443310e-01 2.917620067811264040e-01 -1.081325434257655524e-02 6.417886649800928767e-02
2.000000000000000000e+00 4.748432546288107459e-02 4.601430833617116412e-02 7.380273621751931579e-02 1.881229934182727936e-02 6.666594550527268903e-02 6.738536281925772142e-02 6.612227667136141851e-02 3.405958417619923267e-02 7.909970127093771119e-02 1.256917677629376673e-01 1.248838855734953068e-01 1.392594393270143449e-01 -1.547357803913363972e-01 -9.589926471702774069e-02
2.500000000000000000e+00 1.040071284156177944e-01 9.639879292835763780e-02 1.097078415129457279e-01 5.788263765159316898e-02 7.923007972519258146e-02 7.344546964630251085e-02 1.069090074423056369e-01 6.917246556522402279e-02 1.029899193462021356e-01 1.413814284260724585e-01 1.571675270490617005e-01 1.529965913527752686e-01 -7.363971946811805058e-02 -1.058427398069489156e-02
3.000000000000000000e+00 8.312793616471331193e-02 7.168919187739289378e-02 7.257906067044685161e-02 5.205370065101390387e-02 2.827451205390104499e-02 3.948653112912192675e-02 7.769105834635159358e-02 5.047991396372113887e-02 5.635897822922888989e-02 5.968685598152283223e-02 8.023108547779073119e-02 5.299761522146272108e-02 3.023755481379244645e-02 6.189069793231140315e-02
3.500000000000000000e+00 7.405891772683309560e-02 9.034250914011762723e-02 7.040209046092668621e-02 8.862713411599433544e-02 3.914535820627750018e-02 4.796382258220013850e-02 3.266014868794292481e-02 5.109779208487811447e-02 2.432570554777159846e-02 1.440361776511042344e-02 -1.498156149033877740e-02 -5.031813953003998890e-02 9.278241998595902762e-02 9.647326210702299176e-02
4.000000000000000000e+00 2.362791218856231251e-03 3.767078974071311204e-02 -1.259878839093578990e-03 4.699076981280983500e-02 -8.812452093531117012e-03 -7.786241110283876818e-03 -6.142114514717651741e-02 -1.309319633269664940e-02 -6.070605144359368655e-02 -7.869854227342290565e-02 -1.274742267169063081e-01 -1.652064568044632753e-01 9.467270945439820728e-02 7.950071599734298555e-02
4.500000000000000000e+00 9.470490285982616219e-02 1.042042564886238865e-01 6.844472671983622969e-02 1.040699760083918790e-01 8.731970855865994752e-02 7.968129680352240007e-02 3.993447208879007809e-02 3.074247156243288537e-02 -1.047856135660596433e-02 -4.147528331315320643e-02 -8.945992331899904615e-02 -8.374766838872263475e-02 1.536361747988562731e-01 1.383079394344955415e-01
5.000000000000000000e+00 1.176597329817412885e-01 8.846086984902214179e-02 7.569376366557425961e-02 9.756983878717556680e-02 1.084500937562831030e-01 1.097336835181468295e-01 8.143344184007089703e-02 4.091399855760475407e-02 5.202640910985713643e-03 -3.439012869419927343e-02 -5.274374947850344469e-02 -4.137944407809084069e-02 1.426337652832143643e-01 1.206910938214000306e-01
5.500000000000000000e+00 2.347036004835742484e-01 1.850858575287773755e-01 2.057931488337377268e-01 2.291912014582255241e-01 2.363734653882502701e-01 2.110605797743045908e-01 1.412792395959361624e-01 1.459579499576517114e-01 6.192975102285808858e-02 -1.000280862263147261e-02 5.205557428755483787e-03 -5.972126813568255643e-02 3.016959543060397375e-01 2.687877802891710521e-01
6.000000000000000000e+00 2.275759653858190068e-01 1.844247975466490330e-01 2.186797241264246128e-01 2.387532844182092273e-01 2.418535369986584693e-01 2.030534816560273237e-01 1.435356729568992573e-01 1.644306585934868781e-01 7.767346202460956306e-02 -1.584800266641124902e-03 3.508594724515456259e-02 -5.168990917149608039e-02 2.984606107140723719e-01 2.700448039889026264e-01
6.500000000000000000e+00 3.120925102081585911e-01 2.867484075545868594e-01 2.846482223608731155e-01 3.271575331771401363e-01 3.270629510393804340e-01 3.065832963609777528e-01 2.653020823786547688e-01 2.454482705743314674e-01 1.856065502212026763e-01 9.191701798798529444e-02 9.832851142906204323e-02 7.403356414164892485e-02 3.713748850527159862e-01 3.262256356694926973e-01
7.000000000000000000e+00 2.089550146219172344e-01 1.949415444939411324e-01 1.714398337716775689e-01 2.154110488931982870e-01 2.273835733002098625e-01 2.196177064127010636e-01 1.904893494165823542e-01 1.532741438609481754e-01 1.333509364337376324e-01 7.395792521957671173e-02 5.215747967611715497e-02 7.536846959275102231e-02 2.369108237431388486e-01 1.840671458480115930e-01
7.500000000000000000e+00 3.394200639628064398e-01 3.149563442148358150e-01 3.024519729555006919e-01 3.303174151044040441e-01 3.524817554938387554e-01 3.626413751430721533e-01 2.785000155734767002e-01 2.813128270011430176e-01 2.931562680229933826e-01 2.690218494402581983e-01 2.739563310298622212e-01 2.630843383458327800e-01 4.003681210222691522e-01 3.442801683758755504e-01
8.000000000000000000e+00 4.470600085990070749e-01 4.284400972341830816e-01 4.401849193383911563e-01 4.235008546964253995e-01 4.452855742395374072e-01 4.405431467559571268e-01 3.909585537695047797e-01 4.020510448727466213e-01 4.323937586745585371e-01 4.370027614836802243e-01 4.492102894382177802e-01 4.376143259345938175e-01 4.761943062623446021e-01 4.532896279325344668e-01
8.500000000000000000e+00 5.959313704467161799e-01 5.629724740445545272e-01 6.077162209733686371e-01 5.699947630798738452e-01 5.563242380407951160e-01 5.560043416958326823e-01 5.323839331349263793e-01 5.364280955406326434e-01 5.582993448916198087e-01 5.361598030851989494e-01 5.506256058033622836e-01 5.388985463111402030e-01 5.691982981271610509e-01 5.874995944681797866e-01
9.000000000000000000e+00 5.318332101624752006e-01 4.997842450997539432e-01 5.527802637007050990e-01 5.159284581135850090e-01 4.782597745505929865e-01 4.858728818884787692e-01 4.822355627828746605e-01 4.892033135118533105e-01 4.928168109615950199e-01 4.714061787299250739e-01 4.732111069673774484e-01 4.594209488486813431e-01 4.736309393956095182e-01 5.196184694238161761e-01
9.500000000000000000e+00 6.481938239006371782e-01 6.372925168646967897e-01 6.536923430707709537e-01 6.435382625642518395e-01 6.236414406936292565e-01 6.158795057744372858e-01 6.350991298317008038e-01 6.220573919038210331e-01 6.194289200973090992e-01 6.158908596405365810e-01 6.063492907866858683e-01 5.989700026654141141e-01 5.861952537297547838e-01 6.276611136724984386e-01
1.000000000000000000e+01 5.633539849501820740e-01 5.725152857029311981e-01 5.453150875384910057e-01 5.651215476832169848e-01 5.497186810002178126e-01 5.499298439865920596e-01 5.648553849830859619e-01 5.509007458186003792e-01 5.625198812990301889e-01 5.791425970429808778e-01 5.795481816344997261e-01 5.686409257368262304e-01 5.231063085236660193e-01 5.573709924331328169e-01
1.050000000000000000e+01 6.251064344109190651e-01 6.071993498282322044e-01 5.886337561018101239e-01 6.156657467143548113e-01 5.588036394638133952e-01 5.930032916975489510e-01 5.579383546841429897e-01 5.996570192423185119e-01 6.223074018229273197e-01 6.379281666137375240e-01 6.584721407841134244e-01 6.151490235710125321e-01 6.096097025174083139e-01 6.476939474918680384e-01
1.100000000000000000e+01 5.545211810114147877e-01 5.297324228626690834e-01 5.206377147045534448e-01 5.424611451421677000e-01 4.632784996684486400e-01 5.149662013517147807e-01 4.655502819402299042e-01 5.336747598743631915e-01 5.397909984035131892e-01 5.414779671785378001e-01 5.652069562718935458e-01 5.047374239992393763e-01 5.745456034920783939e-01 6.005728208744669505e-01
1.150000000000000000e+01 6.246145400187110841e-01 6.253403607104643935e-01 6.011558886044561234e-01 6.237534199983663097e-01 5.630902039428540284e-01 5.832074302519931752e-01 5.904948365547755262e-01 6.078038869093079777e-01 5.768726643784903851e-01 5.398300162920295353e-01 5.508350772515236971e-01 4.837879462255378904e-01 6.806792529406064940e-01 6.720513820271329930e-01
1.200000000000000000e+01 5.366199412992754825e-01 5.340287976316412388e-01 5.172138648131190397e-01 5.464154593271046689e-01 5.070084074418563791e-01 5.211721859772683318e-01 5.427871040945781989e-01 5.247045994554588866e-01 4.797065722078079908e-01 4.196761090984761355e-01 4.309362430486319839e-01 3.777247912085220927e-01 5.779139400068598054e-01 5.589412076636435245e-01
1.250000000000000000e+01 5.778244929648006512e-01 5.350942775863769540e-01 5.709953638292468714e-01 5.925532864342799577e-01 5.755438661590850380e-01 5.880556127900438135e-01 5.789951838726949962e-01 5.676781453659701659e-01 5.419250425037481778e-01 5.041384352901502330e-01 5.338190374050151288e-01 4.967412392775759633e-01 5.067550951692655348e-01 5.433217172543521878e-01
1.300000000000000000e+01 5.364975021865241445e-01 4.839190379575040168e-01 5.416408892756106042e-01 5.564719279860703693e-01 5.663957545653696135e-01 5.413883786429811718e-01 5.306730699373356508e-01 5.234244105250985823e-01 4.993019131420750045e-01 4.746818581075732402e-01 4.916270098701050473e-01 4.630957784121417786e-01 4.514277873713500311e-01 4.829406095589868775e-01
1.350000000000000000e+01 6.103132786092634321e-01 5.838441877638047561e-01 6.055204620196286136e-01 6.167877521397420182e-01 6.484328589377373886e-01 5.733295009694852062e-01 6.196918669219082521e-01 5.878807147496587504e-01 5.281143424456600233e-01 4.930334713032943905e-01 4.510710606549220847e-01 4.406687458692698511e-01 5.811630337561313198e-01 5.435215496556929926e-01
1.400000000000000000e+01 5.595310726004718571e-01 5.412577338100903468e-01 5.218368502594423752e-01 5.549933664159564239e-01 5.847769827448763280e-01 5.072736819099746830e-01 5.591061891240918236e-01 5.317864814919313066e-01 4.468167693305050703e-01 4.094201427748731525e-01 3.440693673089276761e-01 3.368657171444534582e-01 5.655046454906531572e-01 4.926354898071433341e-01
1.450000000000000000e+01 6.420671168587550603e-01 6.396803072812969893e-01 5.776632663543408430e-01 6.383337610689485686e-01 6.328193107103805559e-01 6.257726616395267172e-01 5.863869839626892899e-01 6.204276804012455182e-01 5.843147226209011169e-01 5.495479896947208509e-01 5.649463358658357581e-01 5.119734470593233500e-01 6.724088532123443374e-01 6.598811770254132680e-01
1.500000000000000000e+01 6.743394165013480990e-01 6.683124652692217227e-01 6.293628741197091481e-01 6.676900300280000922e-01 6.894862790250593232e-01 7.116918311500106675e-01 6.660090009875969663e-01 6.700342321407897206e-01 6.459952122995294976e-01 6.232975728325675924e-01 6.626598424612728522e-01 6.188465105790924570e-01 6.123822782536725295e-01 6.301286120712694672e-01
