# # time shift (tau) HBeta_not_optical_calibrated LyAlpha_not_optical_calibrated OI8446_not_optical_calibrated
-1.000000000000000000e+01 4.308954668579026981e-01 -8.905029763863582526e-02 1.032634100000492106e-01
-9.000000000000000000e+00 6.604618510530493869e-02 4.760878260654159699e-02 1.969403474463788939e-01
-8.000000000000000000e+00 2.699741023171958187e-01 3.106852487506814864e-01 4.475524498189430433e-01
-7.000000000000000000e+00 2.218931524366973829e-01 5.328087346537545566e-01 -9.284379545260831867e-02
-6.000000000000000000e+00 1.373867597549094932e-01 3.464339236821555312e-01 -2.778804942950265922e-01
-5.000000000000000000e+00 1.160240864860267451e-01 1.697914416531509374e-01 4.944936462014619394e-02
-4.000000000000000000e+00 -4.700448797438759596e-02 2.996571114037076961e-02 -2.810942424143171858e-01
-3.000000000000000000e+00 1.650154661872687556e-01 4.369410001715848813e-01 1.388896780132165554e-01
-2.000000000000000000e+00 5.660654266578231120e-01 3.602804038842508660e-01 2.062869123844328079e-01
-1.000000000000000000e+00 4.277200241882400666e-01 3.386858435071087303e-01 1.639088231480496649e-01
0.000000000000000000e+00 6.601505230016000425e-01 4.698241711845669855e-01 1.000000000000000000e+00
1.000000000000000000e+00 3.001044025693304640e-01 2.917322628232533188e-01 1.639088231480496927e-01
2.000000000000000000e+00 2.135730664504146559e-01 6.646893291162075945e-02 2.062869123844328356e-01
3.000000000000000000e+00 -1.583949744322793798e-02 -1.580569403500367009e-01 1.388896780132165554e-01
4.000000000000000000e+00 -3.518599922535192714e-01 -2.557477024004873312e-01 -2.810942424143171303e-01
5.000000000000000000e+00 -2.269444083089822845e-02 3.581438938257981708e-02 4.944936462014619394e-02
6.000000000000000000e+00 1.569746706442149142e-01 5.871272059675308741e-02 -2.778804942950265922e-01
7.000000000000000000e+00 1.276040478046229221e-01 7.673473340866897308e-02 -9.284379545260827704e-02
8.000000000000000000e+00 4.359375820978695359e-01 3.782894831935069146e-01 4.475524498189430433e-01
9.000000000000000000e+00 5.598170925697338873e-01 4.781561296167839981e-01 1.969403474463788939e-01
1.000000000000000000e+01 3.253898904738237174e-01 5.618070417366467506e-01 1.032634100000491689e-01
1.100000000000000000e+01 2.651503019166326913e-01 4.324729036253871506e-01 2.890992061885945263e-01
1.200000000000000000e+01 2.325472605713145291e-01 5.344605377847524430e-01 -1.295158372342179454e-01
1.300000000000000000e+01 3.679998039893608297e-01 5.602745240770090618e-01 2.246423425138739938e-01
1.400000000000000000e+01 4.033379047973566500e-01 4.962678292499704824e-01 -8.080709777054359555e-02
1.500000000000000000e+01 5.257245095136868773e-01 5.819045281109267442e-01 7.873715465829536631e-02
