# CIV1548_not_optical_calibrated timestamps [MJD], fluxes [ergs/s/cm2/A], fluxerrs [ergs/s/cm2/A]
5.758166000000000349e+04 1.659322725571443872e-12 1.065346383152848571e-15
5.758266000000000349e+04 1.558469847791938125e-12 0.000000000000000000e+00
5.758365000000000146e+04 1.566613422415643292e-12 9.678580808095756666e-16
5.758377999999999884e+04 1.454199355050366004e-12 0.000000000000000000e+00
5.758458000000000175e+04 1.479938439354425801e-12 0.000000000000000000e+00
5.758556999999999971e+04 1.270911563296844710e-12 0.000000000000000000e+00
5.758654000000000087e+04 1.155258764369652710e-12 0.000000000000000000e+00
5.758755999999999767e+04 1.296686868874237854e-12 0.000000000000000000e+00
5.758848000000000320e+04 1.471261768751556764e-12 2.535257939624255373e-15
5.758941000000000349e+04 1.408024625811373442e-12 0.000000000000000000e+00
5.759041000000000349e+04 1.458398776660910235e-12 3.183799582701126065e-16
5.759140000000000146e+04 1.493704761613782309e-12 0.000000000000000000e+00
5.759238999999999942e+04 1.394649583365543174e-12 0.000000000000000000e+00
5.759338999999999942e+04 1.486003310639108197e-12 0.000000000000000000e+00
5.759431999999999971e+04 1.401564757277485404e-12 0.000000000000000000e+00
5.759530999999999767e+04 1.469425124513296442e-12 0.000000000000000000e+00
5.759643000000000029e+04 1.427053470464569155e-12 0.000000000000000000e+00
5.759741999999999825e+04 1.376149355773179430e-12 0.000000000000000000e+00
5.759829000000000087e+04 1.436883371916417253e-12 0.000000000000000000e+00
5.759927999999999884e+04 1.361848761770362471e-12 2.967023517000957715e-16
5.760020999999999913e+04 1.294360476965706698e-12 0.000000000000000000e+00
5.760219999999999709e+04 1.177660400895071705e-12 0.000000000000000000e+00
5.760319000000000233e+04 1.268486552774279974e-12 0.000000000000000000e+00
5.760418000000000029e+04 1.225284542381202286e-12 0.000000000000000000e+00
5.760523999999999796e+04 1.279818864359685026e-12 0.000000000000000000e+00
5.760616999999999825e+04 1.290582697037650226e-12 6.248613043203646995e-16
