# Cont1150_not_optical_calibrated timestamps [MJD], fluxes [ergs/s/cm2/A], fluxerrs [ergs/s/cm2/A]
5.758166000000000349e+04 1.087676352096017055e-14 5.289428054070493282e-16
5.758266000000000349e+04 1.193915381695664410e-14 6.885158256778147860e-16
5.758365000000000146e+04 8.996417539124732801e-15 4.385967850140564212e-17
5.758377999999999884e+04 8.718757343485352533e-15 2.311418862654254853e-16
5.758458000000000175e+04 7.146135980476227173e-15 3.981985463479505485e-16
5.758556999999999971e+04 6.616059302937563983e-15 2.153089846456321959e-16
5.758654000000000087e+04 7.008713105969601247e-15 9.689707641004671417e-16
5.758755999999999767e+04 1.218724847104425429e-14 5.421557817424961069e-16
5.758848000000000320e+04 1.230846855581970741e-14 8.991388320543936417e-17
5.758941000000000349e+04 1.274347056448209415e-14 1.681040612006598502e-16
5.759041000000000349e+04 1.350753177882976280e-14 3.102966615448524350e-16
5.759140000000000146e+04 1.031165785299783592e-14 8.343565862567801969e-16
5.759238999999999942e+04 8.490260880604725656e-15 3.433828574944642660e-17
5.759338999999999942e+04 9.360385991416618039e-15 5.911418111631958627e-16
5.759431999999999971e+04 1.034996810864235695e-14 3.834617099439895551e-16
5.759530999999999767e+04 9.063390257110545971e-15 1.798915538127837303e-16
5.759643000000000029e+04 7.709724990460484995e-15 1.168365690384915092e-15
5.759741999999999825e+04 7.768503486848989066e-15 2.433252800292789803e-16
5.759829000000000087e+04 7.445163116589354257e-15 4.523026912252571627e-16
5.759927999999999884e+04 7.664205334726165872e-15 3.362269890976577974e-16
5.760020999999999913e+04 5.348400733828886841e-15 1.928433911132015346e-16
5.760219999999999709e+04 6.333135286193523140e-15 2.943835015977796087e-16
5.760319000000000233e+04 5.244032062525106446e-15 1.071179144948195371e-16
5.760418000000000029e+04 5.651808343173861287e-15 1.059574629343413919e-16
5.760523999999999796e+04 5.504645579624622143e-15 4.999262756461130735e-16
5.760616999999999825e+04 5.868382780134587962e-15 3.556355788805759585e-16
