# HBeta_not_optical_calibrated timestamps [MJD], fluxes [ergs/s/cm2/A], fluxerrs [ergs/s/cm2/A]
5.758166000000000349e+04 3.828653328667515120e-13 3.940515637026772972e-16
5.758266000000000349e+04 3.722657562902397437e-13 2.766267339242037266e-16
5.758365000000000146e+04 3.952945263898630670e-13 4.115657719331129396e-16
5.758377999999999884e+04 3.964374499684163996e-13 2.288288620375494444e-16
5.758458000000000175e+04 3.835791975770803069e-13 2.906028742447583782e-16
5.758556999999999971e+04 3.686780556443980605e-13 1.919791008628917096e-16
5.758654000000000087e+04 3.444778703627369291e-13 2.836710153140880235e-16
5.758755999999999767e+04 3.743870639900698508e-13 2.040625766522698676e-16
5.758848000000000320e+04 3.722278407280730311e-13 2.889535226809786431e-16
5.758941000000000349e+04 3.734546659119809395e-13 2.920262123185786327e-16
5.759041000000000349e+04 3.822261420077506060e-13 2.789420462559798901e-16
5.759140000000000146e+04 3.776247935044779621e-13 3.878583900905828264e-16
5.759238999999999942e+04 3.703858622945634896e-13 1.589640586259883366e-16
5.759338999999999942e+04 3.827958541261985056e-13 3.230104812611604678e-16
5.759431999999999971e+04 3.554177011690602054e-13 1.860665356310149823e-16
5.759530999999999767e+04 3.575833334603657710e-13 1.271453299898880683e-16
5.759643000000000029e+04 3.721033839078648292e-13 1.668563047918258572e-16
5.759741999999999825e+04 3.742507296042280578e-13 3.773749116607250253e-16
5.759829000000000087e+04 3.774856823374373322e-13 2.501975675618631103e-16
5.759927999999999884e+04 3.613896542810405324e-13 1.946642781283569834e-16
5.760020999999999913e+04 3.646319050283555347e-13 3.801520197517435065e-16
5.760219999999999709e+04 3.399294220543260481e-13 2.493892909300865565e-16
5.760319000000000233e+04 3.481997323631253655e-13 2.760244859339099704e-16
5.760418000000000029e+04 3.411709124128308154e-13 1.014748831467559663e-16
5.760523999999999796e+04 3.404303442942520173e-13 2.358639998004030255e-16
5.760616999999999825e+04 3.262686183185242783e-13 2.763277733039455550e-16
