# NV1238_not_optical_calibrated timestamps [MJD], fluxes [ergs/s/cm2/A], fluxerrs [ergs/s/cm2/A]
5.758166000000000349e+04 2.841428046453622992e-13 2.116073254242409437e-15
5.758266000000000349e+04 3.269620424724711626e-13 1.813810609762265793e-15
5.758365000000000146e+04 2.483091025452338003e-13 8.663042166142293327e-16
5.758377999999999884e+04 2.708481358208132462e-13 6.089276647073361962e-16
5.758458000000000175e+04 2.727253235640041748e-13 1.048957809152097973e-15
5.758556999999999971e+04 2.082853303282545740e-13 5.671344948744780176e-16
5.758654000000000087e+04 2.010184812446618653e-13 2.553048800062898010e-15
5.758755999999999767e+04 1.984404542432390801e-13 1.428106145604927879e-15
5.758848000000000320e+04 2.562778886874011962e-13 1.026696259361949955e-15
5.758941000000000349e+04 2.558520722382496207e-13 4.430677759262380988e-16
5.759041000000000349e+04 2.722640908215666505e-13 1.014776840931417805e-15
5.759140000000000146e+04 2.576242204031064478e-13 2.198376405165882357e-15
5.759238999999999942e+04 2.797930198182261504e-13 9.047427088048373606e-17
5.759338999999999942e+04 2.469419891018808886e-13 1.557126039599487079e-15
5.759431999999999971e+04 2.705732384404953981e-13 1.010331057318224160e-15
5.759530999999999767e+04 2.853320473480309650e-13 4.739540715303519920e-16
5.759643000000000029e+04 2.590199534596198156e-13 3.077817649107568773e-15
5.759741999999999825e+04 2.281257656458551473e-13 6.409718150422697400e-16
5.759829000000000087e+04 1.892319731021798373e-13 1.191440237087723981e-15
5.759927999999999884e+04 2.249644895545044677e-13 1.063887323271468402e-15
5.760020999999999913e+04 2.183177989931511943e-13 5.079663412562230444e-16
5.760219999999999709e+04 1.886672636420796009e-13 7.758384638893882524e-16
5.760319000000000233e+04 2.409981059306676418e-13 2.823772099340249737e-16
5.760418000000000029e+04 2.191980124281664560e-13 2.793153348444549928e-16
5.760523999999999796e+04 2.026306119557951195e-13 1.256563181909171255e-15
5.760616999999999825e+04 1.943475986120782524e-13 1.421914288524434180e-15
