# OIII]1660_not_optical_calibrated timestamps [MJD], fluxes [ergs/s/cm2/A], fluxerrs [ergs/s/cm2/A]
5.758166000000000349e+04 1.086608834577642953e-13 7.308772861879407578e-16
5.758266000000000349e+04 5.322155760787354162e-14 0.000000000000000000e+00
5.758365000000000146e+04 8.733351232654237433e-14 6.639957657937441664e-16
5.758377999999999884e+04 2.123152099340484410e-14 0.000000000000000000e+00
5.758458000000000175e+04 2.786784084735684373e-14 0.000000000000000000e+00
5.758556999999999971e+04 1.701370983616938547e-14 0.000000000000000000e+00
5.758654000000000087e+04 2.476342534151050949e-14 0.000000000000000000e+00
5.758755999999999767e+04 4.716945282967714922e-14 0.000000000000000000e+00
5.758848000000000320e+04 9.345411847757552000e-14 7.429151113931366843e-16
5.758941000000000349e+04 3.970385218832426347e-14 0.000000000000000000e+00
5.759041000000000349e+04 8.294953167129494991e-14 2.184234945149328502e-16
5.759140000000000146e+04 7.011662178501814725e-14 0.000000000000000000e+00
5.759238999999999942e+04 3.424426632575851074e-14 0.000000000000000000e+00
5.759338999999999942e+04 8.341093271424260656e-14 0.000000000000000000e+00
5.759431999999999971e+04 3.770193209307019979e-14 0.000000000000000000e+00
5.759530999999999767e+04 7.305879903593784125e-14 0.000000000000000000e+00
5.759643000000000029e+04 6.999390105776987275e-14 0.000000000000000000e+00
5.759741999999999825e+04 2.769589658778597990e-14 0.000000000000000000e+00
5.759829000000000087e+04 9.017473219850978088e-14 0.000000000000000000e+00
5.759927999999999884e+04 8.879034876962272715e-14 2.035516457796368768e-16
5.760020999999999913e+04 1.730807932244450593e-14 0.000000000000000000e+00
5.760219999999999709e+04 7.923108657217777874e-14 0.000000000000000000e+00
5.760319000000000233e+04 5.685057983193818406e-14 0.000000000000000000e+00
5.760418000000000029e+04 4.889013284675713185e-14 0.000000000000000000e+00
5.760523999999999796e+04 4.735831085745133324e-14 0.000000000000000000e+00
5.760616999999999825e+04 4.536375311095469507e-14 4.286839863237245917e-16
