# # time shift (tau) Cont4010 Cont4200 Cont4440 Cont4765 Cont5100 Cont5600 Cont6045 Cont6110 Cont6880 Cont7390 Cont8015 Cont8900 Cont1150
-1.000000000000000000e+01 -5.732676303676016716e-02 4.821996914234247256e-02 1.069431993815846971e-01 1.151336970321708564e-01 1.532543543318621582e-01 5.599700138561784085e-02 1.319795102440521894e-01 -3.094578477250822801e-03 -3.186472087589212188e-02 -6.598546044530904930e-02 -1.130555671670101792e-01 -1.181978773799015892e-01 -2.013757009221213423e-01
-9.000000000000000000e+00 1.155705048145701935e-01 1.912676517603773552e-01 1.985918396697511357e-01 1.985455646304842281e-01 2.266008234225634910e-01 1.262732228033215942e-01 1.757049130327999753e-01 5.734943111174581332e-02 7.556476876958712063e-02 5.237648611791574649e-02 -2.890654951479754153e-02 -5.674657203933619609e-03 -9.460075563013743694e-02
-8.000000000000000000e+00 3.591322565829896396e-01 3.831794566359877918e-01 4.088139967751459602e-01 3.590660452248428669e-01 4.168145708654142911e-01 3.313597425305193633e-01 2.702890783536172070e-01 2.265846608000302298e-01 2.057804734726411122e-01 1.480014284406001024e-01 1.523055072277620658e-01 2.121453781092096091e-02 1.519803477264469738e-01
-7.000000000000000000e+00 5.170609390578884135e-01 5.479378387759226143e-01 5.715899734832938783e-01 5.531240726737773894e-01 5.581768669845467157e-01 4.926374379427089778e-01 5.039262375975549491e-01 4.431822936742012553e-01 4.033579383839464572e-01 2.938137525322727095e-01 2.562075724923174036e-01 1.813424412082100534e-01 3.013126803806233656e-01
-6.000000000000000000e+00 6.411656497751346828e-01 6.565054049105674139e-01 6.596070713627120163e-01 6.574565798931938376e-01 6.790869860696310267e-01 6.753293410075416059e-01 6.366692234790094496e-01 5.963247859237436055e-01 5.779990640080029385e-01 5.392348877559416387e-01 4.469832544172243072e-01 4.044955030014347197e-01 4.010081877496606273e-01
-5.000000000000000000e+00 6.819122845032183911e-01 6.568331633344304255e-01 6.686080182641814806e-01 6.301775404488498822e-01 6.728615630409606752e-01 6.674735546668856268e-01 6.614150979900037530e-01 5.908337185797382096e-01 5.825172293331728479e-01 5.029945796710533212e-01 5.037443508992833774e-01 4.319160916315173404e-01 4.431581110965512327e-01
-4.000000000000000000e+00 6.656827398641206317e-01 6.362748253695882372e-01 6.577224727554046302e-01 6.094273763844281211e-01 6.617706577364702580e-01 6.686450372473886627e-01 6.390736918094838126e-01 5.753880623097560321e-01 5.737703532079603264e-01 4.992159892876043559e-01 5.198709738938248615e-01 4.527605329653985322e-01 4.399185879259663867e-01
-3.000000000000000000e+00 7.478694148614863924e-01 7.184355263909536493e-01 7.207338944713720386e-01 6.886925247543833617e-01 7.156345447213441346e-01 7.063771465644337333e-01 6.767431135264895259e-01 6.529812822736489331e-01 6.577521635180314519e-01 6.154903502146341632e-01 5.954666355058764182e-01 5.905708319278346607e-01 5.610327206099309238e-01
-2.000000000000000000e+00 8.549555156329874395e-01 8.428290953989643342e-01 8.446122622220304521e-01 8.254459841759964611e-01 8.421651482314824744e-01 8.203582367590207536e-01 7.704691856811911599e-01 7.901832713280292353e-01 7.597921100727527133e-01 7.135575072004128883e-01 6.814484563566363118e-01 6.485042175433164413e-01 7.667931157124781016e-01
-1.000000000000000000e+00 9.238177858124264619e-01 9.217548825912473820e-01 9.304507425366608242e-01 9.157144485587394023e-01 9.272304889196061328e-01 9.125865997706302801e-01 8.721246534724340638e-01 8.883939140853972516e-01 8.614979336094921170e-01 8.099620321781659804e-01 7.814316255291602342e-01 7.686127265506885742e-01 8.502291938376451697e-01
0.000000000000000000e+00 9.786476478570099724e-01 9.885059859098015433e-01 9.898396670571275591e-01 9.880606917266999689e-01 1.000000000000000000e+00 9.815719728638062636e-01 9.658936499055653657e-01 9.828222681938032501e-01 9.666390917224531032e-01 9.253389197104581188e-01 9.059598814052470805e-01 8.849415384209485813e-01 8.670922956319954134e-01
1.000000000000000000e+00 8.788342021021395833e-01 8.962147439836499752e-01 9.115424918001128196e-01 8.840792821003689017e-01 9.114305828340589777e-01 9.199624079691219869e-01 9.497405327351904347e-01 9.188183371646692077e-01 9.379169919705704350e-01 9.052269694514964993e-01 8.890601637960553472e-01 8.901002044085997156e-01 7.349365603208974917e-01
2.000000000000000000e+00 7.495317808259253090e-01 7.705793994775245181e-01 7.832732295342981210e-01 7.398345643664364646e-01 7.881685337126222990e-01 8.018295968475417368e-01 8.471693791722078037e-01 7.975225075492220483e-01 8.624334561284259237e-01 8.772798416474031358e-01 8.669530547367141349e-01 8.917643673413617744e-01 5.031143192086471316e-01
3.000000000000000000e+00 6.161233923137341417e-01 6.304605804715157635e-01 6.521899677815329310e-01 5.902921858819774048e-01 6.278389597800333455e-01 6.110351326515250925e-01 6.787804835325138564e-01 6.494915852707615622e-01 7.157968352718414584e-01 7.592730296930887413e-01 7.359988126300862632e-01 7.916416166243551711e-01 3.784318871545607754e-01
4.000000000000000000e+00 5.103416084565819411e-01 5.662044813848471358e-01 5.596954276000789541e-01 5.137767400397217354e-01 5.451814660009522973e-01 5.127542481403837282e-01 5.700053743922401939e-01 5.619981586176203692e-01 5.843198594964498227e-01 6.168504677300424843e-01 5.614379430518346981e-01 6.095546052800007164e-01 3.412968937953332338e-01
5.000000000000000000e+00 5.952411044408454366e-01 6.516446362306806961e-01 6.409454036661017540e-01 6.144047073809340009e-01 6.022506716046659436e-01 6.106406467048209885e-01 6.110297558367260295e-01 6.334328187815301270e-01 6.474205432682829109e-01 6.550959601396311172e-01 6.063582636429682982e-01 6.574254290163592529e-01 5.516283438405350514e-01
6.000000000000000000e+00 5.728895230286182860e-01 6.245730987890230068e-01 6.155776597055602206e-01 6.222377991460521507e-01 5.982871231722226568e-01 6.223787512568011993e-01 6.063464382442325107e-01 6.192126729661739937e-01 5.997633345339958844e-01 5.660725616908601765e-01 5.514978449688416884e-01 5.651886824984022617e-01 6.220954616115085267e-01
7.000000000000000000e+00 4.690013342239011118e-01 5.197433316252834112e-01 4.979151297404234011e-01 5.404164774376905012e-01 5.154094025751773112e-01 5.509650871812803441e-01 4.834571148414864572e-01 4.819279354746730526e-01 4.942976722805155765e-01 4.269829111698205670e-01 4.227607231807154475e-01 4.604580903293060690e-01 5.623085224105677238e-01
8.000000000000000000e+00 3.539915404077913497e-01 3.669844860547963328e-01 3.753744353907300102e-01 3.888381580533316617e-01 3.979503361279743689e-01 3.949658454729956247e-01 3.430839876941862432e-01 3.296476288455738590e-01 3.473426892359806062e-01 2.893511413083115213e-01 3.008483804060468891e-01 3.529226361065327944e-01 4.183861345271773224e-01
9.000000000000000000e+00 2.084827410363938038e-01 2.102570292543671227e-01 2.841667743567719007e-01 2.394919405736793960e-01 2.384692587026187582e-01 2.016151560087749983e-01 1.867246981384166338e-01 1.904136527333379902e-01 2.077683973604896317e-01 1.661882530726833118e-01 1.731508881773266006e-01 2.086570169329240165e-01 2.244159613649362450e-01
1.000000000000000000e+01 1.521370761300426810e-01 1.637986469463881822e-01 1.981650458407562820e-01 1.359819519646106034e-01 1.322472332555240937e-01 1.196439155933851362e-01 1.041997994214132056e-01 1.204644991108959479e-01 1.628207025037290978e-01 1.822443258337347327e-01 2.001359909693764538e-01 1.939632951346085266e-01 9.283786052663837995e-02
1.100000000000000000e+01 2.438707597228627622e-01 2.246105264865018158e-01 2.311815713135471351e-01 1.829161365942176543e-01 1.348555903014106161e-01 1.915858918018421564e-01 1.383956667027066711e-01 1.949749033989607028e-01 2.197623240629055508e-01 2.776401314654054486e-01 3.100662102542897647e-01 2.491819798222117965e-01 2.397066097882219193e-01
1.200000000000000000e+01 2.643109868630749149e-01 2.345994291442040913e-01 1.755086740485818364e-01 2.309316749653791967e-01 1.416574201653164333e-01 2.417142272372476142e-01 1.870476424661711712e-01 2.348338893908748226e-01 2.134161767754454986e-01 2.386844787893081243e-01 2.622781150887827373e-01 1.798676930444229882e-01 3.094881008929302180e-01
1.300000000000000000e+01 2.835024857209613725e-01 2.120046489541737578e-01 1.533481645074741551e-01 2.644066125961012648e-01 2.145552976090741026e-01 2.618674419359030003e-01 2.329864009640737199e-01 2.560318965507551447e-01 1.941766080179632703e-01 1.765184111789729060e-01 1.884473764162596099e-01 1.146469498501217488e-01 2.683265887861458476e-01
1.400000000000000000e+01 2.639532579606273521e-01 1.653116881416233364e-01 1.690038589688492854e-01 2.247613724033711291e-01 2.713518111454234494e-01 1.960798375788186110e-01 2.551334870048764802e-01 2.159874326002658718e-01 1.226856900054971167e-01 2.317640923872391068e-02 2.231025726116485017e-02 -4.167546402148141621e-02 2.351602646120190265e-01
1.500000000000000000e+01 3.589554336888481911e-01 2.553305236775320064e-01 3.039095284785260920e-01 3.037623218252675228e-01 4.400055647347105858e-01 2.618350336772359288e-01 3.651280238535637990e-01 2.837266325613961304e-01 1.971006640877787097e-01 9.254744841702833291e-02 9.201876433078272355e-02 4.153840171946579507e-02 2.273738279725176503e-01
