# # time shift (tau) Cont4010 Cont4200 Cont4440 Cont4765 Cont5100 Cont5600 Cont6045 Cont6110 Cont6880 Cont7390 Cont8015 Cont8900
-1.000000000000000000e+01 -6.381774518680549679e-02 5.775279609602584907e-02 1.073623664111883480e-01 9.621334067588771521e-02 1.820408314253922910e-01 9.947665649723747006e-02 1.788930079367674619e-01 3.232304687671602034e-03 -7.896062774948482688e-03 -7.903641713156082937e-02 -8.813754358095669816e-02 -1.040495001508855433e-01
-9.000000000000000000e+00 3.364068207469089050e-02 1.366075727455539901e-01 1.533089858919380599e-01 1.231519919057143253e-01 2.002329434745480086e-01 1.284947718140961592e-01 1.180325703257066039e-01 -1.458756025373892512e-02 3.530287051237979840e-02 1.044420164557723768e-02 -1.986818393490078632e-02 -2.291674734868876656e-02
-8.000000000000000000e+00 3.097404266845137366e-01 3.409355659109476466e-01 3.612570758266271942e-01 3.199989892146281600e-01 3.580861371364039702e-01 2.930311064287807188e-01 2.264821265558230601e-01 1.911576055931274443e-01 1.756372327665697841e-01 1.531201338472813755e-01 8.692905463776554043e-02 4.631485388087071275e-02
-7.000000000000000000e+00 4.823608772752594476e-01 5.048856587628407500e-01 5.259253478797799586e-01 5.072252581227287838e-01 5.174729176039973844e-01 4.746327863390733537e-01 4.634382105869891411e-01 4.085274605410098570e-01 3.338884463997223717e-01 2.336410036354304443e-01 1.801188016279289261e-01 9.427212312452779019e-02
-6.000000000000000000e+00 6.113716680429432948e-01 6.132692131231503030e-01 6.266084868275606512e-01 5.957679670253041015e-01 6.385458024336321259e-01 6.432077410939405215e-01 5.862788738316566661e-01 5.289484552441303666e-01 4.897680061239614857e-01 3.970918017822291923e-01 3.557534298425085728e-01 2.720041609852728026e-01
-5.000000000000000000e+00 7.138233803237288289e-01 6.823365313891764927e-01 6.852258744912775867e-01 6.333237680842460637e-01 6.827684718643007855e-01 7.012277206331403168e-01 6.492126301210995321e-01 5.883861731889946656e-01 5.865455158469844443e-01 4.797102302910076776e-01 5.061685788313612377e-01 4.018290168509550675e-01
-4.000000000000000000e+00 6.785767037279706315e-01 6.343158396078767414e-01 6.442330223006883516e-01 6.099033260016675229e-01 6.456231052360583700e-01 6.630537601923536251e-01 6.092445060654622102e-01 5.623288923756143420e-01 5.432952238229451503e-01 4.498076660762641010e-01 4.522721103904711049e-01 3.808564799953318980e-01
-3.000000000000000000e+00 7.975007342764169893e-01 7.492738655036518258e-01 7.583398440855693146e-01 7.381172394138395543e-01 7.534363214297857825e-01 7.359534549180495322e-01 6.795767690535224892e-01 6.831550342596521830e-01 6.717498946389692804e-01 6.134387927806784768e-01 5.743370051788947439e-01 5.657599713112749784e-01
-2.000000000000000000e+00 8.977446370053387970e-01 8.754071773575191617e-01 8.878213386408573271e-01 8.642166271051108239e-01 8.798642953496491614e-01 8.353839193594483348e-01 8.039874224748333464e-01 8.339600770953072839e-01 7.998425867915188725e-01 7.359054997179256263e-01 7.214244543976613411e-01 6.795002718009972575e-01
-1.000000000000000000e+00 9.167541655550788260e-01 9.295873077683017849e-01 9.498441793611480666e-01 9.198533593833746469e-01 9.388325736256524223e-01 9.272382405000998418e-01 9.035053167085730363e-01 9.161947193713775306e-01 9.011624695415085817e-01 8.475737989433895780e-01 8.232418244734316382e-01 8.078136150069984422e-01
0.000000000000000000e+00 9.551438022638432113e-01 9.754262210870113803e-01 9.695613131863802803e-01 9.580357458762008838e-01 9.666390917224531032e-01 9.668440120623388312e-01 9.735951631186335886e-01 9.816803753914754571e-01 1.000000000000000000e+00 9.851032428492971782e-01 9.697389755436035541e-01 9.661602068909491692e-01
1.000000000000000000e+00 8.107498772722940839e-01 8.368439522930137819e-01 8.472974302775768685e-01 8.147177533062694987e-01 8.459227231559668381e-01 8.640383029488974964e-01 9.060543432729470936e-01 8.752469052355908996e-01 9.011624695415085817e-01 8.999997148525494817e-01 8.792554182812910568e-01 8.965341066340162257e-01
2.000000000000000000e+00 6.827610544652724656e-01 7.130964068451124405e-01 7.226657835717240630e-01 6.822301882920063232e-01 7.206620157824261685e-01 7.194754794430648914e-01 7.849328655561131907e-01 7.445172634751147100e-01 7.998425867915188725e-01 8.199093296721372548e-01 7.925813399963177464e-01 8.474053194462749516e-01
3.000000000000000000e+00 5.602405621097517052e-01 6.026383022046640781e-01 6.216724635163920487e-01 5.608241761779335643e-01 6.013586607596299594e-01 5.599647101977300867e-01 6.487439807841244299e-01 6.240408186824870640e-01 6.717498946389692804e-01 7.064865601062708667e-01 6.831714039081960843e-01 7.399030624218123631e-01
4.000000000000000000e+00 4.534442214990239695e-01 5.393483659324396218e-01 5.456223196626752703e-01 4.913801178640225809e-01 5.097321042280127390e-01 4.644845143642140628e-01 5.307694165819004661e-01 5.263286787061502991e-01 5.432952238229451503e-01 5.557255332568266093e-01 4.814754227469127956e-01 5.544491712253702964e-01
5.000000000000000000e+00 5.266630152866720316e-01 5.977182272815251274e-01 5.878078927008681953e-01 5.571805769685245213e-01 5.480397555000928733e-01 5.600535630900373985e-01 5.559785977434968940e-01 5.643208050369390438e-01 5.865455158469844443e-01 5.909042488557648687e-01 5.488388479153623045e-01 6.098762438440786804e-01
6.000000000000000000e+00 4.825279721948996237e-01 5.237207230201429420e-01 5.279813207312895607e-01 5.344931627982655309e-01 5.082259310095542659e-01 5.215203550433529234e-01 5.101032420601656625e-01 5.119636999140446676e-01 4.897680061239614857e-01 4.595646371675952691e-01 4.394287627591393908e-01 4.841040510088054916e-01
7.000000000000000000e+00 3.017351707555372409e-01 3.645285009601620940e-01 3.471496617533826878e-01 3.879902499114221692e-01 3.566634632219447543e-01 3.820842118831235812e-01 3.121384513172964503e-01 3.131689996708763024e-01 3.338884463997223717e-01 2.647437709767460623e-01 2.585085370606507449e-01 3.141103619130386493e-01
8.000000000000000000e+00 1.751500075242777010e-01 1.894207526210919257e-01 2.125577659772045491e-01 1.960261161872480784e-01 2.004268680924663482e-01 1.832228796599035259e-01 1.483631309658489661e-01 1.448178944474638186e-01 1.756372327665697841e-01 1.353183134124482101e-01 1.615320062781681609e-01 2.072530477958555994e-01
9.000000000000000000e+00 5.805492481370692903e-02 4.746530409921623922e-02 1.452287314697986997e-01 6.820715464491350355e-02 5.504707727747771423e-02 1.676960855844827208e-02 1.913685120101939890e-02 3.075169292243164904e-02 3.530287051237979840e-02 8.583991706753738016e-03 9.319677176477449143e-03 8.881769120108004567e-03
1.000000000000000000e+01 3.562162171065232780e-02 2.147628454835444692e-02 2.191278270442734155e-02 -1.220210216378135940e-02 -3.789634905199704140e-02 -5.031825415513448141e-02 -4.525912645549338281e-02 -2.580400978884326429e-02 -7.896062774948482688e-03 3.466861759279595001e-02 4.463119168921159119e-02 2.127339602653708847e-03
1.100000000000000000e+01 1.681578447198429083e-01 7.420514640682437935e-02 5.802144663223309656e-02 5.857755995755465489e-02 2.416680096477050871e-02 9.193780236222080793e-02 3.327669767263002898e-02 7.861285573728205023e-02 4.492949485119421271e-02 9.765537262591444945e-02 1.276518762119417394e-01 1.611859814103458813e-02
1.200000000000000000e+01 2.428600974580189531e-01 1.800174157763397564e-01 1.074545181471617816e-01 2.062986004612737956e-01 1.343141564181072889e-01 2.069120015738504514e-01 1.655005786325632611e-01 1.974828715276655822e-01 1.449339139775840390e-01 1.214091799920460624e-01 1.515078558977992484e-01 4.287047564402945987e-02
1.300000000000000000e+01 2.930787404842815080e-01 2.082938347316529715e-01 1.612411298622383748e-01 2.728977604504581045e-01 2.826466842878477825e-01 2.665518765823545744e-01 2.668093017783909060e-01 2.610148536289828014e-01 1.805178187380271360e-01 1.371297473370435283e-01 1.474287084884292609e-01 7.219664531836444965e-02
1.400000000000000000e+01 3.646423095226193900e-01 2.600403623282447896e-01 2.994396362748399931e-01 3.175647177704446489e-01 3.863285704310700508e-01 2.735648059264634835e-01 3.555825621584438045e-01 3.081987485259622961e-01 2.228663312663242135e-01 1.100275165359714535e-01 9.007681235029796341e-02 4.715041086959168015e-02
1.500000000000000000e+01 5.759977862339730192e-01 4.703790761739240489e-01 5.017837250189662868e-01 5.003101038976995873e-01 6.250326958802843169e-01 4.697713495136716100e-01 5.505981776372765868e-01 4.827734141430770620e-01 4.054272082118334786e-01 3.445889860499750101e-01 3.506969768706965640e-01 3.030307151000621868e-01
