# # time shift (tau) HDelta HGamma HeII4685 HBeta HeI5875 HAlpha HeI5015 OI8446
-1.000000000000000000e+01 8.035076894902482003e-02 1.902823989011913630e-01 6.816228005587010585e-02 1.632936404501212635e-01 -2.570709759514373527e-01 -2.462496759177550953e-01 -1.151615988048007300e-01 -1.237664573455669603e-01
-9.000000000000000000e+00 -9.388000988165276506e-02 8.728401937966806523e-02 -8.835804050399559406e-02 1.027889286291631954e-01 -3.178078520936109541e-01 -1.603587928703364418e-01 -1.993781490065123507e-01 3.096273656324229073e-02
-8.000000000000000000e+00 -2.275936911921541406e-01 -1.643921918755645098e-02 -4.321895106866628644e-02 -2.052288440726876204e-02 -3.221158149057463671e-01 -2.022270503978464418e-01 -2.842698556677772381e-01 5.473730018595858449e-02
-7.000000000000000000e+00 -2.105950131519667146e-01 -1.343155212003419308e-01 1.349977464753174261e-01 -1.945259439475313379e-01 -4.440620476872177980e-01 -2.904165905965660488e-01 -4.087851715274623543e-01 -2.308080570457327896e-01
-6.000000000000000000e+00 -9.050207099532370236e-02 -4.313622375812216359e-02 3.052384451615611782e-01 -6.494357837742636974e-02 -3.196520766739634478e-01 -2.285705313172621544e-01 -4.446284540961199516e-01 -2.025267475100866466e-01
-5.000000000000000000e+00 3.134759583738933736e-02 5.004466555471878686e-02 3.896570615849039299e-01 1.413910963557644673e-01 -1.187321181464162517e-01 -1.253228078579992910e-01 -4.052354791691236136e-01 -1.113742877661006991e-01
-4.000000000000000000e+00 5.598834197163868320e-02 4.848504261895859868e-02 3.332895483395620362e-01 1.440888859233153130e-01 -1.206429981469427232e-01 -1.609671311878102806e-01 -4.951617039924085528e-01 -9.381346043588109640e-02
-3.000000000000000000e+00 1.878357592573977053e-01 1.673159427662009036e-01 4.157365870567617527e-01 2.661626971161636934e-01 1.989302001742494497e-01 -3.512725378757697303e-02 -5.406996360679834357e-01 7.045022498634137542e-02
-2.000000000000000000e+00 4.500953907585665270e-01 3.496459271869457042e-01 5.724053800107316015e-01 4.695150048206696569e-01 4.703766623995715435e-01 1.803023711784036143e-01 -3.487455922419406829e-01 -4.275823813397902629e-03
-1.000000000000000000e+00 6.945615184927318442e-01 5.580144330147628340e-01 7.386851157252833922e-01 6.120923545124936638e-01 5.825387547314512249e-01 3.848584365047229561e-01 -2.302247048209363212e-01 1.164315420786269373e-01
0.000000000000000000e+00 8.466620342530161158e-01 7.927311377899589617e-01 8.305276513744865863e-01 7.810176344878327903e-01 7.492985726760109655e-01 7.046107172976467936e-01 5.815326916917812339e-02 4.430148210663878428e-01
1.000000000000000000e+00 8.999836732410599893e-01 8.766543211418502679e-01 7.185308994605308364e-01 8.602170568653368932e-01 7.491608517255133881e-01 7.441777170017769283e-01 1.814539626825336649e-01 4.735173116602015009e-01
2.000000000000000000e+00 8.137316497346998023e-01 8.725194398050380995e-01 5.490315592094484609e-01 8.713260704520546795e-01 7.450595508824643387e-01 6.982522016461096825e-01 1.892635732445278607e-01 5.401310594179751234e-01
3.000000000000000000e+00 6.364252720146514886e-01 7.462820547224296996e-01 2.274707020155418147e-01 8.799595057011945221e-01 7.299138649770726683e-01 7.173765786572241510e-01 1.966119178661759892e-01 6.014298045871651066e-01
4.000000000000000000e+00 5.263404420237025594e-01 4.539439892364184881e-01 1.256185487838501202e-01 6.813278466974825864e-01 5.669565821240991621e-01 5.602008570147301025e-01 1.630929255317813409e-01 4.578016713842152363e-01
5.000000000000000000e+00 4.969944563297784557e-01 4.427497042430348362e-01 3.298288978111584280e-01 5.961394012594731784e-01 3.852670583612923805e-01 5.740261223580588323e-01 1.920537212561618801e-01 4.402256081185008663e-01
6.000000000000000000e+00 5.121278149071042396e-01 4.423745619265219142e-01 4.495908798656053085e-01 4.667636174374708014e-01 2.401508308848796514e-01 3.667494897968091583e-01 8.249190708071196809e-02 2.675900985177034341e-01
7.000000000000000000e+00 4.624432172814448294e-01 4.411419693961005084e-01 4.057791905760828599e-01 2.999884376415133946e-01 1.804755157951029310e-01 1.487941425033670884e-01 1.014205658281426004e-01 1.415706360697030486e-01
8.000000000000000000e+00 2.868693189160313461e-01 4.133483482102098261e-01 1.988835958558837214e-01 3.197034508549704279e-01 2.835844342849575331e-02 8.262306555976513256e-02 4.229114722065877019e-02 3.334906042405096360e-01
9.000000000000000000e+00 6.691029500485863590e-02 -9.042316458606980412e-03 -1.709102275383321545e-01 8.044706759413233765e-02 -6.460361099579095545e-02 -6.566063884656847538e-02 -2.108953919956484402e-01 4.242171777045601611e-02
1.000000000000000000e+01 -2.442993496112559060e-01 -2.950469546809542098e-01 -2.341866090421323987e-01 -1.719030437899544128e-01 -1.478676211105048044e-01 2.676948120204240833e-02 -1.457258931875336505e-01 -1.328784402787592800e-01
1.100000000000000000e+01 -2.706021798812767720e-01 -2.457437802019122597e-01 -6.849230490852512010e-02 -2.055982239652711929e-01 -1.300028263488607616e-01 7.154474937326948947e-02 -3.255238057962228648e-01 -5.063107644960680026e-02
1.200000000000000000e+01 -8.930941493720945257e-02 -1.274166516197119403e-01 2.446476493856583612e-01 -2.316900148595273101e-01 -4.382949330928642695e-03 1.899602742022317090e-02 -1.789544591097811943e-01 -2.006120241404555360e-01
1.300000000000000000e+01 2.587129162209009930e-02 9.844835102636795288e-02 4.588190854325051582e-01 -4.078263673083756813e-02 4.742258684273235186e-02 -4.638539223283563023e-02 -3.269933144776330236e-01 3.854102021811157963e-02
1.400000000000000000e+01 2.211292068190507942e-01 1.062965384546074865e-01 4.804264955527809966e-01 1.580605270876685453e-01 2.626215111279388004e-01 -1.830495290324713475e-01 -1.667542057831679081e-01 -5.174309894682706246e-02
1.500000000000000000e+01 3.421028373830322655e-01 2.325954134846954513e-01 6.581907117718968081e-01 3.763267610676081509e-01 3.987689710130515319e-01 7.168002691483751909e-03 4.747911720687462978e-02 -1.166464065257321048e-01
