# time shift (tau) 	 correlation coefficient 	 number of simulations: 10000	 FR: True	 RSS: True
-1.000000000000000000e+01 3.810000000000000000e+02
-9.000000000000000000e+00 3.200000000000000000e+01
-8.000000000000000000e+00 1.100000000000000000e+01
-7.000000000000000000e+00 3.000000000000000000e+00
-6.000000000000000000e+00 1.000000000000000000e+01
-5.000000000000000000e+00 1.900000000000000000e+01
-4.000000000000000000e+00 4.700000000000000000e+01
-3.000000000000000000e+00 1.220000000000000000e+02
-2.000000000000000000e+00 1.390000000000000000e+02
-1.000000000000000000e+00 1.480000000000000000e+02
0.000000000000000000e+00 2.080000000000000000e+02
1.000000000000000000e+00 3.240000000000000000e+02
2.000000000000000000e+00 3.680000000000000000e+02
3.000000000000000000e+00 7.610000000000000000e+02
4.000000000000000000e+00 7.080000000000000000e+02
5.000000000000000000e+00 1.374000000000000000e+03
6.000000000000000000e+00 1.624000000000000000e+03
7.000000000000000000e+00 1.099000000000000000e+03
8.000000000000000000e+00 6.220000000000000000e+02
9.000000000000000000e+00 4.310000000000000000e+02
1.000000000000000000e+01 2.650000000000000000e+02
1.100000000000000000e+01 6.120000000000000000e+02
1.200000000000000000e+01 5.080000000000000000e+02
1.300000000000000000e+01 1.710000000000000000e+02
1.400000000000000000e+01 1.100000000000000000e+01
1.500000000000000000e+01 2.000000000000000000e+00
