# # time shift (tau) Cont4010 Cont4200 Cont4440 Cont4765 Cont5100 Cont5600 Cont6045 Cont6110 Cont6880 Cont7390 Cont8015 Cont8900 Cont1150
-1.000000000000000000e+01 -1.480088806379177280e-01 -8.523343176910533336e-02 1.618370328568416103e-02 -9.123356198244253479e-02 7.476911281569274814e-02 4.969339879890947997e-02 1.283560696176124782e-01 -8.355077032381141855e-02 -4.704850408527209982e-02 -6.904436962169989422e-02 -1.315343564872010762e-01 -1.029647977242938300e-01 -4.060950828693863368e-01
-9.000000000000000000e+00 8.510018110074228648e-02 1.264765189606697759e-01 1.526161385100883172e-01 3.582711723991370556e-02 1.723181679373809727e-01 7.369745487550879992e-02 8.193777284960598872e-02 -3.158964099253162156e-02 6.208743527171480675e-02 1.113721422167121972e-01 7.345648130229556760e-02 9.005159676702932658e-02 -1.483338834768991865e-01
-8.000000000000000000e+00 3.395182123197345581e-01 3.607957504397197868e-01 4.067093837078443741e-01 3.584523788712197234e-01 4.124048180078161430e-01 2.884202536036839515e-01 2.639530756967787273e-01 2.607083214740465449e-01 2.105114929437149063e-01 2.153423565229986847e-01 8.550383707922015741e-02 4.758532624906004760e-02 1.499820817433747955e-01
-7.000000000000000000e+00 4.595753688681325499e-01 5.096524108773603512e-01 5.307497651916377457e-01 5.140938658545251005e-01 5.606604857244040785e-01 5.044229430715498896e-01 5.206068561510438508e-01 4.528801169371327040e-01 3.942293923635655783e-01 3.238397830307363501e-01 1.713771051891777308e-01 1.575565524753948787e-01 2.237039674372948705e-01
-6.000000000000000000e+00 5.595869103075208351e-01 5.780177511195192519e-01 6.255408765702636931e-01 5.602596893575486625e-01 6.328692252716774380e-01 6.179420337404160080e-01 6.309742230478188052e-01 5.576590131700245312e-01 5.295284113021707650e-01 4.767717577497843640e-01 4.134303098281160160e-01 3.665060390486331032e-01 2.346192452355916058e-01
-5.000000000000000000e+00 5.317384918534791005e-01 5.332141357107010871e-01 5.712624525771723416e-01 5.074005942750522413e-01 5.637878539067098238e-01 5.855498172869002538e-01 5.917622364032160132e-01 4.866604753245457049e-01 5.100075150524752132e-01 4.289006012620489861e-01 4.340033801120748436e-01 3.716895195486007442e-01 2.816459698613791307e-01
-4.000000000000000000e+00 4.112086709072858559e-01 3.906782223454445258e-01 4.072767393204765329e-01 3.673714541403639844e-01 4.134265426557983680e-01 4.496764294843049736e-01 3.965128296535553876e-01 3.225911631733004437e-01 3.492673212907003721e-01 3.265672936244374269e-01 2.729553284842449745e-01 3.056861913140694886e-01 1.847865650481427258e-01
-3.000000000000000000e+00 4.824890635921905702e-01 4.300436536649488994e-01 4.435161921505196836e-01 4.162277338618132205e-01 4.243037443761611405e-01 4.353869445899559709e-01 3.894403324191150206e-01 3.553297136315360372e-01 3.445180064002092424e-01 3.120345186757954026e-01 2.629858598560412819e-01 2.967016099446186939e-01 3.119559107157285904e-01
-2.000000000000000000e+00 5.534139558344408627e-01 5.303676820182494644e-01 5.294726392741411214e-01 5.296987231271638175e-01 5.133338551423807239e-01 4.858211645907431486e-01 4.310550297601690728e-01 4.387719489571192399e-01 4.024417349862299820e-01 3.296967495640805712e-01 3.353316044686419084e-01 3.017609539014984299e-01 4.950129731716196302e-01
-1.000000000000000000e+00 7.441978950741140464e-01 7.348783674358990714e-01 7.255590656875490208e-01 7.283835091909607318e-01 7.157388054418821755e-01 7.017543417256647542e-01 5.932959810308396920e-01 6.292135257422826200e-01 6.234540030199688943e-01 5.613453879861896034e-01 5.549730925136272530e-01 5.264844960158099330e-01 7.501046013578613891e-01
0.000000000000000000e+00 9.139026602260450494e-01 8.968135380466107920e-01 8.764942064223912865e-01 9.074054686708511452e-01 8.632301037009334488e-01 8.563498151721501417e-01 7.894272562230538748e-01 8.491509601730549139e-01 8.175398023981207407e-01 7.605574486313347871e-01 7.583184850326120108e-01 7.158938117739872542e-01 9.999999999999998890e-01
1.000000000000000000e+00 8.220437968961260555e-01 8.072931911460214938e-01 8.299887728570924939e-01 8.501416500643103058e-01 8.400777000393375715e-01 8.704121231536761094e-01 8.518324062417017561e-01 8.535058362556198208e-01 8.132113715016858757e-01 7.520108510987577599e-01 7.174432849514831290e-01 7.220408383945182695e-01 7.501046013578613891e-01
2.000000000000000000e+00 7.192084015761720517e-01 7.045577272466745367e-01 7.336843510711679173e-01 7.018288120959790266e-01 7.416491019821107589e-01 7.430306193803621895e-01 7.736243134321265646e-01 7.495333651259225016e-01 7.999294851372582560e-01 7.878426639710680579e-01 7.898281312220221118e-01 8.004185087690742773e-01 4.950129731716196302e-01
3.000000000000000000e+00 5.156417579870541390e-01 5.123114092544228670e-01 5.506812666964819858e-01 4.753310542234693847e-01 5.300307926957368299e-01 5.074664830576878227e-01 5.831981222752623539e-01 5.598826064216035903e-01 6.348186125984081052e-01 6.677955208317055691e-01 7.008562360526336965e-01 6.882098712282861408e-01 3.119559107157285904e-01
4.000000000000000000e+00 3.592132257896668568e-01 4.066891337327018241e-01 4.139420090724063028e-01 3.588459061787449000e-01 3.861219341740455557e-01 3.737937213638939937e-01 4.677050167277849724e-01 4.524765589432231949e-01 5.188633494191730033e-01 6.025339716715905070e-01 5.336794453393214344e-01 6.020592241273993173e-01 1.847865650481427258e-01
5.000000000000000000e+00 3.861289993191088232e-01 4.393388832336674876e-01 4.203524324308156590e-01 3.903148483627577603e-01 3.901503484552578671e-01 3.812458086057264328e-01 4.625575977858010779e-01 4.854751632750239909e-01 5.097601431341958200e-01 5.904128896478157973e-01 5.345645117161251791e-01 5.784584065738440639e-01 2.816459698613791307e-01
6.000000000000000000e+00 2.831326240266016647e-01 3.420996006266020517e-01 3.214845118472615670e-01 3.078637738777004751e-01 3.127320033852343251e-01 3.078526118788198485e-01 3.787231289467866135e-01 3.822228888049095108e-01 3.434307614002954923e-01 3.375459466227435090e-01 3.401583586741641074e-01 3.402772654597704949e-01 2.346192452355916058e-01
7.000000000000000000e+00 2.066895983007552562e-01 2.533168136479557742e-01 2.309138482948300264e-01 2.265724280819571557e-01 2.558482143371626494e-01 2.796048691836046651e-01 2.471909845612478285e-01 2.468428872692158826e-01 2.667161137826301598e-01 2.203362418003126655e-01 2.556938831044930360e-01 2.836584956887624465e-01 2.237039674372948705e-01
8.000000000000000000e+00 8.728215330321244247e-02 9.237187399629662177e-02 9.852483552640972642e-02 7.972891132260027935e-02 1.142742572869992201e-01 1.130855947331249056e-01 9.081114692342504013e-02 9.175298720471788960e-02 1.045229479742119938e-01 7.539606414970148607e-02 6.225869168829350347e-02 1.588025437203073320e-01 1.499820817433747955e-01
9.000000000000000000e+00 -1.479712495072428302e-01 -1.551394585601389986e-01 -9.842624832461410733e-02 -1.452247418038133675e-01 -1.070265455122985376e-01 -1.384427034388756583e-01 -1.249023530617535682e-01 -1.493254562985713574e-01 -1.337505454697687224e-01 -1.602279203848293032e-01 -2.162383715353172753e-01 -9.625192707396645897e-02 -1.483338834768991865e-01
1.000000000000000000e+01 -2.632999854092957781e-01 -2.623456510432252697e-01 -2.042950082677118251e-01 -2.941353150408654304e-01 -2.365304534285094795e-01 -3.012725942724303607e-01 -2.616446873207576851e-01 -2.962715616997879664e-01 -2.195830729048057206e-01 -1.941623239021186276e-01 -1.894953092841908104e-01 -1.205912104969177889e-01 -4.060950828693863368e-01
1.100000000000000000e+01 -2.512257732096576657e-01 -2.320634983968856146e-01 -2.127694327679840458e-01 -2.838315555981543170e-01 -3.123628469977728361e-01 -3.122627763116494481e-01 -3.035999477721291750e-01 -2.756999132763449656e-01 -2.165539713863399163e-01 -1.583918228922636118e-01 -1.312856229200706770e-01 -1.597343483511120543e-01 -2.490157736675027711e-01
1.200000000000000000e+01 -2.309479031073803368e-01 -1.870221427346998588e-01 -2.580147743294980422e-01 -2.183323307364169463e-01 -3.510093075989473288e-01 -2.461788532303776367e-01 -2.660904261128836934e-01 -2.121738997820943051e-01 -1.830576878528244189e-01 -1.358968212985979807e-01 -1.361171265411710019e-01 -1.691143937496998317e-01 -1.148822508205587789e-01
1.300000000000000000e+01 -2.406107065348916940e-01 -2.548149668340744523e-01 -2.970263134988937459e-01 -2.162448832252222841e-01 -3.160348722468724336e-01 -2.371405908769485538e-01 -2.640201860182312954e-01 -2.206263276793984929e-01 -2.602655414082394869e-01 -2.334283436396612510e-01 -2.466491122112097201e-01 -2.809153669375539786e-01 -1.948015765501349694e-01
1.400000000000000000e+01 -3.188602726168494605e-01 -3.947107711641105743e-01 -3.775766558942472706e-01 -3.016141794807202792e-01 -3.235508918769612885e-01 -3.489203877786252739e-01 -3.538329869907340663e-01 -3.636984399686110647e-01 -4.642523771755153739e-01 -5.559950212925137691e-01 -5.346531838053476537e-01 -5.838522754449968488e-01 -2.669511819159866572e-01
1.500000000000000000e+01 -3.032963968545897004e-01 -3.688475212323100716e-01 -3.501000993342388012e-01 -2.765824187959055047e-01 -1.713326533272208629e-01 -2.965782405581697256e-01 -2.756774593794336647e-01 -3.586520337349656806e-01 -4.572532726406056125e-01 -5.447027997980899983e-01 -5.311051495921327303e-01 -5.628028093554915401e-01 -3.488829460922271419e-01
