# # time shift (tau) UVW2 Cont1150_not_optical_calibrated LyAlpha_not_optical_calibrated HBeta_not_optical_calibrated OI8446_not_optical_calibrated
-1.000000000000000000e+01 -4.358957862762624647e-01 -2.621395645886279713e-01 -6.309780885956899066e-03 4.223112296594846438e-01 4.894467878556728602e-01
-9.000000000000000000e+00 -4.867517411502391145e-01 -1.008141977386449450e-01 -1.823012491048684458e-01 2.426548105359823404e-01 5.070944986948685562e-01
-8.000000000000000000e+00 -2.551841143187786876e-01 1.763679505933392622e-01 -5.794876601663363769e-02 1.439437873877378871e-01 4.561116935277314544e-01
-7.000000000000000000e+00 1.840743329844064524e-01 2.775180776084390510e-01 2.078266124318253472e-01 2.870717557331152747e-01 2.411516801966800960e-01
-6.000000000000000000e+00 2.373892430789085184e-01 2.540964499484457129e-01 3.757452222394888630e-01 5.155904018808787903e-01 3.157569391739628584e-01
-5.000000000000000000e+00 1.985436878005797934e-01 2.789464383839975747e-01 2.534576606268160170e-01 4.012231035863949580e-01 1.155360788352869927e-01
-4.000000000000000000e+00 2.547333432303732215e-01 1.777166792666575734e-01 5.153705432060071145e-02 2.698132765504666075e-01 7.419603459733378759e-02
-3.000000000000000000e+00 3.518408008784406071e-01 2.997376539397869077e-01 6.682749512345620424e-02 1.881634059451066654e-01 6.407879122360926605e-02
-2.000000000000000000e+00 5.481209797054309441e-01 4.870013301118402138e-01 1.138780190912387913e-01 1.661242506168017774e-01 -1.874985478108422143e-01
-1.000000000000000000e+00 7.270381809577801668e-01 7.499449516689897788e-01 3.334563681309301031e-01 3.457159335394952571e-01 8.494722209678699787e-02
0.000000000000000000e+00 9.057799801921391225e-01 9.932370559906055218e-01 5.979505795424486791e-01 5.296975174223738092e-01 3.385438165411899236e-01
1.000000000000000000e+00 8.503527702212315686e-01 7.555644322278773917e-01 8.360541245441177605e-01 7.047015062306792865e-01 3.978395971640523721e-01
2.000000000000000000e+00 6.071739857712268318e-01 4.530519724750839416e-01 8.486894626239078754e-01 7.209702771099641971e-01 3.730596151631964119e-01
3.000000000000000000e+00 3.862648917671359650e-01 2.441460338481503956e-01 5.769714722262828666e-01 6.315129494142912581e-01 2.552729359511723972e-01
4.000000000000000000e+00 3.252431495202602330e-01 1.123168536217665769e-01 4.427522649825808010e-01 3.051625141806806329e-01 2.190540358700039381e-01
5.000000000000000000e+00 3.741095856096117167e-01 1.996381628110864837e-01 4.493583697771522667e-01 2.851889287800393191e-01 2.366588654259666191e-01
6.000000000000000000e+00 2.763898897376101949e-01 1.774258522893953083e-01 3.970782945585579204e-01 2.783561765501871843e-01 8.634746851989984207e-03
7.000000000000000000e+00 2.126755683172721068e-01 2.051405881912513052e-01 1.703353706119101751e-01 2.018945661795103208e-01 5.870224832154034150e-02
8.000000000000000000e+00 3.204680497985096937e-02 1.374498234657470508e-01 2.397686809161286847e-02 3.392939345198382473e-01 5.066598263179952211e-01
9.000000000000000000e+00 -1.673019921878282634e-01 -1.003711479181613742e-01 -4.723140500475087739e-02 3.525279218521468749e-01 4.296073712634962960e-01
1.000000000000000000e+01 -3.060858724507630191e-01 -3.268512549084566787e-01 -1.600392714942549532e-01 2.500795632917028333e-01 2.980149087001219277e-01
1.100000000000000000e+01 -4.156385626586361903e-01 -2.380351871950369125e-01 -3.514655553126472265e-01 -3.589180312524622996e-02 2.262658732805680195e-01
1.200000000000000000e+01 -2.750213962741305251e-01 -1.526343495685522911e-01 -3.531422068863883101e-01 -5.122724529473503541e-01 -4.330381110709028564e-02
1.300000000000000000e+01 -3.161344468213569403e-01 -3.234552080703610999e-01 -1.870195008069223674e-01 -5.204226629670551940e-01 -3.797750574242431815e-02
1.400000000000000000e+01 -3.480842491860738352e-01 -3.167304627453430554e-01 -2.688994753018131290e-01 -4.836605762942635112e-01 -5.345681342332806452e-01
1.500000000000000000e+01 -9.441444083086440731e-02 -2.271732945892631639e-01 -3.261232203709034660e-01 -4.177358623437272267e-01 -6.032601431190849350e-01
