# # time shift (tau) HDelta HGamma HeII4685 HBeta HeI5875 HAlpha HeI5015 OI8446 HeI4471 HeI7065 OIII5007
-1.000000000000000000e+01 1.577956110956792724e-01 -1.042889982016038941e-01 -3.178506403098006750e-02 1.858650615152804830e-01 -3.191230574435275358e-01 -8.920806246839968479e-02 7.011816308967136480e-02 1.084250885482789528e-01 3.492859643850927953e-01 1.998359268628617791e-01 -3.555007153215349741e-02
-9.000000000000000000e+00 -8.843343003941527003e-02 -5.120456449535278759e-02 -1.087471600749380513e-01 1.493150819076820013e-01 -1.606289878413728334e-01 1.241570227530846421e-02 -1.005988577489774771e-02 3.273661361477601117e-01 2.060182581783056577e-01 1.140581169020238733e-01 -8.888280255192289314e-02
-8.000000000000000000e+00 -1.273206349521459058e-01 -1.510958408996426194e-01 -5.561679770681711432e-02 -1.782948543664190089e-01 -4.525560312397768764e-02 -1.612901503422185523e-01 -2.819614075909698259e-01 1.457624908360708460e-01 -2.322941885045965160e-01 -1.517383050550467072e-01 -4.300162360810135809e-01
-7.000000000000000000e+00 6.439813937986785253e-02 -1.658850949305901157e-02 2.213446139208981867e-01 -1.331135787902791301e-01 -1.876980364542794599e-01 -1.628627859336973516e-01 -1.345668225067726265e-01 -1.604033497929457930e-01 -2.008336048335251089e-01 -8.150732593444558194e-02 -3.418911666322759779e-01
-6.000000000000000000e+00 1.267389340275196785e-01 1.668524494796418955e-01 3.986554021762874767e-01 1.761485511985735330e-01 -1.964421954654533842e-01 -1.493025685715467996e-02 -1.344825629278011969e-01 -9.945793980539158197e-02 -1.176545927689680304e-01 1.402029729345917186e-01 -3.093412645749701317e-01
-5.000000000000000000e+00 1.237599564635052385e-01 1.474636848107098719e-01 3.392860716375292185e-01 2.495729784157019737e-01 -2.465406714848250580e-01 6.165037119555600437e-02 -2.271648327314944316e-01 -8.081878978910944644e-02 1.998797228992254399e-02 2.343567967271969199e-01 -3.446704069519509472e-01
-4.000000000000000000e+00 -4.828129896188825682e-02 2.387957663940157016e-01 1.340235149521551428e-01 3.126182833329038124e-01 -2.262254520818031411e-01 7.551196719658423429e-02 -1.668052858987630060e-01 5.295236227492409326e-02 7.659308188649296967e-02 3.543094794619517929e-01 -2.708005769257724182e-01
-3.000000000000000000e+00 -2.023354361578577620e-01 6.221651019684442535e-02 9.009150712876531908e-02 2.532817691517103009e-01 -1.197387993629897424e-01 -1.763260267406936005e-02 -3.228409009948368658e-01 -3.109437244954537521e-02 8.699767937513279425e-03 1.273493483908670065e-01 -3.942416634485391147e-01
-2.000000000000000000e+00 -2.770236496900355117e-02 3.893439280378653555e-02 1.617499534646885118e-01 1.450641982241219208e-01 6.389367787007699251e-02 -1.716167278012729891e-02 -4.697483772859443185e-01 -2.451075291970657988e-01 -1.239861915859569452e-01 -2.819951536084294719e-02 -5.794061125469145423e-01
-1.000000000000000000e+00 2.432868948207338455e-01 3.327544093828884719e-01 4.304581824964045511e-01 2.765706565611946166e-01 1.905617505339476381e-01 1.539098534498014037e-01 -4.392699552810450658e-01 2.262009408884005368e-03 -1.337940820087183680e-01 -1.370818637848878752e-01 -5.960739831364298968e-01
0.000000000000000000e+00 5.177673493266742311e-01 6.097794018963255125e-01 7.545870200241405756e-01 4.437037391520108898e-01 3.890409530754029288e-01 4.026332768507039361e-01 -1.458629648823887293e-01 1.681427424652657820e-01 6.020459509452737862e-02 -1.595199494165533971e-01 -3.853495832616142258e-01
1.000000000000000000e+00 7.616826427252723075e-01 7.539886224120346814e-01 8.115215207803758712e-01 5.249425701699639291e-01 2.606066538818713751e-01 4.216856855656944125e-01 -2.054730695842592325e-02 8.064803870162749744e-02 2.275094356117530747e-01 2.143243717664238268e-01 -3.292436838271998178e-01
2.000000000000000000e+00 7.324852031123235685e-01 7.749855337367508312e-01 7.135885961380855624e-01 7.063553673677972489e-01 4.028197631574149118e-01 5.595480176661006277e-01 1.127556577108834723e-01 2.438987493806447082e-01 5.466713147970586606e-01 5.224183968606206374e-01 -1.562062178703965964e-01
3.000000000000000000e+00 5.820247579711150809e-01 5.661015957929916853e-01 2.933584345724796205e-01 8.023169243246768279e-01 6.129043066536230544e-01 6.884662347850634134e-01 2.941042415251149955e-01 4.093978832620956410e-01 4.868299975132799329e-01 6.536317335640364767e-01 3.425308425739106988e-02
4.000000000000000000e+00 4.620421712708549511e-01 3.587182804576289907e-01 7.555520232785645218e-02 5.811139214808601627e-01 4.997642077978680097e-01 6.539647321297349380e-01 2.781947096736534508e-01 5.374969704081384858e-01 1.777720611694248165e-01 5.433147856310123203e-01 -1.178528582292263927e-02
5.000000000000000000e+00 3.654189696229069861e-01 3.080512985492678824e-01 1.642058239141190312e-01 5.165714355358874688e-01 5.478709328997917183e-01 7.030722672004485752e-01 3.888217322238224360e-01 5.429193070728290937e-01 -1.669479145778968165e-02 3.040615551797774541e-01 1.293100263285401064e-01
6.000000000000000000e+00 4.064191469782517663e-01 2.379653919259465678e-01 3.411282943883181540e-01 3.804754364993685467e-01 2.911491130395237326e-01 4.207377867185515541e-01 3.401657737624657618e-01 2.112848788790515075e-01 -1.138044290122537244e-01 1.236967402538984295e-01 1.583895254574035349e-01
7.000000000000000000e+00 4.513369324802733451e-01 4.269728585057648296e-01 4.255852969187432500e-01 3.620168180672663771e-01 1.388256565462224756e-01 3.235159920004360146e-01 2.574442920995860251e-01 3.447194524300762897e-01 2.382410132212447462e-01 -5.011789751150580105e-03 1.822655591818051202e-01
8.000000000000000000e+00 3.817186680393095943e-01 4.534462076559645505e-01 2.768702104034487244e-01 3.635981671175710916e-01 1.003724385730973556e-01 1.853223826654661899e-01 2.810306150363938715e-01 5.179559312898830425e-01 5.616192726227127174e-01 -1.537390310295325135e-01 3.897280192506121232e-01
9.000000000000000000e+00 2.337880326723528468e-01 6.732619471457250426e-02 -6.285703311176400743e-02 1.121769295373930969e-01 -1.092554334667575761e-01 -1.403253889044914493e-01 4.082223793889773467e-02 1.177097241780425130e-01 6.700020962806561009e-01 -2.917124032881465712e-01 1.680288684484757822e-01
1.000000000000000000e+01 -8.565182708869299721e-02 -1.691786254285683744e-01 -3.905691913388593672e-01 1.403724267351066923e-02 -1.267705342217209374e-01 -1.164565990583692895e-01 6.093236455169899479e-02 -2.177341082574976716e-02 5.959202802382429498e-01 -3.870792628267109847e-02 1.076435470151547169e-01
1.100000000000000000e+01 -2.638104727253220982e-01 -3.975699144118763906e-01 -6.215945087992469364e-01 -1.101094780418089419e-01 -1.102512910453333772e-01 -1.391308570871087336e-02 1.777147524219948038e-01 7.863122663754829045e-03 9.085484226015745624e-03 -1.264942972544566002e-01 5.646085244433139000e-03
1.200000000000000000e+01 -2.737960027209993541e-01 -2.719254610030676922e-01 -4.022131561519271536e-01 -3.923743375530301947e-01 -3.116456718965215367e-01 -7.888194315010820662e-03 1.607792906857694881e-01 2.660093768113358514e-02 -5.078149429235319090e-01 -2.847407680863091595e-01 -2.560149600678833237e-01
1.300000000000000000e+01 -4.074929475996339479e-01 -1.509983788216411049e-01 -1.580303222481622138e-01 -4.755312974098357959e-01 -4.884559998779739454e-01 -2.133750368955467380e-01 -2.144637708414864896e-01 -6.655539211537361832e-02 -6.209316893728297204e-01 -2.141203910276625044e-01 -4.728744037488981089e-01
1.400000000000000000e+01 -5.252263168120567816e-01 -3.943261036247378004e-01 -6.672895382953129839e-02 -4.858465702359711091e-01 -2.907341615908816124e-01 -6.462232054718077823e-01 -4.290650499027905962e-01 -5.559608825431104906e-01 -5.286122375088251335e-01 -5.820726409239389554e-01 -2.744447575529093131e-01
1.500000000000000000e+01 -4.830665805021727710e-01 -4.326466250625424226e-01 6.190055523869369275e-02 -4.471376047559974531e-01 -2.025533494887962749e-01 -7.282523802960196857e-01 -6.952905419243591290e-01 -6.405730946718593000e-01 -3.068931584449897110e-01 -2.022631781745221624e-01 -3.344502293641874457e-01
