# time shift (tau) 	 correlation coefficient 	 number of simulations: 10000	 FR: True	 RSS: True
-1.000000000000000000e+01 8.670000000000000000e+02
-9.000000000000000000e+00 8.200000000000000000e+01
-8.000000000000000000e+00 2.000000000000000000e+00
-7.000000000000000000e+00 2.800000000000000000e+01
-6.000000000000000000e+00 1.800000000000000000e+01
-5.000000000000000000e+00 3.000000000000000000e+00
-4.000000000000000000e+00 0.000000000000000000e+00
-3.000000000000000000e+00 0.000000000000000000e+00
-2.000000000000000000e+00 0.000000000000000000e+00
-1.000000000000000000e+00 0.000000000000000000e+00
0.000000000000000000e+00 0.000000000000000000e+00
1.000000000000000000e+00 9.400000000000000000e+01
2.000000000000000000e+00 1.940000000000000000e+02
3.000000000000000000e+00 8.960000000000000000e+02
4.000000000000000000e+00 6.670000000000000000e+02
5.000000000000000000e+00 1.494000000000000000e+03
6.000000000000000000e+00 1.736000000000000000e+03
7.000000000000000000e+00 1.078000000000000000e+03
8.000000000000000000e+00 3.360000000000000000e+02
9.000000000000000000e+00 2.730000000000000000e+02
1.000000000000000000e+01 1.160000000000000000e+02
1.100000000000000000e+01 9.980000000000000000e+02
1.200000000000000000e+01 8.450000000000000000e+02
1.300000000000000000e+01 2.480000000000000000e+02
1.400000000000000000e+01 1.800000000000000000e+01
1.500000000000000000e+01 7.000000000000000000e+00
