# time shift (tau) 	 correlation coefficient 	 number of simulations: 10000	 FR: True	 RSS: True
-1.000000000000000000e+01 5.530000000000000000e+02
-9.000000000000000000e+00 4.500000000000000000e+01
-8.000000000000000000e+00 4.000000000000000000e+00
-7.000000000000000000e+00 4.000000000000000000e+00
-6.000000000000000000e+00 2.200000000000000000e+01
-5.000000000000000000e+00 8.300000000000000000e+01
-4.000000000000000000e+00 4.200000000000000000e+01
-3.000000000000000000e+00 5.000000000000000000e+00
-2.000000000000000000e+00 1.000000000000000000e+00
-1.000000000000000000e+00 5.000000000000000000e+00
0.000000000000000000e+00 1.200000000000000000e+01
1.000000000000000000e+00 8.700000000000000000e+01
2.000000000000000000e+00 1.091000000000000000e+03
3.000000000000000000e+00 5.683000000000000000e+03
4.000000000000000000e+00 1.364000000000000000e+03
5.000000000000000000e+00 3.780000000000000000e+02
6.000000000000000000e+00 5.600000000000000000e+01
7.000000000000000000e+00 1.400000000000000000e+02
8.000000000000000000e+00 3.790000000000000000e+02
9.000000000000000000e+00 1.600000000000000000e+01
1.000000000000000000e+01 1.000000000000000000e+00
1.100000000000000000e+01 7.000000000000000000e+00
1.200000000000000000e+01 3.000000000000000000e+00
1.300000000000000000e+01 0.000000000000000000e+00
1.400000000000000000e+01 2.000000000000000000e+00
1.500000000000000000e+01 1.700000000000000000e+01
