# time shift (tau) 	 correlation coefficient 	 number of simulations: 20000	 FR: True	 RSS: True
-1.000000000000000000e+01 1.000000000000000000e+00
-9.500000000000000000e+00 7.000000000000000000e+00
-9.000000000000000000e+00 5.000000000000000000e+00
-8.500000000000000000e+00 8.000000000000000000e+00
-8.000000000000000000e+00 8.000000000000000000e+00
-7.500000000000000000e+00 3.000000000000000000e+00
-7.000000000000000000e+00 3.000000000000000000e+00
-6.500000000000000000e+00 6.000000000000000000e+00
-6.000000000000000000e+00 3.000000000000000000e+00
-5.500000000000000000e+00 6.000000000000000000e+00
-5.000000000000000000e+00 9.000000000000000000e+00
-4.500000000000000000e+00 7.000000000000000000e+00
-4.000000000000000000e+00 1.000000000000000000e+01
-3.500000000000000000e+00 2.000000000000000000e+00
-3.000000000000000000e+00 7.000000000000000000e+00
-2.500000000000000000e+00 9.000000000000000000e+00
-2.000000000000000000e+00 1.000000000000000000e+01
-1.500000000000000000e+00 2.000000000000000000e+01
-1.000000000000000000e+00 3.900000000000000000e+01
-5.000000000000000000e-01 1.080000000000000000e+02
0.000000000000000000e+00 1.370000000000000000e+02
5.000000000000000000e-01 9.000000000000000000e+01
1.000000000000000000e+00 6.000000000000000000e+01
1.500000000000000000e+00 5.800000000000000000e+01
2.000000000000000000e+00 1.170000000000000000e+02
2.500000000000000000e+00 1.430000000000000000e+02
3.000000000000000000e+00 1.820000000000000000e+02
3.500000000000000000e+00 2.170000000000000000e+02
4.000000000000000000e+00 2.620000000000000000e+02
4.500000000000000000e+00 2.880000000000000000e+02
5.000000000000000000e+00 2.230000000000000000e+02
5.500000000000000000e+00 2.240000000000000000e+02
6.000000000000000000e+00 2.430000000000000000e+02
6.500000000000000000e+00 4.120000000000000000e+02
7.000000000000000000e+00 4.370000000000000000e+02
7.500000000000000000e+00 1.899000000000000000e+03
8.000000000000000000e+00 1.127000000000000000e+03
8.500000000000000000e+00 4.940000000000000000e+02
9.000000000000000000e+00 6.100000000000000000e+02
9.500000000000000000e+00 8.360000000000000000e+02
1.000000000000000000e+01 7.910000000000000000e+02
1.050000000000000000e+01 8.620000000000000000e+02
1.100000000000000000e+01 1.291000000000000000e+03
1.150000000000000000e+01 1.743000000000000000e+03
1.200000000000000000e+01 4.330000000000000000e+02
1.250000000000000000e+01 4.750000000000000000e+02
1.300000000000000000e+01 2.400000000000000000e+02
1.350000000000000000e+01 8.670000000000000000e+02
1.400000000000000000e+01 5.850000000000000000e+02
1.450000000000000000e+01 9.500000000000000000e+02
1.500000000000000000e+01 3.433000000000000000e+03
