# time shift (tau) 	 correlation coefficient 	 number of simulations: 20000	 FR: True	 RSS: True
-1.000000000000000000e+01 0.000000000000000000e+00
-9.500000000000000000e+00 0.000000000000000000e+00
-9.000000000000000000e+00 0.000000000000000000e+00
-8.500000000000000000e+00 0.000000000000000000e+00
-8.000000000000000000e+00 0.000000000000000000e+00
-7.500000000000000000e+00 1.000000000000000000e+00
-7.000000000000000000e+00 2.000000000000000000e+00
-6.500000000000000000e+00 5.000000000000000000e+00
-6.000000000000000000e+00 2.000000000000000000e+00
-5.500000000000000000e+00 5.000000000000000000e+00
-5.000000000000000000e+00 1.200000000000000000e+01
-4.500000000000000000e+00 3.200000000000000000e+01
-4.000000000000000000e+00 4.500000000000000000e+01
-3.500000000000000000e+00 7.600000000000000000e+01
-3.000000000000000000e+00 9.300000000000000000e+01
-2.500000000000000000e+00 1.300000000000000000e+02
-2.000000000000000000e+00 1.360000000000000000e+02
-1.500000000000000000e+00 1.610000000000000000e+02
-1.000000000000000000e+00 1.650000000000000000e+02
-5.000000000000000000e-01 1.440000000000000000e+02
0.000000000000000000e+00 1.840000000000000000e+02
5.000000000000000000e-01 3.770000000000000000e+02
1.000000000000000000e+00 4.178000000000000000e+03
1.500000000000000000e+00 3.385000000000000000e+03
2.000000000000000000e+00 1.880000000000000000e+02
2.500000000000000000e+00 1.550000000000000000e+02
3.000000000000000000e+00 6.100000000000000000e+02
3.500000000000000000e+00 1.686000000000000000e+03
4.000000000000000000e+00 2.675000000000000000e+03
4.500000000000000000e+00 9.220000000000000000e+02
5.000000000000000000e+00 7.490000000000000000e+02
5.500000000000000000e+00 7.230000000000000000e+02
6.000000000000000000e+00 4.680000000000000000e+02
6.500000000000000000e+00 5.150000000000000000e+02
7.000000000000000000e+00 3.940000000000000000e+02
7.500000000000000000e+00 2.010000000000000000e+02
8.000000000000000000e+00 3.530000000000000000e+02
8.500000000000000000e+00 1.760000000000000000e+02
9.000000000000000000e+00 1.710000000000000000e+02
9.500000000000000000e+00 1.850000000000000000e+02
1.000000000000000000e+01 1.280000000000000000e+02
1.050000000000000000e+01 5.600000000000000000e+01
1.100000000000000000e+01 2.800000000000000000e+01
1.150000000000000000e+01 1.060000000000000000e+02
1.200000000000000000e+01 5.800000000000000000e+01
1.250000000000000000e+01 1.700000000000000000e+01
1.300000000000000000e+01 2.900000000000000000e+01
1.350000000000000000e+01 1.700000000000000000e+01
1.400000000000000000e+01 7.500000000000000000e+01
1.450000000000000000e+01 1.560000000000000000e+02
1.500000000000000000e+01 2.600000000000000000e+01
