# time shift (tau) 	 correlation coefficient 	 number of simulations: 15000	 FR: True	 RSS: True
-1.000000000000000000e+01 8.400000000000000000e+01
-9.500000000000000000e+00 1.750000000000000000e+02
-9.000000000000000000e+00 1.550000000000000000e+02
-8.500000000000000000e+00 1.900000000000000000e+01
-8.000000000000000000e+00 8.000000000000000000e+00
-7.500000000000000000e+00 8.000000000000000000e+00
-7.000000000000000000e+00 3.100000000000000000e+01
-6.500000000000000000e+00 5.200000000000000000e+01
-6.000000000000000000e+00 5.400000000000000000e+01
-5.500000000000000000e+00 7.700000000000000000e+01
-5.000000000000000000e+00 5.800000000000000000e+01
-4.500000000000000000e+00 7.700000000000000000e+01
-4.000000000000000000e+00 8.700000000000000000e+01
-3.500000000000000000e+00 1.120000000000000000e+02
-3.000000000000000000e+00 1.090000000000000000e+02
-2.500000000000000000e+00 1.150000000000000000e+02
-2.000000000000000000e+00 1.510000000000000000e+02
-1.500000000000000000e+00 1.830000000000000000e+02
-1.000000000000000000e+00 1.640000000000000000e+02
-5.000000000000000000e-01 1.810000000000000000e+02
0.000000000000000000e+00 2.240000000000000000e+02
5.000000000000000000e-01 2.470000000000000000e+02
1.000000000000000000e+00 2.600000000000000000e+02
1.500000000000000000e+00 2.510000000000000000e+02
2.000000000000000000e+00 2.580000000000000000e+02
2.500000000000000000e+00 3.670000000000000000e+02
3.000000000000000000e+00 1.578000000000000000e+03
3.500000000000000000e+00 1.703000000000000000e+03
4.000000000000000000e+00 1.596000000000000000e+03
4.500000000000000000e+00 2.058000000000000000e+03
5.000000000000000000e+00 1.782000000000000000e+03
5.500000000000000000e+00 8.010000000000000000e+02
6.000000000000000000e+00 5.450000000000000000e+02
6.500000000000000000e+00 4.220000000000000000e+02
7.000000000000000000e+00 2.840000000000000000e+02
7.500000000000000000e+00 9.800000000000000000e+01
8.000000000000000000e+00 3.200000000000000000e+01
8.500000000000000000e+00 2.700000000000000000e+01
9.000000000000000000e+00 2.200000000000000000e+01
9.500000000000000000e+00 3.900000000000000000e+01
1.000000000000000000e+01 1.560000000000000000e+02
1.050000000000000000e+01 7.400000000000000000e+01
1.100000000000000000e+01 5.300000000000000000e+01
1.150000000000000000e+01 4.700000000000000000e+01
1.200000000000000000e+01 2.000000000000000000e+01
1.250000000000000000e+01 3.100000000000000000e+01
1.300000000000000000e+01 1.100000000000000000e+01
1.350000000000000000e+01 2.000000000000000000e+00
1.400000000000000000e+01 1.000000000000000000e+00
1.450000000000000000e+01 2.700000000000000000e+01
1.500000000000000000e+01 8.400000000000000000e+01
