# time shift (tau) 	 correlation coefficient 	 number of simulations: 20000	 FR: True	 RSS: True
-1.000000000000000000e+01 0.000000000000000000e+00
-9.500000000000000000e+00 0.000000000000000000e+00
-9.000000000000000000e+00 0.000000000000000000e+00
-8.500000000000000000e+00 2.000000000000000000e+00
-8.000000000000000000e+00 0.000000000000000000e+00
-7.500000000000000000e+00 2.000000000000000000e+00
-7.000000000000000000e+00 0.000000000000000000e+00
-6.500000000000000000e+00 3.000000000000000000e+00
-6.000000000000000000e+00 7.000000000000000000e+00
-5.500000000000000000e+00 8.000000000000000000e+00
-5.000000000000000000e+00 1.700000000000000000e+01
-4.500000000000000000e+00 4.100000000000000000e+01
-4.000000000000000000e+00 6.100000000000000000e+01
-3.500000000000000000e+00 7.800000000000000000e+01
-3.000000000000000000e+00 7.100000000000000000e+01
-2.500000000000000000e+00 5.600000000000000000e+01
-2.000000000000000000e+00 4.600000000000000000e+01
-1.500000000000000000e+00 5.000000000000000000e+01
-1.000000000000000000e+00 4.700000000000000000e+01
-5.000000000000000000e-01 3.400000000000000000e+01
0.000000000000000000e+00 7.200000000000000000e+01
5.000000000000000000e-01 2.550000000000000000e+03
1.000000000000000000e+00 1.335500000000000000e+04
1.500000000000000000e+00 2.521000000000000000e+03
2.000000000000000000e+00 5.210000000000000000e+02
2.500000000000000000e+00 1.880000000000000000e+02
3.000000000000000000e+00 1.000000000000000000e+02
3.500000000000000000e+00 3.500000000000000000e+01
4.000000000000000000e+00 2.400000000000000000e+01
4.500000000000000000e+00 1.200000000000000000e+01
5.000000000000000000e+00 1.100000000000000000e+01
5.500000000000000000e+00 7.000000000000000000e+00
6.000000000000000000e+00 1.200000000000000000e+01
6.500000000000000000e+00 8.000000000000000000e+00
7.000000000000000000e+00 6.000000000000000000e+00
7.500000000000000000e+00 0.000000000000000000e+00
8.000000000000000000e+00 1.000000000000000000e+01
8.500000000000000000e+00 3.000000000000000000e+00
9.000000000000000000e+00 3.000000000000000000e+00
9.500000000000000000e+00 4.000000000000000000e+00
1.000000000000000000e+01 0.000000000000000000e+00
1.050000000000000000e+01 3.000000000000000000e+00
1.100000000000000000e+01 0.000000000000000000e+00
1.150000000000000000e+01 6.000000000000000000e+00
1.200000000000000000e+01 0.000000000000000000e+00
1.250000000000000000e+01 0.000000000000000000e+00
1.300000000000000000e+01 1.000000000000000000e+00
1.350000000000000000e+01 0.000000000000000000e+00
1.400000000000000000e+01 0.000000000000000000e+00
1.450000000000000000e+01 2.100000000000000000e+01
1.500000000000000000e+01 4.000000000000000000e+00
