# time shift (tau) 	 correlation coefficient 	 number of simulations: 20000	 FR: True	 RSS: True
-1.000000000000000000e+01 0.000000000000000000e+00
-9.500000000000000000e+00 0.000000000000000000e+00
-9.000000000000000000e+00 0.000000000000000000e+00
-8.500000000000000000e+00 5.000000000000000000e+00
-8.000000000000000000e+00 7.000000000000000000e+00
-7.500000000000000000e+00 4.000000000000000000e+00
-7.000000000000000000e+00 2.000000000000000000e+00
-6.500000000000000000e+00 1.100000000000000000e+01
-6.000000000000000000e+00 4.000000000000000000e+00
-5.500000000000000000e+00 1.500000000000000000e+01
-5.000000000000000000e+00 1.400000000000000000e+01
-4.500000000000000000e+00 2.000000000000000000e+01
-4.000000000000000000e+00 2.300000000000000000e+01
-3.500000000000000000e+00 3.400000000000000000e+01
-3.000000000000000000e+00 2.400000000000000000e+01
-2.500000000000000000e+00 4.600000000000000000e+01
-2.000000000000000000e+00 2.900000000000000000e+01
-1.500000000000000000e+00 4.900000000000000000e+01
-1.000000000000000000e+00 1.070000000000000000e+02
-5.000000000000000000e-01 2.800000000000000000e+02
0.000000000000000000e+00 4.743000000000000000e+03
5.000000000000000000e-01 7.209000000000000000e+03
1.000000000000000000e+00 1.217000000000000000e+03
1.500000000000000000e+00 5.680000000000000000e+02
2.000000000000000000e+00 5.450000000000000000e+02
2.500000000000000000e+00 7.370000000000000000e+02
3.000000000000000000e+00 1.047000000000000000e+03
3.500000000000000000e+00 6.910000000000000000e+02
4.000000000000000000e+00 4.780000000000000000e+02
4.500000000000000000e+00 3.620000000000000000e+02
5.000000000000000000e+00 3.010000000000000000e+02
5.500000000000000000e+00 1.980000000000000000e+02
6.000000000000000000e+00 2.230000000000000000e+02
6.500000000000000000e+00 2.170000000000000000e+02
7.000000000000000000e+00 8.500000000000000000e+01
7.500000000000000000e+00 9.900000000000000000e+01
8.000000000000000000e+00 7.800000000000000000e+01
8.500000000000000000e+00 1.090000000000000000e+02
9.000000000000000000e+00 3.100000000000000000e+01
9.500000000000000000e+00 2.000000000000000000e+01
1.000000000000000000e+01 2.400000000000000000e+01
1.050000000000000000e+01 1.500000000000000000e+01
1.100000000000000000e+01 1.800000000000000000e+01
1.150000000000000000e+01 3.900000000000000000e+01
1.200000000000000000e+01 8.000000000000000000e+00
1.250000000000000000e+01 1.600000000000000000e+01
1.300000000000000000e+01 3.000000000000000000e+00
1.350000000000000000e+01 1.000000000000000000e+00
1.400000000000000000e+01 1.400000000000000000e+01
1.450000000000000000e+01 5.600000000000000000e+01
1.500000000000000000e+01 1.740000000000000000e+02
