# # time shift (tau) HDelta HGamma HeII4685 HBeta HeI5875 HAlpha HeI5015 OI8446 HeI4471 HeI7065 OIII5007 LyALpha
-1.000000000000000000e+01 4.022902041554345109e-02 1.632441944988595739e-01 1.155434200549900273e-02 2.807012182648919163e-01 -6.158837209286845138e-02 -8.419438469747804465e-02 7.783215971837756375e-02 2.853945705525365861e-01 -1.126358120687376008e-01 1.046881338479306311e-01 7.494456562298826285e-02 -2.181110196484672414e-01
-9.500000000000000000e+00 -1.695219881888752195e-02 1.103452553564766569e-01 -2.046977977705113916e-02 2.253182665953858133e-01 -1.290156574390259880e-01 -1.571876866044846222e-01 -2.002906945907009795e-02 2.662119589928048091e-01 -1.513179116354233800e-01 6.510860898618707482e-02 -1.177261313540259487e-02 -2.997872454266160558e-01
-9.000000000000000000e+00 -4.312802905316368007e-02 5.102559591313403364e-02 -6.864940498474482455e-02 9.691819875983935517e-02 -1.783167443946143682e-01 -2.611947429243517416e-01 -1.278001832955117933e-01 1.800397963413787883e-01 -2.050481163451428612e-01 -1.359473789667131442e-02 -1.371347652098769410e-01 -3.499169246960228685e-01
-8.500000000000000000e+00 -5.382745696403846980e-02 -1.272768892073955146e-03 -4.606556693796139135e-02 -2.352216370982826432e-02 -1.687155635851383950e-01 -2.970771338430480135e-01 -2.667354647624855524e-01 1.346326961750334839e-01 -3.333036912510075611e-01 -9.665051219809778216e-02 -3.229542909411839968e-01 -2.981429269452765540e-01
-8.000000000000000000e+00 -8.911816600240884956e-02 -3.800286542445724391e-02 -9.535032197078269212e-03 -2.108705752484115598e-02 -1.822599236837998404e-01 -3.335505269461462863e-01 -2.409710427163427870e-01 1.081271774665413521e-01 -3.533100866517793204e-01 -1.489361689155187518e-01 -3.145186592659695579e-01 -2.717387185591293441e-01
-7.500000000000000000e+00 -6.733581935890015080e-02 -2.523169192836044461e-03 9.207746312146902756e-02 2.367629575266922901e-02 -1.894192130036082833e-01 -2.538859074039125918e-01 -1.775493190549992661e-01 9.911465891483779711e-02 -3.600938344229597798e-01 -1.231315579242226593e-01 -2.723215714010106536e-01 -1.819195601548719288e-01
-7.000000000000000000e+00 -4.052177350527508271e-02 -6.408500491392737919e-02 2.004819967706827910e-01 6.204028950590509406e-03 -3.296475940406474736e-01 -2.809901489900447080e-01 -2.038150762874788580e-01 -1.436617644124865423e-01 -3.572294364247437515e-01 -8.801969545960322550e-02 -3.039814244642895513e-01 -1.321500471607585658e-01
-6.500000000000000000e+00 -1.285637262846220374e-02 -6.614144734919572000e-02 2.246903120317776670e-01 -2.302891030380088688e-02 -3.230367544392250823e-01 -3.227131714921988026e-01 -2.927686048561676802e-01 -1.771222623798321960e-01 -4.114809756858348599e-01 -6.148744082224715662e-02 -4.044817949189319362e-01 -8.873270679922549975e-02
-6.000000000000000000e+00 8.271053816899746197e-04 -1.231214839229732155e-02 2.762021409903440139e-01 -4.309792689163623181e-02 -3.099244067966794303e-01 -3.015995924092308433e-01 -4.198692212224593989e-01 -1.833818245798590485e-01 -4.781934856005864987e-01 9.572559555573043749e-03 -5.156481167782163144e-01 5.151927228268389156e-03
-5.500000000000000000e+00 -2.526770845300254503e-03 3.972065675528421713e-02 2.571239532556314211e-01 -8.011928998805477320e-03 -2.614022429202318420e-01 -2.152804622627129960e-01 -4.064132702846643963e-01 -1.494539119925726578e-01 -4.388731879168685235e-01 8.717341535368433592e-02 -5.023089380264922355e-01 4.204160722283430129e-02
-5.000000000000000000e+00 2.667173991701508179e-02 1.084844974787906313e-01 2.834299056147847606e-01 1.216260724600492921e-01 -1.398263867807069682e-01 -1.220718594755051956e-01 -3.647831489774063796e-01 -6.993451507048820126e-02 -3.616768690797292907e-01 1.151982562901034679e-01 -4.486519294176757322e-01 1.013504461687074198e-01
-4.500000000000000000e+00 -5.835600951972379213e-03 1.283138598246184314e-01 2.246605296556370146e-01 2.431112847518314135e-01 -1.176901600798252873e-01 -6.707344151734076498e-02 -2.496774323729227807e-01 -2.498811708487014283e-02 -2.973582395057090544e-01 2.238306273331864549e-01 -3.360864394921301290e-01 1.052633926058316460e-01
-4.000000000000000000e+00 -3.537585773827794239e-02 5.531777720976149837e-02 2.181618219291849570e-01 2.029313078220810751e-01 -1.623998894754814237e-01 -1.492559982337222646e-01 -2.746621378851564765e-01 -1.345759422693368623e-01 -2.380482566430574543e-01 1.881694825423829709e-01 -3.563957105844915429e-01 8.575563861761528739e-02
-3.500000000000000000e+00 -1.559716935687439909e-01 -1.158326957704143845e-01 1.083812340054477463e-01 1.009948460474338477e-01 -2.517871436109835326e-01 -2.032352054860500634e-01 -3.329842750314940814e-01 -2.402355760239186511e-01 -1.617454007913338709e-01 1.503199670162668478e-01 -3.899199346329561555e-01 -6.014504062906600446e-03
-3.000000000000000000e+00 -6.491529247336373654e-02 -5.022466013389438599e-02 1.995752856047926516e-01 1.200371783690693944e-01 -1.366237044048411176e-01 -1.872299341485034463e-01 -5.111531018983246355e-01 -2.676128777991179097e-01 -9.894340164539666693e-02 1.402026476082501305e-01 -5.503862933203957919e-01 1.348309248058998377e-01
-2.500000000000000000e+00 -1.018027903725367833e-01 -9.144998272435866937e-02 1.585785558500133474e-01 4.969340866261826029e-02 -9.437036026351597329e-02 -1.648013452916407551e-01 -6.030304915421754730e-01 -2.410975854090099957e-01 -1.603303830922249429e-01 4.844791273865081682e-02 -6.180559055705794336e-01 1.176788437763097855e-01
-2.000000000000000000e+00 7.146236777741470092e-02 8.055530795222506923e-02 2.530864006339135219e-01 2.136885335152936549e-01 1.984546301005487012e-01 4.958279057273140555e-03 -5.256660255925499348e-01 -1.529802860925568164e-01 -2.163008982743149788e-01 3.236187769627538180e-02 -6.096269740353670308e-01 2.669850975159493434e-01
-1.500000000000000000e+00 1.251125133127245492e-01 1.208826133704865163e-01 3.279794120492582343e-01 2.210712756905925391e-01 2.738821648311655643e-01 1.536664255238184840e-02 -5.449766589103866021e-01 -8.344732733987540729e-02 -2.282194710527479242e-01 -1.213706576950594473e-01 -6.382300199472676905e-01 3.032889638320958037e-01
-1.000000000000000000e+00 3.379320759475351599e-01 2.749460135853130649e-01 4.968319759063899443e-01 3.709882382927853772e-01 3.785822876702702455e-01 1.791595266333085579e-01 -3.807099782611353955e-01 -1.825148327697183326e-02 -8.204827381992976787e-02 -6.499467544285561504e-02 -5.762136496860619239e-01 4.658909942466321619e-01
-5.000000000000000000e-01 4.606728276380650522e-01 3.594292553282311120e-01 6.513789717556363046e-01 4.054084523353967962e-01 3.761896865815076429e-01 2.039877581763832326e-01 -2.842599923865087863e-01 -7.659851263644953945e-02 1.950193591574113372e-02 -8.030160334119532117e-02 -5.181911085688155616e-01 5.458631673579550370e-01
0.000000000000000000e+00 6.386256990125162014e-01 5.219249832404134759e-01 7.717466820904199665e-01 5.242184622893408807e-01 4.609935359626169404e-01 3.748937695644143364e-01 -1.781788886324511267e-01 6.050064260974197250e-02 2.018900458771343553e-01 8.501010625629047690e-02 -4.637772113978221311e-01 7.132405121757117161e-01
5.000000000000000000e-01 7.423842648174177050e-01 6.328944060759504886e-01 8.469765798780731769e-01 5.901667252750020243e-01 5.126560979790438788e-01 4.378696095488436302e-01 -1.206801726908984795e-01 1.294643115333527494e-01 3.395914056457291497e-01 2.382390190695822807e-01 -4.183685730742983111e-01 8.125351043563218134e-01
1.000000000000000000e+00 8.539259303181967464e-01 7.479791371108024389e-01 8.479901745503524157e-01 7.018781407074579093e-01 6.435434129925801106e-01 5.582226628172325400e-01 -1.224741089113038500e-02 2.590424255059301517e-01 4.700336449129126626e-01 3.210455727401102521e-01 -2.976365408219513453e-01 8.709864955921878815e-01
1.500000000000000000e+00 8.931509135081252548e-01 8.103633729304738909e-01 7.719626632082259299e-01 7.902213145212931833e-01 7.420891233854300939e-01 6.604704611343404919e-01 1.032793477530616066e-01 3.519992220007830963e-01 5.670802495186038072e-01 4.504434587761712017e-01 -1.854819714879623604e-01 8.708531124848382099e-01
2.000000000000000000e+00 8.834071127517287847e-01 8.766298002375468856e-01 6.822683309116739370e-01 8.663734426602174299e-01 7.973595548598555460e-01 7.185776161446681964e-01 2.691420162053758669e-01 4.454007690961417909e-01 6.395229384304638165e-01 4.929049964550285545e-01 -3.969090468441841685e-02 8.478349027185623221e-01
2.500000000000000000e+00 8.219367053376825938e-01 8.728919070464732366e-01 5.201681755997844547e-01 8.871508139645877256e-01 8.130361502123339967e-01 7.639383540001583039e-01 3.291625350752355184e-01 5.344180577096302454e-01 5.721596954142703639e-01 5.970593723208441617e-01 -1.450420231591647430e-02 7.972869506609618906e-01
3.000000000000000000e+00 7.532536662985073184e-01 8.404604715610389798e-01 4.075543033440727214e-01 8.683557725221913159e-01 8.397521340675274670e-01 7.525097208697320017e-01 3.663055217908063321e-01 6.142727126267432114e-01 5.612229975729872145e-01 6.153682308453687355e-01 1.724839097654825779e-02 7.635932383240910948e-01
3.500000000000000000e+00 6.537307338565155890e-01 7.405399453826837508e-01 3.084941730106477986e-01 7.988982817681959947e-01 7.655745395645666695e-01 7.381585491587419057e-01 3.538398327165797053e-01 6.506099835745950966e-01 4.562647878457646300e-01 5.138767932873090638e-01 6.803540346188446247e-03 7.312664271599826904e-01
4.000000000000000000e+00 6.327953188704038556e-01 6.222606116747797511e-01 2.561017530710374968e-01 7.285601496575808689e-01 7.358485741566831440e-01 7.291594048695353436e-01 4.063062440036412371e-01 5.820356592786344319e-01 4.281164367699802353e-01 4.016063353830153781e-01 9.401342922340237551e-02 6.882140456221512714e-01
4.500000000000000000e+00 5.846272494821127541e-01 5.208664196418366643e-01 2.348783563131641994e-01 6.410179965752008657e-01 6.833113659988144795e-01 6.992442146102300082e-01 4.206549368410776868e-01 4.886515705988035974e-01 2.676973186607526922e-01 2.849006840604922375e-01 1.418862697398338424e-01 6.386390965408781373e-01
5.000000000000000000e+00 5.920905743794271370e-01 4.929946444074982947e-01 2.334783030246883606e-01 6.221122665175893296e-01 5.910944797715576016e-01 7.077462507438376793e-01 4.804713145181361278e-01 4.624915580016001893e-01 2.677667874694075190e-01 3.237726114262886590e-01 2.487549296584230241e-01 5.816038881804144189e-01
5.500000000000000000e+00 5.265456160778011485e-01 4.480496637483437627e-01 2.665046354446065080e-01 5.389812089362910896e-01 4.266892503511037216e-01 6.084054056414123224e-01 4.203184380429911271e-01 4.218883742006276361e-01 2.198964474887179776e-01 2.473506022270418325e-01 2.369163584137368994e-01 4.736723844730813537e-01
6.000000000000000000e+00 4.965483349317864059e-01 4.810813453106657644e-01 2.801922661618411192e-01 5.283604391873597539e-01 3.674514257528991301e-01 6.087908117323079793e-01 5.480321617003801604e-01 5.178953693969040595e-01 2.753676944766573209e-01 1.032751246219940910e-01 3.760291384046489105e-01 3.792657672481758446e-01
6.500000000000000000e+00 4.936690124278899638e-01 5.040019868822147586e-01 2.962676098222843946e-01 4.921067995377910731e-01 3.287384235586504055e-01 5.378874648201038555e-01 5.443334474127961009e-01 5.696453182223855105e-01 3.384784569082779360e-01 1.500866081175453864e-02 4.550563586173312358e-01 2.975100740673708444e-01
7.000000000000000000e+00 4.055212700108213886e-01 4.547070494704171240e-01 2.431329930206990730e-01 3.513059432977013730e-01 2.178536769815511143e-01 3.571552833396216542e-01 4.730562950449723192e-01 5.163353009948796757e-01 3.738504629812334779e-01 -1.099691634385045608e-01 4.292101620548521845e-01 1.711399135845614317e-01
7.500000000000000000e+00 3.003319106204188627e-01 3.495704000323767158e-01 1.053691523635430505e-01 2.575826268901305061e-01 1.330069523162640266e-01 1.813021217169669685e-01 4.403040250525638299e-01 4.332715700926300650e-01 4.978045911557621439e-01 -2.045235658177372851e-01 4.401364381926517466e-01 2.925974656141035884e-02
8.000000000000000000e+00 1.646266838331326976e-01 1.797885838023271510e-01 1.759931797959867622e-02 1.009880568687335362e-01 -5.779390481107508915e-02 -9.508163617596142314e-02 2.206534780307120580e-01 2.155763401878089680e-01 5.897617810785151793e-01 -2.540641028995120898e-01 3.054488095856240371e-01 -1.232214686570776291e-01
8.500000000000000000e+00 1.196706044832207549e-01 7.160699418831030505e-02 -5.875406399419304954e-02 9.170266981467653511e-02 -1.256075582312499161e-01 -1.591414596084942124e-01 1.846816623261302304e-01 1.132016675380351639e-01 6.987916105373415121e-01 -2.125281131356718811e-01 3.659380770902518343e-01 -1.771691171129259057e-01
9.000000000000000000e+00 -6.651027714361155974e-02 -1.317279446730738046e-01 -2.546780313509240390e-01 3.141491937208459873e-02 -2.093783816948239507e-01 -2.716990396440526201e-01 6.691290672584035426e-02 -8.523070373397506616e-02 5.837059141431669707e-01 -2.545294542760187517e-01 3.004415004798652866e-01 -3.215218250107442222e-01
9.500000000000000000e+00 -1.403219687304858576e-01 -1.904547345727418961e-01 -4.763608922173414584e-01 4.645918417071395745e-02 -1.461815674408019627e-01 -1.489139219960061156e-01 1.606012852533225677e-01 -1.349184462440487092e-02 3.810967955574877108e-01 -3.100998725641804787e-01 3.133029489340145579e-01 -3.942145923806004704e-01
1.000000000000000000e+01 -3.750287131058770429e-01 -3.953014603484504841e-01 -6.749414511123770222e-01 -1.315831982366495456e-01 -2.460271303734576365e-01 -1.991480900804354082e-01 6.830160781214278387e-02 -5.108467152272448686e-02 1.342502847150379430e-01 -2.998077590135304615e-01 2.167341327203368140e-01 -5.296873626347553543e-01
1.050000000000000000e+01 -4.252420237367512956e-01 -4.568776256932950419e-01 -6.943399058764448961e-01 -2.810222774477172392e-01 -3.829979215537694381e-01 -1.303966500748646173e-01 2.735134754600547502e-02 6.403636188897209383e-03 -2.487507651314717350e-02 -3.197476096579737748e-01 6.278916151210758856e-02 -5.087026541056591800e-01
1.100000000000000000e+01 -4.807878804667429229e-01 -4.908311294720183460e-01 -6.856552638423709656e-01 -4.516159018543536297e-01 -4.519306353453180769e-01 -1.095331244936766923e-01 -1.264243818636783673e-02 -2.974282012379641377e-02 -3.371965295247689731e-01 -3.152391840139932566e-01 -9.494271405495693927e-02 -4.758314199504380948e-01
1.150000000000000000e+01 -5.225534966327738395e-01 -4.565439624701275734e-01 -6.486165035296884707e-01 -5.493750824811907130e-01 -4.982284318283155544e-01 -1.184456000658737351e-01 -9.775878838805489301e-02 -3.176275102824609869e-02 -6.073225052878648000e-01 -3.230953244454392026e-01 -2.393023410565280895e-01 -4.288718962497466425e-01
1.200000000000000000e+01 -5.045500700059655230e-01 -3.936723271199381591e-01 -4.289571283357626608e-01 -5.819040557593978535e-01 -5.822954169717986517e-01 -2.197609592671787015e-01 -1.769956395147877226e-01 -1.821246679488021381e-01 -6.882662522937007532e-01 -2.739525028857697775e-01 -3.677814784618060884e-01 -3.209304361868209332e-01
1.250000000000000000e+01 -5.584824571684687822e-01 -4.687876957634358743e-01 -3.173548154373403429e-01 -6.058399164738917930e-01 -7.007945716336021480e-01 -4.615482295989015160e-01 -2.665035170009875110e-01 -3.925001530967088259e-01 -6.195253970427134771e-01 -3.940910878043267784e-01 -3.695031199689416956e-01 -3.843676316126507508e-01
1.300000000000000000e+01 -5.597079621058302923e-01 -4.635618734635215121e-01 -2.105392532257293614e-01 -5.813517429193255648e-01 -6.409208067290050881e-01 -6.127012463751607685e-01 -3.906653520171337046e-01 -5.238839911447181752e-01 -5.860942407624301076e-01 -4.764527977001206116e-01 -3.759602814834172024e-01 -4.345534651799377590e-01
1.350000000000000000e+01 -4.850253689353494213e-01 -4.306781999411797845e-01 -7.744421389664515876e-02 -5.180938828323702339e-01 -4.291468844896296764e-01 -6.811697828534937216e-01 -5.061297067791464821e-01 -5.867698730118320327e-01 -5.563491271608802524e-01 -4.875803270030430459e-01 -3.946208603085762934e-01 -4.164967629372384184e-01
1.400000000000000000e+01 -5.897629141308136091e-01 -5.590698355197551983e-01 -2.235198916037816341e-01 -5.671022067929508692e-01 -4.419958610442637492e-01 -7.310889159812252736e-01 -5.935162317589564029e-01 -5.219291002595032314e-01 -4.696166948745613690e-01 -5.253879449235829835e-01 -3.203670705226596693e-01 -6.301685592590277052e-01
1.450000000000000000e+01 -4.075194475674576156e-01 -4.376315833878736128e-01 5.702099195754518901e-03 -3.973728694057578892e-01 -2.414090283536208525e-01 -6.297486684183382089e-01 -5.319199928129014765e-01 -4.588133141089887901e-01 -2.201748048638363930e-01 -3.468199827184515471e-01 -1.977737764427468514e-01 -4.750139158023981012e-01
1.500000000000000000e+01 -4.909043543914593521e-01 -6.461479713826772109e-01 -1.553351772672937059e-01 -5.276618912575194997e-01 -2.856181830166124591e-01 -6.697374343156993204e-01 -6.533475828013375342e-01 -4.519326449005825475e-01 -2.643719306852966300e-01 -3.681868645046917354e-01 -2.728603713273657361e-01 -5.506708318242210520e-01
