# time shift (tau) 	 correlation coefficient 	 number of simulations: 20000	 FR: True	 RSS: True
-5.000000000000000000e+00 0.000000000000000000e+00
-4.500000000000000000e+00 0.000000000000000000e+00
-4.000000000000000000e+00 0.000000000000000000e+00
-3.500000000000000000e+00 1.000000000000000000e+00
-3.000000000000000000e+00 1.000000000000000000e+00
-2.500000000000000000e+00 0.000000000000000000e+00
-2.000000000000000000e+00 0.000000000000000000e+00
-1.500000000000000000e+00 0.000000000000000000e+00
-1.000000000000000000e+00 0.000000000000000000e+00
-5.000000000000000000e-01 0.000000000000000000e+00
0.000000000000000000e+00 1.000000000000000000e+00
5.000000000000000000e-01 3.000000000000000000e+00
1.000000000000000000e+00 5.000000000000000000e+01
1.500000000000000000e+00 9.600000000000000000e+01
2.000000000000000000e+00 2.660000000000000000e+02
2.500000000000000000e+00 6.001000000000000000e+03
3.000000000000000000e+00 4.104000000000000000e+03
3.500000000000000000e+00 1.085000000000000000e+03
4.000000000000000000e+00 1.568000000000000000e+03
4.500000000000000000e+00 1.294000000000000000e+03
5.000000000000000000e+00 3.913000000000000000e+03
5.500000000000000000e+00 6.380000000000000000e+02
6.000000000000000000e+00 5.850000000000000000e+02
6.500000000000000000e+00 3.030000000000000000e+02
7.000000000000000000e+00 5.000000000000000000e+00
7.500000000000000000e+00 5.100000000000000000e+01
8.000000000000000000e+00 3.000000000000000000e+00
8.500000000000000000e+00 0.000000000000000000e+00
9.000000000000000000e+00 2.000000000000000000e+00
9.500000000000000000e+00 7.000000000000000000e+00
1.000000000000000000e+01 2.300000000000000000e+01
