# time shift (tau) 	 correlation coefficient 	 number of simulations: 15000	 FR: True	 RSS: True
-9.000000000000000000e+00 1.000000000000000000e+01
-8.000000000000000000e+00 0.000000000000000000e+00
-7.000000000000000000e+00 4.000000000000000000e+00
-6.000000000000000000e+00 0.000000000000000000e+00
-5.000000000000000000e+00 0.000000000000000000e+00
-4.000000000000000000e+00 3.000000000000000000e+00
-3.000000000000000000e+00 0.000000000000000000e+00
-2.000000000000000000e+00 2.000000000000000000e+00
-1.000000000000000000e+00 1.000000000000000000e+00
0.000000000000000000e+00 5.000000000000000000e+00
1.000000000000000000e+00 8.800000000000000000e+01
2.000000000000000000e+00 6.406000000000000000e+03
3.000000000000000000e+00 7.445000000000000000e+03
4.000000000000000000e+00 9.610000000000000000e+02
5.000000000000000000e+00 4.000000000000000000e+01
6.000000000000000000e+00 1.000000000000000000e+00
7.000000000000000000e+00 2.000000000000000000e+01
8.000000000000000000e+00 6.000000000000000000e+00
9.000000000000000000e+00 3.000000000000000000e+00
1.000000000000000000e+01 5.000000000000000000e+00
1.100000000000000000e+01 0.000000000000000000e+00
1.200000000000000000e+01 0.000000000000000000e+00
