# time shift (tau) 	 correlation coefficient 	 number of simulations: 20000	 FR: True	 RSS: True
-1.000000000000000000e+01 5.000000000000000000e+00
-9.500000000000000000e+00 3.300000000000000000e+01
-9.000000000000000000e+00 2.700000000000000000e+01
-8.500000000000000000e+00 7.000000000000000000e+00
-8.000000000000000000e+00 3.000000000000000000e+00
-7.500000000000000000e+00 2.300000000000000000e+01
-7.000000000000000000e+00 1.500000000000000000e+01
-6.500000000000000000e+00 1.900000000000000000e+01
-6.000000000000000000e+00 2.000000000000000000e+00
-5.500000000000000000e+00 0.000000000000000000e+00
-5.000000000000000000e+00 0.000000000000000000e+00
-4.500000000000000000e+00 0.000000000000000000e+00
-4.000000000000000000e+00 2.000000000000000000e+00
-3.500000000000000000e+00 0.000000000000000000e+00
-3.000000000000000000e+00 0.000000000000000000e+00
-2.500000000000000000e+00 0.000000000000000000e+00
-2.000000000000000000e+00 1.000000000000000000e+00
-1.500000000000000000e+00 4.100000000000000000e+01
-1.000000000000000000e+00 6.400000000000000000e+01
-5.000000000000000000e-01 3.360000000000000000e+02
0.000000000000000000e+00 2.280000000000000000e+02
5.000000000000000000e-01 1.480000000000000000e+02
1.000000000000000000e+00 7.300000000000000000e+01
1.500000000000000000e+00 8.300000000000000000e+01
2.000000000000000000e+00 3.400000000000000000e+01
2.500000000000000000e+00 2.800000000000000000e+01
3.000000000000000000e+00 5.600000000000000000e+01
3.500000000000000000e+00 2.800000000000000000e+01
4.000000000000000000e+00 2.050000000000000000e+02
4.500000000000000000e+00 3.510000000000000000e+02
5.000000000000000000e+00 1.030000000000000000e+02
5.500000000000000000e+00 6.700000000000000000e+01
6.000000000000000000e+00 4.800000000000000000e+01
6.500000000000000000e+00 3.960000000000000000e+02
7.000000000000000000e+00 5.430000000000000000e+02
7.500000000000000000e+00 2.506000000000000000e+03
8.000000000000000000e+00 1.014000000000000000e+03
8.500000000000000000e+00 3.110000000000000000e+02
9.000000000000000000e+00 1.030000000000000000e+02
9.500000000000000000e+00 4.280000000000000000e+02
1.000000000000000000e+01 2.210000000000000000e+02
1.050000000000000000e+01 5.950000000000000000e+02
1.100000000000000000e+01 9.740000000000000000e+02
1.150000000000000000e+01 2.035000000000000000e+03
1.200000000000000000e+01 3.540000000000000000e+02
1.250000000000000000e+01 2.390000000000000000e+02
1.300000000000000000e+01 1.890000000000000000e+02
1.350000000000000000e+01 6.840000000000000000e+02
1.400000000000000000e+01 6.710000000000000000e+02
1.450000000000000000e+01 9.730000000000000000e+02
1.500000000000000000e+01 5.734000000000000000e+03
