# # time shift (tau) Cont4010 Cont4200 Cont4440 Cont4765 Cont5100 Cont5600 Cont6045 Cont6110 Cont6880 Cont7390 Cont8015 Cont8900 Cont1150
-1.000000000000000000e+01 -4.457872029421642429e-02 4.068359886351669702e-03 9.205407230519199735e-02 -5.453258864249358601e-03 1.474530944149707312e-01 8.382134293653452362e-02 1.621007615686769765e-01 -6.763480268436946816e-03 -8.367146331272168336e-03 -1.268065171814926340e-02 -8.606044106954892359e-02 -6.317403770457666323e-02 -2.941353150408654304e-01
-9.000000000000000000e+00 9.988713838488308405e-02 1.525988460959887272e-01 1.961781447678209722e-01 1.080060540382104944e-01 2.281011710737027576e-01 1.249960665800737419e-01 1.489034928784317147e-01 3.327631853290114600e-02 6.887618139749503154e-02 8.614112716037311546e-02 -5.671893417236326118e-03 1.840191104879769501e-02 -1.452247418038133675e-01
-8.000000000000000000e+00 3.128963287809281568e-01 3.339078193834673636e-01 3.807038772488635647e-01 3.067441955598601000e-01 3.862883548135174760e-01 3.075333514730392848e-01 2.717410508623681609e-01 2.097737572923049632e-01 1.869736815824624698e-01 1.735577332705952325e-01 6.495602018909703290e-02 3.244618480305698494e-02 7.972891132260027935e-02
-7.000000000000000000e+00 4.805164470706423940e-01 5.059509203419956247e-01 5.405413479008732702e-01 4.942138870093518710e-01 5.395582732036579010e-01 4.946004685893853892e-01 4.904089163699481002e-01 4.156981820688431251e-01 3.652043840751837966e-01 2.944233436549518190e-01 1.962491695596755015e-01 1.510974928998228273e-01 2.265724280819571557e-01
-6.000000000000000000e+00 5.928439141244288280e-01 6.075909695911019259e-01 6.387329498245131187e-01 5.945327121125647540e-01 6.484883085466398578e-01 6.327091721143278669e-01 5.990849987462971704e-01 5.375379945370382107e-01 5.147743421623907079e-01 4.486644968137674661e-01 3.687326014059847390e-01 3.226368800839257700e-01 3.078637738777004751e-01
-5.000000000000000000e+00 6.290076450180203116e-01 6.165098247100421203e-01 6.437054821026522156e-01 5.963281985623930526e-01 6.392625377233638329e-01 6.485721834008446596e-01 6.121930420929455607e-01 5.423589477977723838e-01 5.383754632303626719e-01 4.542437950813413838e-01 4.197726701475361644e-01 3.756559178607090654e-01 3.903148483627577603e-01
-4.000000000000000000e+00 5.881693991377419106e-01 5.518719141032624176e-01 5.853792664023438341e-01 5.462338926093139868e-01 5.762583209107123849e-01 6.080046139376800163e-01 5.551223106655119865e-01 4.871663281273407309e-01 4.788163261639766244e-01 4.041101139521977026e-01 3.697056087459360540e-01 3.500923988886604499e-01 3.588459061787449000e-01
-3.000000000000000000e+00 6.635781920524908006e-01 6.285442699087466778e-01 6.394375507830409866e-01 6.157939043847266980e-01 6.245398557113943649e-01 6.243862586247936886e-01 5.743141492754740840e-01 5.438679256746656865e-01 5.467418160840651353e-01 4.935223361137693332e-01 4.626221102391063211e-01 4.650378481618663851e-01 4.753310542234693847e-01
-2.000000000000000000e+00 7.939072154375822477e-01 7.737561900939646797e-01 7.728198957938537950e-01 7.659329186180664495e-01 7.631540861751180405e-01 7.344160165931825635e-01 6.647248286407250184e-01 6.834483670798416899e-01 6.682696281700324370e-01 6.119681118199149505e-01 5.925937299485517507e-01 5.581004020515387687e-01 7.018288120959790266e-01
-1.000000000000000000e+00 9.049110374129135659e-01 8.959246949678325578e-01 8.962318695816340330e-01 8.982448700869885005e-01 8.888151653388058904e-01 8.759960346037591883e-01 8.141266287206375685e-01 8.362531300296476289e-01 8.140352057457499457e-01 7.585211250882235579e-01 7.305753697431727200e-01 7.078975048920798097e-01 8.501416500643103058e-01
0.000000000000000000e+00 9.909054870215570077e-01 9.891651695752906592e-01 9.888265311816255565e-01 1.000000000000000000e+00 9.891874509787723646e-01 9.776599575081027504e-01 9.565010260361347383e-01 9.817296818929253099e-01 9.552901865254144198e-01 9.120417729182728195e-01 8.867433967242787096e-01 8.644285887884718411e-01 9.074054686708511452e-01
1.000000000000000000e+00 8.929623885426085650e-01 8.977974662043972653e-01 9.172311159085093646e-01 8.982448700869885005e-01 9.215750933895134889e-01 9.407528900855742782e-01 9.517159130467550687e-01 9.276875778383448790e-01 9.320032414995533809e-01 8.905905657007620047e-01 8.713833316349641755e-01 8.697210921776309389e-01 7.283835091909607318e-01
2.000000000000000000e+00 7.916286786182374913e-01 7.953300836417136477e-01 8.243155788703915299e-01 7.659329186180664495e-01 8.196417862089497852e-01 8.233901281998365906e-01 8.564705284072703373e-01 8.260070742564828983e-01 8.806379175326564113e-01 8.848065039237369422e-01 8.763122369912589305e-01 8.943559658412498781e-01 5.296987231271638175e-01
3.000000000000000000e+00 6.469282095851565106e-01 6.549803989793456793e-01 6.832665063958787144e-01 6.157939043847266980e-01 6.665637484185793493e-01 6.511117585548608089e-01 7.165112865688355592e-01 6.863410476355219503e-01 7.531202560735277274e-01 7.881103731147630631e-01 7.647348287748136908e-01 8.130932894079656581e-01 4.162277338618132205e-01
4.000000000000000000e+00 5.460360506701475991e-01 5.953281148075634244e-01 5.934464506986212307e-01 5.462338926093139868e-01 5.764350351509237580e-01 5.377938993395515732e-01 6.055940220004139007e-01 6.062704149064185311e-01 6.379923787806829338e-01 6.893970083658200743e-01 6.074388304478810507e-01 6.813531153768452864e-01 3.673714541403639844e-01
5.000000000000000000e+00 5.971519806294113275e-01 6.429623631457818123e-01 6.347775410479241653e-01 5.963281985623930526e-01 6.026174097033369925e-01 5.904334713138169599e-01 6.334893756137973675e-01 6.455654720314513151e-01 6.582219019483217526e-01 6.718941955511931186e-01 6.424324978461330993e-01 6.717451521035699979e-01 5.074005942750522413e-01
6.000000000000000000e+00 5.700836724738059802e-01 6.224795431862428785e-01 6.141013682078176883e-01 5.945327121125647540e-01 5.936374198529776880e-01 5.920694592203947781e-01 6.230648729410227515e-01 6.311729497380214049e-01 6.060483892730255118e-01 5.739879134544370043e-01 5.883973780542525178e-01 5.891415981910790300e-01 5.602596893575486625e-01
7.000000000000000000e+00 4.782862248917840731e-01 5.085331406544207900e-01 4.915277202040665427e-01 4.942138870093518710e-01 4.957770347980599568e-01 5.300271113803280976e-01 4.751088294805623224e-01 4.876311523685953886e-01 5.019653287465755120e-01 4.500205825281717864e-01 4.480563014586795845e-01 4.988531260858486971e-01 5.140938658545251005e-01
8.000000000000000000e+00 3.273807041909764237e-01 3.075919009107433988e-01 3.223571971379337042e-01 3.067441955598601000e-01 3.297057339139658483e-01 3.284202062635065422e-01 2.971863504100833442e-01 2.912880480946054562e-01 3.005090510103181067e-01 2.505852123358400241e-01 2.438130288247280786e-01 3.326864446654876906e-01 3.584523788712197234e-01
9.000000000000000000e+00 1.132089457458027859e-01 6.724743987366454956e-02 1.645080888608554393e-01 1.080060540382104944e-01 1.368621771503480411e-01 9.279385370944782940e-02 9.326265387721527356e-02 7.098435008493014786e-02 8.850503081675278882e-02 4.520237124491824354e-02 2.105059082844710355e-02 9.976884384039239051e-02 3.582711723991370556e-02
1.000000000000000000e+01 2.502493642961222536e-02 2.941410103051010985e-02 6.803596956564077203e-02 -5.453258864249358601e-03 1.477768943163954365e-02 -5.335822216091577752e-02 -5.926471600833944225e-03 -3.204936687114749716e-02 4.852503101959103338e-02 7.265101133175533299e-02 7.304977829695910585e-02 9.838442629048886612e-02 -9.123356198244253479e-02
1.100000000000000000e+01 5.501319207092675995e-02 7.050403154613206491e-02 7.034684273780948682e-02 2.869786064212021329e-02 -3.692695877916482572e-02 -1.389472754323221350e-02 -1.247766486091331749e-02 3.205031835836148757e-02 6.872560328014262754e-02 1.368472776611378006e-01 1.552118515241159291e-01 8.703898875700689930e-02 8.807740163585080218e-02
1.200000000000000000e+01 9.075586984852826444e-02 1.072601545262254624e-01 4.564242068282549358e-02 1.068119897557095743e-01 -2.792497366046105267e-02 8.299936768427430833e-02 6.716498237288837103e-02 1.033630218020344660e-01 9.261916001770931217e-02 1.236950387283018843e-01 1.239047770723342434e-01 6.262089954051124063e-02 1.796298367810741370e-01
1.300000000000000000e+01 8.808364936215719310e-02 4.877877304487955590e-02 -4.696976437003796273e-03 1.148883479991243822e-01 2.609476413418245974e-02 8.368387474180025154e-02 3.780319989545858489e-02 8.656627686177330305e-02 1.154796354700915115e-02 2.757909937395762803e-03 1.425293805675442380e-02 -5.581163488148870727e-02 9.777996539706801382e-02
1.400000000000000000e+01 3.830339582719772401e-02 -4.489907390857988262e-02 -4.436402491275619198e-02 5.674008275499834580e-02 4.794908284031701440e-02 2.437941476791175704e-02 1.162368010492625253e-02 -9.508401655558308685e-03 -1.262759597834136049e-01 -2.525270197540819828e-01 -2.347908272800089402e-01 -2.870404071929831269e-01 6.962442113058224524e-02
1.500000000000000000e+01 1.564774610026558321e-01 9.026985584822327935e-02 1.380033066107073658e-01 1.918197253665205881e-01 3.009244362697167663e-01 1.714747797966832410e-01 1.871680743082188569e-01 1.061556085657938964e-01 1.874693418849119123e-02 -7.722316654044525386e-02 -6.962354328141617810e-02 -1.099433441050461369e-01 1.276961376923466396e-01
