# # time shift (tau) HDelta HGamma HeII4685 HBeta HeI5875 HAlpha HeI5015 OI8446 HeI4471 HeI7065 OIII5007
-1.000000000000000000e+01 1.054450504691450963e-01 -6.196646074291409234e-02 -7.334041461166791731e-03 1.534355835069444451e-01 -2.531280805965163694e-01 -9.072737002289438246e-02 3.989291979045669206e-02 1.765612055221586485e-01 2.722386073126382700e-01 1.299516388336282857e-01 -6.862224982766516879e-02
-9.000000000000000000e+00 -3.917552784332431481e-02 -9.241123605931902962e-02 -1.028747383566411544e-01 3.797640958818201962e-02 -1.757756968219929272e-01 -7.408153148504850738e-02 -8.971776241429471610e-02 2.385098277206649242e-01 1.441582447601712502e-01 6.963730161259565343e-02 -1.980693077988037176e-01
-8.000000000000000000e+00 -1.347026856469721867e-01 -1.574245727839443110e-01 -2.788726560286303516e-02 -1.729413905731044809e-02 -2.289688474688640896e-01 -1.296116376072123100e-01 -1.443779514253114571e-01 9.362213733446995978e-02 -7.074736963859121208e-02 -4.944011486539461042e-02 -3.027096386722809562e-01
-7.000000000000000000e+00 -6.976238511379181939e-02 -8.278371739684965702e-02 1.671329621721062697e-01 -1.155674885684487563e-01 -3.146540292507544745e-01 -1.899427910443327594e-01 -2.287188887100990442e-01 -1.433112622560866467e-01 -2.041418481315399325e-01 -6.658042133035030341e-02 -4.160488886815884024e-01
-6.000000000000000000e+00 3.044472135639141736e-03 1.105065815214307245e-01 3.040064194577720702e-01 1.868085293291237362e-02 -2.417677490997494627e-01 -9.548960214530916035e-02 -2.987125827319849769e-01 -1.130512583824905964e-01 -2.015155229533697745e-01 6.844526984965344785e-02 -4.605854945964831249e-01
-5.000000000000000000e+00 4.870027737461132128e-02 2.058792070824853604e-01 3.750072899405126892e-01 2.301581979115381593e-01 -1.882840081301292434e-01 -2.624993404819832982e-02 -2.685512794000419201e-01 -1.156393734963972186e-01 -5.999732757561907631e-02 1.362173785747274879e-01 -3.968262317490939273e-01
-4.000000000000000000e+00 -7.921629634168862732e-03 1.833864333049565198e-01 2.794262963209703243e-01 2.747744349481264226e-01 -2.827929087064964264e-01 -4.646604891497513323e-02 -3.152272302608180032e-01 -1.652527600987090950e-01 2.832201770043037137e-02 2.214959545795265883e-01 -4.257476421819185175e-01
-3.000000000000000000e+00 -1.437914415671568552e-02 1.933050351890887586e-01 2.572346981138873279e-01 2.593340027941218318e-01 -2.088516684082700192e-02 3.144401620632081285e-02 -4.540824262704840075e-01 -9.997492532058895043e-02 -3.604137666899216025e-02 1.501705129788488136e-01 -5.464916000376921490e-01
-2.000000000000000000e+00 1.833536801448455156e-01 2.980963841393983738e-01 3.938304140903059469e-01 3.228985575997149193e-01 2.356421538594826448e-01 1.655230883399914088e-01 -4.451075942233201355e-01 -7.746932180871383966e-02 -1.105238127815307836e-01 4.913531120842924010e-02 -6.198777456748600923e-01
-1.000000000000000000e+00 4.682262766786189356e-01 5.168211354105826105e-01 6.233297765908403232e-01 4.383871002746158041e-01 3.135682139196858675e-01 2.980287501881376810e-01 -3.069485179992242907e-01 3.093084516526340561e-02 -8.829077708344526543e-02 1.163882799163273168e-02 -5.817482740102914995e-01
0.000000000000000000e+00 6.958127306347712260e-01 7.214415037744653647e-01 8.326860438301448841e-01 6.130719940657414213e-01 4.480740202566900754e-01 5.444218107890880232e-01 -5.523506858355331506e-02 2.525908648988726135e-01 1.749625153398912669e-01 1.130137590921367896e-01 -3.934744864118849828e-01
1.000000000000000000e+00 8.326137303778500254e-01 8.117800881495720322e-01 8.154620261412173221e-01 7.508116818659951175e-01 3.968468697652310362e-01 6.505565788125347026e-01 1.378464377269134344e-01 2.899559828955544649e-01 3.477805853692733651e-01 4.234146952593922375e-01 -2.179933144138184453e-01
2.000000000000000000e+00 7.581796567850374036e-01 8.070903791564294494e-01 6.727201268059088690e-01 8.634493381043737426e-01 3.805942367405092952e-01 7.119117029374006922e-01 1.999602066164832825e-01 4.394610266400631460e-01 5.501803067600354868e-01 6.246195303999161341e-01 -1.446030180444597413e-01
3.000000000000000000e+00 5.807275032604730658e-01 6.391501319528094527e-01 3.102708613976415952e-01 8.386443479324124928e-01 5.608524056211032782e-01 7.474290783520871617e-01 1.999697902217926204e-01 5.523425325211060999e-01 4.470177935371700273e-01 5.975549712925182222e-01 -1.057891812923001662e-01
4.000000000000000000e+00 5.011418703817660525e-01 4.440745327481049332e-01 2.163390023423044373e-01 6.905309606528658994e-01 5.800916906219912850e-01 6.529285990214894753e-01 2.181398583601576180e-01 5.236110447428798942e-01 1.972432358078786419e-01 4.244121343040804240e-01 -1.023465116305081052e-01
5.000000000000000000e+00 4.804718676492155116e-01 4.074625273025773708e-01 3.803918867105472446e-01 6.612724436415750029e-01 4.299715766068744061e-01 6.613317353894863082e-01 2.558162712911690728e-01 4.804994341067072572e-01 1.653331545390008539e-01 1.292290866902347513e-01 -5.256791885917655449e-02
6.000000000000000000e+00 6.244922883169887751e-01 4.891639731533659052e-01 5.610520802758862668e-01 5.667325256171715786e-01 2.700536354563476404e-01 5.521150739047222533e-01 1.820849350145455903e-01 3.575888690130338832e-01 1.443085129289404522e-01 4.223517039040206728e-02 -4.975517628874299991e-02
7.000000000000000000e+00 6.324053694051842145e-01 6.289697635158099098e-01 5.891873057181247209e-01 4.999506074673505385e-01 1.916751356726084099e-01 4.370703557838665487e-01 1.864854370004192796e-01 4.601620051097280450e-01 3.549525842803595288e-01 -7.999712659023483496e-02 1.454485377032850579e-02
8.000000000000000000e+00 5.268969205545461776e-01 6.362700904573113103e-01 5.059456588099512375e-01 4.878502464171970421e-01 7.431050404499447981e-02 2.278246984558499333e-01 2.170411560196185419e-01 4.188380358209350396e-01 7.178705950845347683e-01 -2.872588863331917985e-02 1.513534716165077787e-01
9.000000000000000000e+00 2.957665650054784878e-01 1.967874566206244680e-01 7.648560481387272486e-03 2.818984092768217486e-01 2.809567788347500789e-02 -4.560408500019300787e-02 -9.430009851947568356e-02 9.941774041501588721e-02 7.330740737994774214e-01 -8.429833583033038980e-02 -1.572896261815938390e-01
1.000000000000000000e+01 3.114443156233128243e-02 -1.238389772665035998e-01 -3.001375259395809847e-01 1.399704361620375814e-01 9.364700313505576468e-02 8.199035999189413504e-02 6.452447411813913569e-02 5.939523823451696438e-02 5.148908678980018694e-01 6.594478731453409792e-02 -2.817532083690235667e-02
1.100000000000000000e+01 -1.320212648907752584e-01 -2.343056945991595919e-01 -3.826668360257408086e-01 -3.359568854473603261e-03 2.235745511338649294e-03 2.240906108971863486e-01 1.740058488103672918e-01 1.358339336492583871e-01 -2.307180456448926775e-01 9.192955404088976046e-02 -2.074735935689711597e-01
1.200000000000000000e+01 -1.518745540682031048e-01 -1.025020393263154084e-01 -5.256136540693995274e-02 -2.712403333202360045e-01 -2.336842842776938600e-01 1.222293461936147518e-01 9.222474007157589748e-02 -3.425077735467015050e-02 -6.757226588823652680e-01 -6.814194305631859905e-02 -4.416425433646468113e-01
1.300000000000000000e+01 -2.133649019802316138e-01 1.126872129144848300e-01 1.939968627470227691e-01 -2.539376222546742556e-01 -9.857490972132870732e-02 -7.202088634027051239e-02 -1.246131348084658086e-01 -9.163202029802097748e-02 -6.313225184608701746e-01 2.335598902922652459e-02 -3.846485649088650094e-01
1.400000000000000000e+01 -1.772219812376993886e-01 -4.408312554965638369e-02 3.030652420407446979e-01 -1.540318136846824948e-01 -4.756321584093428645e-02 -4.220890982470795749e-01 -3.600549400985237347e-01 -3.405913274883768382e-01 -2.752946904911574011e-01 -2.770778056255178701e-01 -1.647562447731307778e-01
1.500000000000000000e+01 -9.778111749215208023e-03 -5.229435168198121042e-02 3.773445166883531154e-01 6.259648353385435099e-03 9.597132198433766526e-02 -3.292814743180961790e-01 -5.442932302471152894e-01 -3.016145466010687892e-01 1.801776932202747150e-01 4.587168852863435925e-02 -1.109768020312848630e-01
