# time shift (tau) 	 correlation coefficient 	 number of simulations: 10000	 FR: True	 RSS: True
-1.000000000000000000e+01 6.000000000000000000e+00
-9.000000000000000000e+00 1.000000000000000000e+00
-8.000000000000000000e+00 1.100000000000000000e+01
-7.000000000000000000e+00 3.100000000000000000e+01
-6.000000000000000000e+00 3.600000000000000000e+01
-5.000000000000000000e+00 4.800000000000000000e+01
-4.000000000000000000e+00 5.100000000000000000e+01
-3.000000000000000000e+00 8.700000000000000000e+01
-2.000000000000000000e+00 2.180000000000000000e+02
-1.000000000000000000e+00 4.170000000000000000e+02
0.000000000000000000e+00 3.900000000000000000e+02
1.000000000000000000e+00 3.127000000000000000e+03
2.000000000000000000e+00 4.185000000000000000e+03
3.000000000000000000e+00 5.850000000000000000e+02
4.000000000000000000e+00 1.810000000000000000e+02
5.000000000000000000e+00 1.250000000000000000e+02
6.000000000000000000e+00 2.050000000000000000e+02
7.000000000000000000e+00 2.900000000000000000e+01
8.000000000000000000e+00 9.000000000000000000e+01
9.000000000000000000e+00 3.400000000000000000e+01
1.000000000000000000e+01 3.300000000000000000e+01
1.100000000000000000e+01 1.400000000000000000e+01
1.200000000000000000e+01 2.000000000000000000e+00
1.300000000000000000e+01 3.400000000000000000e+01
1.400000000000000000e+01 3.200000000000000000e+01
1.500000000000000000e+01 2.800000000000000000e+01
