# time shift (tau) 	 correlation coefficient 	 number of simulations: 10000	 FR: True	 RSS: True
-1.000000000000000000e+01 3.060000000000000000e+02
-9.000000000000000000e+00 5.300000000000000000e+01
-8.000000000000000000e+00 6.000000000000000000e+01
-7.000000000000000000e+00 7.900000000000000000e+01
-6.000000000000000000e+00 8.600000000000000000e+01
-5.000000000000000000e+00 1.120000000000000000e+02
-4.000000000000000000e+00 2.840000000000000000e+02
-3.000000000000000000e+00 2.780000000000000000e+02
-2.000000000000000000e+00 3.790000000000000000e+02
-1.000000000000000000e+00 5.360000000000000000e+02
0.000000000000000000e+00 5.970000000000000000e+02
1.000000000000000000e+00 5.880000000000000000e+02
2.000000000000000000e+00 1.117000000000000000e+03
3.000000000000000000e+00 2.930000000000000000e+03
4.000000000000000000e+00 1.377000000000000000e+03
5.000000000000000000e+00 4.790000000000000000e+02
6.000000000000000000e+00 1.480000000000000000e+02
7.000000000000000000e+00 1.630000000000000000e+02
8.000000000000000000e+00 1.010000000000000000e+02
9.000000000000000000e+00 1.010000000000000000e+02
1.000000000000000000e+01 5.800000000000000000e+01
1.100000000000000000e+01 1.700000000000000000e+01
1.200000000000000000e+01 5.000000000000000000e+00
1.300000000000000000e+01 0.000000000000000000e+00
1.400000000000000000e+01 1.000000000000000000e+01
1.500000000000000000e+01 1.360000000000000000e+02
