# time shift (tau) 	 correlation coefficient 	 number of simulations: 20000	 FR: True	 RSS: True
-1.000000000000000000e+01 1.520000000000000000e+02
-9.000000000000000000e+00 4.650000000000000000e+02
-8.000000000000000000e+00 2.010000000000000000e+02
-7.000000000000000000e+00 8.900000000000000000e+01
-6.000000000000000000e+00 7.800000000000000000e+01
-5.000000000000000000e+00 1.620000000000000000e+02
-4.000000000000000000e+00 2.600000000000000000e+02
-3.000000000000000000e+00 4.090000000000000000e+02
-2.000000000000000000e+00 4.860000000000000000e+02
-1.000000000000000000e+00 4.980000000000000000e+02
0.000000000000000000e+00 7.230000000000000000e+02
1.000000000000000000e+00 6.520000000000000000e+02
2.000000000000000000e+00 6.600000000000000000e+02
3.000000000000000000e+00 8.710000000000000000e+02
4.000000000000000000e+00 2.560000000000000000e+03
5.000000000000000000e+00 3.558000000000000000e+03
6.000000000000000000e+00 2.694000000000000000e+03
7.000000000000000000e+00 1.739000000000000000e+03
8.000000000000000000e+00 2.137000000000000000e+03
9.000000000000000000e+00 5.150000000000000000e+02
1.000000000000000000e+01 3.950000000000000000e+02
1.100000000000000000e+01 4.720000000000000000e+02
1.200000000000000000e+01 1.580000000000000000e+02
1.300000000000000000e+01 4.800000000000000000e+01
1.400000000000000000e+01 4.000000000000000000e+00
1.500000000000000000e+01 1.400000000000000000e+01
