# time shift (tau) 	 correlation coefficient 	 number of simulations: 40000	 FR: True	 RSS: True
-1.000000000000000000e+01 5.600000000000000000e+01
-9.000000000000000000e+00 4.500000000000000000e+01
-8.000000000000000000e+00 4.000000000000000000e+00
-7.000000000000000000e+00 0.000000000000000000e+00
-6.000000000000000000e+00 4.000000000000000000e+00
-5.000000000000000000e+00 2.400000000000000000e+01
-4.000000000000000000e+00 2.500000000000000000e+01
-3.000000000000000000e+00 6.400000000000000000e+01
-2.000000000000000000e+00 1.020000000000000000e+02
-1.000000000000000000e+00 9.400000000000000000e+01
0.000000000000000000e+00 1.890000000000000000e+02
1.000000000000000000e+00 2.610000000000000000e+02
2.000000000000000000e+00 7.840000000000000000e+02
3.000000000000000000e+00 7.425000000000000000e+03
4.000000000000000000e+00 1.332700000000000000e+04
5.000000000000000000e+00 1.328900000000000000e+04
6.000000000000000000e+00 2.993000000000000000e+03
7.000000000000000000e+00 7.210000000000000000e+02
8.000000000000000000e+00 2.690000000000000000e+02
9.000000000000000000e+00 1.280000000000000000e+02
1.000000000000000000e+01 7.700000000000000000e+01
1.100000000000000000e+01 6.700000000000000000e+01
1.200000000000000000e+01 3.100000000000000000e+01
1.300000000000000000e+01 1.900000000000000000e+01
1.400000000000000000e+01 2.000000000000000000e+00
1.500000000000000000e+01 0.000000000000000000e+00
