# time shift (tau) 	 correlation coefficient 	 number of simulations: 10000	 FR: True	 RSS: True
-1.000000000000000000e+01 3.000000000000000000e+00
-9.000000000000000000e+00 0.000000000000000000e+00
-8.000000000000000000e+00 1.000000000000000000e+00
-7.000000000000000000e+00 5.000000000000000000e+00
-6.000000000000000000e+00 1.000000000000000000e+01
-5.000000000000000000e+00 2.200000000000000000e+01
-4.000000000000000000e+00 2.300000000000000000e+01
-3.000000000000000000e+00 2.200000000000000000e+01
-2.000000000000000000e+00 6.900000000000000000e+01
-1.000000000000000000e+00 1.310000000000000000e+02
0.000000000000000000e+00 2.370000000000000000e+02
1.000000000000000000e+00 9.650000000000000000e+02
2.000000000000000000e+00 4.201000000000000000e+03
3.000000000000000000e+00 2.593000000000000000e+03
4.000000000000000000e+00 8.210000000000000000e+02
5.000000000000000000e+00 2.660000000000000000e+02
6.000000000000000000e+00 1.320000000000000000e+02
7.000000000000000000e+00 6.900000000000000000e+01
8.000000000000000000e+00 7.900000000000000000e+01
9.000000000000000000e+00 8.100000000000000000e+01
1.000000000000000000e+01 3.600000000000000000e+01
1.100000000000000000e+01 3.000000000000000000e+01
1.200000000000000000e+01 9.000000000000000000e+00
1.300000000000000000e+01 4.400000000000000000e+01
1.400000000000000000e+01 6.400000000000000000e+01
1.500000000000000000e+01 8.700000000000000000e+01
