# # time shift (tau) UVW2 Cont1150_not_optical_calibrated LyAlpha_not_optical_calibrated HBeta_not_optical_calibrated OI8446_not_optical_calibrated
-1.000000000000000000e+01 -4.179864724483037808e-01 -2.249639468756016725e-01 -4.688711990547263231e-02 3.906884368000524965e-01 5.433133876254994110e-01
-9.000000000000000000e+00 -4.449948364638690590e-01 -9.752395817106387921e-02 -1.523193613637620070e-01 2.102346084679774241e-01 5.435974779629233478e-01
-8.000000000000000000e+00 -2.266495577845750176e-01 1.735183578758268119e-01 -2.576644322892629457e-02 1.508331085081341394e-01 3.320483446753235146e-01
-7.000000000000000000e+00 1.996950623427115323e-01 2.867856337859195914e-01 1.990849944920978776e-01 2.583110982120266907e-01 2.159969308221753592e-01
-6.000000000000000000e+00 2.613171099409887788e-01 2.744455122156593263e-01 3.784070130160891998e-01 4.789239074091853898e-01 3.478138615783680776e-01
-5.000000000000000000e+00 2.406518452417603093e-01 2.662970540185176094e-01 2.746888049578972146e-01 4.084522874625028388e-01 1.260447553958195521e-01
-4.000000000000000000e+00 2.794307817819993156e-01 1.922125367256170003e-01 9.960983556001716532e-02 3.509503717506874954e-01 7.420195606711632585e-02
-3.000000000000000000e+00 3.293151978993854589e-01 3.019790681945490052e-01 5.876939247841140440e-02 2.489793387936592439e-01 1.345544557112183515e-01
-2.000000000000000000e+00 5.559811019728260195e-01 4.882085030114142188e-01 1.104499154356683166e-01 1.892002795844289209e-01 -1.175101494141650577e-01
-1.000000000000000000e+00 7.345487051805018597e-01 7.586164658317446907e-01 3.444181429828310770e-01 3.869804496197162824e-01 1.466705069985499710e-01
0.000000000000000000e+00 9.029863830116825474e-01 9.999999999999998890e-01 5.967988838041384803e-01 5.483692091320929718e-01 3.342751463648291899e-01
1.000000000000000000e+00 8.343167781936809968e-01 7.666805598785677578e-01 8.167120965601324389e-01 6.588373791170709648e-01 3.234845678627045751e-01
2.000000000000000000e+00 6.134317543713402321e-01 4.456714118576605710e-01 8.131423514983453504e-01 7.065066302047736668e-01 3.837960680593243135e-01
3.000000000000000000e+00 4.502056777291522094e-01 2.065934923349362906e-01 5.578539766984377257e-01 5.703408629641590899e-01 1.676185547917549146e-01
4.000000000000000000e+00 3.856077576610245083e-01 4.598518895925422789e-02 4.142536416571194202e-01 2.340115494359051862e-01 1.184074159568256901e-01
5.000000000000000000e+00 4.501562272294454825e-01 1.699754082909970543e-01 4.024173380982614123e-01 2.107827295162436332e-01 1.271414094361145442e-01
6.000000000000000000e+00 3.543497359221656762e-01 1.745696553115237137e-01 3.392484448825311971e-01 2.008110137735805711e-01 -5.172153257889708367e-02
7.000000000000000000e+00 2.825804131062985558e-01 2.015251413472613495e-01 1.860368324135371065e-01 1.680793245983120687e-01 5.549395418153925397e-02
8.000000000000000000e+00 5.073833057404042446e-02 1.539516037732796550e-01 4.330760177698073088e-02 3.365184155734016191e-01 4.413832442595253536e-01
9.000000000000000000e+00 -1.611401351092225931e-01 -4.114019681532760098e-02 -4.140967729539156428e-02 3.734742513454878399e-01 4.155328703537748414e-01
1.000000000000000000e+01 -2.508164376068077184e-01 -2.797438664917710205e-01 -1.866808429054551133e-01 2.422825272819796594e-01 3.884653794214367739e-01
1.100000000000000000e+01 -3.702592624529580934e-01 -2.591199273722088470e-01 -3.553144389754230859e-01 -4.142046986458714636e-02 3.159815105504972799e-01
1.200000000000000000e+01 -2.356117562742647553e-01 -1.866975467147830026e-01 -3.218126631142615435e-01 -4.405639195934899499e-01 2.499989232146406642e-02
1.300000000000000000e+01 -3.249022266059157227e-01 -2.948837768377464696e-01 -2.280557389200400797e-01 -5.618507492251375579e-01 -4.821684575289801600e-02
1.400000000000000000e+01 -3.768033690847706341e-01 -2.967317383107759832e-01 -3.062834684719841771e-01 -5.957369797316575122e-01 -5.965637243458752348e-01
1.500000000000000000e+01 -3.912949343172890393e-02 -1.972260114199349268e-01 -2.437645872369199329e-01 -4.110066942359644204e-01 -6.183699806599299853e-01
