# # time shift (tau) HDelta HGamma HeII4685 HBeta HeI5875 HAlpha HeI5015 OI8446 HeI4471 HeI7065 OIII5007 LyALpha
-1.000000000000000000e+01 7.311728126035824116e-02 6.144276736231162744e-02 3.649927407883077346e-02 1.732058508786142037e-01 -1.837779443676754165e-01 -2.167530077883157991e-01 -8.222542546585781542e-02 6.639614240449552562e-02 -4.254376334752005273e-02 1.710654110188747634e-01 -1.528546109340776504e-01 -1.914829441205511684e-01
-9.000000000000000000e+00 -9.170642254840075114e-02 8.842209700604095057e-02 -6.632783016803392440e-02 2.095969154911003773e-01 -8.628045853675087029e-02 8.871152939695661765e-03 -1.408547093335079936e-01 3.325359469651588684e-01 -2.202053337871166250e-01 1.796365598899735683e-01 -1.709068757387111337e-01 -1.833275032994862164e-01
-8.000000000000000000e+00 -1.142828437407480691e-01 1.354282221966407462e-02 3.268234366874048225e-02 -5.949503835704639254e-04 -4.983848085294120822e-02 -1.784636346687731856e-01 -2.940502897485364753e-01 9.904316935785587028e-02 -5.538004954755080256e-01 -6.531559239295411934e-02 -4.127046977903101599e-01 -1.097546533075076103e-01
-7.000000000000000000e+00 -4.412299017202600190e-03 7.153855871807521249e-02 2.609364439141580450e-01 -7.625467314109561634e-02 -1.514240995483171204e-01 -2.445694276361410069e-01 -2.358444530978703324e-01 -1.146968247557300508e-01 -5.459215515786718376e-01 -5.251080494993280723e-02 -3.811612133992914875e-01 7.871107334475449524e-02
-6.000000000000000000e+00 1.801362016232324059e-01 2.517580338363449299e-01 4.344325298702247928e-01 1.688581006285728991e-01 1.287271451193061633e-03 -1.024354556384330928e-01 -2.657936838201546692e-01 -1.531240257016081366e-02 -4.629061295454809932e-01 1.879171361641561455e-01 -3.548813735126943314e-01 2.828299989305551598e-01
-5.000000000000000000e+00 2.395675597058833928e-01 2.540434792159098065e-01 3.829722552067480468e-01 3.056373392844615733e-01 4.329338879548982888e-02 -5.250066811116044230e-02 -2.974279467431528157e-01 -6.301093932997889335e-02 -2.333652437252609624e-01 2.646837467075296990e-01 -3.528786002771797659e-01 2.075041380584128348e-01
-4.000000000000000000e+00 6.864805300540308131e-02 2.220833804385309307e-01 1.939921445131314037e-01 4.326833014535522159e-01 -6.546361040351124372e-02 -1.176397510711558320e-02 -1.816919675416352742e-01 1.750215862296832306e-02 6.870466807474542859e-02 4.146067584190535893e-01 -2.277710577891171595e-01 8.618082800397416920e-02
-3.000000000000000000e+00 -6.787669259005089939e-02 3.081662539764754016e-02 5.225036497330080854e-02 2.963656215297681973e-01 7.160917194131820318e-02 1.566211953375097610e-02 -3.248855772737792025e-01 9.284898299838206803e-02 1.761270229054985592e-02 1.679269507979179454e-01 -3.871636088978989143e-01 6.077345656383595363e-02
-2.000000000000000000e+00 3.707548033335200666e-02 -1.307417912671789140e-02 9.982137066305199480e-02 1.813262780065669766e-01 4.831222576400095309e-02 1.194875451793764309e-02 -4.875823801460377194e-01 -1.125625608858293047e-01 -1.041821500069808892e-02 1.065998330563198981e-02 -5.762697163923082844e-01 1.019403401547236548e-01
-1.000000000000000000e+00 2.459339800037155799e-01 1.857812642982146212e-01 3.807581241758800639e-01 2.833927661808574028e-01 1.994072878872622523e-01 8.035931607793671272e-02 -4.388302265063515062e-01 2.843204412342878462e-02 -9.848060417964138447e-02 -2.056526544328057260e-01 -5.951604573921285279e-01 3.053966030721534941e-01
0.000000000000000000e+00 4.856573650303062095e-01 3.808348028265772789e-01 7.027738800405856079e-01 3.781616381921255599e-01 3.600817018836191541e-01 2.626124772529637719e-01 -2.254044674684242688e-01 7.821396730655560958e-02 8.455904126491492478e-02 -2.438728225267857153e-01 -4.466760489227470932e-01 5.262162977534504682e-01
1.000000000000000000e+00 7.141586782077394835e-01 5.587528319778869434e-01 8.203415286399007300e-01 4.174413318621404967e-01 3.854854042123394553e-01 2.865568331641221711e-01 -2.060685599443973226e-01 5.883001210877281117e-02 1.642689747503897346e-01 1.477160023048987858e-01 -4.461148750849672773e-01 6.982341075338838188e-01
2.000000000000000000e+00 7.517037029909539037e-01 7.240410664071343927e-01 7.486556784507640838e-01 6.312037625152699949e-01 5.833687659846078510e-01 4.341865738929857610e-01 -1.955163687719627813e-02 1.953277494010559057e-01 5.391476958768026684e-01 5.012529781342374147e-01 -2.541642162212566780e-01 7.866080143203809660e-01
3.000000000000000000e+00 5.938316137853271170e-01 6.934815009544103015e-01 3.634619683819424463e-01 7.176380444670183989e-01 7.255487165308028841e-01 5.772266915003708698e-01 1.491729539953035866e-01 2.842788697582018242e-01 3.124389379284448487e-01 6.694254908106151980e-01 -8.668506775663803454e-02 6.349517393565460299e-01
4.000000000000000000e+00 4.373669581807148043e-01 5.023004926895191513e-01 8.879303622607913338e-02 5.704654471567039975e-01 6.628852667620529493e-01 5.907022588535852936e-01 1.569268337396947932e-01 4.486843458176692501e-01 1.483606384095050579e-01 5.961419185231801032e-01 -1.291363595495256256e-01 5.718415684532978105e-01
5.000000000000000000e+00 4.082942368701887315e-01 4.569832088687982852e-01 1.474582123866814420e-01 5.495770775782237161e-01 6.138645213915339127e-01 6.835463119869529258e-01 3.395183997764248396e-01 4.986364638215174394e-01 -8.079692719981934612e-03 3.755604122879627194e-01 8.120543199685653635e-02 5.832126240736843492e-01
6.000000000000000000e+00 3.777275967414433500e-01 3.250883241360813525e-01 2.798889956047674876e-01 3.717023204115389445e-01 3.578276765170223528e-01 4.291740502939270230e-01 2.279346821548552393e-01 2.240085858040143929e-01 -7.482474072707648305e-02 1.813818748161296623e-01 6.483330598907736941e-02 4.142083944301494514e-01
7.000000000000000000e+00 4.445704826495534556e-01 4.256931762222869731e-01 3.512014770498412819e-01 3.526495328536499718e-01 2.821371750301117087e-01 3.464165645639791791e-01 1.967487472869995091e-01 2.998728220553326662e-01 2.401557068688958685e-01 3.129239073210880739e-02 1.415074698487621130e-01 2.762668699836538511e-01
8.000000000000000000e+00 3.926527177647038958e-01 4.446311896243198003e-01 2.688333433896374358e-01 4.063063729073883579e-01 2.381538325319131344e-01 2.218242003035100773e-01 3.149544344985937827e-01 4.781188658216017351e-01 6.245685958636620905e-01 -5.099219262822962673e-02 3.370852524693826457e-01 8.794956981092338921e-02
9.000000000000000000e+00 2.431341261957844779e-01 1.302795186447235909e-01 2.227922207620866915e-02 1.983853507079623157e-01 9.881245314041678385e-03 -6.607505339923903931e-02 9.176710629101607342e-02 1.539868567442977121e-01 7.657017979820445186e-01 -1.965972007631471008e-01 1.448258983331405236e-01 -1.055993996319151418e-01
1.000000000000000000e+01 -4.638204670980139444e-02 -6.465148151448563141e-02 -3.349056243799508614e-01 6.012454056895013416e-02 -8.990505930204185925e-02 -2.609734913647741850e-02 7.800100082371615173e-02 9.501550604924258181e-02 4.580369378668343594e-01 -2.668383551420965699e-02 5.991256475788041269e-02 -2.285168390905399360e-01
1.100000000000000000e+01 -2.542781877554629588e-01 -2.406493116952495293e-01 -5.887807597099410373e-01 -8.462230770098380650e-02 -1.545997564848347328e-01 5.412189097434969703e-02 3.233801523325511851e-01 1.341176670847772923e-01 -9.278281658268455745e-02 -1.575321748905834651e-01 1.466429013123932423e-01 -3.130263873799389307e-01
1.200000000000000000e+01 -3.037382855426933870e-01 -2.486475227975494251e-01 -4.401237492329054812e-01 -3.089448777939883817e-01 -3.704946854869505257e-01 4.334461701906080350e-02 1.340204671632135303e-01 3.249047779066155384e-02 -4.920776600961180303e-01 -2.607823888351794017e-01 -2.739659111726580054e-01 -2.417332405996722444e-01
1.300000000000000000e+01 -4.018819387306690194e-01 -2.539496977952628298e-01 -2.770503385020922082e-01 -4.640919463652091181e-01 -5.051543440735303259e-01 -1.906742718010621118e-01 -2.977253521091106081e-01 -7.694998934944563551e-02 -6.717207846221200374e-01 -2.762571795615950121e-01 -6.121155254599310869e-01 -1.973918713447646300e-01
1.400000000000000000e+01 -4.856898411436869067e-01 -4.574965547552115597e-01 -1.468276154803356548e-01 -5.631122672817797659e-01 -4.434597081678252062e-01 -6.150411011674982165e-01 -5.888111430452567241e-01 -5.458130643062020226e-01 -6.143134668668724929e-01 -5.522215083154424775e-01 -4.912897553098035108e-01 -3.467617331884806919e-01
1.500000000000000000e+01 -4.374499206656529693e-01 -5.059637199026130183e-01 8.460032017656674008e-02 -4.857643380898685193e-01 -3.614789326477633735e-01 -7.414070338983955732e-01 -8.060060690762669289e-01 -6.461126976274588207e-01 -2.973927487477375786e-01 -3.090631776012894849e-01 -5.020470753139840703e-01 -3.825780507846762157e-01
