# time shift (tau) 	 correlation coefficient 	 number of simulations: 20000	 FR: True	 RSS: True
-1.000000000000000000e+01 6.720000000000000000e+02
-9.000000000000000000e+00 1.200000000000000000e+03
-8.000000000000000000e+00 7.520000000000000000e+02
-7.000000000000000000e+00 7.500000000000000000e+01
-6.000000000000000000e+00 4.600000000000000000e+01
-5.000000000000000000e+00 1.640000000000000000e+02
-4.000000000000000000e+00 8.100000000000000000e+01
-3.000000000000000000e+00 5.200000000000000000e+01
-2.000000000000000000e+00 3.000000000000000000e+00
-1.000000000000000000e+00 5.000000000000000000e+00
0.000000000000000000e+00 7.000000000000000000e+00
1.000000000000000000e+00 1.600000000000000000e+01
2.000000000000000000e+00 1.680000000000000000e+02
3.000000000000000000e+00 6.790000000000000000e+02
4.000000000000000000e+00 3.344000000000000000e+03
5.000000000000000000e+00 4.354000000000000000e+03
6.000000000000000000e+00 8.450000000000000000e+02
7.000000000000000000e+00 1.144000000000000000e+03
8.000000000000000000e+00 3.735000000000000000e+03
9.000000000000000000e+00 3.960000000000000000e+02
1.000000000000000000e+01 6.390000000000000000e+02
1.100000000000000000e+01 1.064000000000000000e+03
1.200000000000000000e+01 3.650000000000000000e+02
1.300000000000000000e+01 1.520000000000000000e+02
1.400000000000000000e+01 1.000000000000000000e+01
1.500000000000000000e+01 3.200000000000000000e+01
