# time shift (tau) 	 correlation coefficient 	 number of simulations: 10000	 FR: True	 RSS: True
-1.000000000000000000e+01 1.840000000000000000e+02
-9.000000000000000000e+00 1.600000000000000000e+01
-8.000000000000000000e+00 1.200000000000000000e+01
-7.000000000000000000e+00 2.600000000000000000e+01
-6.000000000000000000e+00 2.400000000000000000e+01
-5.000000000000000000e+00 1.400000000000000000e+01
-4.000000000000000000e+00 3.000000000000000000e+00
-3.000000000000000000e+00 1.000000000000000000e+00
-2.000000000000000000e+00 0.000000000000000000e+00
-1.000000000000000000e+00 1.000000000000000000e+00
0.000000000000000000e+00 1.200000000000000000e+01
1.000000000000000000e+00 3.180000000000000000e+02
2.000000000000000000e+00 4.084000000000000000e+03
3.000000000000000000e+00 3.583000000000000000e+03
4.000000000000000000e+00 5.730000000000000000e+02
5.000000000000000000e+00 5.450000000000000000e+02
6.000000000000000000e+00 1.010000000000000000e+02
7.000000000000000000e+00 2.530000000000000000e+02
8.000000000000000000e+00 1.860000000000000000e+02
9.000000000000000000e+00 4.000000000000000000e+00
1.000000000000000000e+01 2.000000000000000000e+00
1.100000000000000000e+01 0.000000000000000000e+00
1.200000000000000000e+01 1.000000000000000000e+00
1.300000000000000000e+01 1.200000000000000000e+01
1.400000000000000000e+01 1.500000000000000000e+01
1.500000000000000000e+01 3.000000000000000000e+01
