# time shift (tau) 	 correlation coefficient 	 number of simulations: 10000	 FR: True	 RSS: True
-1.000000000000000000e+01 9.250000000000000000e+02
-9.000000000000000000e+00 3.180000000000000000e+02
-8.000000000000000000e+00 2.100000000000000000e+01
-7.000000000000000000e+00 1.900000000000000000e+01
-6.000000000000000000e+00 1.010000000000000000e+02
-5.000000000000000000e+00 1.810000000000000000e+02
-4.000000000000000000e+00 2.880000000000000000e+02
-3.000000000000000000e+00 7.400000000000000000e+01
-2.000000000000000000e+00 1.800000000000000000e+01
-1.000000000000000000e+00 4.000000000000000000e+00
0.000000000000000000e+00 1.400000000000000000e+01
1.000000000000000000e+00 6.900000000000000000e+01
2.000000000000000000e+00 1.374000000000000000e+03
3.000000000000000000e+00 3.839000000000000000e+03
4.000000000000000000e+00 1.029000000000000000e+03
5.000000000000000000e+00 7.270000000000000000e+02
6.000000000000000000e+00 5.700000000000000000e+01
7.000000000000000000e+00 8.800000000000000000e+01
8.000000000000000000e+00 3.070000000000000000e+02
9.000000000000000000e+00 2.500000000000000000e+01
1.000000000000000000e+01 2.300000000000000000e+01
1.100000000000000000e+01 1.000000000000000000e+01
1.200000000000000000e+01 3.000000000000000000e+00
1.300000000000000000e+01 4.000000000000000000e+00
1.400000000000000000e+01 2.200000000000000000e+01
1.500000000000000000e+01 4.600000000000000000e+02
