# time shift (tau) 	 correlation coefficient 	 number of simulations: 20000	 FR: True	 RSS: True
-1.000000000000000000e+01 3.600000000000000000e+01
-9.000000000000000000e+00 6.000000000000000000e+00
-8.000000000000000000e+00 1.600000000000000000e+01
-7.000000000000000000e+00 2.400000000000000000e+01
-6.000000000000000000e+00 4.200000000000000000e+01
-5.000000000000000000e+00 1.180000000000000000e+02
-4.000000000000000000e+00 2.200000000000000000e+01
-3.000000000000000000e+00 1.800000000000000000e+01
-2.000000000000000000e+00 3.000000000000000000e+00
-1.000000000000000000e+00 0.000000000000000000e+00
0.000000000000000000e+00 5.600000000000000000e+01
1.000000000000000000e+00 7.873000000000000000e+03
2.000000000000000000e+00 1.080200000000000000e+04
3.000000000000000000e+00 3.350000000000000000e+02
4.000000000000000000e+00 9.200000000000000000e+01
5.000000000000000000e+00 1.550000000000000000e+02
6.000000000000000000e+00 2.820000000000000000e+02
7.000000000000000000e+00 1.200000000000000000e+01
8.000000000000000000e+00 2.000000000000000000e+00
9.000000000000000000e+00 0.000000000000000000e+00
1.000000000000000000e+01 1.000000000000000000e+00
1.100000000000000000e+01 0.000000000000000000e+00
1.200000000000000000e+01 0.000000000000000000e+00
1.300000000000000000e+01 4.600000000000000000e+01
1.400000000000000000e+01 3.800000000000000000e+01
1.500000000000000000e+01 2.100000000000000000e+01
