# time shift (tau) 	 correlation coefficient 	 number of simulations: 10000	 FR: True	 RSS: True
-1.000000000000000000e+01 1.700000000000000000e+01
-9.000000000000000000e+00 7.000000000000000000e+00
-8.000000000000000000e+00 7.000000000000000000e+00
-7.000000000000000000e+00 1.900000000000000000e+01
-6.000000000000000000e+00 3.500000000000000000e+01
-5.000000000000000000e+00 8.300000000000000000e+01
-4.000000000000000000e+00 2.600000000000000000e+01
-3.000000000000000000e+00 2.500000000000000000e+01
-2.000000000000000000e+00 4.000000000000000000e+00
-1.000000000000000000e+00 2.000000000000000000e+00
0.000000000000000000e+00 7.900000000000000000e+01
1.000000000000000000e+00 9.920000000000000000e+02
2.000000000000000000e+00 5.862000000000000000e+03
3.000000000000000000e+00 1.140000000000000000e+03
4.000000000000000000e+00 2.490000000000000000e+02
5.000000000000000000e+00 7.650000000000000000e+02
6.000000000000000000e+00 1.060000000000000000e+02
7.000000000000000000e+00 1.800000000000000000e+01
8.000000000000000000e+00 1.000000000000000000e+00
9.000000000000000000e+00 1.000000000000000000e+00
1.000000000000000000e+01 1.000000000000000000e+00
1.100000000000000000e+01 3.000000000000000000e+00
1.200000000000000000e+01 1.300000000000000000e+01
1.300000000000000000e+01 1.010000000000000000e+02
1.400000000000000000e+01 1.480000000000000000e+02
1.500000000000000000e+01 2.960000000000000000e+02
