# time shift (tau) 	 correlation coefficient 	 number of simulations: 10000	 FR: True	 RSS: True
-1.000000000000000000e+01 6.400000000000000000e+02
-9.000000000000000000e+00 5.500000000000000000e+01
-8.000000000000000000e+00 8.000000000000000000e+00
-7.000000000000000000e+00 5.000000000000000000e+00
-6.000000000000000000e+00 5.000000000000000000e+00
-5.000000000000000000e+00 2.900000000000000000e+01
-4.000000000000000000e+00 6.300000000000000000e+01
-3.000000000000000000e+00 1.470000000000000000e+02
-2.000000000000000000e+00 1.590000000000000000e+02
-1.000000000000000000e+00 1.710000000000000000e+02
0.000000000000000000e+00 2.310000000000000000e+02
1.000000000000000000e+00 2.900000000000000000e+02
2.000000000000000000e+00 3.320000000000000000e+02
3.000000000000000000e+00 6.260000000000000000e+02
4.000000000000000000e+00 6.290000000000000000e+02
5.000000000000000000e+00 1.160000000000000000e+03
6.000000000000000000e+00 1.459000000000000000e+03
7.000000000000000000e+00 1.089000000000000000e+03
8.000000000000000000e+00 8.330000000000000000e+02
9.000000000000000000e+00 5.780000000000000000e+02
1.000000000000000000e+01 3.820000000000000000e+02
1.100000000000000000e+01 7.990000000000000000e+02
1.200000000000000000e+01 2.010000000000000000e+02
1.300000000000000000e+01 8.600000000000000000e+01
1.400000000000000000e+01 1.600000000000000000e+01
1.500000000000000000e+01 6.000000000000000000e+00
