# time shift (tau) 	 correlation coefficient 	 number of simulations: 10000	 FR: True	 RSS: True
-1.000000000000000000e+01 1.500000000000000000e+01
-9.000000000000000000e+00 2.300000000000000000e+01
-8.000000000000000000e+00 5.800000000000000000e+01
-7.000000000000000000e+00 9.300000000000000000e+01
-6.000000000000000000e+00 1.060000000000000000e+02
-5.000000000000000000e+00 2.260000000000000000e+02
-4.000000000000000000e+00 4.220000000000000000e+02
-3.000000000000000000e+00 4.960000000000000000e+02
-2.000000000000000000e+00 5.680000000000000000e+02
-1.000000000000000000e+00 6.250000000000000000e+02
0.000000000000000000e+00 5.960000000000000000e+02
1.000000000000000000e+00 2.572000000000000000e+03
2.000000000000000000e+00 2.506000000000000000e+03
3.000000000000000000e+00 7.290000000000000000e+02
4.000000000000000000e+00 4.620000000000000000e+02
5.000000000000000000e+00 3.120000000000000000e+02
6.000000000000000000e+00 1.110000000000000000e+02
7.000000000000000000e+00 2.000000000000000000e+01
8.000000000000000000e+00 2.200000000000000000e+01
9.000000000000000000e+00 3.000000000000000000e+01
1.000000000000000000e+01 2.000000000000000000e+00
1.100000000000000000e+01 1.000000000000000000e+00
1.200000000000000000e+01 0.000000000000000000e+00
1.300000000000000000e+01 0.000000000000000000e+00
1.400000000000000000e+01 0.000000000000000000e+00
1.500000000000000000e+01 5.000000000000000000e+00
