# # time shift (tau) UVW2 Cont1150_not_optical_calibrated LyAlpha_not_optical_calibrated HBeta_not_optical_calibrated OI8446_not_optical_calibrated Cont1450_not_optical_calibrated
-1.000000000000000000e+01 -4.758158409317352344e-01 -2.432079327541652181e-01 9.530480728060751472e-03 4.259947139501819580e-01 5.639663284233158436e-01 -1.773515066081529090e-01
-9.000000000000000000e+00 -4.708269375741749307e-01 -1.340111730749721786e-01 -1.185045115278144656e-01 2.564578075485800523e-01 5.609775259088534138e-01 -4.894312382646573423e-02
-8.000000000000000000e+00 -2.756150373008183774e-01 1.018945814419150026e-01 -1.428706894996514126e-02 1.966223154207188406e-01 4.598546915858654494e-01 1.971572557927159242e-01
-7.000000000000000000e+00 1.174704803583133395e-01 2.331938402460583259e-01 1.760516893540234329e-01 2.904242569489458581e-01 2.189147759124788761e-01 3.488956102195351905e-01
-6.000000000000000000e+00 2.113708491432450542e-01 2.710311421351110917e-01 3.142686382496146513e-01 4.461605809162845215e-01 3.160524351212261607e-01 3.909039097509502958e-01
-5.000000000000000000e+00 2.289912962261398954e-01 2.897252728530800292e-01 2.364637131467085540e-01 4.019027510080643850e-01 1.433263274806826637e-01 3.618540112338994863e-01
-4.000000000000000000e+00 2.716277166217386796e-01 1.829171811468646158e-01 7.153322185250075849e-02 2.990452962906423595e-01 6.728133046911258242e-02 2.194866142636127115e-01
-3.000000000000000000e+00 3.519474911214341417e-01 3.230908225105554865e-01 4.491383098483399394e-02 2.224699992915693814e-01 4.703114273474977292e-02 3.161174856473203398e-01
-2.000000000000000000e+00 5.640251887273703968e-01 5.660127622618917886e-01 1.255078037310419781e-01 1.850484507605006379e-01 -1.034519389618001328e-01 5.517443339295721172e-01
-1.000000000000000000e+00 7.824804897714370266e-01 8.194410083819412272e-01 4.074015052401382397e-01 3.998224558337660772e-01 1.616562627758736659e-01 8.184411685389119118e-01
0.000000000000000000e+00 9.389580477721704010e-01 9.793797674988372615e-01 7.090456113231086155e-01 6.040870809509719663e-01 3.717600675181402803e-01 1.000000000000000000e+00
1.000000000000000000e+00 8.427694512652859071e-01 7.469518479726116045e-01 8.683366946051991331e-01 7.559329519747025605e-01 4.026113963791043693e-01 8.184411685389119118e-01
2.000000000000000000e+00 6.169629525662796432e-01 4.472423006958490266e-01 8.300561991727433142e-01 7.321317096067792018e-01 3.964598572167370438e-01 5.517443339295721172e-01
3.000000000000000000e+00 4.169820280442541049e-01 2.463996063104638146e-01 5.794958742097182647e-01 6.217413456557139284e-01 3.178959026608507710e-01 3.161174856473203398e-01
4.000000000000000000e+00 3.795325112458538541e-01 1.557877789096666354e-01 4.631142649065382866e-01 3.415837414071951628e-01 1.523102103530057927e-01 2.194866142636127115e-01
5.000000000000000000e+00 4.579999400068784365e-01 3.030483463677963174e-01 4.609468215384617262e-01 3.682335084685914306e-01 2.118615279347385583e-01 3.618540112338994863e-01
6.000000000000000000e+00 4.238033977386004292e-01 3.548071179963798727e-01 4.403140652433786273e-01 3.706830751249554634e-01 1.078213327486904072e-01 3.909039097509502403e-01
7.000000000000000000e+00 3.472818830659800127e-01 3.603963502198049285e-01 2.809847190704204412e-01 3.357912726915786572e-01 2.278059418624873711e-01 3.488956102195351905e-01
8.000000000000000000e+00 1.452778723384025028e-01 2.534159503302951810e-01 1.615513189674946115e-01 4.804210387649896496e-01 5.463953599058937183e-01 1.971572557927158409e-01
9.000000000000000000e+00 -7.972989308998153224e-02 1.578032540218194529e-02 4.455699763276709663e-02 4.730523810082856162e-01 4.600239399568694099e-01 -4.894312382646575504e-02
1.000000000000000000e+01 -2.126029575204943789e-01 -1.925254243909678697e-01 -8.222502554678443043e-02 3.125363557612012011e-01 3.647336145830558651e-01 -1.773515066081528535e-01
1.100000000000000000e+01 -2.757030585501666908e-01 -9.085015717542443969e-02 -2.120212880365743846e-01 -5.536453717185431909e-03 2.413713021647037049e-01 -6.015104618220001170e-02
1.200000000000000000e+01 -1.570633289337211580e-01 -4.165921640658035857e-02 -1.961530004914455172e-01 -4.670538123889343973e-01 -8.814751056720310229e-02 4.019189775550486426e-02
1.300000000000000000e+01 -1.718098178739781989e-01 -1.804224421871856721e-01 -7.400214216583253513e-02 -4.933458344415513341e-01 -1.351069799042976249e-01 -3.415771531874237099e-02
1.400000000000000000e+01 -1.694093733890759401e-01 -1.605038989527565740e-01 -1.512038710058524749e-01 -3.802400453139785919e-01 -4.868766183768317712e-01 -1.650526165388453703e-01
1.500000000000000000e+01 9.385482980832847433e-02 -5.011556894106344168e-02 -1.368356741462908310e-01 -2.397261993608883479e-01 -5.017855556359757108e-01 -2.508204860140318959e-01
