# time shift (tau) 	 correlation coefficient 	 number of simulations: 10000	 FR: True	 RSS: True
-1.000000000000000000e+01 1.227000000000000000e+03
-9.000000000000000000e+00 7.300000000000000000e+01
-8.000000000000000000e+00 3.000000000000000000e+00
-7.000000000000000000e+00 1.700000000000000000e+01
-6.000000000000000000e+00 5.000000000000000000e+00
-5.000000000000000000e+00 3.000000000000000000e+00
-4.000000000000000000e+00 0.000000000000000000e+00
-3.000000000000000000e+00 0.000000000000000000e+00
-2.000000000000000000e+00 0.000000000000000000e+00
-1.000000000000000000e+00 0.000000000000000000e+00
0.000000000000000000e+00 1.000000000000000000e+00
1.000000000000000000e+00 8.400000000000000000e+01
2.000000000000000000e+00 2.290000000000000000e+02
3.000000000000000000e+00 8.100000000000000000e+02
4.000000000000000000e+00 5.770000000000000000e+02
5.000000000000000000e+00 1.225000000000000000e+03
6.000000000000000000e+00 1.412000000000000000e+03
7.000000000000000000e+00 1.040000000000000000e+03
8.000000000000000000e+00 6.830000000000000000e+02
9.000000000000000000e+00 5.070000000000000000e+02
1.000000000000000000e+01 3.530000000000000000e+02
1.100000000000000000e+01 1.280000000000000000e+03
1.200000000000000000e+01 2.980000000000000000e+02
1.300000000000000000e+01 1.340000000000000000e+02
1.400000000000000000e+01 2.300000000000000000e+01
1.500000000000000000e+01 1.600000000000000000e+01
