# time shift (tau) 	 correlation coefficient 	 number of simulations: 10000	 FR: True	 RSS: True
-1.000000000000000000e+01 4.560000000000000000e+02
-9.000000000000000000e+00 1.630000000000000000e+02
-8.000000000000000000e+00 4.800000000000000000e+01
-7.000000000000000000e+00 1.270000000000000000e+02
-6.000000000000000000e+00 2.290000000000000000e+02
-5.000000000000000000e+00 1.790000000000000000e+02
-4.000000000000000000e+00 1.500000000000000000e+02
-3.000000000000000000e+00 1.200000000000000000e+01
-2.000000000000000000e+00 4.000000000000000000e+00
-1.000000000000000000e+00 2.400000000000000000e+01
0.000000000000000000e+00 1.540000000000000000e+02
1.000000000000000000e+00 3.955000000000000000e+03
2.000000000000000000e+00 3.317000000000000000e+03
3.000000000000000000e+00 5.450000000000000000e+02
4.000000000000000000e+00 1.010000000000000000e+02
5.000000000000000000e+00 4.700000000000000000e+01
6.000000000000000000e+00 1.000000000000000000e+01
7.000000000000000000e+00 1.800000000000000000e+01
8.000000000000000000e+00 2.070000000000000000e+02
9.000000000000000000e+00 1.670000000000000000e+02
1.000000000000000000e+01 2.900000000000000000e+01
1.100000000000000000e+01 1.100000000000000000e+01
1.200000000000000000e+01 0.000000000000000000e+00
1.300000000000000000e+01 1.000000000000000000e+00
1.400000000000000000e+01 6.000000000000000000e+00
1.500000000000000000e+01 4.000000000000000000e+01
