# # time shift (tau) HDelta HGamma HeII4685 HBeta HeI5875 HAlpha HeI5015 OI8446 HeI4471 HeI7065 OIII5007 LyALpha
-5.000000000000000000e+00 -8.240687608071493864e-02 3.097967961443681695e-02 -7.017883021827410472e-02 2.051842111808642455e-01 3.307044792008516643e-01 2.343890515803986885e-01 -2.247646849042688189e-01 5.552169516483974887e-02 -1.501655684437238902e-01 2.933653305781102061e-01 -2.957500826380002890e-01 2.771501577618004086e-01
-4.500000000000000000e+00 -1.027393501232679862e-01 -3.997049147202339642e-02 -9.171511357288736344e-02 1.668420480546001783e-01 2.978136974480899424e-01 3.128910603230831144e-01 -1.912002331817340139e-01 4.054690359388419402e-02 -2.037481418190855154e-01 2.549640502486710814e-01 -2.406231536740885413e-01 2.598711724289106684e-01
-4.000000000000000000e+00 6.083706510207433082e-02 -3.306855914758403264e-02 -3.990941928676133843e-03 1.332454799981667160e-01 2.422326765944844418e-01 2.937547747225962569e-01 -6.725498305748929539e-02 -8.780526605108796012e-02 -2.233772048473542104e-01 1.553611759195479280e-01 -8.371904494402948593e-02 2.836821493570104713e-01
-3.500000000000000000e+00 1.735981381277165170e-01 1.121093254535262956e-01 1.950525041700442164e-01 1.977283042474346497e-01 3.247149423360418119e-01 3.083369565847482452e-01 -1.372386945389821866e-01 -1.126691638418459152e-01 -2.763137249202359813e-01 7.421420070199927221e-02 -1.922867181218586574e-01 4.128005464798590873e-01
-3.000000000000000000e+00 1.119935035612792396e-01 1.376394270670937836e-01 2.622263879003556841e-01 9.688798826001870923e-02 3.015744988346233391e-01 2.162728088705204443e-01 -1.492571139983230877e-01 -4.969581451028179386e-02 -3.770784424991877604e-01 -1.142510077484754916e-01 -2.271553912672650277e-01 3.722885572697255396e-01
-2.500000000000000000e+00 3.627643423732779260e-01 3.827337118181908804e-01 4.860765172190094074e-01 3.138741360810884951e-01 4.308017392948312319e-01 3.188298817043988542e-01 -5.931189796395323205e-02 -3.442020573950474449e-03 -1.114364225196486924e-01 -2.786610000593597175e-02 -1.762455511569860911e-01 4.931121299423847359e-01
-2.000000000000000000e+00 5.457202406642728265e-01 4.751795841680973576e-01 6.005196255105769154e-01 3.620112193867079387e-01 3.386638804494249144e-01 2.672171011889794556e-01 -3.814105941850171044e-02 -2.171230333889867525e-02 1.805578679008217058e-01 4.842322691214412389e-02 -8.643103147849744150e-02 5.087269973608219420e-01
-1.500000000000000000e+00 6.535245896890740092e-01 5.919365875875609584e-01 5.969222499582480523e-01 5.318139091495139859e-01 4.879388134726209136e-01 3.688223362724962207e-01 9.916203774846435448e-02 2.130542361068812618e-01 3.694824104640074269e-01 1.471952620314343485e-01 -4.113121449903051063e-02 5.259162706773823359e-01
-1.000000000000000000e+00 5.229810151440751342e-01 4.784062304444181013e-01 3.624612051982887273e-01 4.792440833381285126e-01 4.695472396630511747e-01 3.081084825729941690e-01 1.770913984307972977e-01 2.774736174859324112e-01 3.567549166665656690e-01 1.513974902093601638e-01 6.739041590353478384e-02 3.678104583251735615e-01
-5.000000000000000000e-01 5.770523122120885251e-01 5.375229533298977458e-01 3.645536480635209742e-01 6.119365296537234711e-01 4.231756434694539659e-01 4.460316478184306321e-01 3.627456749982690409e-01 4.359646622764782320e-01 8.190878877187979246e-01 2.712282273283846967e-01 2.398206505160936919e-01 3.802472563638800707e-01
0.000000000000000000e+00 4.564310120729441200e-01 4.328617859360219811e-01 2.700381059527517946e-01 5.907625009951327222e-01 2.308959834578235004e-01 4.137794618421793413e-01 4.781480834089422149e-01 3.805404496844488893e-01 1.000000000000000000e+00 2.925041715654189689e-01 4.263597113749676981e-01 2.733643659809287252e-01
5.000000000000000000e-01 3.538687302399695644e-01 3.425643565475640639e-01 2.577853329529048929e-02 4.885367978947018353e-01 2.929213204463654296e-01 4.214130125396832183e-01 3.658727148740131829e-01 4.276685139811491343e-01 8.190878877187979246e-01 2.741052948702313863e-01 3.121452062239956637e-01 1.785730162517592534e-01
1.000000000000000000e+00 1.387962768133191027e-01 1.544571622181039605e-01 -2.375086244478435971e-01 2.706253824291330323e-01 2.696853935259875823e-01 3.288277622772403652e-01 1.236981854752930154e-01 3.314528784319334953e-01 3.567549166665656135e-01 1.508836089856809282e-01 7.554014519841759090e-02 4.717278481319275851e-02
1.500000000000000000e+00 4.823448957839120144e-02 9.047892379938543561e-02 -3.170166620098153754e-01 1.945499212196909466e-01 2.335283501019929653e-01 3.246645785054933508e-01 2.211720806178962551e-01 3.197088320614034918e-01 3.694824104640074269e-01 3.291366270560149021e-02 1.015805210499866884e-01 1.353337504422067600e-02
2.000000000000000000e+00 -8.528649927135775743e-02 -3.093849684417013246e-02 -3.706395838206850701e-01 3.604975467206292944e-02 8.296017956109758007e-02 2.289269286398717129e-01 2.176599874782670918e-01 1.741242388480902514e-01 1.805578679008217058e-01 -4.721790410514778435e-02 7.286904937076782440e-02 -7.732581703529670114e-02
2.500000000000000000e+00 -9.294392692175190707e-02 -3.930527743254715045e-02 -2.990221428660551628e-01 -1.978749496336051905e-02 3.521353731439912094e-02 2.162526692193157407e-01 3.675661991291678254e-01 1.016690505582316384e-01 -1.114364225196486924e-01 -1.613388510080634997e-01 1.703909669983997288e-01 -3.333507605918028388e-02
3.000000000000000000e+00 -9.073058876146472551e-02 -4.727990960017988686e-02 -1.709959108254280880e-01 -7.306746226419809365e-02 -7.967684189663377936e-03 1.620785822086110162e-01 3.481783519027594753e-01 5.020085823823636911e-02 -3.770784424991877604e-01 -2.312665032883068905e-01 1.600773452224512616e-01 9.098259672889318084e-03
3.500000000000000000e+00 -6.760946104876848495e-02 -1.329735268391454839e-01 -5.719115244662860420e-02 -1.747645077876389119e-01 -1.834526793636119812e-01 3.747298929560359537e-02 1.949915162710292582e-01 -6.116025923285495908e-02 -2.763137249202359813e-01 -3.367504079695962660e-01 8.476294636226928969e-02 -1.564039744323172249e-02
4.000000000000000000e+00 -1.296502068534323704e-01 -2.271199186739286113e-01 -3.664682050065037888e-03 -3.136585808594746783e-01 -3.399888084522176834e-01 -1.256303103194848503e-01 -1.449552045802927902e-02 -1.557324648488607188e-01 -2.233772048473541272e-01 -3.408778882425842482e-01 -1.244268831967493792e-03 -1.221783038847121527e-01
4.500000000000000000e+00 -1.013587164447120048e-01 -1.605524597785330798e-01 -8.771886400960413749e-03 -3.306355287488312866e-01 -3.107390168683240583e-01 -1.272203245955404460e-01 3.735385416334374015e-02 -1.226753035333401493e-01 -2.037481418190855154e-01 -2.657785244173449524e-01 1.948965908053156837e-01 -1.261452319978700609e-01
5.000000000000000000e+00 -1.014657031944600357e-01 -1.108128631937253805e-01 -5.400227511171040717e-02 -3.088650593318452708e-01 -2.673329128539420063e-01 -1.633897282168285114e-01 1.379680850077931453e-02 -6.173144803755593879e-02 -1.501655684437238902e-01 -1.213729942516684063e-01 2.609756302786176985e-01 -1.434154850205787979e-01
5.500000000000000000e+00 -2.532030427774866754e-01 -1.680613189355947001e-01 -1.743197959154231258e-01 -2.993510277262272923e-01 -2.739411172111387294e-01 -3.055850332362846089e-01 5.217105153060967726e-02 -6.740264441069131890e-03 -4.664920500061552761e-02 -8.055946054243462440e-02 3.508497274355570905e-01 -2.815526047520675590e-01
6.000000000000000000e+00 -4.148559550347060143e-01 -2.814845451606432514e-01 -2.676139350556296925e-01 -3.313003820110956288e-01 -2.773554880076650742e-01 -4.538220832715512132e-01 2.443008903621255931e-02 -7.978342074972888387e-02 -1.614708143229273349e-02 -1.407647973551256759e-01 3.365733686055745189e-01 -4.133590208792007892e-01
6.500000000000000000e+00 -4.767702864854176381e-01 -4.132692447440511341e-01 -3.662100515003068324e-01 -4.502520289857201430e-01 -3.053204547248025147e-01 -5.561677873774912850e-01 -6.441729174303008343e-02 -3.831504982257202263e-01 -5.891924069025559346e-02 -1.362819000345585063e-01 2.721315717051434602e-01 -4.599295900313750685e-01
7.000000000000000000e+00 -4.152726480462661240e-01 -4.424310160134960479e-01 -3.236825276929336526e-01 -4.390629976851906924e-01 -2.821632344517210900e-01 -5.567206642092632496e-01 -1.369088839971400184e-01 -5.425202461290696831e-01 9.415352766755299974e-04 -1.045329121528383726e-01 1.695245738226860699e-01 -4.019825459425213632e-01
7.500000000000000000e+00 -4.594410616037988282e-01 -4.544667843326219980e-01 -4.822878941699123567e-01 -4.199726960975692647e-01 -1.875112894721293055e-01 -4.702378142088930457e-01 -2.043062262475364710e-01 -4.744267605454786652e-01 -2.068505964251159679e-01 1.222905841272452915e-01 2.658185648905099160e-02 -4.125652056855571570e-01
8.000000000000000000e+00 -3.692044049697345010e-01 -3.623088974226817971e-01 -4.698239059599471634e-01 -2.692408459733739989e-01 -5.808306684807108822e-02 -2.713338113470673552e-01 -1.646621792097673898e-01 -2.798071598005812954e-01 -2.023078776366102061e-01 2.103405001136078867e-01 -3.173122024436616367e-02 -3.240326074210700957e-01
8.500000000000000000e+00 -3.085234902287633529e-01 -3.526024445038393740e-01 -4.511821421251764885e-01 -2.235368408820484487e-01 -6.643876279177896027e-02 -1.024833969125978073e-01 2.400119344790196951e-02 -1.662940562881103368e-01 -2.378224654936730298e-01 9.963975589143921063e-02 1.226809004312935797e-01 -3.109527755538313842e-01
9.000000000000000000e+00 -1.347070795366591411e-01 -1.884061822506302164e-01 -3.249436349697089610e-01 -3.743485846830864328e-02 5.878079377230047142e-03 1.631263827517251963e-01 3.723109027885651567e-01 5.904814111894594875e-02 -1.360854833009678688e-01 1.751134650771977996e-02 3.468016200411603300e-01 -1.658815649310705076e-01
9.500000000000000000e+00 -1.423935593228802254e-01 -1.097664007165157218e-01 -3.194208634687892845e-01 -9.291753214121729887e-02 -1.128072501631940672e-01 2.139790146664588277e-01 2.646183856929995581e-01 1.330211884652611753e-01 -3.591877046837423926e-01 -2.684796327086465262e-03 1.739082520675040711e-01 -1.945456635997254990e-01
1.000000000000000000e+01 -4.390699977147671101e-02 4.154980748942325997e-02 -1.950644512335914516e-01 -4.892062918369582264e-02 -1.401332791920474885e-01 2.586394906165622731e-01 2.407716976542317866e-01 2.197263520108346524e-01 -3.320590602931774438e-01 -2.121684606609142154e-02 3.799114795342348194e-02 -8.494292615799486912e-02
