# # time shift (tau) UVW2 Cont1150_not_optical_calibrated LyAlpha_not_optical_calibrated HBeta_not_optical_calibrated OI8446_not_optical_calibrated Cont1460_not_optical_calibrated
-1.000000000000000000e+01 4.189158242814014499e-02 3.143255078309747930e-01 -2.671456350453688122e-01 2.796633143260390808e-01 3.253898894818326171e-01 3.125363557612012011e-01
-9.500000000000000000e+00 2.482267174195371962e-01 4.116083614560687720e-01 -1.952876758855229961e-02 4.241624791700142616e-01 5.489697489798259777e-01 4.373395767973095039e-01
-9.000000000000000000e+00 2.806971506442671460e-01 4.202400881503386421e-01 1.249875691960793123e-01 4.102380160189530445e-01 5.598170938360748083e-01 4.730523810082856162e-01
-8.500000000000000000e+00 2.517915470359519681e-01 4.494954526515217430e-01 2.553701232480641292e-01 4.151331378234671132e-01 6.383818672589454124e-01 5.380803360227743859e-01
-8.000000000000000000e+00 1.773056596453665423e-01 3.814244182875308198e-01 2.463959309049589264e-01 4.442602421938087742e-01 4.359375808933961260e-01 4.804210387649895941e-01
-7.500000000000000000e+00 2.035809010942193076e-01 3.457383780259341566e-01 3.063873576311553215e-01 4.038997178977931091e-01 2.174532780322435688e-01 4.581437006920154875e-01
-7.000000000000000000e+00 1.894649642559048663e-01 2.297787080871879217e-01 2.309424009584439552e-01 3.413676708456573339e-01 1.276040522503315011e-01 3.357912726915787127e-01
-6.500000000000000000e+00 2.684857173752608350e-01 2.639565335062121210e-01 3.136617146265914258e-01 3.747265040459348828e-01 2.022544370378178413e-01 3.638024858269010009e-01
-6.000000000000000000e+00 2.950272349043402409e-01 2.882283412333092043e-01 2.817717035669594638e-01 2.889906920565943338e-01 1.569746757133073656e-01 3.706830751249554634e-01
-5.500000000000000000e+00 3.340317741426134246e-01 3.646030611064139393e-01 3.387031168883301580e-01 2.917282684226152889e-01 1.114779681223852514e-01 4.309211441666561671e-01
-5.000000000000000000e+00 4.239795435277071700e-01 2.924576913155902957e-01 3.267210756895447821e-01 2.112824561982386828e-01 -2.269444271367013558e-02 3.682335084685914861e-01
-4.500000000000000000e+00 4.598776663432613820e-01 2.890110319274434847e-01 2.573519997221088706e-01 1.889070917389913395e-01 -2.173448240534685272e-01 3.431964141065302343e-01
-4.000000000000000000e+00 5.526836099248632062e-01 3.032610484935092110e-01 1.804798417761260820e-01 1.792743465791959701e-01 -3.518599899683319543e-01 3.415837414071951628e-01
-3.500000000000000000e+00 5.670117840239641271e-01 4.938953923428967552e-01 3.395233595534612459e-01 3.130973651577602102e-01 -1.845673528403735386e-01 5.253426208912765905e-01
-3.000000000000000000e+00 6.382329955450971593e-01 6.020842621809121553e-01 3.106892018923961274e-01 2.186982000684157268e-01 -1.583949690187540227e-02 6.217413456557139284e-01
-2.500000000000000000e+00 6.950430146803203701e-01 7.269441931498993315e-01 4.044942028506328113e-01 3.481423842328217888e-01 1.292146266040767322e-01 7.370142047779282279e-01
-2.000000000000000000e+00 7.792557777924735696e-01 7.215926168799655649e-01 4.730265029736253624e-01 4.030434244743356098e-01 2.135730666817499401e-01 7.321317096067792018e-01
-1.500000000000000000e+00 8.189056126449438811e-01 7.681152672969818740e-01 6.774202142376682945e-01 5.909630831328334111e-01 3.922623181707521889e-01 8.082606259036493324e-01
-1.000000000000000000e+00 8.146493071823983634e-01 6.910579482147825026e-01 7.329973945500445343e-01 6.134062056264015794e-01 3.001044041795346562e-01 7.559329519747025605e-01
-5.000000000000000000e-01 7.655939595155681898e-01 6.599317491819247650e-01 8.039089996978597830e-01 9.093447673031511691e-01 5.993387803089651467e-01 7.197262999091352809e-01
0.000000000000000000e+00 6.610711445785064644e-01 5.483692091320929718e-01 7.772302972250572095e-01 1.000000000000000000e+00 6.601505218579861722e-01 6.040870809509720774e-01
5.000000000000000000e-01 5.299538521894870957e-01 4.665006799893888778e-01 7.676853621477950362e-01 9.093447673031511691e-01 6.476252191445766027e-01 5.383294779833820431e-01
1.000000000000000000e+00 4.115801797513854998e-01 3.157851907871789821e-01 6.036612992048140391e-01 6.134062056264016904e-01 4.277200292559190098e-01 3.998224558337660772e-01
1.500000000000000000e+00 2.448911138844757640e-01 2.328079706498349943e-01 4.865610760620271424e-01 5.909630831328334111e-01 6.069464939823038252e-01 3.219240953656440363e-01
2.000000000000000000e+00 2.278959242308584154e-01 1.025081956872015976e-01 2.939614489832823030e-01 4.030434244743356653e-01 5.660654287510744620e-01 1.850484507605005824e-01
2.500000000000000000e+00 1.448418607347028986e-01 1.291194265284536513e-01 2.998246576771763094e-01 3.481423842328217888e-01 4.414888089423040785e-01 2.198368009111454913e-01
3.000000000000000000e+00 2.474267444371004987e-01 1.502953863077301500e-01 2.234331146184850569e-01 2.186982000684156990e-01 1.650154647320244694e-01 2.224699992915694369e-01
3.500000000000000000e+00 1.861507879585816427e-01 2.558448847642826873e-01 2.393965776210302265e-01 3.130973651577602102e-01 1.851662997796721943e-01 2.993996644844153510e-01
4.000000000000000000e+00 2.814759934751572823e-01 2.844050909345561262e-01 1.560032227310779729e-01 1.792743465791959423e-01 -4.700448796775977267e-02 2.990452962906423595e-01
4.500000000000000000e+00 2.922175156560243292e-01 3.526843879309928820e-01 1.941882604690484959e-01 1.889070917389913395e-01 -2.289043821910611426e-02 3.773343118137590935e-01
5.000000000000000000e+00 2.870632145668519652e-01 3.923336187269236275e-01 1.879017168394776505e-01 2.112824561982387106e-01 1.160240856731077352e-01 4.019027510080644405e-01
5.500000000000000000e+00 3.003116526084378402e-01 5.282693021753168683e-01 1.237265556141013967e-01 2.917282684226152889e-01 1.898379268602404801e-01 4.838024101672955268e-01
6.000000000000000000e+00 3.749784391773278713e-01 5.175177848028972294e-01 9.584402940608573174e-02 2.889906920565942783e-01 1.373867636690294936e-01 4.461605809162845215e-01
6.500000000000000000e+00 4.107979568813366900e-01 4.947308147509092979e-01 2.531874794112682903e-01 3.747265040459348828e-01 2.230592690750735629e-01 4.401032306389121018e-01
7.000000000000000000e+00 4.035341733104363393e-01 3.259749699207821205e-01 2.848711016187306377e-01 3.413676708456572229e-01 2.218931576713311926e-01 2.904242569489458581e-01
7.500000000000000000e+00 3.134287805482375844e-01 2.562996696345636871e-01 3.298212317901427770e-01 4.038997178977931091e-01 3.333942971171770520e-01 2.430886918845944211e-01
8.000000000000000000e+00 2.144257299161388963e-01 1.871573628338047413e-01 3.137374831682514520e-01 4.442602421938087742e-01 2.699740910117145454e-01 1.966223154207188684e-01
8.500000000000000000e+00 1.801456980385823525e-01 2.209002104026285829e-01 2.289869457691141030e-01 4.151331378234670577e-01 7.311653508002990964e-02 2.356527582778484842e-01
9.000000000000000000e+00 2.154193719946067009e-01 2.482882104749336016e-01 1.810327101647513648e-01 4.102380160189530445e-01 6.604618584172614049e-02 2.564578075485800523e-01
9.500000000000000000e+00 2.673899697089366367e-01 3.740176106039274639e-01 2.603717456174362566e-01 4.241624791700142616e-01 3.738128296655141569e-01 3.761289803716759694e-01
1.000000000000000000e+01 2.435320604602284611e-01 4.142137112107706631e-01 2.753267620778562241e-01 2.796633143260390253e-01 4.308954742888028711e-01 4.259947139501819580e-01
1.050000000000000000e+01 2.706982456876087517e-01 4.971775948151197499e-01 3.310712140275068327e-01 8.665047880929141466e-02 2.650742073254037101e-01 5.266523030951735240e-01
1.100000000000000000e+01 3.023865175864303145e-01 3.986376625709182608e-01 3.066978631756286378e-01 -9.118614832254962055e-02 1.517017456720681778e-01 4.737318404223012092e-01
1.150000000000000000e+01 2.707777079946608323e-01 3.152483239128992532e-01 4.146487937148377600e-01 -3.189931779644535059e-02 -5.993590118034626546e-02 4.405373744837453587e-01
1.200000000000000000e+01 2.113077456330758330e-01 1.555006145134526230e-01 3.398682510983578320e-01 -1.328976470880214311e-01 -3.850188078864776875e-01 2.742075477645388171e-01
1.250000000000000000e+01 2.898801322866612074e-01 8.507589082980834827e-02 2.883213730896451721e-01 -2.758659424180083530e-03 -3.679280577185568002e-01 1.533201158664631025e-01
1.300000000000000000e+01 2.774147993169620019e-01 1.405668298847127518e-01 2.596520846886755107e-01 1.306123701962483563e-01 -2.600443482710346199e-01 1.368704344187911814e-01
1.350000000000000000e+01 3.236745155427784293e-01 4.249128817936235203e-01 2.163673944058328025e-01 1.922601166137173911e-01 -1.681211918812038908e-01 2.856676229066757999e-01
1.400000000000000000e+01 3.747789510576042815e-01 5.223143384031987413e-01 1.333903918989879367e-01 2.596953411134258483e-01 1.049959459778789655e-02 2.942737318238096700e-01
1.450000000000000000e+01 3.749535792806462653e-01 5.642399733353001823e-01 1.989069365099480069e-01 3.778347495901324682e-01 3.516702815030169349e-01 3.460938429455231446e-01
1.500000000000000000e+01 4.734786715409398106e-01 4.924382240442922720e-01 4.171282677571189756e-01 4.033997036855139218e-01 2.784688438314059100e-01 3.995810185695470862e-01
