# # time shift (tau) HDelta HGamma HeII4685 HBeta HeI5875 HAlpha HeI5015 OI8446 HeI4471 HeI7065 OIII5007 LyALpha
-1.000000000000000000e+01 -2.109692616471730564e-01 -2.543721389445835479e-01 -4.370418398527142756e-04 -1.384859421464135487e-01 -4.430392568588652491e-01 -5.568336581074424529e-01 -2.698235501352470589e-01 -2.060955360375997802e-01 -2.432610784288598837e-01 -3.841326228572037871e-01 -2.983598681237717987e-01 -4.849697344716334402e-01
-9.000000000000000000e+00 1.133067103645742785e-02 -1.555421965464228173e-01 2.964168120771411008e-01 -1.898249957454813952e-01 -3.809987564471590815e-01 -4.124831355274457545e-01 -3.779202095106663495e-01 -1.923510389180333457e-01 -2.308911373390098443e-01 -2.998901271123654011e-01 -4.488431441791259080e-01 -1.449107734037787809e-01
-8.000000000000000000e+00 1.244324738334301600e-01 8.792391009631878029e-02 3.654841705680265118e-01 5.291482968834138045e-03 -2.603146034307685097e-01 -1.345882842154401959e-01 -3.218500800628606440e-01 -1.126060174011644793e-01 -2.361218542931590725e-01 4.180511660711187794e-02 -3.850194667279703831e-01 5.503520696411205032e-02
-7.000000000000000000e+00 8.287988051569797343e-02 1.548924120044366248e-01 2.608972650295549034e-01 1.199287739481418591e-01 -1.593116715523629212e-01 -1.977408277943609738e-01 -2.438434339388908245e-01 -1.639359614225077977e-01 -3.449268955046785878e-01 1.965225470380264350e-01 -3.923714194334563254e-01 1.088740640945064786e-01
-6.000000000000000000e+00 -6.867442658304787062e-03 1.865963306639245312e-01 2.639656425672132212e-01 1.672394786246045872e-01 2.064123787968120960e-02 -4.625963459453492216e-02 -2.418447846439553961e-01 -4.765572200213495646e-02 -3.286779127355980989e-01 2.162768898568110387e-01 -3.850790449308270635e-01 2.342931845414705783e-01
-5.000000000000000000e+00 5.525935694420540389e-02 8.427135309149566544e-02 1.889097531878776159e-01 1.766443269547415817e-01 1.415054370763955682e-01 -4.759406717472747760e-03 -3.753239392053978607e-01 -8.316753092829429206e-02 -4.049017905286165231e-01 2.713536416048871747e-01 -4.547767118525074537e-01 3.163045395297954254e-01
-4.000000000000000000e+00 5.641722675883036053e-02 -4.306505409772502097e-02 1.913780445854421919e-01 2.193033379419637441e-01 -4.369774319548727637e-02 -2.499730210315882079e-02 -2.253783208033999785e-01 -2.785923674427630559e-01 -1.296762098495539139e-01 1.834308537818754581e-01 -2.786756465578110742e-01 1.783183926224804483e-01
-3.000000000000000000e+00 1.287192699397353701e-01 2.260184726672676558e-01 3.927194960959422554e-01 3.065261499380956822e-01 2.457793571436940328e-01 1.982930162367576021e-01 -3.496751828670614515e-01 8.009798113378902018e-02 -1.963441876359048877e-01 3.430586607972666707e-02 -3.803497998394139157e-01 3.593138066485824789e-01
-2.000000000000000000e+00 4.790120181411763323e-01 3.890781647115094666e-01 5.002762705307004509e-01 3.011332370296888050e-01 4.132745843913779860e-01 1.067115698777168220e-01 -4.150803485543095306e-01 3.353648501735233267e-02 -1.094151955691274741e-01 -6.552111058101814378e-02 -5.585864646285156887e-01 4.318926976729267619e-01
-1.000000000000000000e+00 7.219233581734111338e-01 6.686803574893938062e-01 7.638468861257096121e-01 5.702631443870178618e-01 6.051193183571239587e-01 3.311492593621813141e-01 -7.040881855998838701e-02 2.073854282071036781e-01 1.129976603330894447e-01 7.694968678243367666e-02 -3.417145052081342338e-01 7.214443730058921478e-01
0.000000000000000000e+00 7.993545605871046345e-01 7.265899660886468991e-01 7.496775886965008073e-01 8.235187892329787207e-01 5.453540970982493352e-01 5.203056106686445581e-01 3.109255278730924665e-01 3.002139851914661373e-01 5.691701071753587637e-01 3.456858308385190592e-01 4.710944263801901399e-02 6.845417498586148231e-01
1.000000000000000000e+00 7.450209922314470212e-01 6.677545883812822103e-01 4.796959513390173235e-01 6.999571693412161011e-01 6.323374837949842231e-01 6.485619870245735719e-01 1.469512974531391736e-01 4.439178437537384392e-01 3.722686017073799092e-01 5.097669971288256718e-01 -1.264677562439941172e-01 6.524417164269151748e-01
2.000000000000000000e+00 4.604860988475072969e-01 6.880328678866607373e-01 1.170093501360568028e-01 7.201724854559676814e-01 5.581481331110511590e-01 7.785974243436015740e-01 3.424914148077326526e-01 7.461330851687663079e-01 3.716811583069731251e-01 6.465871983517097465e-01 2.850336173168210169e-02 4.616593938868073232e-01
3.000000000000000000e+00 2.201580890087395659e-01 3.526493925047048394e-01 1.958731213187257791e-03 4.622195176705171660e-01 3.385305194588448252e-01 3.905322108907931522e-01 2.395538733154309319e-01 4.039882864311886701e-01 -4.276639081357631877e-02 1.591549892878798556e-01 -7.259960048485020190e-02 3.482610731481487476e-01
4.000000000000000000e+00 2.150744773050448921e-02 7.458367531976733966e-03 9.403489839182366250e-02 1.163031828065988760e-01 6.989363000949497251e-02 7.743048449663916810e-02 -1.627882282092343313e-01 -7.176548402796756321e-02 -1.526967569541856085e-01 -1.593610683652805504e-01 -3.375415007284775504e-01 1.302854656374111131e-01
5.000000000000000000e+00 2.222195997812416723e-01 1.318019694639941397e-01 2.987190826256482246e-01 2.211476151588643302e-01 7.240083705636368716e-02 1.539142167711408382e-01 -1.185229404926244623e-01 1.666189160195188090e-01 2.702805425912516157e-02 -1.772901726314216331e-01 -8.537940947664827973e-02 2.083181874261570421e-01
6.000000000000000000e+00 2.617839443923957177e-01 1.276061588657098067e-01 4.175310110217759219e-01 2.179594027532889833e-01 4.943311714237581117e-03 5.418076247882137875e-02 -1.066675082020245996e-01 5.999221821028086904e-02 2.561027739408558990e-01 -3.918261844799851845e-01 -4.187426024585541584e-02 6.256111225280353016e-02
7.000000000000000000e+00 2.109311674743123144e-01 2.212713885618370624e-01 4.230128697548275474e-01 9.589578235243949311e-02 -5.774064157629037880e-02 -1.110348835329875994e-01 -2.219313346746075721e-01 -9.456936769191118253e-02 4.325197807604547195e-01 -2.937690897399057588e-02 -1.915426459299610085e-01 1.522958623030423175e-01
8.000000000000000000e+00 2.521249472603531716e-01 2.446483369006290376e-01 2.299753095768526934e-01 2.300794344864146856e-01 2.948789054830733836e-01 -1.834449814929564951e-02 -2.249385206431589457e-01 -1.722461514389673001e-02 3.418828516855376698e-01 3.223246762714209179e-01 -3.432862378833871908e-01 1.976744608397117409e-01
9.000000000000000000e+00 2.634940201311022356e-01 1.949560787764657854e-01 8.371601830426876611e-02 3.732847463209499894e-01 3.428469614350828087e-01 2.643653386769730940e-01 2.375900396330316577e-01 7.612710964165486649e-02 2.887034283350443653e-01 2.149319702642324414e-01 -8.683455102202643217e-02 1.745442367619360335e-01
1.000000000000000000e+01 2.490360360016232733e-01 2.454110389150598592e-01 7.666665355622812039e-02 3.115669613092543200e-01 1.583397286784962998e-01 4.900965429226024073e-01 1.664836963560764604e-02 4.225788577392907142e-01 2.184829882047152616e-02 3.704974784733576776e-01 -3.680267983899476736e-01 3.222952763501175100e-01
1.100000000000000000e+01 1.674087934891185514e-01 1.809442421618360775e-01 6.545310066784601477e-02 9.633712182212886277e-02 2.122968887492871770e-01 4.288570563768801525e-01 2.405937567384648090e-01 3.232382466038085100e-01 -3.669602179483679727e-01 -1.185104188587880053e-02 -4.644617464202772938e-02 3.767756239840628352e-01
1.200000000000000000e+01 5.889654786736864961e-02 1.368045242809141360e-01 4.469100527957113878e-01 -5.524530739134779489e-02 -2.232980022339381421e-02 -2.639060439406440417e-03 4.136672557419682206e-02 -2.172236393414333500e-01 -2.932517155424497202e-01 1.776597687798033565e-01 -1.057204975748707865e-01 2.988432492915817917e-01
1.300000000000000000e+01 1.156101660241088125e-01 1.621273501309470899e-01 4.225061027863225016e-01 7.254144386573764536e-02 9.728091578175609988e-02 -1.987578608419847959e-01 -3.494876943646492151e-01 -2.002889100956224411e-01 -2.186724780733772383e-02 1.105601496055320099e-01 -3.842849801432118850e-01 1.843917054696539437e-01
1.400000000000000000e+01 2.519521588015035118e-01 1.788739315542316466e-01 2.875315944773697563e-01 2.833070417815819475e-01 4.290524990716675924e-01 3.818737903201087358e-02 -6.975342329415060161e-02 9.250019776005459493e-02 3.593929324393124181e-01 5.196589336609321041e-02 2.565200671505752927e-01 1.556567835842718184e-01
1.500000000000000000e+01 4.020258446535209806e-01 2.302191285850869740e-01 2.875424567217376715e-01 3.674854412629140477e-01 4.341104595511749986e-01 2.975545669823719819e-01 1.780077083302846197e-01 2.635014464166957615e-01 5.063748125576617021e-01 3.351004134818180713e-01 3.681586219378426006e-01 4.181695553571285195e-01
