# time shift (tau) 	 correlation coefficient 	 number of simulations: 10000	 FR: True	 RSS: True
-1.000000000000000000e+01 4.980000000000000000e+02
-9.000000000000000000e+00 7.330000000000000000e+02
-8.000000000000000000e+00 2.821000000000000000e+03
-7.000000000000000000e+00 1.016000000000000000e+03
-6.000000000000000000e+00 4.110000000000000000e+02
-5.000000000000000000e+00 9.000000000000000000e+00
-4.000000000000000000e+00 0.000000000000000000e+00
-3.000000000000000000e+00 1.000000000000000000e+00
-2.000000000000000000e+00 1.200000000000000000e+01
-1.000000000000000000e+00 2.100000000000000000e+01
0.000000000000000000e+00 1.442000000000000000e+03
1.000000000000000000e+00 3.870000000000000000e+02
2.000000000000000000e+00 5.630000000000000000e+02
3.000000000000000000e+00 9.300000000000000000e+01
4.000000000000000000e+00 5.000000000000000000e+00
5.000000000000000000e+00 2.900000000000000000e+01
6.000000000000000000e+00 7.000000000000000000e+00
7.000000000000000000e+00 5.800000000000000000e+01
8.000000000000000000e+00 1.110000000000000000e+02
9.000000000000000000e+00 6.300000000000000000e+01
1.000000000000000000e+01 3.950000000000000000e+02
1.100000000000000000e+01 8.300000000000000000e+01
1.200000000000000000e+01 6.000000000000000000e+01
1.300000000000000000e+01 2.800000000000000000e+01
1.400000000000000000e+01 3.750000000000000000e+02
1.500000000000000000e+01 7.790000000000000000e+02
