# # time shift (tau) HDelta HGamma HeII4685 HBeta HeI5875 HAlpha HeI5015 OI8446
-1.000000000000000000e+01 -1.021684226577219273e-02 1.361605934684940733e-01 2.347662009614450568e-02 1.071089170095290560e-01 -3.319996397826916468e-01 -2.769001988172029582e-01 -2.538520771757855621e-01 -1.046124334258752286e-01
-9.000000000000000000e+00 -2.013788633564536912e-01 2.476500335754296817e-02 -1.470631203425221134e-01 5.078796500320675866e-02 -3.560906853846194098e-01 -1.465961947280805255e-01 -2.891403220524108031e-01 7.312786857731741474e-02
-8.000000000000000000e+00 -3.225491267721113942e-01 -6.708167280155240275e-02 -5.026642654179455660e-02 -5.791459045598129629e-02 -3.772501345460850253e-01 -2.216733274537024401e-01 -3.580136450987889685e-01 -1.081360652944785006e-02
-7.000000000000000000e+00 -3.078050363461953265e-01 -1.693833678484573946e-01 1.327517199379883994e-01 -2.443154532102670140e-01 -4.767082177975859314e-01 -3.167230574749410055e-01 -5.239228989050028762e-01 -2.509973852767606872e-01
-6.000000000000000000e+00 -1.018219382869089001e-01 -4.491691952178111097e-02 3.339021426947301752e-01 -6.614089907113049338e-02 -2.344931145796153582e-01 -2.185160257995183986e-01 -5.257529082774549112e-01 -1.568680495684596221e-01
-5.000000000000000000e+00 8.813927804311498526e-02 8.319902860088940200e-02 4.459352295267861033e-01 1.876687470784879075e-01 -5.164763402502769996e-02 -1.411192172290919866e-01 -4.657913580211802684e-01 -1.184755309605010770e-01
-4.000000000000000000e+00 2.035559198634507017e-01 1.590274783156588323e-01 4.337127563666451913e-01 3.092437028873503690e-01 -2.083419544906262022e-02 -1.230049369444060486e-01 -5.560772063127102927e-01 -8.795340851419997108e-02
-3.000000000000000000e+00 3.177319922020743204e-01 2.858212451018605771e-01 4.537492863163827828e-01 4.448067321622241610e-01 3.626769828720773914e-01 1.133139141309582043e-01 -4.752872497259611473e-01 1.723992789656022817e-01
-2.000000000000000000e+00 5.646014872716951238e-01 4.357295215734608984e-01 6.137929008208126147e-01 5.570954246750478012e-01 5.339156776322763198e-01 2.710870439898452333e-01 -3.379146702970951543e-01 9.562281927966972961e-02
-1.000000000000000000e+00 7.275774130537612239e-01 6.029712831863502931e-01 7.456883701031964407e-01 6.483692676330246041e-01 6.089000157782158418e-01 4.388732715096064219e-01 -2.804096105642132630e-01 1.964589984439210069e-01
0.000000000000000000e+00 8.466620342530161158e-01 7.927311377899589617e-01 8.305276513744865863e-01 7.810176344878327903e-01 7.492985726760109655e-01 7.046107172976467936e-01 5.815326916917812339e-02 4.430148210663878428e-01
1.000000000000000000e+00 8.943387756368276209e-01 8.683535800120577575e-01 7.063590098554359820e-01 8.421839136551906302e-01 7.531870679889955955e-01 7.287354581728736624e-01 1.025560244402823618e-01 4.769246631310994911e-01
2.000000000000000000e+00 7.969166629063662022e-01 8.656717003783236386e-01 5.115483705108889723e-01 8.543849439720944128e-01 7.246063944259049094e-01 6.592406973993306663e-01 4.169531998555696395e-02 5.347447404598203446e-01
3.000000000000000000e+00 5.656072869541267645e-01 7.125979031504763306e-01 1.606128960019852225e-01 8.609820948393192008e-01 7.242544044977125006e-01 6.741888178728682179e-01 1.063580580537848708e-01 5.814497383871437552e-01
4.000000000000000000e+00 4.076232476556993500e-01 3.372342063303814808e-01 4.815741308891247074e-02 6.093835561961743474e-01 5.129656322170439431e-01 4.619059372668655739e-01 3.099567793039292862e-02 3.816196752804425496e-01
5.000000000000000000e+00 4.484783959892468808e-01 3.943178622848505510e-01 2.700414261163359142e-01 5.518241859276724615e-01 3.657099096019313933e-01 5.266830959106445498e-01 6.709672405899676229e-02 4.205428387221485931e-01
6.000000000000000000e+00 4.066299123016927086e-01 3.787247643925313323e-01 3.755202732040707203e-01 3.956306506272928569e-01 1.836143738419325211e-01 3.009634343023769310e-01 -8.746152585340876556e-03 2.556941244903219723e-01
7.000000000000000000e+00 4.033909272474964780e-01 3.625346190037564975e-01 3.607490368355258936e-01 2.181484757429993371e-01 1.150334174677731663e-01 8.161635765971159140e-02 -2.592759819500035923e-02 6.928906815312027567e-02
8.000000000000000000e+00 2.564461037533772858e-01 3.790832109003577921e-01 1.979880681435873258e-01 2.708155906799487589e-01 -2.004797044687603447e-03 4.045355816176229857e-02 -9.212939750654158821e-02 3.084703563691116868e-01
9.000000000000000000e+00 2.101229797204667848e-02 -4.181955633259915039e-02 -1.549405020564050828e-01 3.620601891451605270e-02 -9.161414122118413661e-02 -1.047687478871247857e-01 -3.131587836474760134e-01 2.315275833129670779e-02
1.000000000000000000e+01 -2.696861540149716463e-01 -3.327366525326013180e-01 -2.314181319813347348e-01 -2.283873697813731951e-01 -1.725337933392153689e-01 -3.355919580833369165e-02 -3.263101972930549377e-01 -1.802047553674781533e-01
1.100000000000000000e+01 -2.104436265667188333e-01 -1.790947102242750888e-01 -4.141107484362856195e-02 -1.444216659435506589e-01 -7.321663580012185979e-02 1.345646618572966247e-01 -2.889522259732517639e-01 7.871759434301309200e-03
1.200000000000000000e+01 -2.827012304435168322e-02 -5.241125853112606203e-02 2.598630379549487501e-01 -1.324480505596510316e-01 5.607072651722050383e-02 9.210750655708831169e-02 -1.122718555327001100e-01 -1.526148065287468159e-01
1.300000000000000000e+01 7.636443218901636798e-02 1.184581965130681869e-01 4.818682515884396000e-01 -3.693961213602148935e-03 9.030407702639009493e-02 -1.998663174460856354e-02 -3.861826633933093667e-01 3.254446925262950013e-02
1.400000000000000000e+01 2.603501288239884470e-01 1.463017785963611483e-01 5.212917705781797695e-01 2.002462813736128056e-01 2.957950262709483913e-01 -1.134392376784056078e-01 -1.926488701060272701e-01 -1.018806667538479926e-03
1.500000000000000000e+01 3.136304748172192847e-01 1.851709305151577056e-01 6.249035607369529677e-01 3.261871523415160734e-01 3.724434341043536545e-01 -5.062268337785770511e-02 -1.658699683765903904e-02 -1.356599868390802599e-01
