# time shift (tau) 	 correlation coefficient 	 number of simulations: 20000	 FR: True	 RSS: True
-5.000000000000000000e+00 1.000000000000000000e+00
-4.500000000000000000e+00 2.000000000000000000e+00
-4.000000000000000000e+00 1.000000000000000000e+00
-3.500000000000000000e+00 0.000000000000000000e+00
-3.000000000000000000e+00 6.000000000000000000e+00
-2.500000000000000000e+00 2.000000000000000000e+00
-2.000000000000000000e+00 3.000000000000000000e+00
-1.500000000000000000e+00 6.000000000000000000e+00
-1.000000000000000000e+00 4.000000000000000000e+00
-5.000000000000000000e-01 2.100000000000000000e+01
0.000000000000000000e+00 1.234000000000000000e+03
5.000000000000000000e-01 3.762000000000000000e+03
1.000000000000000000e+00 5.344000000000000000e+03
1.500000000000000000e+00 4.590000000000000000e+03
2.000000000000000000e+00 2.174000000000000000e+03
2.500000000000000000e+00 1.086000000000000000e+03
3.000000000000000000e+00 5.920000000000000000e+02
3.500000000000000000e+00 2.940000000000000000e+02
4.000000000000000000e+00 1.710000000000000000e+02
4.500000000000000000e+00 1.230000000000000000e+02
5.000000000000000000e+00 2.030000000000000000e+02
5.500000000000000000e+00 5.400000000000000000e+01
6.000000000000000000e+00 4.800000000000000000e+01
6.500000000000000000e+00 3.500000000000000000e+01
7.000000000000000000e+00 2.700000000000000000e+01
7.500000000000000000e+00 1.900000000000000000e+01
8.000000000000000000e+00 1.400000000000000000e+01
8.500000000000000000e+00 7.000000000000000000e+00
9.000000000000000000e+00 1.900000000000000000e+01
9.500000000000000000e+00 8.900000000000000000e+01
1.000000000000000000e+01 6.900000000000000000e+01
