# # time shift (tau) UVW2 Cont1150_not_optical_calibrated LyAlpha_not_optical_calibrated HBeta_not_optical_calibrated OI8446_not_optical_calibrated Cont1460_not_optical_calibrated
-1.000000000000000000e+01 -1.315831982366495456e-01 1.420159892210542119e-01 -2.891902907312451365e-01 3.115669613092543755e-01 3.453094909535032730e-01 1.284277894114568830e-01
-9.599999999999999645e+00 -5.282594085115892291e-02 2.132717224904419062e-01 -1.888690906404970615e-01 3.673631381247115524e-01 4.300794315635088072e-01 2.059349486634521331e-01
-9.199999999999999289e+00 8.391947887608569578e-02 2.427305011575617566e-01 -1.793132846783740408e-01 3.941016855466216162e-01 4.549603457162895159e-01 2.493232202774599005e-01
-8.799999999999998934e+00 2.326434978356428998e-02 2.496342417019125903e-01 -1.532309846897322303e-01 3.359806810878809280e-01 4.099899916687217427e-01 2.691303401596349953e-01
-8.399999999999998579e+00 1.359960241507748024e-01 3.808936889115872582e-01 -5.594931899513327228e-02 3.160124961033291546e-01 4.969225970231639922e-01 4.168591941790764643e-01
-7.999999999999998224e+00 1.009880568687335223e-01 4.371047727170682684e-01 -4.486700008977664161e-02 2.300794344864146579e-01 3.687641278832028413e-01 4.684436536008258489e-01
-7.599999999999997868e+00 2.517566904180940091e-01 4.863828338027565423e-01 4.439929814783551143e-02 1.305679677940989047e-01 1.483070500786612955e-01 5.341717311935432200e-01
-7.199999999999997513e+00 3.426040014341260043e-01 4.457081489812088071e-01 7.122262356472761069e-02 1.149281732682070067e-01 2.816424004327384295e-02 5.015972172888445435e-01
-6.799999999999997158e+00 4.453720032566828024e-01 3.864425928736453519e-01 1.404036494554574133e-01 1.281091339486264136e-01 -3.598554056955553804e-02 4.458293407518040263e-01
-6.399999999999996803e+00 5.185023102271533180e-01 4.240732021183879485e-01 2.271053934384480999e-01 2.084196704021292201e-01 -3.845936561523514985e-02 4.789348514869844475e-01
-5.999999999999996447e+00 5.283604391873597539e-01 4.310564756502922035e-01 2.581664694057711484e-01 2.179594027532890110e-01 -6.603748812050286299e-02 4.857245459045185232e-01
-5.599999999999996092e+00 5.974848237199997802e-01 5.270756179386677509e-01 3.287486655163878169e-01 2.577842906821724567e-01 -1.026001370743352126e-01 5.628765699350275487e-01
-5.199999999999995737e+00 5.828043053580616029e-01 5.674463900017996387e-01 3.634987426668238597e-01 2.466175504510302319e-01 -1.639554311457653291e-01 6.015044315744019210e-01
-4.799999999999995381e+00 6.488120403458150776e-01 5.772560315798734853e-01 3.653550901191610079e-01 2.091956367807650263e-01 -1.368359173814409635e-01 6.109191453251392456e-01
-4.399999999999995026e+00 6.669073573518146114e-01 6.211269349658140593e-01 3.893232082138699535e-01 1.781497024019239039e-01 -2.324224318053684513e-01 6.588186758134679799e-01
-3.999999999999994671e+00 7.285601496575808689e-01 6.055946651397354774e-01 3.984480602801959703e-01 1.163031828065988760e-01 -2.339428526354803417e-01 6.506630181929392576e-01
-3.599999999999994316e+00 7.957757943608148032e-01 6.858917705630023232e-01 5.767299807765726705e-01 3.426523543865700461e-01 -8.551869014174195982e-02 7.396426360816441559e-01
-3.199999999999993960e+00 8.573384726753423557e-01 7.433814538004068773e-01 6.502944814721747235e-01 4.362371071075142881e-01 1.382020854250250522e-02 7.963090457019884605e-01
-2.799999999999993605e+00 9.016422150885743392e-01 7.687992834850556623e-01 7.149502041384212525e-01 5.724893334667173761e-01 1.479919927492164278e-01 8.211791133715017343e-01
-2.399999999999993250e+00 8.773499937675743876e-01 7.432097767191365723e-01 8.076683081798108343e-01 6.823902120341036603e-01 2.322642348948715241e-01 8.002510408205714132e-01
-1.999999999999992895e+00 8.663734426602174299e-01 6.648516814952548648e-01 8.391539288792947415e-01 7.201724854559676814e-01 2.462475504075916644e-01 7.310749668917458921e-01
-1.599999999999992539e+00 8.079106561607576342e-01 6.354975972266991846e-01 8.820482581931428090e-01 7.826901355036437469e-01 3.994364645810363212e-01 7.114691269426252074e-01
-1.199999999999992184e+00 7.439727370311399746e-01 5.430122582296614819e-01 8.531865505242230974e-01 7.382351131293665158e-01 3.720219095475291171e-01 6.336067796679014652e-01
-7.999999999999918288e-01 6.912193755742057633e-01 4.814302487110097561e-01 8.037425349588706025e-01 7.667956950849640352e-01 4.540797070261549662e-01 5.722763025645436485e-01
-3.999999999999914735e-01 5.818976255156194100e-01 4.291848804558053843e-01 7.402538344592332065e-01 8.318291880057330223e-01 5.694646257162861991e-01 5.137564928930044017e-01
8.881784197001252323e-15 5.242184622893408807e-01 3.781616381921255599e-01 6.582500189434992155e-01 8.235187892329787207e-01 5.957926505938968553e-01 4.503629302657367051e-01
4.000000000000092371e-01 4.487583756434443405e-01 3.220950723034958219e-01 6.152268854646203433e-01 7.857145458741379151e-01 6.524578289841254097e-01 3.879931056223338004e-01
8.000000000000095923e-01 3.599811972788106718e-01 2.658197751794758590e-01 5.437360098203498637e-01 6.863304633180242753e-01 5.877459059686909182e-01 3.251728988287064803e-01
1.200000000000009948e+00 3.444942375088435593e-01 1.967308262130432750e-01 4.250747954445358578e-01 5.544180401334144470e-01 5.679724086823563223e-01 2.514802341816703146e-01
1.600000000000010303e+00 2.089450851720888180e-01 1.519669769159998074e-01 3.737453150226535681e-01 4.880665468247062933e-01 5.844137629012919888e-01 2.187729540179426668e-01
2.000000000000010658e+00 2.136885335152936549e-01 6.389207235322046097e-02 2.540896189819696893e-01 3.011332370296888605e-01 4.608520090559496407e-01 1.372355454918781081e-01
2.400000000000011013e+00 5.414180675380264596e-02 1.194483139223404822e-01 2.181584833414073610e-01 3.529788228396587013e-01 4.434020624601882066e-01 1.906508269053808213e-01
2.800000000000011369e+00 9.006662457292109736e-02 1.703768381090255135e-01 1.673161920331918961e-01 3.735605104362963447e-01 3.265657658472556069e-01 2.320180623005845821e-01
3.200000000000011724e+00 3.839635736616730383e-02 2.464363697765489525e-01 4.896600903478121047e-02 3.381622336709776411e-01 2.591895401193946014e-01 2.632683962935866706e-01
3.600000000000012079e+00 1.017778157140067363e-01 3.762033228413065311e-01 2.136474214003779293e-02 3.732189258593540671e-01 2.389249004919548613e-01 3.472294741760695302e-01
4.000000000000012434e+00 2.029313078220810751e-01 3.862841669177579096e-01 -7.964554139789731257e-02 2.193033379419637441e-01 6.143607262310626926e-02 3.227701041620385514e-01
4.400000000000012790e+00 2.460439898162187500e-01 3.947971246248064836e-01 5.662974812573315364e-03 2.317801052555235608e-01 2.908371404556275852e-01 3.466285158052152537e-01
4.800000000000013145e+00 1.821506888680690661e-01 3.315566500520603088e-01 6.228648811680401881e-02 1.938648641001588513e-01 4.633802696993417625e-01 3.041339365652987459e-01
5.200000000000013500e+00 5.121313991633753837e-02 3.092923964847128504e-01 4.492332870887105062e-02 2.025642204283435166e-01 5.271470531683206673e-01 2.836362928294224872e-01
5.600000000000013856e+00 -9.026960037500923045e-03 2.764736746180374571e-01 3.029369401347355162e-02 2.275671262824192076e-01 4.021034101083830192e-01 2.516324694365155157e-01
6.000000000000014211e+00 -4.309792689163621793e-02 1.797714246259086712e-01 -4.027152105304025037e-02 1.672394786246045595e-01 1.948885280573756373e-01 1.515497371593983733e-01
6.400000000000012790e+00 6.407853894292197400e-03 1.384566946762545991e-01 -3.780407182409493971e-02 2.041617444727885367e-01 7.295064788954641610e-02 1.118090932862600417e-01
6.800000000000014921e+00 -2.178664049183689361e-02 1.108108664744098665e-02 -5.537925626828270331e-02 1.599798053075698889e-01 -9.665947076429025342e-02 -6.214718434302018979e-03
7.200000000000017053e+00 6.980575806332536826e-02 -1.736969203670810785e-02 -4.058807151298874510e-02 1.025148663117301517e-01 -7.943227013350905030e-02 -3.609871809718760705e-02
7.600000000000015632e+00 5.637063456253244703e-03 -3.269826194009041453e-02 9.188322551039743852e-03 5.204400086378196261e-02 9.166519057445590701e-02 -4.444740916658693197e-02
8.000000000000014211e+00 -2.108705752484113169e-02 5.506058838497508712e-03 1.994392094745838645e-02 5.291482968834138045e-03 1.442605818080374136e-01 1.286101297397001034e-02
8.400000000000016342e+00 -2.731738012730284756e-02 5.242277735921471726e-02 1.502393419341878367e-03 -1.290643076181600402e-01 -8.255059925930635645e-02 8.094571890777432777e-02
8.800000000000018474e+00 4.416189420063723614e-02 1.772242403256932830e-01 -2.975008087564270931e-02 -2.004758212490491687e-01 -2.140669930726702419e-01 1.984023383135803398e-01
9.200000000000017053e+00 1.092801087509865793e-01 1.958192126500855335e-01 6.170062773149737056e-02 -1.657785079695329733e-01 -2.185228049934015981e-01 2.466332535956771155e-01
9.600000000000015632e+00 2.455884177870117369e-01 1.785010587799185922e-01 1.630249482314889420e-01 -8.508704202653624704e-02 -1.802096735973553188e-01 2.560663784872027060e-01
1.000000000000001776e+01 2.807012182648918608e-01 2.213882928347849499e-01 2.641336733138428539e-01 -1.384859421464135765e-01 -2.307403880429344523e-01 3.020255027732487996e-01
1.040000000000001990e+01 3.533383990875823555e-01 3.120052733889163710e-01 3.038434218962438038e-01 -1.799372894563061598e-01 -3.257116285039884374e-01 3.631395697020000646e-01
1.080000000000001847e+01 3.681025391049995710e-01 2.832424857068022161e-01 3.309649595556699020e-01 -1.360059244954707480e-01 -2.655516001215400546e-01 3.405586930004305679e-01
1.120000000000001705e+01 3.092501116848020981e-01 3.576159584305692585e-01 3.594194936841904608e-01 -1.000275293403655313e-01 -2.911186301648773789e-01 3.890167406434492658e-01
1.160000000000001918e+01 3.402891333141158658e-01 3.396711009394888237e-01 2.732717185084215239e-01 -4.879581520718890425e-02 -2.760782144008276928e-01 3.304577991579665808e-01
1.200000000000002132e+01 3.070527476645128484e-01 3.036138422628416600e-01 2.239499326478583130e-01 2.956710965884293274e-02 -3.466509856281366764e-01 2.523486732116130837e-01
1.240000000000001990e+01 4.431001707064575745e-01 2.226954857354054851e-01 2.582924281904477315e-01 1.792745606200735198e-01 -1.959405480029948743e-01 1.567422444700264927e-01
1.280000000000001847e+01 4.676414757208610662e-01 2.601518777377278546e-01 3.603857298627982653e-01 3.911039016492842135e-01 4.029742855158263692e-02 1.696572260657331910e-01
1.320000000000002061e+01 4.816827468497579257e-01 3.507745465066995916e-01 4.115851671316858029e-01 5.372519941171485236e-01 1.237630698229439663e-01 2.407709107168503060e-01
1.360000000000002274e+01 4.697102488190881830e-01 3.760670446141156642e-01 3.862601248709188750e-01 5.769950174173490431e-01 1.647788399636012091e-01 2.716291675920921023e-01
1.400000000000002132e+01 4.697039428050814314e-01 5.037000972224304762e-01 4.545408777981686521e-01 6.645747944499027504e-01 3.772614304254537365e-01 4.385407770227172097e-01
1.440000000000001990e+01 3.120030739035954404e-01 5.036735963302776398e-01 3.914194166711473244e-01 6.558176400979705001e-01 4.788497138576834899e-01 4.360850790792040188e-01
1.480000000000002203e+01 3.193848871142130896e-01 4.608634860536162670e-01 3.425792272133302285e-01 5.275504119887377552e-01 2.980530545803103393e-01 4.502239445332366641e-01
1.520000000000002416e+01 3.982517208134841447e-01 4.499917402614507789e-01 3.519306338552284918e-01 4.101121583013543348e-01 3.056197617392582000e-01 5.017624384762922052e-01
