# time shift (tau) 	 correlation coefficient 	 number of simulations: 20000	 FR: True	 RSS: True
-5.000000000000000000e+00 6.000000000000000000e+00
-4.500000000000000000e+00 1.000000000000000000e+00
-4.000000000000000000e+00 3.000000000000000000e+00
-3.500000000000000000e+00 1.000000000000000000e+00
-3.000000000000000000e+00 1.100000000000000000e+01
-2.500000000000000000e+00 2.000000000000000000e+00
-2.000000000000000000e+00 0.000000000000000000e+00
-1.500000000000000000e+00 2.000000000000000000e+00
-1.000000000000000000e+00 3.000000000000000000e+00
-5.000000000000000000e-01 3.000000000000000000e+01
0.000000000000000000e+00 3.191000000000000000e+03
5.000000000000000000e-01 5.811000000000000000e+03
1.000000000000000000e+00 1.398000000000000000e+03
1.500000000000000000e+00 4.743000000000000000e+03
2.000000000000000000e+00 1.578000000000000000e+03
2.500000000000000000e+00 1.460000000000000000e+03
3.000000000000000000e+00 4.920000000000000000e+02
3.500000000000000000e+00 6.600000000000000000e+01
4.000000000000000000e+00 1.600000000000000000e+01
4.500000000000000000e+00 1.380000000000000000e+02
5.000000000000000000e+00 4.850000000000000000e+02
5.500000000000000000e+00 4.700000000000000000e+01
6.000000000000000000e+00 5.000000000000000000e+01
6.500000000000000000e+00 2.600000000000000000e+01
7.000000000000000000e+00 7.000000000000000000e+00
7.500000000000000000e+00 1.400000000000000000e+01
8.000000000000000000e+00 1.800000000000000000e+01
8.500000000000000000e+00 1.500000000000000000e+01
9.000000000000000000e+00 4.400000000000000000e+01
9.500000000000000000e+00 1.860000000000000000e+02
1.000000000000000000e+01 1.560000000000000000e+02
