# # time shift (tau) HDelta HGamma HeII4685 HBeta HeI5875 HAlpha HeI5015 OI8446 HeI4471 HeI7065 OIII5007
-1.000000000000000000e+01 1.207344269736787823e-01 -3.475779385026678270e-02 1.266326028771753293e-02 1.427952076500877687e-01 -2.308386303149969343e-01 -9.485119559080909535e-02 3.497797137049358379e-02 1.753161636450476513e-01 2.624490929864486954e-01 1.163333769646588689e-01 -7.545651704670264248e-02
-9.000000000000000000e+00 -1.402215310916807289e-02 -7.883118196198563021e-02 -7.707248376566820658e-02 6.563498872580826593e-02 -2.056318225371711050e-01 -8.395968679237097998e-02 -5.714538900300363683e-02 2.119075906221070116e-01 1.708822760996238366e-01 7.194767158651081684e-02 -1.713363164297065921e-01
-8.000000000000000000e+00 -1.142284364831699234e-01 -1.429795712442168687e-01 -4.153792532342054020e-03 -3.124784392006018860e-02 -1.940317720696303483e-01 -1.182212859288349904e-01 -1.778061145355455952e-01 1.034084192467053243e-01 -7.417930188647164913e-02 -4.435488369934792452e-02 -3.338452335385306280e-01
-7.000000000000000000e+00 -5.741582165241625874e-02 -7.736693101965202990e-02 1.428395456052943546e-01 -9.396827906707214129e-02 -3.026598546581952265e-01 -1.649687022961389693e-01 -2.085259834182487948e-01 -1.288206173825212353e-01 -1.854696609844114219e-01 -3.073949507201446246e-02 -4.001121608397394391e-01
-6.000000000000000000e+00 -1.201632032826454449e-03 1.098677203376347694e-01 2.996500000174030509e-01 6.191793861636231411e-02 -2.577180565888875230e-01 -8.111604315025784662e-02 -2.361438733470402340e-01 -1.043432970144297922e-01 -1.847454685973290434e-01 8.416937689729292460e-02 -4.083949884417380494e-01
-5.000000000000000000e+00 1.902426235673015942e-02 1.740605122742088784e-01 3.585789187155730140e-01 1.933126152093897487e-01 -1.981348206627909780e-01 -2.548079545438824631e-02 -3.149517209979897370e-01 -1.102160889680611489e-01 -8.948770479306591974e-02 1.364047705435778579e-01 -4.379840204735863107e-01
-4.000000000000000000e+00 -3.460324312693531523e-03 1.802367145562078221e-01 2.618860902712255578e-01 2.455022234840397166e-01 -2.588701762816512653e-01 -6.375125466596992529e-02 -3.366613165763994164e-01 -1.694916011912745157e-01 -4.273604481987755555e-03 2.106536603153912612e-01 -4.440991119012265287e-01
-3.000000000000000000e+00 -1.807156035441134789e-02 2.207961269127593218e-01 3.014272037263404647e-01 2.877018096295695937e-01 3.102650640198351129e-03 3.115788925107859653e-02 -4.300524513178229369e-01 -7.971014573699454486e-02 -3.620360077871881410e-02 1.096883102017579548e-01 -5.290688571939397011e-01
-2.000000000000000000e+00 2.176838142577958712e-01 3.048893864806591081e-01 4.265503942453982567e-01 3.232521147463636169e-01 2.124174330864243010e-01 1.639637754278218673e-01 -4.594246481153176909e-01 -1.084757300814489372e-01 -9.314561332875467836e-02 5.548415661962760592e-02 -6.334682254870114271e-01
-1.000000000000000000e+00 4.956914620830742413e-01 5.278857443682906103e-01 6.204817083676754663e-01 4.610833524697621200e-01 2.932615379702843694e-01 3.127337473946454893e-01 -2.977850015983045107e-01 2.440549765446457797e-02 -4.377166944837376783e-02 6.846575380783753717e-02 -5.765719222510772290e-01
0.000000000000000000e+00 6.645221384899624439e-01 7.362977408513527999e-01 8.299592048323132243e-01 6.554653293084521382e-01 4.469836950285763777e-01 5.749553601585467577e-01 -1.991841440994025769e-02 2.900029327294578740e-01 2.203342504797442536e-01 1.371351675586780228e-01 -3.536752857710471210e-01
1.000000000000000000e+00 8.158013039774756336e-01 7.976397717780772112e-01 7.750331908971475059e-01 7.310710470857926246e-01 3.940799063539037750e-01 6.340962334921451671e-01 8.814942888769879137e-02 2.855125179555368931e-01 3.140009081144236047e-01 4.063830825181818929e-01 -2.785101566597600331e-01
2.000000000000000000e+00 7.560444021751562271e-01 8.122409770569847254e-01 6.687951867746539936e-01 8.352384311124403382e-01 4.216071271927337993e-01 7.029171358903797406e-01 1.690932381543313601e-01 4.418741550269278950e-01 5.155094149464071185e-01 5.801955980793718215e-01 -1.877736950359382428e-01
3.000000000000000000e+00 5.990337200892453806e-01 6.541154404401532396e-01 3.813303092554524154e-01 8.832234940559885450e-01 5.795894529993088629e-01 7.678562083881719236e-01 2.186509941175075744e-01 5.335399619570422303e-01 4.493787826692993703e-01 5.690881472787343576e-01 -8.527366286215325164e-02
4.000000000000000000e+00 5.659926637109480296e-01 4.560992642059494839e-01 2.739813610821056900e-01 6.944989534328399605e-01 5.512294945078946018e-01 6.527587232410451135e-01 1.852553574988447804e-01 4.630659586326970056e-01 1.914104821698548453e-01 4.180859247688882840e-01 -1.409969366271300872e-01
5.000000000000000000e+00 5.364652133100842324e-01 5.100279641167819733e-01 4.333680412011003402e-01 7.014599578456582885e-01 4.940034196115801191e-01 7.393211302605751101e-01 2.862738002864566589e-01 5.643130473576956074e-01 2.056636213841453731e-01 2.147176904501904293e-01 -2.380308442311772354e-02
6.000000000000000000e+00 6.641675803503543918e-01 5.344889871522384706e-01 5.743372563707949130e-01 6.324832826065063252e-01 3.473741918869325263e-01 5.862571747477353101e-01 2.582626712751625031e-01 4.011872480031254407e-01 1.716796083193863620e-01 9.081737798892405844e-02 1.431047338849166656e-02
7.000000000000000000e+00 6.787196527672425539e-01 6.122770273208593128e-01 5.777431049849762745e-01 5.228350301885150708e-01 1.948907153022972349e-01 4.304213233500623348e-01 1.945167316886854958e-01 4.145808162297466293e-01 4.273781654946970932e-01 -1.874036085738311347e-02 -1.029795461363648690e-02
8.000000000000000000e+00 5.486188117411239240e-01 6.597726143182263137e-01 4.558989494680878440e-01 5.654553975297363921e-01 1.813079336093023630e-01 3.427854116983308774e-01 2.835757369659285820e-01 5.646977590254862456e-01 7.712258915485621369e-01 5.854017725424380536e-02 2.254841416694644551e-01
9.000000000000000000e+00 3.470426808055573353e-01 1.681208453510112111e-01 -7.707752198894544937e-03 3.144723938557044685e-01 5.937836083338227794e-02 2.707343542707468798e-02 5.878310806712151032e-02 1.793823288626112678e-01 6.968445144050385842e-01 -1.673921941717812500e-01 -1.702592824345539047e-02
1.000000000000000000e+01 4.341987994112644217e-02 -7.579803569031534627e-02 -2.731080020025447586e-01 9.840193725744955655e-02 -2.875575973962835388e-02 8.282323192300405923e-02 1.056062157925661549e-01 7.816529076368654294e-02 5.144194305900986475e-01 7.151424413381186895e-02 -4.115435480010279368e-02
1.100000000000000000e+01 -1.840951516872680327e-01 -2.271210978034729489e-01 -4.354204237774062514e-01 -1.351479145840796779e-02 -7.262489890701797485e-03 1.902588683121824720e-01 1.657998038049808553e-01 1.577686054879202104e-01 -2.103759228300433326e-01 6.587975169551749111e-02 -1.649357075883187695e-01
1.200000000000000000e+01 -2.020116204717687380e-01 -1.961306665267749105e-01 -1.293217428679122039e-01 -3.190441003974150425e-01 -2.253696996409200182e-01 2.077362354242711512e-02 1.487168373453086612e-01 -1.079254008766968032e-01 -6.470014181493384253e-01 -2.463340987057718590e-01 -3.142677130389621154e-01
1.300000000000000000e+01 -2.827001745588189063e-01 4.444378508727452048e-02 1.033678386163640328e-01 -3.349666737585813570e-01 -2.849088676522121277e-01 -1.465136373591975905e-01 -2.622174181639268520e-01 -8.232695084238794703e-02 -5.835273991286427098e-01 2.051571635956578321e-02 -5.194155997334173325e-01
1.400000000000000000e+01 -2.756499930479727745e-01 -1.777000493342521525e-01 1.550833957446301203e-01 -2.383275483754630497e-01 -6.111910609452656656e-02 -4.703204088908755631e-01 -4.151089560320623262e-01 -3.840932476856301347e-01 -3.398069374973580192e-01 -4.074367374358619509e-01 -1.359276676536063932e-01
1.500000000000000000e+01 -1.547831199723909701e-01 -2.047036131640392886e-01 3.353582498389560684e-01 -1.335168288585876772e-01 4.341153793284899948e-02 -4.611288630876831940e-01 -5.266872461256588700e-01 -4.944971907098371089e-01 2.124260639712431675e-02 1.491515890854388550e-02 -1.211901819205226521e-01
