# # time shift (tau) HDelta HGamma HeII4685 HBeta HeI5875 HAlpha HeI5015 OI8446 HeI4471 HeI7065 OIII5007 LyALpha
-1.000000000000000000e+01 1.977072605217056536e-02 -6.280126463472214537e-02 1.291269588407495394e-01 7.971217461521760972e-02 -4.298794392237744733e-01 -3.817900621892356128e-01 -2.496071289091152390e-01 -1.941463130448625174e-01 2.586394906165644936e-01 9.612669338778474792e-03 -2.299486145644195900e-01 -3.403566209138318976e-01
-9.000000000000000000e+00 -2.087754722199245405e-01 -1.185582073921112173e-01 -1.884170405503549361e-01 1.611794135135903860e-01 -4.276272351341375844e-01 -2.042480774579467639e-01 -1.604664395045290459e-01 4.093578675619770346e-02 1.631263827517241138e-01 1.671691565106265820e-01 -1.764609383824883859e-01 -4.383498461590435991e-01
-8.000000000000000000e+00 -5.181014349408766817e-01 -3.352477509456269766e-01 -2.536557214336761512e-01 -1.710038198143080113e-01 -3.761629952759645290e-01 -2.013266494443632371e-01 -3.803708282224260717e-01 6.474717922253199476e-02 -2.713338113470719626e-01 -1.251458308637465877e-01 -4.739072207493165712e-01 -3.409172727338440900e-01
-7.000000000000000000e+00 -4.491130092107324945e-01 -4.194055037035785971e-01 -9.092567772591728104e-02 -4.442888836435036626e-01 -5.031671083343415285e-01 -3.461316342156363079e-01 -4.984307665113454355e-01 -3.996427673171846773e-01 -5.567206642092690227e-01 -1.133743593794817317e-01 -5.968535831853836182e-01 -1.292906261911255239e-01
-6.000000000000000000e+00 -2.443436979700815970e-01 -2.929421447114612387e-01 2.058818942349314174e-01 -2.148568186379398726e-01 -3.259848803282664464e-01 -3.292052078186995523e-01 -4.256118893222490263e-01 -4.567866508756032728e-01 -4.538220832715512687e-01 -1.231824660751160150e-01 -4.951917603463553696e-01 1.047338988955571620e-01
-5.000000000000000000e+00 2.187009710389519607e-02 -5.333653779479735624e-02 4.371967218799907018e-01 2.200330549368945815e-02 -6.656428062415351010e-02 -4.989445511916496684e-02 -4.517416797126857508e-01 -3.181591245754336050e-01 -1.633897282168312315e-01 -1.143175388547877092e-01 -4.079604689408367624e-01 2.354344865851992763e-01
-4.000000000000000000e+00 2.503098814388569071e-01 1.618859892320842209e-01 3.957643922960472072e-01 -2.531897043558453686e-03 1.708128701525032933e-01 -1.238126932050267887e-01 -5.548956862815332958e-01 -1.902498217980228556e-01 -1.256303103194858495e-01 -6.444633154136789055e-02 -5.336884295451455040e-01 3.409168014623432108e-01
-3.000000000000000000e+00 5.211039878975969319e-01 5.080947870906744601e-01 6.413205621661643985e-01 3.670551672826780076e-01 5.749053492878832827e-01 1.396107830481562451e-01 -2.624874326162754956e-01 -2.101324941274997082e-03 1.620785822086116268e-01 2.179881136544261494e-02 -3.477611239641855700e-01 6.762420031168120405e-01
-2.000000000000000000e+00 7.343175139086304259e-01 6.160011364805650924e-01 6.526148140150938026e-01 6.520883886683004338e-01 6.767300807374607707e-01 3.623452113677795294e-01 7.283746834848203733e-02 -5.437628477638458552e-02 2.289269286398678549e-01 3.187043768568180724e-01 -1.279679390734559941e-01 7.240619790992111060e-01
-1.000000000000000000e+00 8.111801960184910065e-01 6.790292671751395615e-01 5.581994538692263141e-01 7.186904571993690816e-01 7.130079553881258914e-01 6.452444431536408231e-01 1.714691235329101060e-01 3.091540677209944077e-01 3.288277622772354247e-01 5.057061434548022483e-01 -1.226066760175149734e-01 7.527862632835464751e-01
0.000000000000000000e+00 7.186947335122833014e-01 8.258856731344733637e-01 3.954832470390382548e-01 8.455446380182006783e-01 7.710519898690276763e-01 9.999999999999998890e-01 5.541169449335044961e-01 8.064878328200754121e-01 4.137794618421773429e-01 5.820121289500286288e-01 2.793551129253025178e-01 7.168514476014526959e-01
1.000000000000000000e+00 5.198169542442506730e-01 5.924182519369430855e-01 1.320496510606659901e-01 6.145015349088698287e-01 4.577398649007281550e-01 6.452444431536408231e-01 4.933188680503497459e-01 6.002331673158941561e-01 3.081084825729947796e-01 4.267840350840249597e-01 2.215532782622616770e-01 4.544261277831228574e-01
2.000000000000000000e+00 2.406531880854923811e-01 3.621632397245529433e-01 1.245348427860260010e-02 3.340286168902082964e-01 3.075838126630450198e-01 3.623452113677795294e-01 2.558978357907586432e-01 3.862598510431395349e-01 2.672171011889802883e-01 1.070770913577433064e-01 9.585704469229902602e-02 2.515463509986988200e-01
3.000000000000000000e+00 6.270122620935200675e-02 9.735042682582431550e-02 -1.570008542143925545e-01 2.876303542344038622e-01 1.778480959309287623e-01 1.396107830481562451e-01 2.660738540892180204e-01 3.244765716110699638e-01 2.162728088705323515e-01 -1.151685708851791501e-01 3.239064079040889221e-01 -8.666848538031109161e-02
4.000000000000000000e+00 -8.764843349680841167e-03 -2.554685199225456005e-01 -1.616242953369534385e-01 -4.699068726686019687e-02 -1.970393414014489641e-01 -1.238126932050267887e-01 1.074203209212743065e-01 1.275587148623567868e-02 2.937547747226001427e-01 -5.161309968534797399e-01 2.348287901032021507e-01 -3.462769973565891224e-01
5.000000000000000000e+00 -1.253752951546205363e-01 -9.096454128263767314e-02 -8.348562061975055293e-02 -1.308491446761641808e-01 -3.657132024933228975e-01 -4.989445511916496684e-02 1.350997774134250762e-02 1.168374948808680869e-01 2.343890515803966346e-01 -2.416136183850683961e-01 1.457242555896016145e-01 -2.561750078333654423e-01
6.000000000000000000e+00 -2.255734162412953991e-01 -2.178769783365170631e-01 -1.930295008964691972e-01 -2.627368466797632696e-01 -3.070669386985185323e-01 -3.292052078186995523e-01 -5.836838375744285434e-02 -1.788914665173687302e-01 -4.088745621695545271e-03 -2.571380991211359990e-01 1.564556324356274411e-03 -3.290671405153383078e-01
7.000000000000000000e+00 -3.210242130019470563e-01 -2.653124830552826552e-01 -2.510048401349357916e-01 -2.996921940399993600e-01 -3.284964910004951055e-01 -3.461316342156363079e-01 -5.847191493992905803e-02 -3.470716460928913727e-01 -6.984302576241262217e-02 -2.065622849738434352e-01 -1.179267555147846119e-01 -4.001750872861251640e-01
8.000000000000000000e+00 -3.659750441344286065e-01 -2.706237251159946400e-01 -3.623201921191248620e-01 -2.372468652998164229e-01 -3.525747537029498835e-01 -2.013266494443632371e-01 -3.015935956546691443e-01 4.713587343511859568e-02 -2.038089818131254560e-01 -4.222124608003388624e-02 -2.858396900040338640e-01 -2.746493476671251210e-01
9.000000000000000000e+00 -3.855874830934189479e-01 -4.992351299180174395e-01 -4.082272542735517762e-01 -4.046792765936430003e-01 -2.713833977048819013e-01 -2.042480774579467639e-01 -2.324109193922941907e-01 -2.302958213644508700e-01 -4.994969032056512104e-01 -4.589475706784497122e-01 -1.037748546774062419e-01 -2.236621790199780080e-01
1.000000000000000000e+01 -5.175667465247435484e-01 -4.637621268283165232e-01 -9.234083438642884389e-02 -5.540814411716696863e-01 -4.478149680531433585e-01 -3.817900621892356128e-01 -3.710438823673666286e-01 -5.467626514626602319e-01 -6.525554365132184564e-01 -8.509086110358267396e-02 -1.819157915017174665e-01 -1.600892245657583035e-01
1.100000000000000000e+01 -2.787694992699745189e-01 -2.229855001571494078e-01 1.862766683224063025e-01 -3.612858279285953156e-01 -1.726347195478770136e-01 -3.830179733378975548e-01 -5.801506414922279475e-01 -5.038642066176409751e-01 -5.637327119602195680e-01 7.524315111181996418e-02 -4.607646890941011764e-01 -2.125303788184966514e-02
1.200000000000000000e+01 2.408218105210715651e-02 3.942693020955022332e-02 2.972003352708814106e-01 -3.480935650925973818e-02 2.446118080118542260e-01 -1.874012871075910747e-01 -1.905702323977959134e-01 -3.014573796066365996e-01 -1.431601804955172086e-01 7.428208035635000539e-02 -3.038694908668738981e-02 2.213928538559482156e-02
1.300000000000000000e+01 3.400719901850018378e-01 2.931817260498995048e-01 3.858938168366023991e-01 3.173452657562016999e-01 2.864563576487521024e-01 8.737761062477006346e-02 -1.605081346793464925e-01 2.327856193070878543e-01 4.965403084015815316e-01 4.360983658487747050e-01 -6.416534785522265416e-02 2.448278401934957937e-01
1.400000000000000000e+01 5.307864943487841103e-01 3.709025853228868908e-01 2.635759780217053483e-01 5.162804792379027674e-01 5.078525690086793665e-01 4.442355871538277157e-01 2.479421383083034724e-01 3.117740412991146792e-01 5.401206946424712552e-01 2.332610335753506903e-01 3.864711437486625933e-01 4.567179561003235078e-01
1.500000000000000000e+01 4.007878454558411740e-01 4.153573490785926192e-01 2.470415092784367939e-01 4.803530729631250162e-01 4.742560680217259295e-01 5.153676496029860887e-01 5.758747895626881164e-01 2.388778296906156062e-01 3.948273825319126296e-01 5.617323468533018671e-01 4.607867620020601462e-01 4.461079762877346311e-01
1.600000000000000000e+01 5.115017930640225474e-01 6.415441356177469245e-01 1.466183385898128244e-01 4.919353229245419512e-01 4.007862783319408040e-01 6.862264863435231232e-01 5.937612581642659482e-01 5.882310167985747018e-01 2.292923994205061100e-01 5.529717255108458351e-01 1.784194636685402513e-01 4.676642701512503386e-01
1.700000000000000000e+01 4.729572265990904523e-01 6.222934472533708794e-01 -2.180378821190960825e-01 4.916407460051969158e-01 1.785632612109005479e-01 6.116186100843110651e-01 5.616099107617970043e-01 7.236674911025933188e-01 2.329002446415801009e-01 -1.116663905996285178e-01 2.192819799605128517e-01 3.243875353286880259e-01
1.800000000000000000e+01 2.168544898200283344e-01 2.083251045979085392e-01 -3.099935412498833753e-01 2.545634520173752913e-01 -2.920146324440252017e-01 2.053613053351328599e-01 2.507088406200288500e-01 4.700818741440447313e-01 3.473771150670648677e-01 -5.070993767478564340e-01 2.177420053262149047e-01 9.780705934826484926e-02
1.900000000000000000e+01 -2.231453399070888466e-01 -3.791085526598543254e-01 -4.051818060053749004e-01 -4.410731104222184729e-02 -3.420948957914660138e-01 -2.678146897212805300e-01 1.879826941240947402e-03 -1.446471005206790839e-01 2.106355889762110689e-01 -8.453955681502820507e-01 4.498496246568620127e-01 -1.029016485082040466e-01
2.000000000000000000e+01 -8.818118143041948631e-01 -8.519934840058488446e-01 4.793530206959338846e-01 -7.304410998588153348e-01 -3.183204977193282437e-01 -8.549137918372469169e-01 -4.301143759997372862e-01 -8.641826595004395983e-01 -2.321251128638694705e-01 1.586917048562901944e-01 -1.756967888778771802e-01 -5.640180584290057642e-01
