# time shift (tau) 	 correlation coefficient 	 number of simulations: 20000	 FR: True	 RSS: True
-1.000000000000000000e+01 2.100000000000000000e+02
-9.000000000000000000e+00 4.460000000000000000e+02
-8.000000000000000000e+00 3.380000000000000000e+02
-7.000000000000000000e+00 8.000000000000000000e+00
-6.000000000000000000e+00 6.000000000000000000e+00
-5.000000000000000000e+00 1.000000000000000000e+00
-4.000000000000000000e+00 1.000000000000000000e+00
-3.000000000000000000e+00 1.000000000000000000e+00
-2.000000000000000000e+00 0.000000000000000000e+00
-1.000000000000000000e+00 0.000000000000000000e+00
0.000000000000000000e+00 1.238300000000000000e+04
1.000000000000000000e+00 2.362000000000000000e+03
2.000000000000000000e+00 5.580000000000000000e+02
3.000000000000000000e+00 3.620000000000000000e+02
4.000000000000000000e+00 1.100000000000000000e+01
5.000000000000000000e+00 3.200000000000000000e+01
6.000000000000000000e+00 4.000000000000000000e+00
7.000000000000000000e+00 1.400000000000000000e+01
8.000000000000000000e+00 2.900000000000000000e+01
9.000000000000000000e+00 2.000000000000000000e+01
1.000000000000000000e+01 1.140000000000000000e+02
1.100000000000000000e+01 5.000000000000000000e+01
1.200000000000000000e+01 4.200000000000000000e+01
1.300000000000000000e+01 8.400000000000000000e+02
1.400000000000000000e+01 8.340000000000000000e+02
1.500000000000000000e+01 1.334000000000000000e+03
