# # time shift (tau) HDelta HGamma HeII4685 HBeta HeI5875 HAlpha HeI5015 OI8446
-1.000000000000000000e+01 -1.244746097312016825e-02 1.756939628280875521e-01 -2.770413954062764944e-02 1.630713491335546161e-01 -2.969980672936403110e-01 -1.980282122590212857e-01 -2.004909098881902940e-01 -1.976353221397193771e-02
-9.000000000000000000e+00 -2.019827344766998434e-01 4.478745300814355318e-02 -1.572638087322875688e-01 4.959101408464219179e-02 -2.878635359516789616e-01 -1.286377514744067585e-01 -2.769108860632725766e-01 1.249395289536990861e-01
-8.000000000000000000e+00 -3.185854173381614252e-01 -7.517116745525473376e-02 -4.807159703683926144e-02 -6.065311603697717824e-02 -3.924986354598243299e-01 -2.422777833121612656e-01 -3.400912218541202181e-01 -6.450682353532463664e-02
-7.000000000000000000e+00 -3.010401891749460157e-01 -1.724643602865639780e-01 1.328452323354787357e-01 -2.166040761237253698e-01 -4.977446958924841569e-01 -3.241828016392069300e-01 -4.976560335391394529e-01 -2.450076138169894613e-01
-6.000000000000000000e+00 -7.843564513801513927e-02 -6.000385830732937742e-03 3.487843608597706035e-01 -5.557853685805297372e-02 -2.085206489289568865e-01 -1.915722054902029015e-01 -5.454969794481561163e-01 -1.069263824793187934e-01
-5.000000000000000000e+00 1.067522089967388454e-01 1.256052947582882440e-01 4.427301794949755620e-01 1.806664658365671472e-01 -5.604659512406985622e-02 -1.770433653900921889e-01 -4.759599459026572221e-01 -1.190947790521944133e-01
-4.000000000000000000e+00 1.961845030521157107e-01 1.739959093698048020e-01 4.477696684332839183e-01 3.244922268981845770e-01 -5.307975492976772791e-02 -1.588898251813280482e-01 -5.005766674132381411e-01 -1.107844577744297454e-01
-3.000000000000000000e+00 2.735211937081520328e-01 2.410688396591440519e-01 4.016681648230109314e-01 4.428642023675787298e-01 3.071586611541363698e-01 1.249987789302811070e-01 -4.573723680210175502e-01 1.222795161170222578e-01
-2.000000000000000000e+00 5.087037578986175479e-01 3.863122616551473154e-01 5.334532255465369577e-01 5.054326129833888182e-01 4.791796451698117076e-01 2.597171878748472662e-01 -4.228346519478080601e-01 1.224707708318786836e-01
-1.000000000000000000e+00 6.551106021579167216e-01 5.683635573054099943e-01 7.086042146703583899e-01 6.032043834455889098e-01 5.897485734142811076e-01 4.068946548894815107e-01 -2.945802966351964147e-01 2.347002507967473894e-01
0.000000000000000000e+00 8.163433577555283538e-01 7.357789395576233016e-01 8.563485192027855408e-01 7.239741524516529747e-01 6.975172165770839872e-01 6.089356316902551081e-01 1.216591853467248463e-02 3.539338319108851216e-01
1.000000000000000000e+00 8.993928782932812949e-01 8.188638949802344857e-01 7.787147510152280239e-01 7.940113725822697255e-01 7.186926108482758480e-01 6.679231482889700366e-01 4.817691661961319427e-02 3.596503107091719720e-01
2.000000000000000000e+00 8.238032864049315007e-01 9.033571319787343512e-01 5.673196150940345017e-01 9.026504262165983006e-01 7.441472425546000746e-01 6.954411204434680638e-01 4.662893118474888826e-02 5.521396315693439805e-01
3.000000000000000000e+00 5.838963291914807119e-01 7.439371075638567810e-01 1.583724488760579474e-01 8.643103871945888583e-01 7.279140595964930238e-01 6.640514491941615915e-01 8.785599861133315536e-02 6.085691607412579973e-01
4.000000000000000000e+00 4.077836156671955647e-01 3.795540818623073798e-01 6.878965497898457959e-02 6.084861208805532051e-01 5.425808075119201712e-01 4.755686868601826101e-01 2.819791222134273440e-02 4.222386026035161999e-01
5.000000000000000000e+00 4.518104494651534742e-01 3.868365084216550676e-01 2.486423010210879747e-01 5.865972724618641054e-01 4.268903732226743131e-01 5.314967866100462901e-01 6.810427552646247662e-02 3.754769666172962372e-01
6.000000000000000000e+00 4.475120645942822217e-01 3.647187307964374070e-01 3.982844332820884570e-01 4.313142929533269609e-01 2.164538249987664198e-01 3.667853401124838708e-01 1.532892546901761313e-02 2.063200046534927889e-01
7.000000000000000000e+00 4.398787054652869566e-01 4.343775418665130061e-01 3.980063465648024934e-01 2.769041902818236700e-01 1.564683133865755749e-01 2.279914320581969966e-01 -3.558521120725440662e-02 2.925170107505858930e-01
8.000000000000000000e+00 3.132410038841156874e-01 4.043445678614169259e-01 2.711186324947671977e-01 2.467488133335928313e-01 2.929114422221489045e-02 2.981764107236245520e-03 -4.993247180942753799e-02 3.024870106566964201e-01
9.000000000000000000e+00 4.637446471177622542e-02 1.019550880006656057e-02 -6.690951622647151043e-02 5.135380187846716460e-02 -9.513906144351808036e-02 -2.188080531280768848e-01 -3.061965764071248319e-01 -1.705572875298345115e-01
1.000000000000000000e+01 -2.179155238358165547e-01 -2.497890990378438814e-01 -2.681955129135339955e-01 -9.611730567097251376e-02 -1.062799792229299489e-01 -9.635943502091966206e-03 -3.013955118499760943e-01 -1.076280363269610796e-01
1.100000000000000000e+01 -1.419266597950154529e-01 -1.677769518300012974e-01 -1.495176548612095202e-01 -7.474124535638798639e-02 2.683490212691474683e-02 2.609405258380073089e-01 -1.121899043829540643e-01 1.612823242507343824e-01
1.200000000000000000e+01 -3.334587194841519275e-02 -5.462388765151165310e-02 2.281600012957365198e-01 -1.555762627540563381e-01 -3.636996023771497250e-02 1.547760305775539580e-01 -1.715500443875085379e-01 -5.161835328965804631e-02
1.300000000000000000e+01 3.037635010741676633e-02 1.054126243188637652e-01 4.414632799132901519e-01 -5.047761424184432633e-02 4.668067283473952001e-02 -2.899331502868685018e-02 -3.157900652333776037e-01 -6.728742117222080710e-02
1.400000000000000000e+01 1.525891964815873358e-01 9.418887378059670468e-02 4.626924084231877621e-01 1.046818289076118652e-01 2.592938455646729978e-01 -1.963883260551041177e-01 -1.452321060716199042e-01 -1.128985806020492283e-01
1.500000000000000000e+01 3.122603190470724099e-01 1.727515722684396793e-01 5.753050638287808827e-01 2.994013649240016006e-01 3.003088817194369819e-01 -6.894704753230307404e-02 -1.395129853545243881e-01 -1.934783737600698217e-03
