# # time shift (tau) Cont4010 Cont4200 Cont4440 Cont4765 Cont5100 Cont5600 Cont6045 Cont6110 Cont6880 Cont7390 Cont8015 Cont8900 Cont1150 Cont1460
-1.000000000000000000e+01 2.421286652828592567e-01 2.403942093464674357e-01 2.984250388702654466e-01 2.792662622440795772e-01 3.247355964644693671e-01 2.102907873584977105e-01 7.784561943907312986e-02 5.718741571406325830e-02 -1.032233412904220715e-01 -2.409165230626461873e-01 -3.030522179307507669e-01 -3.562653036000508755e-01 2.552224420588758980e-01 2.497657438383543704e-01
-9.500000000000000000e+00 4.428792462242155947e-01 4.871788255288421743e-01 5.173252797378210532e-01 4.906995408374040801e-01 5.539598535921463895e-01 5.061668288056734299e-01 3.693424907800002543e-01 3.409611174731770333e-01 2.186863386771779605e-01 1.028391435459653919e-01 -2.176748036511970408e-02 -4.773012430905197723e-02 3.709954912483252043e-01 3.755597325191614155e-01
-9.000000000000000000e+00 5.386527223760242400e-01 5.469570814310399376e-01 6.060547653803425305e-01 5.616619689332393861e-01 6.079439188632096425e-01 5.830485320176592712e-01 4.798854171483700748e-01 4.220145431160738925e-01 3.605808296250757605e-01 2.280506842342853169e-01 1.140443071887188714e-01 1.100159303183958215e-01 3.889989651726787345e-01 4.041493969572428346e-01
-8.500000000000000000e+00 6.544078302604654507e-01 6.502599209557974325e-01 6.901569633834615525e-01 6.348039979757105211e-01 6.799857047295736479e-01 6.631054452849648451e-01 5.929914989610316489e-01 5.313778563454836235e-01 5.251084331350348577e-01 4.247120743953805566e-01 3.347761267110825889e-01 3.138387181509364465e-01 4.415505976145873146e-01 4.850068325728100205e-01
-8.000000000000000000e+00 6.100143104762788537e-01 5.991463269479347931e-01 6.479468740439013885e-01 5.704861625258609292e-01 6.543859211191820346e-01 6.182917036550861223e-01 5.815782199818277931e-01 4.931032416438453359e-01 5.168374308310890175e-01 4.106801253299812160e-01 4.183259141228167777e-01 3.261548429084136225e-01 3.782482267841682511e-01 4.385497519638987818e-01
-7.500000000000000000e+00 6.109062335053381254e-01 6.037472644941782596e-01 6.456438419341523627e-01 5.741235849163045524e-01 6.533770334313063755e-01 6.415786512486278959e-01 5.950734402414035173e-01 5.165733024414292940e-01 5.405757455122252031e-01 4.512401013258280358e-01 4.590221501273863414e-01 3.612099733236135424e-01 3.626897285625942380e-01 4.337019591120607753e-01
-7.000000000000000000e+00 4.979133561813676723e-01 4.688769347505623575e-01 5.423523560242500263e-01 4.658396687218946397e-01 5.259698877265039929e-01 5.401623979498995087e-01 4.793238427070536378e-01 4.004793823481030413e-01 4.274982316696237516e-01 3.653477070132618021e-01 3.159895042896870843e-01 2.726477805811791666e-01 2.433800405721360804e-01 3.178371310416713835e-01
-6.500000000000000000e+00 5.745865232457239014e-01 5.491847426340342730e-01 5.928925264015751928e-01 5.375582134164893500e-01 5.895980715680448903e-01 6.131855757141243535e-01 5.785699862563584706e-01 5.103083048964731638e-01 5.377347464630038987e-01 5.024042864934674668e-01 4.297476122133019327e-01 4.364869033490141881e-01 2.922595260154185470e-01 3.605885328464033535e-01
-6.000000000000000000e+00 5.890291596210650571e-01 5.549958318236752897e-01 5.801502801314472046e-01 5.388568236670847611e-01 5.695810947524977408e-01 5.859956338324722180e-01 5.924296014889469664e-01 5.279911071451999227e-01 5.622554994515024385e-01 5.607799720296582358e-01 4.648720751668946605e-01 4.952265770704704639e-01 3.145210789816496599e-01 3.754572195006989910e-01
-5.500000000000000000e+00 6.385312985615199111e-01 6.213251858325764543e-01 6.362405142453753104e-01 6.042568782457961030e-01 6.256472997862876362e-01 6.137950895441413035e-01 6.465652844555364043e-01 6.024480717099964799e-01 6.059537518465056838e-01 5.928181941032319990e-01 5.196566747727779934e-01 5.198251179023981594e-01 4.051175556829985647e-01 4.453747695711931520e-01
-5.000000000000000000e+00 5.476567311513944603e-01 5.408745840798435678e-01 5.666022223062753271e-01 5.412524428603997517e-01 5.522131647465905457e-01 5.164668849386864213e-01 5.742189045199808106e-01 5.423277619289392781e-01 4.990427554830976220e-01 4.716901827620038623e-01 4.147192593345894185e-01 3.673785744824153987e-01 3.395454785879473691e-01 3.757905114514983325e-01
-4.500000000000000000e+00 5.105124386066581810e-01 5.157263298337855240e-01 5.254919688079254803e-01 4.934599553281873718e-01 5.069638218551870690e-01 5.106925029553086581e-01 5.249568927681522723e-01 4.802222814262280814e-01 4.624954277309680784e-01 4.177599271261315250e-01 3.866276248244951974e-01 3.356907657798181566e-01 3.349660834164187584e-01 3.607701047660213378e-01
-4.000000000000000000e+00 4.804534109125628838e-01 4.919434619185600877e-01 4.963932159898781782e-01 4.497297690721371866e-01 4.828627839857667636e-01 5.276826666967499024e-01 4.752229273271719734e-01 4.069965697566344520e-01 4.325742486459896452e-01 3.615671323936640591e-01 3.428680627592272656e-01 2.936838039370510134e-01 3.311287391840601613e-01 3.546071727819598562e-01
-3.500000000000000000e+00 6.644059956477081919e-01 6.690317266047041134e-01 6.563059752752897769e-01 6.157962439321537085e-01 6.445769440045896470e-01 6.636814961323426187e-01 6.140657569491174694e-01 5.892082560766014332e-01 6.062985171853612076e-01 5.654971118946481301e-01 5.723484182651665808e-01 5.524235780000698037e-01 5.189329413208685349e-01 5.520970522093793242e-01
-3.000000000000000000e+00 7.176897275054654468e-01 7.054217172980752348e-01 6.748030007050729306e-01 6.556141099900048008e-01 6.563930549893490785e-01 6.427988600852085899e-01 5.897915236605461020e-01 6.212129574976142932e-01 6.246313237294651710e-01 6.030430341755934620e-01 6.395757704120557108e-01 6.096144190092227522e-01 6.181950301470929832e-01 6.585269078612201454e-01
-2.500000000000000000e+00 7.880584437394065889e-01 7.756131971957392901e-01 7.631934073645350036e-01 7.681447893235844315e-01 7.560440934023889836e-01 7.347203208227373050e-01 6.843318758881848929e-01 7.189064495056403103e-01 7.071515328727888683e-01 6.699611555879533276e-01 6.651384193749712015e-01 6.552086545792008554e-01 7.387488697940098881e-01 7.616404985243836467e-01
-2.000000000000000000e+00 7.534756823922528213e-01 7.570370405981841078e-01 7.519509312341086105e-01 7.819465326650283377e-01 7.760846255745977862e-01 7.582277827647211366e-01 6.982194843768425585e-01 7.325033918100893882e-01 6.876898483335247558e-01 6.269493258432398131e-01 5.630179460854691786e-01 5.652918216029344523e-01 7.356122910577791441e-01 7.326821608387341644e-01
-1.500000000000000000e+00 8.418199451262380340e-01 8.520523148534517865e-01 8.410587006586751624e-01 8.657328250548335102e-01 8.651067072152636150e-01 8.395557359427932020e-01 8.006596448183783687e-01 8.331217211516825927e-01 8.027832242617856107e-01 7.521242490867598995e-01 6.916430242539423068e-01 7.138231815421223203e-01 8.162629293285479370e-01 8.184631520675723637e-01
-1.000000000000000000e+00 8.031207922862624304e-01 8.154502927874632823e-01 8.035733056222955639e-01 8.207860312001561409e-01 8.284256205605672330e-01 7.955777907964800555e-01 7.688499964478050508e-01 7.999650973140042254e-01 7.816620486449673555e-01 7.324728846163321982e-01 6.722380210293065206e-01 7.082973468245676862e-01 7.625747767530046684e-01 7.694926679425829752e-01
-5.000000000000000000e-01 8.069659816927461371e-01 8.091933183533062124e-01 8.362367169821371959e-01 8.131159709623241305e-01 8.433393294686098995e-01 8.351108514662815008e-01 8.410644421171787899e-01 8.300288673584185206e-01 8.243388715071668926e-01 7.795687997119962187e-01 7.579502991286302116e-01 7.774463458226165136e-01 6.976880715747025841e-01 7.177315264100604386e-01
0.000000000000000000e+00 7.391933316415753019e-01 7.347826376418209460e-01 7.899998556032720165e-01 7.309624931808391679e-01 7.842693257359716341e-01 7.852445959552293298e-01 8.244770590749862516e-01 7.774722092333313794e-01 7.742747869084133372e-01 7.339320099064905456e-01 7.301595179211353148e-01 7.394502893344143679e-01 5.494169056871287538e-01 5.808484818795361937e-01
5.000000000000000000e-01 7.104510369824627025e-01 7.267549026374351406e-01 7.690671437414589029e-01 6.996235144041385023e-01 7.494812143491382805e-01 7.531877196384264561e-01 8.099264333636218005e-01 7.626028646177918091e-01 7.958989084881442633e-01 7.837837724270813045e-01 7.931636416739624718e-01 8.036744310390941948e-01 4.856281584947421681e-01 5.405766968900996838e-01
1.000000000000000000e+00 5.847521733954765821e-01 6.175006267075329180e-01 6.504925439051545411e-01 5.734827307651744199e-01 6.099423104437533549e-01 6.106359726845822511e-01 6.827803608361108223e-01 6.350997265500524236e-01 7.155911482266045232e-01 7.295992472877668167e-01 7.381544727648394755e-01 7.586038403351471615e-01 3.476475784473768149e-01 4.285620827645710840e-01
1.500000000000000000e+00 5.494611830531829222e-01 5.845040090520081666e-01 6.004271108518703937e-01 5.202250711490128410e-01 5.680557048710772605e-01 5.765188460924983715e-01 6.263145874344167030e-01 5.855318365656090318e-01 6.921747295638782660e-01 7.452904718551934815e-01 7.386484107573244584e-01 7.777193820993616447e-01 2.869435654955235782e-01 3.775114217367959712e-01
2.000000000000000000e+00 4.229821849728540029e-01 4.566400088216501230e-01 4.486718201216287616e-01 3.776974293733746935e-01 4.294926963334239067e-01 4.512291088716749998e-01 4.637431521046450067e-01 4.407981312118304240e-01 5.570816110621531481e-01 6.426058840412858242e-01 6.060201654819437067e-01 6.671283570018933240e-01 1.821604836146279438e-01 2.617718509106599090e-01
2.500000000000000000e+00 4.229488406738020068e-01 4.471693295444458816e-01 4.408869674655275239e-01 3.809319331915560491e-01 3.981276866969077344e-01 3.986034359542125483e-01 4.314660608187963486e-01 4.327611943260596394e-01 4.906526945578911780e-01 5.705775138774676902e-01 5.066374703591652873e-01 5.885392779781306594e-01 2.107526762465723458e-01 2.942040582130328596e-01
3.000000000000000000e+00 3.508802772849973772e-01 3.558886774548897791e-01 3.589633595812850020e-01 3.237686291240279290e-01 3.040171514322564383e-01 2.994850711598848747e-01 3.301473098618504798e-01 3.536427450114427717e-01 3.486576219464269100e-01 3.942731171848989913e-01 3.233051827637086761e-01 3.918307047881687266e-01 2.118379721503925173e-01 2.741397014826875700e-01
3.500000000000000000e+00 4.002122758231019262e-01 4.092176156571406542e-01 4.193629345844047118e-01 4.068890595878630334e-01 3.819042658537207258e-01 3.686493495209208215e-01 4.044397392878931186e-01 4.158858968802994216e-01 3.802114679071397774e-01 3.788427745461698803e-01 3.193131726532277836e-01 3.550855919431661900e-01 2.833360444528211231e-01 3.197149127903607946e-01
4.000000000000000000e+00 3.286772018763073344e-01 3.454269457304664503e-01 3.453134233131962549e-01 3.702428264017827431e-01 3.417914853784373985e-01 3.205159769451799145e-01 3.360915550534732121e-01 3.464597077826623850e-01 2.821122087028558045e-01 2.316471500110688364e-01 2.044240030341770431e-01 1.900385839558723644e-01 2.905255495412349953e-01 2.928024153164732191e-01
4.500000000000000000e+00 3.710899868892814646e-01 4.153131919405517736e-01 3.915687581185811617e-01 4.062133243739484145e-01 3.958300329368638071e-01 3.524929087364804259e-01 3.751792547328693939e-01 3.748368089533600234e-01 3.302433415025070040e-01 2.682906515877013232e-01 2.681071893080370638e-01 2.442563004922608805e-01 3.781930289524687572e-01 3.821316074516586392e-01
5.000000000000000000e+00 3.673967530390788161e-01 4.099099272051016651e-01 3.794343925271726481e-01 3.837424543190143256e-01 3.901607349401601255e-01 3.569149316541617711e-01 3.536585899522763921e-01 3.490842427133079573e-01 3.301106454778032218e-01 2.655407515668132268e-01 2.899359025239031107e-01 2.515939851173232267e-01 4.163582996321181229e-01 4.082185136043734452e-01
5.500000000000000000e+00 4.180347466350968766e-01 4.346918677279321130e-01 4.251661973578014231e-01 4.180759986300129349e-01 4.285186099147862415e-01 4.302542998072712566e-01 3.446915810948631420e-01 3.600427022264849342e-01 3.456953633738025777e-01 2.732434818357526440e-01 2.947879407435798349e-01 2.383132250881748737e-01 5.203005651474026383e-01 4.853803213125650329e-01
6.000000000000000000e+00 3.633631292751055009e-01 3.563641347219247413e-01 3.628121593627549601e-01 3.545009086092172357e-01 3.614043021171990944e-01 3.830765498971367977e-01 2.865464392815966210e-01 3.023393823482110054e-01 2.783513498175294032e-01 2.083438362065921923e-01 2.277844135232441614e-01 1.842649858716880196e-01 4.829356658634929023e-01 4.395252698032702798e-01
6.500000000000000000e+00 3.779171458422344587e-01 3.520550807546397598e-01 3.560084046482762665e-01 3.673744239198659667e-01 3.705230229219462768e-01 3.840385735583244919e-01 3.582895242938584635e-01 3.316980708378542975e-01 2.930298402042474937e-01 2.366209672536343234e-01 2.271275589660534944e-01 2.706079390300737408e-01 4.434436138843700359e-01 4.153196126104744534e-01
7.000000000000000000e+00 2.768121340737373925e-01 2.353623635117776391e-01 2.514579696282831511e-01 2.772599030490081606e-01 2.928480974934332126e-01 2.949688370551357131e-01 2.885264445054492310e-01 2.455374297336306855e-01 2.104920001915811523e-01 1.746794105039630174e-01 1.316890161903955248e-01 2.254796799699267107e-01 2.783883151482089979e-01 2.489266457421759060e-01
7.500000000000000000e+00 2.746878254021231647e-01 2.213518445637924770e-01 2.664836023451465641e-01 2.893761906680612506e-01 3.175812416836504282e-01 2.965910807702545893e-01 2.533848096643621650e-01 2.479099936049931618e-01 2.131615626821011522e-01 1.896459296612213186e-01 1.297631525853917833e-01 1.999704681285316976e-01 2.370293632784384319e-01 1.879460055610059910e-01
8.000000000000000000e+00 2.602263548619340727e-01 2.128193716167104954e-01 2.552435887126402458e-01 2.549569276668152140e-01 2.912612982726631161e-01 2.468346983932316607e-01 2.184621228060721898e-01 2.203418371995052027e-01 2.183005237876370908e-01 2.053502227541311731e-01 1.699884033100549086e-01 2.169403629321347005e-01 1.842710682342633133e-01 1.504294948833485024e-01
8.500000000000000000e+00 2.741587210608663616e-01 2.509991001824748991e-01 2.594422642216773212e-01 2.306080461940615833e-01 2.506795181036955422e-01 2.123533280972118853e-01 2.092242200215421177e-01 1.936456016864807061e-01 2.503767509805414626e-01 2.166487458756828355e-01 2.496555183490049568e-01 2.539134218338369164e-01 2.091519757940980551e-01 2.129765414142265612e-01
9.000000000000000000e+00 2.763617842641981071e-01 2.710653248968408202e-01 2.830268318679584616e-01 2.290726172395519677e-01 2.311669753482050171e-01 2.063252415153251362e-01 2.119161993952982659e-01 2.058699847936497629e-01 2.708450742364318931e-01 2.416084042775054064e-01 3.042156788700774994e-01 2.668021142471995177e-01 2.193018400090206432e-01 2.471421412747540902e-01
9.500000000000000000e+00 3.591434331536789704e-01 3.548420378426828670e-01 4.000107536494370564e-01 3.364753914635791876e-01 3.255623644252347293e-01 3.242795911619072990e-01 3.125805053706434133e-01 3.273036405022781148e-01 3.659473472191447918e-01 3.731594490435274913e-01 4.351817882600243492e-01 3.621651349122816388e-01 3.305977895583004367e-01 3.719227517377054482e-01
1.000000000000000000e+01 3.701027706515382376e-01 3.879881542469886258e-01 4.177047663315892612e-01 3.730481564930716587e-01 3.318794127502085467e-01 3.592108331542961386e-01 3.568308004202755956e-01 3.728064293510198746e-01 4.155607654638800441e-01 4.513376034992842567e-01 4.796692655720614651e-01 4.307002322093096414e-01 3.785439357106240577e-01 4.373148928170945693e-01
1.050000000000000000e+01 4.240920226618318800e-01 4.510113508045795472e-01 4.377285331258787826e-01 4.429714388528915303e-01 3.451735395578870991e-01 4.049277640082387664e-01 4.226739024379817522e-01 4.378393609042943724e-01 4.733224960510664658e-01 5.105548918876343656e-01 4.773556269098705451e-01 4.737527888232906381e-01 4.724923161221143419e-01 5.383444132875787602e-01
1.100000000000000000e+01 3.599675751851961758e-01 3.777034284400140884e-01 3.355456851055824696e-01 3.768111267794275188e-01 2.628482224435464976e-01 3.292740508370965991e-01 3.324474121641943780e-01 3.785252477123114412e-01 3.777214554822075354e-01 4.243337750706566158e-01 3.712612609504515326e-01 3.628137279277244831e-01 4.304979254336505079e-01 4.835461138564074446e-01
1.150000000000000000e+01 3.724699167311217862e-01 3.786378558626013469e-01 3.136899307939184922e-01 3.783901813744346976e-01 3.076428206987802394e-01 3.276082770394452837e-01 3.307180240030747065e-01 3.811187458641680514e-01 3.195761084653052642e-01 3.509109958431453347e-01 3.199496066061646715e-01 2.778430074940363426e-01 4.205720976006009360e-01 4.400589573424324996e-01
1.200000000000000000e+01 2.438449661629479293e-01 2.202139919427323900e-01 1.594456076137223399e-01 2.461527884034729330e-01 2.003677064612049696e-01 2.247724729880693495e-01 2.184289047754750801e-01 2.375591934422327522e-01 1.433858325987955318e-01 1.224090186150690318e-01 1.237288706619576462e-01 6.556472556876760671e-02 2.625322901809500342e-01 2.556409778909118913e-01
1.250000000000000000e+01 1.859909791537117940e-01 1.094797104019319678e-01 1.229463354908106182e-01 1.867090523843344119e-01 1.752895925285138934e-01 2.166950728600383069e-01 1.825889445410810996e-01 1.579666862556440010e-01 8.530726032642313439e-02 -3.038032749975369540e-03 5.521131671832496535e-02 -4.533421254076758916e-03 1.227304350775029751e-01 1.165714116944147338e-01
1.300000000000000000e+01 2.062403602275927617e-01 1.188137021429901408e-01 1.650103892957831830e-01 2.156238003987041019e-01 2.434313507894516615e-01 2.415627497971342963e-01 2.022942507054505401e-01 1.677830490724412926e-01 1.063742499364516564e-01 -4.297236227924480789e-03 6.550938136042490367e-02 1.121849869241714481e-02 1.409394644752950398e-01 1.014632852612386560e-01
1.350000000000000000e+01 3.138098523585178823e-01 2.767278730946450271e-01 2.992131246596059224e-01 3.404738820864657844e-01 3.872277953792009897e-01 3.128858144369688343e-01 3.003906837397916640e-01 2.774440869614276384e-01 2.351411422423305142e-01 1.478292920216613959e-01 1.787313512739094334e-01 1.286489950920091663e-01 3.545641109348409703e-01 2.721849896401441482e-01
1.400000000000000000e+01 3.237931306967060108e-01 3.109328587260543619e-01 3.255094175060050943e-01 3.541456529437088108e-01 4.112830251600101406e-01 2.992820122591363097e-01 3.117434438787550777e-01 2.914318421359673450e-01 2.640545262496828416e-01 2.038077643504120628e-01 1.880998029061654864e-01 1.663351932668881705e-01 4.135193137769118676e-01 2.941525410139762542e-01
1.450000000000000000e+01 4.103761211146775834e-01 4.130038970649202446e-01 4.107962130716280580e-01 4.152760035534387439e-01 4.528127972854867900e-01 3.774804710375757599e-01 4.110983705304129265e-01 4.034553251392561934e-01 3.969111071408101821e-01 4.093280345089824745e-01 3.121271234220810986e-01 3.472110438074942351e-01 4.727237436730721276e-01 3.570899945997657587e-01
1.500000000000000000e+01 4.361307846959044388e-01 4.585464640350677135e-01 4.492186035064235639e-01 4.197245481220013286e-01 4.782133341496027090e-01 4.299780106789385936e-01 4.926297367669935090e-01 4.521741571336478360e-01 4.301590791573276507e-01 4.810080812945630724e-01 3.676677513354932314e-01 4.068774673793120744e-01 4.488850292174201284e-01 3.797632958230587885e-01
