# # time shift (tau) UVW2 Cont1150_not_optical_calibrated LyAlpha_not_optical_calibrated HBeta_not_optical_calibrated OI8446_not_optical_calibrated Cont1460_not_optical_calibrated
-5.000000000000000000e+00 4.239795435277071700e-01 2.924576913155903513e-01 3.267210756895447821e-01 2.112824561982387106e-01 -2.269444271367015639e-02 3.682335084685914861e-01
-4.500000000000000000e+00 4.598776663432613820e-01 2.890110319274434847e-01 2.573519997221088706e-01 1.889070917389913118e-01 -2.173448240534685549e-01 3.431964141065302343e-01
-4.000000000000000000e+00 5.526836099248632062e-01 3.032610484935092110e-01 1.804798417761260265e-01 1.792743465791959423e-01 -3.518599899683318988e-01 3.415837414071951628e-01
-3.500000000000000000e+00 5.670117840239641271e-01 4.938953923428968107e-01 3.395233595534612459e-01 3.130973651577602102e-01 -1.845673528403734553e-01 5.253426208912765905e-01
-3.000000000000000000e+00 6.382329955450971593e-01 6.020842621809121553e-01 3.106892018923961274e-01 2.186982000684156990e-01 -1.583949690187537798e-02 6.217413456557139284e-01
-2.500000000000000000e+00 6.950430146803203701e-01 7.269441931498992204e-01 4.044942028506327558e-01 3.481423842328217888e-01 1.292146266040767044e-01 7.370142047779281169e-01
-2.000000000000000000e+00 7.792557777924735696e-01 7.215926168799655649e-01 4.730265029736253624e-01 4.030434244743356098e-01 2.135730666817499401e-01 7.321317096067792018e-01
-1.500000000000000000e+00 8.189056126449438811e-01 7.681152672969818740e-01 6.774202142376682945e-01 5.909630831328334111e-01 3.922623181707521889e-01 8.082606259036493324e-01
-1.000000000000000000e+00 8.146493071823983634e-01 6.910579482147825026e-01 7.329973945500444232e-01 6.134062056264016904e-01 3.001044041795346562e-01 7.559329519747026715e-01
-5.000000000000000000e-01 7.655939595155681898e-01 6.599317491819247650e-01 8.039089996978597830e-01 9.093447673031511691e-01 5.993387803089651467e-01 7.197262999091353919e-01
0.000000000000000000e+00 6.610711445785064644e-01 5.483692091320929718e-01 7.772302972250573205e-01 1.000000000000000000e+00 6.601505218579859502e-01 6.040870809509720774e-01
5.000000000000000000e-01 5.299538521894870957e-01 4.665006799893888778e-01 7.676853621477950362e-01 9.093447673031511691e-01 6.476252191445766027e-01 5.383294779833820431e-01
1.000000000000000000e+00 4.115801797513854998e-01 3.157851907871790376e-01 6.036612992048140391e-01 6.134062056264016904e-01 4.277200292559190098e-01 3.998224558337660772e-01
1.500000000000000000e+00 2.448911138844758195e-01 2.328079706498350221e-01 4.865610760620271424e-01 5.909630831328334111e-01 6.069464939823037142e-01 3.219240953656439808e-01
2.000000000000000000e+00 2.278959242308584154e-01 1.025081956872016392e-01 2.939614489832823030e-01 4.030434244743356098e-01 5.660654287510744620e-01 1.850484507605006101e-01
2.500000000000000000e+00 1.448418607347028986e-01 1.291194265284536513e-01 2.998246576771763650e-01 3.481423842328217888e-01 4.414888089423040785e-01 2.198368009111454913e-01
3.000000000000000000e+00 2.474267444371005542e-01 1.502953863077301777e-01 2.234331146184850292e-01 2.186982000684156990e-01 1.650154647320244972e-01 2.224699992915694369e-01
3.500000000000000000e+00 1.861507879585816427e-01 2.558448847642827428e-01 2.393965776210301988e-01 3.130973651577602102e-01 1.851662997796721943e-01 2.993996644844154065e-01
4.000000000000000000e+00 2.814759934751572823e-01 2.844050909345561262e-01 1.560032227310779729e-01 1.792743465791959423e-01 -4.700448796775981430e-02 2.990452962906423595e-01
4.500000000000000000e+00 2.922175156560243292e-01 3.526843879309928820e-01 1.941882604690484959e-01 1.889070917389913118e-01 -2.289043821910611426e-02 3.773343118137592045e-01
5.000000000000000000e+00 2.870632145668520208e-01 3.923336187269236275e-01 1.879017168394776505e-01 2.112824561982387106e-01 1.160240856731077214e-01 4.019027510080644960e-01
5.500000000000000000e+00 3.003116526084378402e-01 5.282693021753168683e-01 1.237265556141013967e-01 2.917282684226153444e-01 1.898379268602404801e-01 4.838024101672955268e-01
6.000000000000000000e+00 3.749784391773279268e-01 5.175177848028972294e-01 9.584402940608574561e-02 2.889906920565942783e-01 1.373867636690295213e-01 4.461605809162845215e-01
6.500000000000000000e+00 4.107979568813366900e-01 4.947308147509094090e-01 2.531874794112682903e-01 3.747265040459348828e-01 2.230592690750735629e-01 4.401032306389121573e-01
7.000000000000000000e+00 4.035341733104363948e-01 3.259749699207822315e-01 2.848711016187305822e-01 3.413676708456572229e-01 2.218931576713312204e-01 2.904242569489458581e-01
7.500000000000000000e+00 3.134287805482376399e-01 2.562996696345636871e-01 3.298212317901427215e-01 4.038997178977931091e-01 3.333942971171769409e-01 2.430886918845944211e-01
8.000000000000000000e+00 2.144257299161388131e-01 1.871573628338047413e-01 3.137374831682514520e-01 4.442602421938088852e-01 2.699740910117146009e-01 1.966223154207188961e-01
8.500000000000000000e+00 1.801456980385823248e-01 2.209002104026285829e-01 2.289869457691141030e-01 4.151331378234671132e-01 7.311653508002993740e-02 2.356527582778485119e-01
9.000000000000000000e+00 2.154193719946067009e-01 2.482882104749336016e-01 1.810327101647513093e-01 4.102380160189530445e-01 6.604618584172614049e-02 2.564578075485800523e-01
9.500000000000000000e+00 2.673899697089365812e-01 3.740176106039274084e-01 2.603717456174362566e-01 4.241624791700142061e-01 3.738128296655142124e-01 3.761289803716759694e-01
1.000000000000000000e+01 2.435320604602285166e-01 4.142137112107706631e-01 2.753267620778562241e-01 2.796633143260390808e-01 4.308954742888029266e-01 4.259947139501819580e-01
