# # time shift (tau) HDelta HGamma HeII4685 HBeta HeI5875 HAlpha HeI5015 OI8446 HeI4471 HeI7065 OIII5007 LyALpha
-5.000000000000000000e+00 5.525935694420540389e-02 8.427135309149566544e-02 1.889097531878776159e-01 1.766443269547415817e-01 1.415054370763955682e-01 -4.759406717472747760e-03 -3.753239392053978607e-01 -2.929571775954527973e-02 -4.049017905286165231e-01 2.713536416048871747e-01 -4.547767118525074537e-01 3.163045395297954254e-01
-4.500000000000000000e+00 3.719267522389421710e-02 1.502823014224496240e-02 1.640838542739844752e-01 2.265605734976534891e-01 6.698293807044243542e-02 2.978783252015543975e-02 -3.504567088554536025e-01 -9.246834221376244722e-02 -3.105017530233099565e-01 2.739558766097031084e-01 -4.222509329929527988e-01 2.694212608885465654e-01
-4.000000000000000000e+00 5.641722675883036053e-02 -4.306505409772502097e-02 1.913780445854421919e-01 2.193033379419637441e-01 -4.369774319548727637e-02 -2.499730210315882079e-02 -2.253783208033999785e-01 -2.010569187541222658e-01 -1.296762098495539139e-01 1.834308537818754581e-01 -2.786756465578110742e-01 1.783183926224804483e-01
-3.500000000000000000e+00 1.834434747052792747e-01 1.647646320956185351e-01 3.673415993665495871e-01 3.721153602738251909e-01 1.598812558014530150e-01 1.298336240473686454e-01 -3.327818066043168321e-01 -1.118854350004935549e-01 -1.085367496376602597e-01 1.636689186925132655e-01 -3.786603795878078493e-01 3.592902495227854875e-01
-3.000000000000000000e+00 1.287192699397353701e-01 2.260184726672676558e-01 3.927194960959422554e-01 3.065261499380956822e-01 2.457793571436940328e-01 1.982930162367576021e-01 -3.496751828670614515e-01 5.956584473763447407e-02 -1.963441876359048877e-01 3.430586607972666707e-02 -3.803497998394139157e-01 3.593138066485824789e-01
-2.500000000000000000e+00 3.190659882664405589e-01 3.597614820397806445e-01 4.748233299817694597e-01 3.588905816137301641e-01 4.230958047198798422e-01 2.194275491655808819e-01 -3.949034989995925948e-01 7.825423951534714317e-02 -1.512647827832877823e-01 -7.602872428012844019e-04 -5.309864631581300287e-01 4.204173305931584448e-01
-2.000000000000000000e+00 4.790120181411763323e-01 3.890781647115094666e-01 5.002762705307004509e-01 3.011332370296888050e-01 4.132745843913779860e-01 1.067115698777168220e-01 -4.150803485543095306e-01 2.464408179798699416e-02 -1.094151955691274741e-01 -6.552111058101814378e-02 -5.585864646285156887e-01 4.318926976729267619e-01
-1.500000000000000000e+00 6.738544409929024814e-01 6.186493075289576371e-01 7.131827539438787555e-01 5.107403874083558115e-01 5.844090702100864787e-01 2.979708059107959994e-01 -2.771453587534332685e-01 2.260090566925854194e-01 3.776580816084086634e-02 3.317290627978168593e-02 -5.432870518764932877e-01 6.545238023658261906e-01
-1.000000000000000000e+00 7.219233581734111338e-01 6.686803574893938062e-01 7.638468861257096121e-01 5.702631443870178618e-01 6.051193183571239587e-01 3.311492593621813141e-01 -7.040881855998838701e-02 2.103173534138153833e-01 1.129976603330894447e-01 7.694968678243367666e-02 -3.417145052081342338e-01 7.214443730058921478e-01
-5.000000000000000000e-01 8.201198184090869869e-01 7.621045670591237720e-01 8.154009203045247123e-01 7.685764534819693461e-01 6.260608248392279807e-01 4.977974700874996383e-01 1.509155834837359045e-01 3.524546578254350582e-01 4.120606432981337441e-01 2.806139173586931213e-01 -2.004525974192554461e-01 7.516151935144697038e-01
0.000000000000000000e+00 7.993545605871046345e-01 7.265899660886468991e-01 7.496775886965008073e-01 8.235187892329787207e-01 5.453540970982493352e-01 5.203056106686445581e-01 3.109255278730924665e-01 3.373994833356620537e-01 5.691701071753587637e-01 3.456858308385190592e-01 4.710944263801901399e-02 6.845417498586148231e-01
5.000000000000000000e-01 8.382039715636525612e-01 7.504820113535244364e-01 6.952466877394209988e-01 8.241827872583609160e-01 6.490685052964439983e-01 6.416950307517035323e-01 2.681273830218369181e-01 4.452755792366490661e-01 5.421442030532379608e-01 4.891101769152783607e-01 -4.987341090224512580e-02 7.370960369560014547e-01
1.000000000000000000e+00 7.450209922314470212e-01 6.677545883812822103e-01 4.796959513390173235e-01 6.999571693412161011e-01 6.323374837949842231e-01 6.485619870245735719e-01 1.469512974531391736e-01 4.508950092716506042e-01 3.722686017073799092e-01 5.097669971288256718e-01 -1.264677562439941172e-01 6.524417164269151748e-01
1.500000000000000000e+00 6.536305413972498535e-01 7.411889301987456546e-01 3.258269966419939934e-01 7.806244732643363715e-01 6.496066519012075879e-01 7.948248704090378203e-01 3.313079333116860647e-01 6.792351604386490660e-01 5.065046074914802965e-01 6.673962609589090267e-01 -1.121264668824215049e-03 5.993498029540937910e-01
2.000000000000000000e+00 4.604860988475072969e-01 6.880328678866607373e-01 1.170093501360568028e-01 7.201724854559676814e-01 5.581481331110511590e-01 7.785974243436015740e-01 3.424914148077326526e-01 7.243238612858478032e-01 3.716811583069731251e-01 6.465871983517097465e-01 2.850336173168210169e-02 4.616593938868073232e-01
2.500000000000000000e+00 3.888269906448634239e-01 5.913533704819183834e-01 7.107888975957754596e-02 6.622899935155859286e-01 5.103677690551730040e-01 6.581259531125802642e-01 3.825791190795724828e-01 6.684946192873775228e-01 2.189066793291571666e-01 4.723220429973304935e-01 2.092679771261520688e-02 4.674238734285890429e-01
3.000000000000000000e+00 2.201580890087395659e-01 3.526493925047048394e-01 1.958731213187257791e-03 4.622195176705171660e-01 3.385305194588448252e-01 3.905322108907931522e-01 2.395538733154309319e-01 3.828280794267815423e-01 -4.276639081357631877e-02 1.591549892878798556e-01 -7.259960048485020190e-02 3.482610731481487476e-01
3.500000000000000000e+00 1.607546826003812268e-01 2.237532487429985673e-01 5.256922001237454567e-02 3.722821278790814370e-01 2.519133972824116330e-01 3.055517433178867592e-01 8.785790641983505511e-02 2.137112101570583789e-01 -1.390449343588769093e-02 -4.184197998306750377e-03 -2.062274930725575273e-01 2.790657540857743868e-01
4.000000000000000000e+00 2.150744773050448921e-02 7.458367531976733966e-03 9.403489839182366250e-02 1.163031828065988760e-01 6.989363000949497251e-02 7.743048449663916810e-02 -1.627882282092343313e-01 -1.015080440389379557e-01 -1.526967569541856085e-01 -1.593610683652805504e-01 -3.375415007284775504e-01 1.302854656374111131e-01
4.500000000000000000e+00 1.602625712427105387e-01 8.255237820339744736e-02 1.949399065054345515e-01 1.870209781711730801e-01 8.175197496856670409e-02 1.310350281632218505e-01 -1.601795794566782116e-01 8.665832184727767507e-02 -9.351889915022115751e-02 -1.642153479493367318e-01 -2.265167283699481282e-01 2.082139699107533604e-01
5.000000000000000000e+00 2.222195997812416723e-01 1.318019694639941397e-01 2.987190826256482246e-01 2.211476151588643302e-01 7.240083705636368716e-02 1.539142167711408382e-01 -1.185229404926244623e-01 2.549896211031147941e-01 2.702805425912516157e-02 -1.772901726314216331e-01 -8.537940947664827973e-02 2.083181874261570421e-01
5.500000000000000000e+00 2.438884012453678141e-01 1.262925659700343262e-01 3.916063148298628560e-01 2.614429559535759173e-01 4.833771675514193789e-02 1.268536268383743948e-01 -1.202120704040230970e-01 3.088602829154166729e-01 1.734951052384007542e-01 -3.723577277720528933e-01 -8.723011803631119943e-02 1.159444337596394481e-01
6.000000000000000000e+00 2.617839443923957177e-01 1.276061588657098067e-01 4.175310110217759219e-01 2.179594027532889833e-01 4.943311714237581117e-03 5.418076247882137875e-02 -1.066675082020245996e-01 1.896915217113551710e-01 2.561027739408558990e-01 -3.918261844799851845e-01 -4.187426024585541584e-02 6.256111225280353016e-02
6.500000000000000000e+00 2.819810302884628306e-01 2.256625559047290563e-01 5.059790166689632773e-01 1.963148059537095924e-01 -5.395846092397044158e-02 5.466679164669474567e-03 -8.041582120153586977e-02 3.921468805121856860e-02 4.231920167903744368e-01 -2.776961565514057817e-01 -2.763995601355209719e-02 1.599648955582019250e-01
7.000000000000000000e+00 2.109311674743123144e-01 2.212713885618370624e-01 4.230128697548275474e-01 9.589578235243949311e-02 -5.774064157629037880e-02 -1.110348835329875994e-01 -2.219313346746075721e-01 -1.102852242329772775e-01 4.325197807604547195e-01 -2.937690897399057588e-02 -1.915426459299610085e-01 1.522958623030423175e-01
7.500000000000000000e+00 2.363521105303964254e-01 2.297943851698143469e-01 3.340263591888025241e-01 1.296844956092533252e-01 1.267978691869571239e-01 -1.298958070347111249e-01 -3.733479922241776938e-01 -9.357022736382286654e-02 3.438312168340322827e-01 1.959343278841752523e-01 -4.149977861589409511e-01 1.739878471722952902e-01
8.000000000000000000e+00 2.521249472603531716e-01 2.446483369006290376e-01 2.299753095768526934e-01 2.300794344864146856e-01 2.948789054830733836e-01 -1.834449814929564951e-02 -2.249385206431589457e-01 -3.964960058817528638e-02 3.418828516855376698e-01 3.223246762714209179e-01 -3.432862378833871908e-01 1.976744608397117409e-01
8.500000000000000000e+00 2.644886837112699896e-01 2.218855069000896796e-01 1.739904684008407587e-01 3.254083677918530038e-01 3.558438856770271830e-01 1.436023969648010934e-01 1.210457081649982114e-01 -1.423458742210950700e-02 3.744744110328410147e-01 2.167317966371252180e-01 -1.079408651210062853e-01 1.826252765304001713e-01
9.000000000000000000e+00 2.634940201311022356e-01 1.949560787764657854e-01 8.371601830426876611e-02 3.732847463209499894e-01 3.428469614350828087e-01 2.643653386769730940e-01 2.375900396330316577e-01 8.346364929879496186e-02 2.887034283350443653e-01 2.149319702642324414e-01 -8.683455102202643217e-02 1.745442367619360335e-01
9.500000000000000000e+00 2.710159610330735713e-01 2.416059076454789012e-01 1.128589833749705784e-01 3.814073397702094637e-01 2.310185742031869438e-01 3.869546776037208757e-01 3.799025310721177578e-02 3.068540298322771087e-01 1.531404102785986487e-01 4.122230533868519453e-01 -3.165761715108481034e-01 2.620607569779332402e-01
1.000000000000000000e+01 2.490360360016232733e-01 2.454110389150598592e-01 7.666665355622812039e-02 3.115669613092543200e-01 1.583397286784962998e-01 4.900965429226024073e-01 1.664836963560764604e-02 3.911324799301744704e-01 2.184829882047152616e-02 3.704974784733576776e-01 -3.680267983899476736e-01 3.222952763501175100e-01
