# # time shift (tau) Cont4010 Cont4200 Cont4440 Cont4765 Cont5100 Cont5600 Cont6045 Cont6110 Cont6880 Cont7390 Cont8015 Cont8900 Cont1150
-1.000000000000000000e+01 2.254488174212306711e-02 5.133389812155552540e-02 1.455388498111555573e-01 4.852503101959103338e-02 1.949383214419493637e-01 1.304298786301042179e-01 1.754168186453437250e-01 1.045822670969174563e-02 -8.809244314642097895e-03 -5.975605487666793558e-02 -1.012373861377945383e-01 -1.012960512556806275e-01 -2.195830729048057206e-01
-9.000000000000000000e+00 9.480964044810466507e-02 1.260797353063350668e-01 1.859175226188037877e-01 8.850503081675278882e-02 2.075288960686218764e-01 1.372165701819036965e-01 1.187969682796315984e-01 -1.676813127570767753e-02 3.232101627329934945e-02 2.464841277310375611e-02 -4.397122777097926816e-02 -2.416536950320834209e-02 -1.337505454697687224e-01
-8.000000000000000000e+00 3.387305752638585243e-01 3.349078352558240157e-01 3.783302952977337652e-01 3.005090510103181067e-01 3.611741169216693415e-01 2.987461621326651939e-01 2.330335441242090688e-01 1.815275167336413698e-01 1.749470257571522636e-01 1.704890924686034981e-01 6.708283429271996723e-02 4.837091699291069108e-02 1.045229479742119938e-01
-7.000000000000000000e+00 5.003383441267237330e-01 5.038459655276472660e-01 5.365133428098741719e-01 5.019653287465755120e-01 5.193437734639658743e-01 4.839858360530406856e-01 4.604252291390183993e-01 3.976289310041424274e-01 3.327377995718061587e-01 2.509535279689918963e-01 1.653286127356516644e-01 9.875626358399022808e-02 2.667161137826301598e-01
-6.000000000000000000e+00 6.148193390988226925e-01 6.159687523178715152e-01 6.414718841459192689e-01 6.060483892730255118e-01 6.377545937231486883e-01 6.407354980665015409e-01 5.749260343899209591e-01 5.226004780450117515e-01 4.908994766196684290e-01 4.032597193961591220e-01 3.377373623191742835e-01 2.776663573803507257e-01 3.434307614002954923e-01
-5.000000000000000000e+00 7.138846313394692222e-01 6.844167663022651116e-01 7.009361001694068838e-01 6.582219019483217526e-01 6.822036248579128603e-01 7.070437602014707501e-01 6.369939160616795437e-01 5.870287177906299281e-01 5.849808331054680011e-01 4.815919966364272664e-01 4.834282996952045108e-01 4.116048429871436154e-01 5.097601431341958200e-01
-4.000000000000000000e+00 6.789971621117660838e-01 6.375697978854244496e-01 6.556867793302010305e-01 6.379923787806829338e-01 6.441026108282805751e-01 6.740051678696630244e-01 5.944420784218810150e-01 5.583996114623618334e-01 5.387426963681702929e-01 4.440885789871877876e-01 4.227782331006817440e-01 3.850833600223579900e-01 5.188633494191730033e-01
-3.000000000000000000e+00 7.912947711563674824e-01 7.537461735309228805e-01 7.569897838073211815e-01 7.531202560735277274e-01 7.552790860436184861e-01 7.431532181269386861e-01 6.683564106410614380e-01 6.727330753570388566e-01 6.712259631252546210e-01 6.124948416061914980e-01 5.627971078451341480e-01 5.723309010938528729e-01 6.348186125984081052e-01
-2.000000000000000000e+00 8.980964381683227415e-01 8.777518006144184870e-01 8.848397186888316002e-01 8.806379175326564113e-01 8.814703126548998346e-01 8.422990956465783441e-01 8.045097910517871043e-01 8.282712839248733694e-01 8.016183523525883814e-01 7.400592018880198797e-01 7.203776798526866365e-01 6.858517593474990903e-01 7.999294851372582560e-01
-1.000000000000000000e+00 9.258590612295347633e-01 9.300495629279437182e-01 9.455654065648705364e-01 9.320032414995533809e-01 9.373518601335586453e-01 9.331841199345681792e-01 9.094476024842051975e-01 9.144998180438612678e-01 9.041522426487937913e-01 8.551908959206024896e-01 8.287657777672408077e-01 8.123193406917950110e-01 8.132113715016858757e-01
0.000000000000000000e+00 9.592609345855803715e-01 9.728844772825637754e-01 9.719996168464224429e-01 9.552901865254144198e-01 9.655879588580295048e-01 9.692388312001126716e-01 9.758894685196385366e-01 9.811458825551284679e-01 9.999999999999998890e-01 9.859830494929258116e-01 9.728729331753265264e-01 9.674510280398843642e-01 8.175398023981207407e-01
1.000000000000000000e+00 8.189995233791799167e-01 8.350214025004447649e-01 8.547379536959691659e-01 8.140352057457499457e-01 8.461610282846936393e-01 8.667775351107130932e-01 9.011434318376286834e-01 8.794789007419925309e-01 9.041522426487937913e-01 9.003405788093297168e-01 8.780492613305364014e-01 8.969968728125872204e-01 6.234540030199688943e-01
2.000000000000000000e+00 6.866465745307638313e-01 7.051623949571199645e-01 7.271766437935851535e-01 6.682696281700324370e-01 7.209933757071819160e-01 7.267412266446444669e-01 7.738611995276177824e-01 7.417590012312373915e-01 8.016183523525883814e-01 8.203140916640021540e-01 7.842183174948581525e-01 8.445543983211503125e-01 4.024417349862299820e-01
3.000000000000000000e+00 5.715783262269136245e-01 5.938715972678626498e-01 6.165350565499634339e-01 5.467418160840651353e-01 6.007729472964303818e-01 5.648644240938909267e-01 6.365215950630624953e-01 6.171587804349527584e-01 6.712259631252546210e-01 7.046059282698473591e-01 6.785714067809651695e-01 7.371625233113947573e-01 3.445180064002092424e-01
4.000000000000000000e+00 4.689952666415595495e-01 5.343255067641792255e-01 5.340908416823683114e-01 4.788163261639766244e-01 5.095989710392478944e-01 4.676587402564787443e-01 5.247384791072127186e-01 5.213499356981813326e-01 5.387426963681702929e-01 5.562323051170814381e-01 4.872849083481494703e-01 5.508673812325316499e-01 3.492673212907003721e-01
5.000000000000000000e+00 5.385802919084792251e-01 5.928974274007554612e-01 5.776160621870238820e-01 5.383754632303626719e-01 5.499383251180536281e-01 5.462143482497813229e-01 5.562896766013557537e-01 5.633486646713030677e-01 5.849808331054680011e-01 5.871515105272430146e-01 5.610587047740422939e-01 6.101289203620146040e-01 5.100075150524752132e-01
6.000000000000000000e+00 5.022480359820055140e-01 5.267597959281227205e-01 5.280297626450223270e-01 5.147743421623907079e-01 5.084836728735150357e-01 5.182720814554755417e-01 5.097091186981814737e-01 5.245847670623196013e-01 4.908994766196684290e-01 4.527023543011789442e-01 4.525630550857133727e-01 4.882194142507053636e-01 5.295284113021707650e-01
7.000000000000000000e+00 3.565975390348539165e-01 3.599904670366150250e-01 3.529682253294812999e-01 3.652043840751837966e-01 3.545689628167956742e-01 3.868955550997451587e-01 3.095202342060660028e-01 3.191323931084524279e-01 3.327377995718061587e-01 2.530632101817916202e-01 2.535848117615495667e-01 3.130169267620853679e-01 3.942293923635655783e-01
8.000000000000000000e+00 2.193616577130005074e-01 1.773362039851356098e-01 2.157225370983361090e-01 1.869736815824624698e-01 1.993649767436031506e-01 1.859699835042484262e-01 1.448426377177520763e-01 1.398392831308214179e-01 1.749470257571522636e-01 1.283725099695476879e-01 1.484976169481179720e-01 2.057471008507248678e-01 2.105114929437149063e-01
9.000000000000000000e+00 7.748102306163925923e-02 3.128238196119220715e-02 1.260936830459119529e-01 6.887618139749503154e-02 5.193521613316255670e-02 1.360984982736453131e-02 2.151659408756564223e-02 1.325781156649942505e-02 3.232101627329934945e-02 1.125157993113138494e-02 -1.171411971998306822e-02 2.879012039802342215e-03 6.208743527171480675e-02
1.000000000000000000e+01 6.477681909462282284e-03 1.095583897749099686e-02 8.331594241594110495e-03 -8.367146331272168336e-03 -4.692279453162252756e-02 -8.068282695304145047e-02 -3.883070212823468148e-02 -4.624932057187038092e-02 -8.809244314642097895e-03 3.775037360755705701e-02 2.462911280659031699e-02 -7.695414960407709337e-03 -4.704850408527209982e-02
1.100000000000000000e+01 1.000664958140086991e-01 7.969278862028006394e-02 5.670801810063124532e-02 8.368043001813482706e-02 1.083201051575440055e-02 5.284268237723770134e-02 3.763175005080396374e-02 7.446666633915144384e-02 4.653381291593058217e-02 1.012290303485918336e-01 1.180410542142660141e-01 1.088005536546304830e-02 1.121632733204566829e-01
1.200000000000000000e+01 2.103717841613303996e-01 1.897827419242341662e-01 1.231864682311897552e-01 2.316682090817314688e-01 1.202252293206474004e-01 2.065557094522113557e-01 1.617350738585577041e-01 1.961058878262388894e-01 1.396673681843417225e-01 1.127571728688138153e-01 1.416968351162889161e-01 3.306542106375900264e-02 3.037754610482393813e-01
1.300000000000000000e+01 2.733368606154086278e-01 2.214566722550414257e-01 1.838346013984056004e-01 3.025680994066676233e-01 2.733633312680471827e-01 2.861512140729567388e-01 2.497347930999231913e-01 2.598762765657659513e-01 1.719202121415069895e-01 1.247562691746764568e-01 1.372818940650529507e-01 6.822194628951105955e-02 2.474243274517277935e-01
1.400000000000000000e+01 3.466393058960854368e-01 2.731073674843130239e-01 3.068906763659586256e-01 3.646272949988980105e-01 3.960882811239289647e-01 3.422678104411511213e-01 3.429649849900030523e-01 3.057558722114616101e-01 2.134161840103206143e-01 1.121464077132752757e-01 9.789593919110514686e-02 5.704544382102383349e-02 4.000047627444520693e-01
1.500000000000000000e+01 5.179992322447986020e-01 4.774376697461650831e-01 5.059137873401757801e-01 5.252375134436776394e-01 6.392436578330584762e-01 5.150230748536062109e-01 5.544701301564051166e-01 4.803346978228369979e-01 3.995025069934217132e-01 3.593015995050640177e-01 3.456916987192542035e-01 3.172504935775478097e-01 4.135601856545495503e-01
