# # time shift (tau) HDelta HGamma HeII4685 HBeta HeI5875 HAlpha HeI5015 OI8446
-1.000000000000000000e+01 8.159433917458359942e-02 1.686895731217201155e-01 -1.098043776808884514e-02 1.725379931106208742e-01 -2.739597991663066945e-01 -1.977734556644971109e-01 -1.428593851058811981e-01 -1.382644984454712289e-01
-9.000000000000000000e+00 -1.838719109949706609e-01 1.414142753923179341e-01 -1.658976808461939401e-01 2.273654477956312259e-01 -2.016334012698069167e-01 2.165414867270011590e-02 -1.502961399855855529e-01 2.500400784644816188e-01
-8.000000000000000000e+00 -2.184336266494068535e-01 1.611473844330334193e-02 -5.003924235347333160e-02 -8.832176837668265224e-02 -1.664537154371633632e-01 -1.828106372974686034e-01 -4.218743519428075350e-01 3.700314423855573243e-02
-7.000000000000000000e+00 -1.045272988092388888e-01 -2.676288998420578435e-02 2.362931118813865472e-01 -1.817015998233395546e-01 -2.740782231044315842e-01 -2.522458538011128626e-01 -3.375645294712470434e-01 -2.313878193397499172e-01
-6.000000000000000000e+00 9.915570238091563071e-02 1.840812572185089313e-01 4.612932014773970524e-01 1.379289248184390193e-01 -1.005309490643885584e-01 -7.746077151615865519e-02 -3.280402060111237139e-01 -9.552530799120603766e-02
-5.000000000000000000e+00 2.165388200513334582e-01 2.194975932530430218e-01 3.961078144499841081e-01 2.459341187129789053e-01 -3.892191220167053045e-02 -5.302268953127447365e-02 -3.823743185984468940e-01 -1.395585096776591760e-01
-4.000000000000000000e+00 1.187954817325078960e-01 2.739122943041650826e-01 2.464648572094703394e-01 3.803445313306462738e-01 -2.975035117799955386e-02 -1.398164249201328674e-02 -3.589173964157363894e-01 1.409063924302352833e-01
-3.000000000000000000e+00 3.154570242218945886e-02 1.060525961164720116e-01 1.426522304797357976e-01 3.641853183670473726e-01 1.236366954657412698e-01 -7.248410823628703703e-04 -3.234408720048188579e-01 2.024441579846872341e-01
-2.000000000000000000e+00 1.542542137175433314e-01 1.462553123153172152e-02 1.993467631192687162e-01 2.606816210140093792e-01 1.390118476461014441e-01 3.736995289005790033e-02 -4.448137207629810352e-01 -1.036353703843682222e-01
-1.000000000000000000e+00 3.496025276732928067e-01 2.437248824938643699e-01 4.441522544035689246e-01 3.635054724926318204e-01 3.024596762680332729e-01 2.115644195862518562e-01 -4.266158764002760950e-01 1.383356807497927721e-01
0.000000000000000000e+00 5.569679315804165753e-01 4.702607960929136022e-01 7.164906993248354450e-01 4.636461486815979804e-01 5.050659500531392565e-01 3.866216754019839996e-01 -1.317531037328438515e-01 2.523553109470422218e-01
1.000000000000000000e+00 7.301362930888852798e-01 5.842844962598062741e-01 8.226694871326625247e-01 4.708710199636287896e-01 4.566312969053947790e-01 3.310359462832858646e-01 -1.484345592850472295e-01 1.259073755567068353e-01
2.000000000000000000e+00 7.925458518909693773e-01 7.464899197519789809e-01 7.480316954220657122e-01 6.585929461171105004e-01 6.480359318180859418e-01 4.633487705069250784e-01 -3.537069881072951727e-02 2.633079594425085657e-01
3.000000000000000000e+00 6.432805795213540900e-01 7.221115219995736245e-01 3.023852649591625696e-01 7.825381348499795831e-01 7.589688915287624571e-01 6.309034006576109688e-01 1.645016582832035945e-01 3.371606116205825843e-01
4.000000000000000000e+00 4.754377020126121511e-01 5.014912737423021794e-01 5.626090995064331191e-02 6.228086825641706570e-01 6.148087857968891345e-01 6.429047654704143078e-01 1.408503908296609708e-01 5.441933655173223361e-01
5.000000000000000000e+00 3.836846206568443884e-01 4.117627211510128671e-01 8.153695040274418215e-02 5.449241116950679364e-01 5.886455168481591338e-01 6.846369559705960395e-01 2.851965728072145545e-01 5.614172487711126536e-01
6.000000000000000000e+00 3.356305282010502156e-01 2.379543350169324722e-01 2.021749522266188814e-01 3.113250640307299588e-01 3.243965972068881820e-01 3.435744946858595439e-01 2.429088579514407098e-01 7.310276765152995404e-02
7.000000000000000000e+00 3.784025296525035387e-01 3.638726022724798614e-01 2.792475015363746205e-01 3.020070120190924690e-01 2.215732669104552022e-01 2.622400892356503421e-01 2.069461420987520062e-01 1.570200180495959219e-01
8.000000000000000000e+00 2.930826324966905316e-01 3.905429666826473190e-01 1.264692995270486897e-01 3.081336575184275284e-01 1.321384250037184183e-01 1.172171461588335240e-01 3.015611029387702535e-01 4.453801061088257240e-01
9.000000000000000000e+00 1.165042550372110269e-01 6.104367784951375553e-02 -1.345879842954239292e-01 2.347969236258673487e-02 -1.130958407322610881e-01 -2.193307455812465723e-01 5.454641472657191514e-02 1.859951496860423603e-02
1.000000000000000000e+01 -1.778669764741415693e-01 -1.366745281650062482e-01 -3.932107450832830198e-01 -9.239193482094772147e-02 -2.527473815530096313e-01 -1.815445432730811159e-01 -2.313498844714945157e-02 -1.393417982313901182e-01
1.100000000000000000e+01 -3.202454898957762253e-01 -2.661448185185813498e-01 -5.858266389345968550e-01 -1.635079324064278306e-01 -2.076093654242860687e-01 -1.843653259613822759e-02 1.570126727543021405e-01 -8.885685696329545524e-02
1.200000000000000000e+01 -3.350450822077316038e-01 -3.057080868391258699e-01 -4.287552758676614340e-01 -3.634158205471721415e-01 -3.140228006238562908e-01 5.183544871357318590e-02 -8.918347865148402651e-03 -8.638498065799386436e-03
1.300000000000000000e+01 -3.558019692066314854e-01 -2.851607585177340365e-01 -1.861415333945991013e-01 -4.574025948413055209e-01 -4.545422583646622217e-01 -1.184512183834390275e-01 -4.676949419560726406e-01 3.678713021715531578e-02
1.400000000000000000e+01 -4.531484844113394250e-01 -4.735489331343000763e-01 -4.298380083172166632e-02 -5.389117108673696643e-01 -4.050639655623297086e-01 -6.169745508606730988e-01 -5.227601784587923017e-01 -5.467008564160424910e-01
1.500000000000000000e+01 -4.215690172976781502e-01 -4.712241470716922453e-01 2.040023840612663619e-01 -4.229144936501513241e-01 -3.259951702866189516e-01 -7.442191320304913926e-01 -6.650290436329112653e-01 -6.346938910355529595e-01
