# # time shift (tau) UVW2 Cont1150_not_optical_calibrated LyAlpha_not_optical_calibrated HBeta_not_optical_calibrated OI8446_not_optical_calibrated Cont1460_not_optical_calibrated
-1.000000000000000000e+01 -1.315831982366464092e-01 1.420159892210561547e-01 -2.891902907312440263e-01 3.115669613092559853e-01 3.453094909535018298e-01 1.284277894114585761e-01
-9.000000000000000000e+00 3.141491937208620855e-02 2.478903774193855214e-01 -1.651361544157061712e-01 3.732847463209505445e-01 4.244240175233979784e-01 2.617443434941011948e-01
-8.000000000000000000e+00 1.009880568687347158e-01 4.371047727170701003e-01 -4.486700008977634324e-02 2.300794344864117713e-01 3.687641278832013425e-01 4.684436536008276253e-01
-7.000000000000000000e+00 3.513059432977034824e-01 4.062819522352795198e-01 8.158984684712372593e-02 9.589578235243857718e-02 -3.518867693532506946e-02 4.662427000818245570e-01
-6.000000000000000000e+00 5.283604391873619743e-01 4.310564756502920369e-01 2.581664694057748677e-01 2.179594027532888167e-01 -6.603748812050469486e-02 4.857245459045189673e-01
-5.000000000000000000e+00 6.221122665175897737e-01 5.670717641638197692e-01 3.655100491883391811e-01 2.211476151588657180e-01 -1.649015914508687453e-01 6.017593777768821539e-01
-4.000000000000000000e+00 7.285601496575807579e-01 6.055946651397339231e-01 3.984480602801962479e-01 1.163031828065998197e-01 -2.339428526354809523e-01 6.506630181929379253e-01
-3.000000000000000000e+00 8.683557725221902057e-01 7.456052057651186837e-01 6.632705081468031061e-01 4.622195176705164998e-01 6.714684117237254557e-02 7.997782492912293151e-01
-2.000000000000000000e+00 8.663734426602154315e-01 6.648516814952516452e-01 8.391539288792939644e-01 7.201724854559681255e-01 2.462475504075921084e-01 7.310749668917431165e-01
-1.000000000000000000e+00 7.018781407074554668e-01 4.749327670188169259e-01 8.090965604732036631e-01 6.999571693412156570e-01 3.166249935922759717e-01 5.692542791629728871e-01
0.000000000000000000e+00 5.242184622893391044e-01 3.781616381921254488e-01 6.582500189434969950e-01 8.235187892329788317e-01 5.957926505938987427e-01 4.503629302657361499e-01
1.000000000000000000e+00 3.709882382927834343e-01 2.107764922731211465e-01 4.344069870187263760e-01 5.702631443870167516e-01 5.182063768153282179e-01 2.552693560946613371e-01
2.000000000000000000e+00 2.136885335152907683e-01 6.389207235321839318e-02 2.540896189819670248e-01 3.011332370296878613e-01 4.608520090559502513e-01 1.372355454918759710e-01
3.000000000000000000e+00 1.200371783690657168e-01 1.736649589801294025e-01 5.786832481241030446e-02 3.065261499380935728e-01 2.431207049101377360e-01 2.110131480798731474e-01
4.000000000000000000e+00 2.029313078220788547e-01 3.862841669177577986e-01 -7.964554139790328002e-02 2.193033379419602469e-01 6.143607262310522149e-02 3.227701041620375522e-01
5.000000000000000000e+00 1.216260724600506105e-01 3.048403167314595041e-01 5.013875343071343832e-02 1.766443269547391393e-01 5.143317749628786295e-01 2.813889767076109272e-01
6.000000000000000000e+00 -4.309792689163310930e-02 1.797714246259108084e-01 -4.027152105303877239e-02 1.672394786246040876e-01 1.948885280573735002e-01 1.515497371594008436e-01
7.000000000000000000e+00 6.204028950595017085e-03 -6.656377298858325020e-03 -6.172314094394262818e-02 1.199287739481414983e-01 -1.507979659373208103e-01 -2.739390648254525634e-02
8.000000000000000000e+00 -2.108705752483535506e-02 5.506058838503221156e-03 1.994392094746148467e-02 5.291482968837163403e-03 1.442605818080393565e-01 1.286101297397525788e-02
9.000000000000000000e+00 9.691819875984658550e-02 1.905957914043954760e-01 1.020448153269921249e-02 -1.898249957454776760e-01 -2.059565418106907297e-01 2.256318078209050282e-01
1.000000000000000000e+01 2.807012182648979115e-01 2.213882928347900014e-01 2.641336733138497372e-01 -1.384859421464062490e-01 -2.307403880429308440e-01 3.020255027732547948e-01
1.100000000000000000e+01 3.642777733365564763e-01 3.344154411347444178e-01 3.648811340452221552e-01 -1.195975494817212992e-01 -2.732572267746228301e-01 3.822365168646165157e-01
1.200000000000000000e+01 3.070527476645200649e-01 3.036138422628484324e-01 2.239499326478634478e-01 2.956710965884606565e-02 -3.466509856281347335e-01 2.523486732116201336e-01
1.300000000000000000e+01 4.952388589249048234e-01 3.107943618231194804e-01 3.933498044872411059e-01 4.719894715639908478e-01 7.994520075958261307e-02 2.073690037925720597e-01
1.400000000000000000e+01 4.697039428050859833e-01 5.037000972224352502e-01 4.545408777981723158e-01 6.645747944499058590e-01 3.772614304254530149e-01 4.385407770227228719e-01
1.500000000000000000e+01 3.772825708564080394e-01 4.622810384546364171e-01 3.530813442104329125e-01 4.774334942864736919e-01 3.085159611322962347e-01 4.794449010506370845e-01
1.600000000000000000e+01 4.623893527143636550e-01 2.087181964111352039e-01 4.334614112347713877e-01 3.826226467963268485e-01 4.581245011473019657e-01 4.674434105030685904e-01
1.700000000000000000e+01 -4.799519029864057762e-02 1.486856307949314254e-02 2.359880737931208949e-01 4.320803375370795840e-01 7.019901957430287887e-01 3.252103304148341589e-01
1.800000000000000000e+01 -3.510097569752925750e-01 1.936366278605747837e-01 -2.601912137505559275e-01 1.195734837377572801e-01 4.642840745066278973e-01 2.064400811050094431e-01
1.900000000000000000e+01 2.331019696006648156e-01 -2.741082234604830248e-01 2.227375672526146211e-01 3.495058254276101062e-01 4.774358539470092699e-01 -2.471255848033199476e-01
2.000000000000000000e+01 -3.723032407720203718e-01 -7.601753472528426370e-01 6.326028154204861309e-01 1.000885863881956217e-01 -4.031020929143752651e-01 -6.085624214882444649e-01
