# # time shift (tau) HDelta HGamma HeII4685 HBeta HeI5875 HAlpha HeI5015 OI8446 HeI4471 HeI7065 OIII5007 LyALpha
-1.000000000000000000e+01 -2.127674954670765728e-01 -2.481868257376403375e-01 -4.856969000738346753e-02 -1.041518653182051113e-01 -5.053411854842322359e-01 -5.540814411716671328e-01 -2.976786658525779616e-01 -2.111955804975063633e-01 -4.892062918369580876e-02 -2.365750510337735757e-01 -3.086826706283866684e-01 -5.162353157612273868e-01
-9.000000000000000000e+00 -1.855973720202312993e-01 -2.621896451180326104e-01 3.540265921647917785e-02 -6.308020939621046541e-02 -5.375437613335358744e-01 -4.046792765936421121e-01 -3.018066642306369562e-01 -1.640328322471114042e-01 -3.743485846830866409e-02 -1.512374769938917562e-01 -3.284227392347514596e-01 -3.933059395809588299e-01
-8.000000000000000000e+00 -2.395393288774601004e-01 -2.269209452071401789e-01 8.656935000805085489e-02 -1.654058949294281988e-01 -4.545717165001686433e-01 -2.372468652998187544e-01 -4.782778698852342414e-01 -9.892983558812511180e-02 -2.692408459733739989e-01 -1.357087429355442743e-01 -5.280098813086713250e-01 -2.175322655661421356e-01
-7.000000000000000000e+00 -2.067020726959561405e-01 -1.377815328238529979e-01 1.067050071390343580e-01 -2.011572003374713091e-01 -4.199118963778026292e-01 -2.996921940399999151e-01 -4.354406878330061570e-01 -2.926973880613805146e-01 -4.390629976851906369e-01 1.402886710117269564e-02 -5.531049135726272548e-01 -4.294752251851823716e-02
-6.000000000000000000e+00 -1.619012449359154282e-01 -6.501186265645431117e-02 2.645031767202604134e-01 -3.436286986599827037e-02 -2.169088232683696882e-01 -2.627368466797628810e-01 -3.443484942061904586e-01 -3.089276207599420121e-01 -3.313003820110956288e-01 3.701808535760066354e-02 -4.641137899314804471e-01 1.623925651126385539e-01
-5.000000000000000000e+00 1.866657679384678414e-02 -4.154580128609563355e-02 3.464691884152079071e-01 1.840253616622295613e-02 2.756067962446150099e-02 -1.308491446761669841e-01 -5.618013276681350643e-01 -3.269166999630190862e-01 -3.088650593318452708e-01 4.240566117495100928e-02 -5.822192208588750084e-01 2.982839028742575449e-01
-4.000000000000000000e+00 2.158841188576823278e-01 1.083491199666204441e-01 3.671414530214346383e-01 9.596644329073472646e-02 2.393146185205615450e-01 -4.699068726686267405e-02 -5.623408070541404680e-01 -2.223246823076358014e-01 -3.136585808594746227e-01 2.043184958589717992e-02 -6.040204208312618395e-01 4.031097459904245395e-01
-3.000000000000000000e+00 5.058472017533059972e-01 5.209295401425479977e-01 6.903967945136556539e-01 5.015260849769161977e-01 5.502617773827345182e-01 2.876303542343997544e-01 -1.681526503150858054e-01 4.977429808207459866e-02 -7.306746226419810752e-02 7.840540089052067119e-02 -2.872128104825823480e-01 6.938903662083053536e-01
-2.000000000000000000e+00 7.808469667162452055e-01 6.542588211321476166e-01 7.817868349302767861e-01 5.720289291498810158e-01 6.326411651271386383e-01 3.340286168902066866e-01 -1.396220085235421182e-01 -9.235733629749692808e-03 3.604975467206291556e-02 2.488017851451397866e-01 -3.550469494101963219e-01 7.870221156803358653e-01
-1.000000000000000000e+00 8.895497772142749726e-01 8.277856606117826033e-01 7.256440833198405382e-01 7.693469061298605638e-01 7.645581764865216901e-01 6.145015349088702727e-01 4.580941690316851084e-02 3.299706259399612929e-01 2.706253824291330323e-01 5.036463081370325945e-01 -2.487550508105942360e-01 8.496079147981709934e-01
0.000000000000000000e+00 8.314338478824253587e-01 8.947535348436095326e-01 5.766132009077746812e-01 1.000000000000000000e+00 7.903041180018299805e-01 8.455446380182001231e-01 5.609260286962044484e-01 6.703531641794592266e-01 5.907625009951327222e-01 5.610041361686888273e-01 2.643061921420537530e-01 7.473294255744449277e-01
1.000000000000000000e+00 6.504988013355433862e-01 6.614503779813756257e-01 2.771884904881438683e-01 7.693469061298605638e-01 5.978845954124110129e-01 7.186904571993704138e-01 3.551857488207622038e-01 6.363371721817505655e-01 4.792440833381285126e-01 4.516038553557843449e-01 4.702552542815129771e-02 5.433361124273936582e-01
2.000000000000000000e+00 4.186998285133256559e-01 5.378072356443563962e-01 2.961887769421540223e-02 5.720289291498811268e-01 4.553508416792317881e-01 6.520883886683026542e-01 2.189975289127472080e-01 6.442328868810036635e-01 3.620112193867079387e-01 3.693078899955918315e-01 -3.839215457462236136e-02 4.076289164881204963e-01
3.000000000000000000e+00 1.970851895679119337e-01 2.718635282291947952e-01 -2.765227713874993110e-02 5.015260849769163087e-01 3.020083309532148874e-01 3.670551672826822265e-01 3.427507778025878360e-01 4.336006103764513675e-01 9.688798826001872311e-02 -7.593818744973963863e-02 1.454678710669590758e-01 1.595323778186327202e-01
4.000000000000000000e+00 5.875918276853095423e-02 -6.435611790439491053e-02 1.362710625540481946e-01 9.596644329073471258e-02 -1.601641829841192743e-01 -2.531897043554137694e-03 -8.691949647351135400e-03 -4.763281580264165649e-02 1.332454799981667160e-01 -4.981332612329482101e-01 -9.938068933762234103e-02 -1.274706475507351444e-01
5.000000000000000000e+00 1.369166279090759109e-01 1.009322745514815434e-01 1.786842351265969242e-01 1.840253616622298388e-02 -2.163289549957749802e-01 2.200330549369289984e-02 -2.394923768428951494e-01 2.400480944496354574e-01 2.051842111808643010e-01 -2.953967110747864333e-01 -1.857003112144602064e-01 -6.123761481238304549e-04
6.000000000000000000e+00 6.720345808301532442e-03 -6.513619123848068959e-02 1.183199629692242849e-01 -3.436286986599825649e-02 -1.900564061070295629e-01 -2.148568186379364309e-01 -8.064020249001438434e-02 -8.144032853295930796e-02 2.651521189592326300e-01 -4.108575731239351159e-01 1.774540854096564452e-02 -1.440526716948311581e-01
7.000000000000000000e+00 -2.334829746486640767e-01 -2.170605524681260556e-01 2.009825803066066924e-02 -2.011572003374712536e-01 -3.507848128456480530e-01 -4.442888836435042732e-01 -2.820946861308754605e-01 -5.172103477381160275e-01 1.303011240979054519e-01 -1.160405253378389984e-01 -2.627397908665510817e-01 -2.392152875379003341e-01
8.000000000000000000e+00 -2.222258140942736659e-01 -1.789944522657439530e-01 -1.896290456443626149e-01 -1.654058949294281988e-01 -5.069176581530097231e-02 -1.710038198143087329e-01 -4.958453813918569653e-01 -1.167087812577430050e-01 -1.924100817771959848e-01 2.158212293718639319e-01 -5.411753986103386982e-01 -5.700236195498220582e-02
9.000000000000000000e+00 -9.472532548563718235e-02 -1.548678594131203956e-01 -1.582555394162072360e-01 -6.308020939621043766e-02 1.407567505365772131e-01 1.611794135135886652e-01 7.521275713128111606e-02 -2.673083597461818617e-02 -4.106733887485093937e-01 3.271901119173740990e-03 -8.187155194938669500e-02 7.548268792767549862e-02
1.000000000000000000e+01 -4.087818861576329732e-02 -2.337719676324959833e-02 2.458141089422281877e-01 -1.041518653182051668e-01 -1.663843457297794481e-01 7.971217461521248882e-02 -2.428987986311211822e-01 -1.447282244850952582e-01 -4.370905851544042431e-01 2.541408633972997433e-01 -4.470983931914060960e-01 2.528252618153051245e-01
1.100000000000000000e+01 9.802653135988682875e-02 1.690731450552538373e-01 3.895747473283538986e-01 -8.775719956753171014e-03 1.716005431599506026e-01 7.851352016345475304e-02 -2.683755028575065538e-01 -7.940474533844187055e-02 -4.287612870512158558e-01 1.558783697614466446e-01 -3.390614832260847589e-01 3.573970489987527976e-01
1.200000000000000000e+01 1.892449021600522141e-01 2.221815011627681358e-01 4.583727030604148323e-01 1.470357179700325645e-01 3.777664679712848805e-01 -1.706951760246974703e-02 9.393482451935519784e-02 -1.058810158365521420e-01 9.976376481277693387e-04 1.486995598487299286e-01 2.543582691190995337e-01 2.257735690766068948e-01
1.300000000000000000e+01 4.552731148467500932e-01 3.506996311486479945e-01 5.516155977728472992e-01 3.795937706221183539e-01 2.873739376358091513e-01 5.333605986197836879e-02 -1.731564923400842892e-01 9.029277018442870284e-02 5.718109583943843388e-01 3.894150807760425881e-01 -1.386572497896844114e-01 3.324631605580876670e-01
1.400000000000000000e+01 5.273934852871774437e-01 4.358237197261666251e-01 2.957826772806700921e-01 5.893015055430450566e-01 5.819843097211614413e-01 4.509602408900607595e-01 2.111308835724199917e-01 3.504777244949244808e-01 6.013239755462543856e-01 3.569253526175316660e-01 3.688947340835898037e-01 4.565659982641204762e-01
1.500000000000000000e+01 4.597884787101136350e-01 4.152779029689802059e-01 1.604585994634484813e-01 5.236489476996453174e-01 6.012404130470622166e-01 5.922996110253133661e-01 6.797011408069268956e-01 3.762663057313159198e-01 4.508921586836101558e-01 4.418117629806316282e-01 6.522753179898305165e-01 4.325237922879544561e-01
