# time shift (tau) 	 number of simulations: 1000	 FR: True	 RSS: True
-9.511367713514354838e-01
-4.718311644275939298e-01
-2.079914015917364717e-02
-4.611365116673351583e-01
-9.145529100867024752e-01
2.111260949240418693e-03
-7.820973721965477146e-03
1.061439994789723729e+00
-9.986515752113511724e-01
-5.007150516175670196e-01
-2.466220523046020255e-02
-1.356955915290484690e-02
3.605719334216542921e-02
-1.186771107801580169e-02
-9.889040095221897086e-01
3.925396308185812977e+00
-4.198307179654234972e-02
-5.309136491777783906e-01
-4.870506092372628437e-01
3.142197567319569895e+00
1.455376946496518498e+00
-4.648988300225316284e-01
-5.975627371831550294e-02
-4.706297123598370824e-01
4.539924828835251724e-01
-4.627362968801830845e-01
-1.296497145078434436e-02
-2.870757678853090925e-02
-5.134254737146690672e-01
-5.074696300923871028e-01
-4.586731668309113608e-01
1.170627724911561286e-02
-4.955592697735015650e-01
-4.704366457846154148e-01
4.714410153529661196e-01
4.952903755199776770e-01
5.184648013981579817e-02
-9.570153170536873644e-01
-9.676806484748684545e-01
-1.014605436822332729e+00
2.724674875612181912e-02
3.731080462833353817e+00
2.468337581978387058e-03
4.569227576901850441e+00
-4.935326613794578932e-01
-4.884028350356412473e-01
-9.696612536192527054e-01
-4.685753304299918320e-01
-2.350690538343213482e-02
4.184213348793414111e-02
1.890173255051937673e+00
-5.121647515169499565e-01
4.803008504262609168e-01
-2.871477710872332237e-02
6.185178880774742094e-01
-4.812382911860826340e-01
2.811999814267418865e-02
-1.287111787384030537e+00
-5.143335304393935603e-01
-1.476132001334278909e+00
-9.306396444008738777e-01
-2.206782543154173562e-02
-4.814917062362105704e-01
-2.551824656404432651e-02
1.915319113117461391e+00
-3.715679006696768344e-02
-5.028218263996421244e-01
1.707465019087765379e+00
-4.774015499554156716e-01
9.322666727853758939e-01
4.610540149869873927e-01
-4.523010738271879966e-02
-9.723992706711703793e-01
-1.506990963919492055e+00
2.723649356576878677e+00
-4.599845581118732207e-01
4.930197321864684401e-01
-4.627158491259791839e-01
2.152194672494533112e+00
3.076931924345959413e+00
1.557946233622184540e+00
-4.369380308088625653e-01
-4.845091300037760451e-01
-4.744527069208673842e-01
-2.088106182660215762e-02
-9.787413542089148377e-01
-1.479635615002446780e+00
-4.807647611094061357e-01
-1.050165893537821749e+00
-2.960775027454724123e-02
-3.192225852447763343e-03
-9.602263866397083847e-01
8.229044625067445315e-03
-1.679655705426285825e-02
-2.359267915235476604e-02
-1.438270064652446223e+00
-4.295795053211914905e-02
-4.892954637650339111e-01
4.462824071151482164e-01
3.646259468408864501e-01
-4.806936578260951887e-01
1.446018011804610648e+00
2.388920184485795670e-02
4.642354154077615912e-04
1.670727816165702873e+00
4.482342833797028359e-01
4.573842608663423737e-01
-4.870826645296899571e-01
4.902186737873759914e-01
-9.573302398608454222e-01
-5.108573591384681922e-01
-2.090928621116569866e-02
-4.689920034739791799e-01
-1.319437619280327434e+00
-5.129334207939989509e-01
-9.342539649202707963e-01
-5.574321769338992823e-03
-4.895525026341930319e-01
-4.594613581737129193e-01
1.801939138813526853e+00
-2.344132494303751563e-02
-4.667667802684408174e-01
-4.873691837735755761e-01
-9.451274169143403237e-01
6.697355410043472589e-03
-5.032241258031205922e-01
-5.144516563138226140e-01
1.109196713927405709e+00
-5.107537954510484868e-01
-9.977739759316723439e-03
-5.057381879959366167e-01
1.405074191291064256e+00
-9.705279462186215955e-01
-4.253480295007651402e-02
-4.604805225743319186e-01
1.606858824429290733e+00
-1.144109716370344046e-02
-4.910041850471159597e-01
-5.012341263723271156e-01
9.733391154912520715e-01
-4.630219452354030762e-01
-1.481684176964907264e-02
-4.483884940202705893e-01
-9.631022603380365865e-01
-9.233556056009675217e-01
-5.010435301663396235e-01
-4.510545527539381871e-01
-4.283835838391644897e-03
-9.695019657580860040e-01
4.777937266306717112e-01
-1.459491724552807942e-02
-9.447439369399238673e-01
-4.954410258095114095e-03
0.000000000000000000e+00
5.473157246762141437e-01
-9.904642135049585017e-01
-4.625931659469870172e-01
-4.825885106386907930e-01
2.098599596081057506e+00
1.272067631778653007e+00
-4.596920653388366640e-01
-9.743116081328048184e-01
-1.458487370523611076e-02
4.663521417502995980e-01
4.307522096816251284e-02
1.470414873661808786e+00
-4.656735193229287750e-01
-4.543613235061148559e-01
-4.652942131702157980e-01
-1.409838554238094011e+00
7.576183613122379479e-02
-2.314868710182851202e-02
1.162204465081689841e+00
1.190124834915975205e+00
-7.449264816827368130e-02
6.304738810857752007e+00
-5.717179057270215664e-02
-4.572941210300451864e-01
-5.103659135685052473e-01
3.835977473105575512e-03
5.044436976060764355e-01
1.403364329384965581e+00
-9.312128247358295585e-01
-1.014449091151478743e+00
4.461160116408131038e-01
4.556698284412338817e-01
-5.099837061516412362e-01
7.390932039819286814e-01
4.847934878797490188e-01
-4.271222782825550013e-01
2.393238559926886388e+00
-4.825115555896044572e-01
-1.930079295781497728e-02
5.022512156332776811e-01
-4.415298793418307444e-01
1.417665389577019708e+00
-4.577798140017576012e-01
-4.518267787139846475e-02
-4.741193838242173664e-01
4.924678770793001759e-01
-4.912274781457015571e-02
4.697164064479270040e-01
4.487808869503162046e-01
1.017342781449114344e-02
1.217499396105867215e-02
4.393497272706718970e-01
4.602523103001311955e-01
1.241742974958662954e-02
-9.433361987579733654e-01
-9.204761010590102321e-01
-1.459820885384486289e+00
-4.305646615308360015e-01
4.482576665995847143e-01
-3.915312134237412811e-02
-5.253708211858084676e-01
-4.715704705408803044e-01
-3.229951674797481437e-02
9.256793823768715290e-01
-9.531952473702806072e-01
3.493653795907350219e-03
-4.692236919645333959e-01
-9.531335162736617184e-01
-9.442062562060495878e-01
-2.387826596091275899e+00
-4.588334489181745690e-01
-4.899081852910330270e-01
1.343962676828297731e+00
-9.668467353548277909e-01
-1.971299236638971886e+00
-4.543711405436804962e-01
6.055142856016161090e+00
-9.725313683063522285e-01
-4.744658815591976109e-01
-5.353096399100364389e-01
-4.664452047750841102e-01
-4.564599637956041622e-01
3.096756096284115856e+00
2.352637365359817878e-01
-1.346168579163038725e-02
-4.469759102348617730e-01
-9.478973644398395182e-01
-1.679001506852638936e+00
-6.532571197107011306e-03
5.318966369088694357e+00
6.011374246011787825e+00
3.256454237715382227e+00
-1.201411740990989893e-02
-1.441967343388401268e+00
-9.369471264106840058e-01
-5.147960503702877499e-01
4.886615764374607762e-01
-9.082873041653968457e-03
-4.731384298910866759e-01
-5.379255097421816734e-01
-5.672901706156426895e-03
-2.683456268566234218e-02
-5.535321679425700761e-03
3.429954121893441954e+00
4.683411242930767271e-01
-1.181374634642009397e-02
-4.403924528729989962e-01
-9.912924380581260575e-01
-4.593070594605375701e-01
1.395157915071800092e+00
2.944575644815206950e+00
-9.639007564979885645e-01
-1.419461911202620108e+00
-3.275238600135222528e-02
-4.957841983427385135e-01
-4.450315803483069765e-01
1.125840607650622008e-02
-1.453723101552764962e+00
-2.415087384700910000e+00
-4.619957341044851895e-01
8.521321482960641418e-04
9.464848468710217871e-03
-4.793135605213310613e-01
7.024661026063396853e-03
5.421369321668525032e+00
-1.588554392049654540e+00
-4.157593538799018995e-02
-4.937377036177038048e-01
4.337354466387671748e-01
2.818651992134918682e+00
-1.510206230391209603e+00
-2.049830601348664669e-02
-9.521008986622864212e-01
-4.844505369456139632e-01
-4.095110510790537367e-03
-1.423363339561619867e+00
-4.951487036643397732e-01
-7.465350271060047609e-03
4.392742270687781669e+00
4.607308921312782690e-01
3.004326617575005631e+00
-4.501049740559430190e-01
-4.884903659696797629e-01
-2.272948216963929791e-02
-4.869526603413221189e-01
4.259307716976772351e-01
-4.808965548113419697e-01
9.484654384538115240e-03
-2.077647862857862737e+00
-5.034929539548960165e-01
-3.132659781576777047e-02
-1.908765200726703304e+00
-9.846434277264753954e-03
-2.519784257944207833e-03
-2.052942965608658271e-02
-4.899084775063880515e-01
-4.640222284373345940e-01
4.760774728545265067e-01
-4.949933181343161848e-01
-9.327117886039179018e-01
-5.075467238146075255e-01
5.171005712074498994e-01
-9.307731756216437446e-01
-5.216291166431646920e-01
-9.502020293070553292e-01
-4.562777959543629774e-02
-3.296861764909727460e-02
-4.152873305805201420e-01
9.653803400247424893e-01
-4.488161531449139097e-01
9.367677064394418496e-01
-1.436633119250268598e+00
-4.940979553560792764e-04
4.376014649679753066e-01
5.120153130131173125e-01
-4.843935918533858742e-01
-6.302111472312744989e-02
8.540996296048982556e-03
-2.397401496789353992e+00
-4.886324425004029415e-01
-4.627988787366600909e-01
-4.547159014368675201e-01
-3.390373569939325593e-02
-4.496472835124324385e-01
-4.709284937792679315e-01
-4.886098213736441154e-01
-1.361336995389462838e-02
-2.932252810298068349e-02
-3.952304753066644694e-02
-1.440056984232064297e+00
-3.155524049239973039e-02
1.732738525120441464e+00
-4.933849153934013465e-01
-3.946768129496144861e-02
1.683177101411536744e-02
-8.818478923444754078e-03
-4.897474586521307627e-01
2.583796465029760889e-02
3.274374929973260073e+00
-9.661780934906052387e-01
-1.907269580750826921e-02
4.886917071698123616e-01
-1.427603969175982757e+00
4.312566204472910725e-01
-4.640859117928803901e-01
-4.791245093226635943e-01
-5.021963442093313468e-01
-4.691694507515664636e-01
1.215686874586360933e+00
-9.531761764745614318e-01
-1.425551598001508324e+00
5.093410019159881896e-01
-5.053529893865018607e-01
-9.231962119081014162e-01
2.952986667083737707e-02
-9.329378417555085345e-01
-1.450707858286743202e+00
2.959330615722265190e+00
-3.467084688306594498e-02
1.872843013748561047e-02
-4.781765479599626167e-01
-5.241667791341392268e-01
-9.599166095254473285e-01
4.773954371450457590e-02
-5.640423462149539435e-03
-4.832560607575828171e-01
4.430999617340041219e-01
1.393234429345924896e+00
4.495812158830401195e-01
-4.882211803554972751e-01
2.158559726102185147e-02
4.559493593112656229e-01
-4.394827673427998405e-01
4.681651563828909679e-01
4.673593511907129794e-01
1.048923543107522782e+00
-4.940133657713317583e-01
4.486139175083543873e-01
1.158220488059156367e-02
4.973287255952078545e-01
-1.385269161547377337e+00
-4.867369996088712902e-01
2.249657644606922746e-02
4.497358851768105681e-01
-1.935756348008500050e+00
4.723284195656270446e-01
-9.377609742430867978e-01
-1.530228365810676117e+00
-4.651300748031583221e-01
5.685158197137123517e-03
-4.954681265292684711e-01
-9.577472594434430567e-03
5.500652733862634695e-03
-4.531409441102620672e-01
-4.721800362318260280e-01
-4.855108937260997903e-01
-4.468823324591836288e-01
4.485054750598856388e-01
1.940342761187860768e-02
1.535865417989009177e-02
-3.686151514723211894e-03
-4.609081443521940158e-01
-1.682804382601204435e-02
-4.870854658209957111e-01
8.882502446978337574e-01
-9.345125187292256941e-01
2.415541055372719015e+00
4.300198709788189411e-01
7.753889211120355007e-01
-4.673114962101357905e-01
-4.811565857530328838e-01
5.103581527080965942e-03
-5.322350458684004249e-01
-3.551438832013095043e-02
-1.013599667908041901e+00
1.496445965279233903e+00
2.673505638066917989e+00
-9.284962463645263231e-01
8.213399480277746578e-01
6.803340125968071646e-03
-5.051407409979806751e-01
-4.769477635708532781e-01
-4.709604925550218701e-01
1.311696261464070229e-02
-4.587603246495240428e-01
-2.524698242577745264e-02
3.129909019415147431e-02
-4.774515420077810046e-01
7.842557220454497990e-01
1.252936637508876745e-02
4.548250982966937084e-01
-1.033439743617567234e-02
-4.206833064834430980e-02
4.567637453378623480e-01
-4.596010866576085707e-01
-3.149174377433267696e-02
-1.806349357161187580e-02
-4.800710781726638121e-01
-1.908905824018710895e+00
-4.896057732480955105e-01
-1.435329355987312143e-02
-5.348360106023012372e-01
5.129135360229614138e-01
-4.523179579002998274e-01
-5.109925209910362032e-01
-1.272895933419718011e-02
-3.599523438258623448e-02
1.652475185659574741e+00
-2.727095450546557220e-02
-4.842785897473603218e-01
-4.497629199769480057e-01
-4.822803550301349995e-01
-1.128300130653361544e+00
-4.768662528881675300e-01
3.364496486954830168e+00
3.901131931512959561e+00
5.776852116412785516e-03
-4.095233560702945218e-03
1.350160316948930905e+00
-1.169978812580371175e+00
-4.640640498216914156e-01
-4.869696372130155604e-01
-5.082684075808435731e-01
-2.434162246569771426e+00
1.234910295613244995e-02
-4.773018831591696598e-01
-9.802621706231678944e-01
-4.817909885240590495e-01
4.928863899010177962e-01
2.461026185591585147e+00
-6.046051918552678567e-03
5.232560658614606730e-01
-9.920002089489688979e-01
2.039058339191545943e-01
-4.744357817378900832e-01
-9.069721330821680638e-01
-5.093469821111116236e-01
-2.361033723671493445e-02
-4.943212925508039257e-01
-6.273683848463470492e-01
-1.416772549724164110e+00
-1.025038152222672361e+00
5.495427706919704391e+00
-9.586361869695033677e-01
-9.780341848353251155e-01
-5.222152987755658282e-01
-1.705256568433384176e-02
-9.438088495014140822e-01
-9.327609766234713495e-01
9.950113824494830617e-01
-1.727947095511007947e-02
-4.931528672097895138e-01
-1.425545855620357516e+00
-9.530737457811662150e-01
-4.745838822869831719e-01
-3.436746132897192108e-02
-4.878031995356589823e-01
-4.776203510340754632e-01
1.572679662977367832e+00
-9.932198974205341813e-01
-4.692762882749765274e-01
-3.365867291893747532e-02
-5.097161795721181221e-01
-1.975941433888074930e-02
2.732682740879305072e+00
-9.648374164718432899e-01
-1.862486516792027924e-02
-3.945343119207633115e-02
-4.585691962854487880e-01
1.197580637127778180e+00
9.096037377545647118e-01
-9.682427758238234539e-01
-9.478185618313379468e-01
4.873701952836551055e-01
-4.838058184468555650e-02
2.520740791320062908e-03
2.166226364119307135e+00
-4.469715196240998112e-01
-5.157165077217183979e-01
-4.732658624422793614e-01
-9.287222664146741469e-01
-3.823999976960060828e-03
-4.867196677447419573e-01
1.321647583615888485e-03
-1.462116414374285078e+00
-4.605657251193057689e-01
6.595163536145363103e-01
5.147942266189489136e-01
5.643354167836343513e-03
1.648566975642073995e+00
-4.839410391211882434e-01
-4.825449195080052101e-01
-9.399564567006238880e-01
4.796134391570056055e-01
-1.495602342987270461e+00
-4.777519647217177701e-01
8.361488893163646630e-01
1.057217120763907954e-02
4.644505375729105490e-01
4.659164809335840651e-01
-4.863967925383784752e-01
3.005595368291078984e+00
4.021035087315672385e+00
-3.553941805719192104e-02
5.334055815295025704e-01
-1.530885642862590545e+00
-9.574582254476609045e-01
-5.210063129900744938e-01
5.013254899707393353e-01
-1.936675479138885825e+00
-9.502663486474877477e-03
-3.392612575014872234e-02
-4.730779674549664415e-01
4.630905246823263099e-01
-9.551830125051062881e-01
-1.968666683317597376e-03
2.911282249877510456e-02
-4.705796718746865226e-01
-4.957631547860263943e-01
-4.947678901589734890e-01
-9.420539008452138985e-01
-3.350098503185228171e-02
4.667626823106404421e-01
1.445217613615052299e+00
-4.936220595030159641e-01
-4.896585928263096354e-01
5.092191264941457914e-03
-4.347903216315062713e-01
-4.917503653920205497e-01
1.021171917437174378e-02
1.380464792555813856e-02
4.560718050740272256e-01
2.537002477968387293e+00
3.415973559606462762e-01
-1.009029381793527413e+00
-9.208083363578626335e-01
-1.774518838875447160e-02
-1.466412006579529637e+00
0.000000000000000000e+00
-3.571580409682682117e-02
-5.661070822402533564e-02
-9.877399779511393252e-01
-9.557923471545145544e-01
-1.445669331230284849e+00
-3.638827926118305689e-02
-3.326535711930336120e-02
-4.845934517806040898e-01
2.973029155249335906e-02
-1.416616938847061968e+00
1.973374873182920375e-02
-3.788819795483348851e-02
-4.577068652507568780e-01
4.631313637691826246e-01
-4.892695279588735735e-01
-4.591548099543018568e-01
4.720978587780030322e-01
3.220828301606256439e+00
-2.616456530706279260e-02
1.670670475696388671e-02
-4.922991465158940705e-01
-5.102979480434640669e-01
-4.823110697341730924e-01
-4.622597856039078468e-01
9.077939021273340181e-01
5.196451231322476438e+00
-9.456756858181977199e-01
-9.466077670678635370e-01
-1.965697551354191885e+00
-4.529190915460323263e-01
-9.656991662596783321e-01
8.264950682348552735e-03
2.419587619860940730e+00
-1.911331998455378711e+00
-1.070912649475575407e+00
-4.965586536323437494e-01
-1.870647288719164081e+00
-4.962340429375320383e-01
1.426991821400356963e+00
4.717907133105167516e-01
-4.460731539668682522e-01
-1.234813978395237655e+00
6.404205681795524185e+00
3.611969651175406162e-03
-4.754614546047727930e-01
-4.374445118025482304e-01
-9.660018059194204199e-01
-9.736880324674918041e-01
-5.307077224656939901e-02
2.333494371954818902e+00
-1.436805038668492962e+00
-1.444581832517593867e+00
-1.441012844063996878e+00
-4.985144775476209045e-01
4.458688340750988077e-01
-4.975119961024029869e-01
-4.852301829196700722e-01
-5.040316624880378793e-01
-9.256923167675187303e-01
-1.942282608101332908e+00
-6.558869483083269725e-02
-4.455872095484648444e-03
2.790744951944558287e-03
5.114526146019034991e-01
-9.679838816536325830e-01
-4.525113584236332698e-01
4.915686303682804126e-01
6.267931336008429437e-03
9.769827877185327525e-01
-4.652132575478499787e-01
2.756127652624928981e+00
4.632522633004889090e-01
-4.641284969316334386e-01
-1.290658416702795443e-02
-2.995697197710403548e-02
9.837676277663165436e-01
-4.787349884031133485e-01
-5.198661186162475446e-03
1.972222231925788272e+00
1.293466474809946455e-02
2.538691557131975696e+00
2.457594221726739470e+00
-5.242396678665512955e-01
-2.860941155936593330e-02
-4.470231706916495407e-01
-4.655456121010533299e-01
-7.070378259273459032e-02
4.754955267836554755e-01
-9.932888214310028330e-01
1.377512069132281851e-02
-3.803495120053096423e-02
4.212660941307062035e-01
-9.536361200478251643e-01
2.323782747980187136e+00
-3.837279772845925835e-02
-9.569287086165118028e-01
-1.118564530555389291e+00
-1.241613010305425702e-02
-1.000177373587200158e+00
-1.434036130304062517e+00
-4.660013556535733126e-01
-4.799873955356204758e-01
4.411483114903045899e-01
4.686497373113345799e-01
8.620145783097594716e-01
4.702770127747870621e-01
-1.622292101184561949e-02
-6.089162896095570154e-01
4.205905359448388614e-01
6.740087638048941447e-03
-4.660216698176876671e-01
-1.548476131220013485e+00
3.009390122406440521e-02
-5.409073407199186390e-01
1.081558953655674227e+00
4.200546452684706944e-01
-4.711497357511372774e-01
2.142567865134992644e+00
-4.532592406858785838e-01
-4.912550311162253713e-01
4.485421351509343291e-01
-4.825584479806104832e-01
-4.685886905094792110e-01
-1.901784338689113563e+00
1.564286393808951070e+00
1.879020436218240345e-02
-9.370521010135715034e-01
-9.487146572164629754e-01
4.469097923644655412e-01
4.471075834692833095e-01
-4.983641706171341723e-01
2.781332640456508649e-03
4.715310367323437557e-01
-6.617685919430977420e-03
-3.631182402966150191e-02
-4.895112843586701401e-01
-4.630976360192977093e-01
-4.809383459750415368e-01
-1.475762746245730117e+00
-9.439024374298977671e-01
4.375746199545534232e+00
-4.624650698582349340e-01
1.369564970183044343e-02
-2.643080972612127724e-02
-4.403704582104093768e-01
3.897847747555109876e+00
-4.166438265678021335e-02
-1.937696562486505902e+00
2.559371480617602095e-03
-5.192225369604809293e-01
4.501055689181375219e-01
1.440621632004924990e+00
-1.445191548453932606e+00
9.995137016288570611e-03
4.475083481490295112e-01
-5.216159299084599521e-01
-4.577488498980581411e-01
-6.386704203995669741e-04
1.720051897637042346e-02
-4.956632466688745131e-01
3.261601695003044782e-02
-1.703655187278117766e-02
-4.591497653224231867e-01
-1.261741605342197800e-02
1.774741005712652475e+00
-1.426031663870796384e+00
4.411786918422788695e-01
-9.401755387142632925e-01
-2.380617423318285741e+00
-4.799359281521135556e-01
1.851344455248914514e-02
4.501888794996748433e-01
-4.783723527779251694e-01
1.101030797155641006e+00
1.899315369803902032e+00
4.717211883299513020e-01
-4.543485720714836029e-01
4.452436189591943982e-01
-3.015194143052867676e-02
-1.029583532796890077e+00
-4.753795830176923282e-02
-2.988552407033789535e-02
-3.465507999825157698e-02
1.576238277705273472e+00
-4.321986083424207425e-01
4.609093818211422722e-01
-6.157024785163367486e-02
-1.898066420563517820e+00
-4.957632409221016667e-01
-4.959908264789405496e-01
-1.039204926280084207e+00
-4.616894568718166725e-01
1.522776977898024464e+00
-2.462271499226277971e+00
-1.917796555235024902e+00
-4.703442498366201541e-01
1.366129800762500679e+00
1.147487812200530533e+00
-4.713660020496644731e-02
-4.494037129422534527e-01
4.936192655801633355e-01
-4.128426054578179100e-02
-1.983018669933893016e-02
1.586201458276481277e-02
4.496054818125315711e-01
-4.929482003313187533e-01
1.585761212950345667e-02
-4.832719606122206635e-01
-4.871184598337423011e-01
-3.869104911928632814e-03
-4.632138601068012673e-01
-3.449614434113725675e-02
-1.842397146442942280e+00
-9.760029543005566133e-01
-4.544777309606143900e-01
-1.429870028603523080e+00
-1.316506146416179975e-02
4.740614197318594458e-01
-4.805865752089532039e-01
4.217502166693429810e-01
-5.191899923319902577e-01
-5.089422024542330503e-01
-4.931327896617822559e-01
-4.565459965186148827e-01
-1.394350536343050458e-02
-9.203987922543120925e-01
4.594404527357185963e-01
-4.457646626964991560e-02
-5.447114139429414491e-03
4.723478847729187802e-01
-9.577185547993054548e-01
-9.451809691594015295e-01
-4.978944353661578226e-03
-4.683024767819882195e-01
-9.074000431849996717e-01
4.033673193487320036e-02
-1.297894278740829632e+00
-5.174127952415302767e-01
2.912279262604835495e+00
-2.517610235393752741e-02
3.138784011999449231e+00
9.630175523853796715e-01
4.555554984333872071e+00
-4.682980694216322126e-01
1.905548787800411148e+00
-9.872478697786107871e-01
-4.516285095997025767e-01
1.004695594848917239e-02
4.834497058569487971e-01
1.934782849447203468e+00
-1.074259689935523794e-02
4.025326582982959422e+00
-4.211685560285906987e-02
-9.677707687676678772e-01
-5.031792130982428723e-01
7.594372348346180024e-01
-4.862992957581959153e-01
4.518352378868671915e-01
-1.548945230245140151e-03
-3.127336966400288271e-02
-1.493323816166090889e+00
-5.098432275089299914e-02
4.410869467649383702e-01
-1.941691873651798961e+00
3.394985654756672577e+00
-5.297523597118101168e-01
-4.863061195035857653e-01
-2.314111036691529621e-02
-4.651606403114449950e-01
2.335234459407515839e+00
-4.464954555125068558e-01
-4.719692997732936601e-01
-5.066462843579173404e-03
-4.891703808176605106e-01
9.252022592265202183e-01
9.601665418274523134e-01
4.474476779304106810e-01
2.607489019566976207e+00
4.020645626609622436e-01
-1.461202023761109858e+00
1.340184316023801565e-02
9.749027741074382802e-03
-9.419540321813155703e-01
8.616009580990255379e-02
1.400792102320429500e+00
5.284876961836384446e-01
-5.042175671025409533e-01
-4.834588040670767528e-01
-5.157924401771841749e-01
4.834068929711083928e-01
-4.886991778586884383e-01
-1.413878119439321290e-02
-4.833410764259024051e-01
-4.817641651899209204e-03
4.483568618298953701e-01
1.258230796201779800e+00
-1.463600241711933592e+00
2.055814563305140563e+00
2.730008936263011998e-02
2.403726261773713624e+00
5.377645454401593028e+00
4.624006985455050844e-01
-4.984398787718462565e-01
4.841486982845186193e-01
-4.795438189783444716e-01
3.572220150448204845e-02
1.768774730814053064e-02
1.309844750153847714e+00
4.616381308497258251e-03
-4.702935102204276463e-01
-3.237914225058889928e-01
4.445165040580904003e-01
4.525254975092026233e-01
5.040480922456637147e-01
4.035863759133542263e-03
-1.258794396214034730e-02
-1.015170369492551350e+00
2.840201519400467500e+00
1.914413338900931683e+00
-2.358738816815777017e+00
-1.520212360631244985e+00
-4.924478427158309191e-01
-4.643050511315011675e-01
4.447379002350868582e-01
-4.566849006609000061e-01
-5.061072462953873918e-01
3.346564445591195675e-02
-1.499955726872747030e+00
-1.245942387887684095e-03
8.509718994684578944e-03
-5.378993833400421698e-01
5.711879258632981786e-03
-9.053098546019808790e-01
-4.678831449770082251e-01
-1.485638398425269228e-02
-9.266355355227784418e-01
-4.686069014887665474e-01
4.638726126558787022e-01
-2.006652865045442713e+00
-6.577731228766071914e-03
-4.033041933953799424e-02
-9.581090587270283399e-01
-1.435495875035590174e+00
-2.389971387911456802e+00
-4.970564255720765767e-01
-4.481741681260749677e-01
1.483792245392343334e+00
-2.672458064574718961e-02
-4.452645306097109956e-01
-1.425734976233750562e+00
-1.429951830508555677e+00
-2.106265332218351313e-02
-1.889120942356091112e-02
2.457186046617405584e+00
-2.475377846186283676e-02
-1.215435024431859690e+00
2.626920185106306621e-03
-4.868970496430671258e-01
-9.338225363203085383e-01
-9.402528692123540699e-01
-1.404761342080506313e-02
-3.178059296577623316e-02
9.313003150773517813e-01
1.463732782301770063e+00
1.447151111505721177e+00
4.410942411029390442e-01
-4.861041026293207445e-01
-1.798504444842275894e-03
4.679268579857717714e-01
1.728732052903375963e-02
5.691157372280504501e-02
-2.461311317105161975e-02
-1.922196461152128943e+00
-6.773150356067934030e-01
4.939435703963638291e-01
-5.067203949191734225e-01
-7.382987332366786580e-03
-6.384504704168897718e-03
-9.618889820216965925e-01
-4.829440179400628641e-01
3.046098082514344437e-03
4.460548231993846646e-01
-5.033843410535961960e-01
2.566486329665895478e-03
2.133901591942228393e+00
-7.199746632449243941e-03
2.778132345595544020e-02
-4.632085245870079526e-02
-4.783417519673319740e-01
4.415650584057722594e-01
-4.694706239618625654e-01
4.781055714010700730e-01
2.484195455016016425e-03
2.127287906626015856e-02
2.158755386602479565e+00
-9.664900055932148515e-01
9.661609885463046110e-01
-4.514080541709221128e-01
-4.892347603296587910e-01
-4.621436788053803757e-01
-7.427124012651802575e-03
-2.574383733883098269e-02
-2.907452540244738870e+00
-4.465070481504688216e-01
4.584371461820953009e-01
-3.457789943001813443e-02
-4.756429889240607056e-01
