# time shift (tau) 	 number of simulations: 1000	 FR: True	 RSS: True
1.044176281756817835e-02
4.906158077064196599e-01
-1.148121547095547548e-02
5.372706103281719159e-01
-4.533318465319489676e-01
-1.429572993402044613e-02
4.845521658246561003e-01
-1.186924475295871462e-03
-4.142129411920795340e-02
5.900312663907492788e-03
3.676815538591698296e+00
-4.793208591441031063e-01
2.661978332599938657e+00
-9.467657101174423717e-01
2.724022624846840213e+00
-4.416984158689725715e-01
-5.055445304735066703e-01
4.664025747254952337e-01
9.200848271587914740e-01
-4.800134700744306260e-01
-4.602220008266359047e-02
1.288953874105201562e-02
-3.671851844707985698e-03
-4.703585977505994609e-01
4.449939761015722639e-01
-9.195503173556713108e-03
-2.956660259101179591e-02
-9.749477723195121293e-01
-1.956358880704934730e-02
-4.761936881676732090e-03
-4.853590470832028214e-01
1.930044427275483976e+00
-5.127631544690378629e-01
-4.453214894321945450e-02
1.004081095563374645e-02
-4.667474523610697923e-01
-4.903483157989055874e-01
-9.633166109101430896e-01
-4.531221419374325543e-01
2.157949187316512279e-02
-4.777796080850532090e-01
-4.722915004834560837e-01
2.871331609946767394e+00
-4.576399331929433822e-01
7.843547031104943779e-01
5.472226181311650763e-03
2.496200705098472916e+00
4.643753436262558210e-01
9.759689815244005917e-01
1.723083082873351143e-02
4.761077667976434391e-01
1.505782245500036476e+00
-4.571449461068567421e-01
4.940182188313881756e-02
2.439572493079852564e-02
-4.892900735048036354e-01
2.332566532449765973e+00
-7.232564468187622705e-03
-4.718704732514950040e-01
4.898793747936109333e-01
-9.770589574423639290e-01
1.836120425757532121e-02
-9.147829789378740875e-03
1.249584932374287263e-02
1.411265881202733885e+00
3.942672162049105401e-03
4.838111214897665158e-01
-8.874563603226246974e-03
1.932897857371458986e-02
1.591515902715504582e+00
-9.536284847718066171e-01
-5.670100513060442188e-03
-9.786449719810453862e-01
8.777849741930646710e-01
-9.313483118883649770e-01
5.763148953577561587e-03
-4.433914526864270456e-01
-4.498264962357924057e-01
9.823845697580620984e-01
-1.168516739028340259e-02
2.434509902333166664e+00
-5.416531262578383465e-01
-2.448330676988888163e-02
-4.059217532191312927e-02
2.893232780643486990e+00
1.159564487095383727e-02
4.475707838215126633e-01
-3.375830079396952232e+00
1.051604066097264534e+00
3.079823127263794751e-03
-4.837132996371661942e-01
1.551974432743340238e+00
-4.504447472094610383e-01
-4.565895876381696472e-01
-9.229761046752812392e-01
-9.426541987088421504e-03
2.566022478456075340e-01
4.782563608099309471e-01
-4.668529296218862923e-01
-9.385280420674936286e-01
-4.341807104408217377e-01
-4.962485565133247234e-01
1.809286539402102711e+00
-2.348463613941641735e-03
-1.482734245394775642e-02
3.178072619777994740e-02
4.786831789844311902e-01
-2.502148422687059615e+00
-1.493371306258178648e-02
-4.821837670031381418e-01
-4.380221094513995217e-01
-3.975557957222104061e-02
-4.748031978757583649e-01
-4.660884651267017120e-01
-1.412474641898660677e+00
2.911169089053406100e+00
9.544343294673178768e-01
2.635937201710203057e-02
5.896186616851348816e-01
4.624284563009600224e-01
2.438135555202901816e+00
9.310519239885869380e-01
-6.047276772547949958e-04
-4.919818280453673864e-01
-4.436991773921709070e-01
-1.434996590436800279e+00
-5.046677877055273376e-01
-4.512387585508843002e-01
-1.685984581344997495e-03
6.265242856967624327e-03
-9.319471210312622045e-01
-2.374665285251913449e+00
2.282367748856495737e+00
4.604137560171298604e-01
-4.472873666363755274e-01
1.418270225480109614e+00
4.585455146238961444e-01
9.177039215194566779e-01
2.402956717322803470e+00
-1.880176717933864650e+00
-4.688634809881295218e-01
1.428648683919581330e+00
1.886815916016101324e+00
-4.763401178355740062e-01
4.523532976598919619e-01
-2.600108482462824833e-02
1.630500747350925206e+00
1.276054375738277374e-02
-4.863736054759815741e-01
-4.403301410266589611e-01
1.497975812833982762e-02
-4.626867769563989818e-01
-4.922726414123591021e-01
-4.526462257432347647e-01
1.050183043545408923e+00
-9.886367317672235533e-01
-4.941315123754592697e-01
4.623911290037077682e-01
1.563338083559506764e-02
-1.728356776630904715e-02
1.568195967142239411e+00
4.501628913260779519e-01
4.619663831700229206e-01
-4.481843415418501619e-01
-2.410532518382061881e-02
4.259616919120668976e-01
-5.279225867872520961e-02
4.545180529801090552e-01
-3.407042971215749633e-03
8.662570713374251677e-03
-4.511076157098207196e-01
2.413409213799908581e+00
4.624088200565688589e-01
4.421326657039537977e+00
8.979045499711017092e-03
-4.772066343607584971e-01
-5.051498978499978643e-01
4.253193781150948344e-02
1.087640623773550568e-03
4.583458336414801271e-01
-4.826749962878110201e-01
5.406714186528877031e-01
-4.425229786007770505e-01
-4.488263434702709498e-01
-2.548499697844648984e-02
6.896586799059880590e-01
-4.974441006220324257e-01
1.035027628838657574e-03
-5.946932033870478557e-02
-4.737679676639117154e-01
-2.398272972551003690e+00
-1.092894053486199698e-03
-4.662337550963260857e-01
-4.622048696013992264e-01
-1.420302801090594924e+00
4.219480524134251037e-02
-4.892282934905876624e-01
-4.517329329643543501e-01
-1.860689501270206686e-02
-5.169564362745078245e-01
-5.115464229134385477e-01
-4.821473155437417946e-01
-4.919229646389800537e-01
4.301017385920724578e-01
-1.851993096233720687e-02
-4.548671268075858420e-01
-4.847981278283643447e-01
-4.842843491518261101e-01
7.857232543859196117e-01
-4.659223344211286810e-01
1.740807824353740249e-03
-2.742210302923038176e-02
-3.763137264390885219e-03
4.136254207558695550e-01
-4.472670570341839569e-01
4.727686048465157276e-01
-4.946597862657272082e-01
1.046018657208573233e+00
-1.498219072089774784e+00
-4.773488475531700304e-01
1.900585713989858760e+00
-1.677988602274855731e-02
9.117882199090616702e-01
-4.315588248499007129e-01
1.473036680857335634e+00
-4.424012255620896755e-02
4.691749352903734627e-01
-4.886932951907342892e-01
7.647036868736580839e-01
2.562661625842855423e-02
2.469442215090152715e+00
-5.020027443334265094e-01
4.527336016975557209e-01
-3.171722518726464990e-02
4.444663310957352453e-01
1.857358210976227733e-02
4.996634773907484006e-01
-4.666317612445711749e-01
4.931339706800551559e-01
-9.306005234986622909e-01
9.451960338693857766e-01
1.704477173468496254e+00
1.432952594995053230e+00
-2.164821603163272212e-02
2.453843154930585690e+00
1.904710767911125480e+00
-6.006060194967183588e-03
-9.662009222471431569e-01
-4.632203647568216009e-01
4.848143776333521338e+00
4.522145043739513426e+00
-4.430113445240307368e-01
4.650978713578517998e-01
-4.767328469354957243e-01
-1.128590103375471006e-02
-8.838570249511240248e-03
1.239623281334398808e+00
2.449577428384580813e+00
-4.652645603755847792e-01
4.680795338994320209e-01
-4.613809161361704381e-01
4.499917615929381262e-03
-2.873699683600742811e-03
-4.039454129455007925e-01
-4.976586010830405526e-01
-1.314407963662320156e-02
1.399989432356370855e+00
-4.804415771128361934e-01
-1.722103571495111826e-02
-1.631788622170869327e-02
-9.809434642991554654e-01
9.382491799075249883e-01
4.684150442270480497e-01
-2.980108841998412722e-02
-4.914387870083241072e-01
4.405690262394371115e-01
-9.577984527703721218e-01
-1.394942340908114989e-02
-4.833051032993079810e-01
7.963772431783613243e-03
-7.380009367020478987e-03
2.414284149018109282e+00
-4.839941165222764741e-01
-4.283608916371286351e-02
-9.325532101068813029e-01
9.621769558652589760e-01
1.440224350595572522e+00
-4.851708276128084973e-01
-9.338404532619803966e-01
-4.807057315472674786e-01
1.021133972655024688e-02
4.521785365183827454e-01
4.615039575563395502e-02
1.272960647007546735e-02
4.365043057167869445e-01
1.455436594632752101e+00
-1.949582619763576968e-02
1.406760856607546240e+00
2.419844019439146982e-02
9.293960071645086529e-01
-3.608093347080449514e-02
2.985273763679134440e+00
-3.887169300649675918e+00
1.955804584579790451e+00
1.954995965366139954e+00
5.954992103550309501e+00
-4.466519449694346666e-01
-1.646812148451741453e-02
-4.947314983404353383e-01
-4.536005615519257961e-01
-4.355881175030986152e-01
-4.129523093915783705e-02
3.024958463693412994e-03
-4.596945196045370413e-02
1.389032740217298161e-02
-1.418574955690667494e+00
4.558484312003093231e-01
-1.950631024905028710e+00
9.149066892774562199e-01
1.302393956761537908e+00
-9.649759123667168703e-01
-4.802159444944638089e-01
-1.090008452778673184e-02
7.751260355492796059e-03
1.885527952203020163e+00
1.320778848173886466e+00
4.639539039893201822e-01
-4.622820847839209657e-01
-1.520503495776454744e-02
-8.722604170514604294e-03
1.377897981436147168e+00
-4.521480065991827502e-01
-9.313378030059724644e-01
-4.731356304429576998e-01
-4.563649497236125230e-01
-4.693765136535466564e-01
2.430479159945066581e+00
2.205404254960890986e-02
1.344244165484758009e-02
-3.468513002311558041e-02
-4.579068302064097651e-01
1.971117905797873521e-02
-1.625911224948953571e+00
-2.915675380926694218e-02
-4.884220939447733167e-01
-2.143648112916390555e-02
3.474057382957046691e+00
-4.591335956444801414e-01
-7.149927401832283959e-03
-1.354665965150532447e-02
-4.518863724459515341e-02
-4.243904492710921100e-02
2.151701735888835940e-02
-4.710786363353288708e-01
2.768605771842013851e-03
-9.441686244661383620e-01
7.222329968308312427e-03
-5.164227013999692639e-01
-1.377021163310390792e-03
-4.639427372911608671e-01
-3.612343408596969258e-02
-1.832881510631716171e-02
-4.184548240613800152e-02
-1.911724124682637888e-02
4.489542879838611666e-01
-4.640656647715042382e-01
-5.113276473055110571e-01
-1.938656781118366368e+00
-4.439836691621505960e-01
-4.913175722091002173e-01
9.256922347776321836e-01
3.607741818972205056e-02
4.838390206784947134e-01
-1.242311548733577437e-02
4.575549709620045369e-01
2.450944534358009616e-02
-2.000897435523348200e+00
-9.476058475494213429e-01
-6.193718345955049297e-03
4.440159261963617654e-01
-3.455677100203458259e-03
2.455531468864123656e+00
4.775600212928866051e-01
1.787098984233074020e-02
-4.519283849341045878e-01
-2.975565324149257937e-02
-4.524899888384455449e-01
4.144031141610030389e+00
3.651318512629365270e-02
1.606639502304139586e-02
-4.902158460482131663e-01
2.402430509394611224e+00
7.602174038199940309e-01
-1.523077278561507826e-02
-2.169137264277875773e-02
-1.514992429334828472e+00
2.492200412976675050e+00
9.215884374536454926e-01
-4.893171058880481650e-01
-1.861055757844229053e+00
-9.925242317809903625e-01
1.796921398077347756e-02
-1.894603043947257870e+00
5.256812522577198124e-03
-2.530707597090062211e-02
-9.349059592376196548e-01
4.815546030772121511e-01
2.375476822851190217e+00
-4.518389959735141792e-01
8.633806020289860883e-03
-3.104931192308354581e-03
9.129861350322777680e-01
-9.359083558818068749e-01
3.303377908194815062e-03
-1.834560299547357762e-02
-5.415856733751590601e-01
-5.041872121557771091e-01
-4.737042793386985196e-01
4.993143937682031352e-01
-4.137661253099822294e-03
-7.908920053000966233e-01
4.842810091400189809e-01
-4.046857767766163204e-03
4.097979776390784368e-01
9.492765168042618384e-01
4.690553838050008917e-01
-2.952811151857974090e-02
-1.933719952326386562e-03
-1.860853320646652011e-03
1.487315808558674068e-01
-5.032958266277428594e-01
9.051643793297289298e-01
1.806658983296456800e+00
2.458365606867841002e+00
8.758472091043587385e-03
-5.081833246221042488e-01
-4.694266002611595101e-01
-9.111226466688420594e-03
1.870827992708996801e+00
-1.670665381913899461e-02
-3.316754750841553745e-02
-4.424621321995753087e-01
1.416958455710544351e+00
-4.250925780794615610e-02
1.497992483197096103e+00
2.476340705216551807e+00
-4.495167412195006928e-01
-4.499564561326809820e-01
-1.916227599867329282e-02
-4.189022442829040942e-04
-2.738300662577371203e-02
2.615740586781315456e-03
-2.089087347749701173e+00
5.826859772752442101e-03
7.496164376390970219e-01
-1.020976536682704876e-02
3.210813778189042927e-02
-1.424354639473037087e+00
1.435557385742474379e+00
-1.323694930502425371e-02
3.933340479586303395e+00
2.723795880469185970e+00
-9.300502789875318976e-01
9.810761570231885109e-01
2.326632161896476703e+00
2.177801189225274034e-02
3.501626075955868722e-01
2.305013716570527074e-02
1.245686030890044815e+00
-4.426821570857185084e-01
-4.402886018442792593e-01
-1.411959799768413952e-02
2.676521665921845899e-02
-4.724780298860812300e-01
1.491622668385062633e+00
4.589945664849127138e-01
-4.878198699722658405e-01
1.242792178643164699e-02
-4.870040408064295057e-01
4.166847667825727963e-02
-4.412864553866341910e-01
-1.634127364803352606e-02
7.590690735118998944e-01
4.711404058830770958e-01
-4.732571087652397424e-01
-1.328134732632703548e-02
9.425743061506947074e-01
-1.934326371445004300e+00
-1.428922627797182647e-02
-4.700758297038826194e-01
9.556543091161343040e-03
2.633790227094275682e+00
-4.547927041155674366e-01
4.451613458685312330e-01
-1.637827356970819603e-02
6.063528176979042852e-03
-1.024826282877142926e-02
2.029544218489154339e-02
7.495788309036486045e-04
-1.626861480456485640e-03
9.501066141604619375e-03
1.060893626022696608e-02
-4.905872303541334856e-01
-4.855027855948860771e-01
5.680153190907826291e-03
-2.832983699741572700e-02
-4.364690622283627364e-01
4.502195212083827669e-01
4.816795652500084901e-01
2.422144829864155469e+00
8.000848283752687307e-01
3.179054253742148450e-01
4.514307994222701015e-01
-4.920803198703925796e-01
-1.406471204763318564e-02
-4.761807310632167334e-01
-3.394053812291671079e-02
1.440554005489973720e-02
9.407631631284026075e-02
4.519941508313953839e-03
1.921454302774993961e+00
2.477616081051714048e+00
-2.099176040143369004e-03
9.919659307795555270e-01
4.638508536105739322e-01
2.227203773756654570e+00
-2.577693858133798741e-02
-3.090251252976892321e-02
-4.790871950606726548e-01
9.180027626047373990e-03
1.369195473360104200e-02
4.899463541744027428e-01
-4.464289874369268829e-01
4.850166279852550222e-01
-3.539500803905189924e-03
2.445741163374806515e+00
2.022144001281421868e-02
-4.966405565933148525e-01
2.539835455429579475e-02
2.424616851643472515e+00
3.943760630699325379e-03
8.024226170567072807e-04
-4.715120779802676187e-01
-1.256802169603058947e-02
-1.929658463479199115e+00
4.697659912590050890e-01
4.460909593881144386e-01
4.504833602753717803e-01
-4.538488091749285913e-01
-2.646709203916988370e-02
-4.751844154958334565e-01
4.632472558572622745e+00
-4.425575315734319726e-01
2.029986173890068954e-02
1.734066268835767616e-02
-4.918452113811007664e-01
-2.145553079885325481e-03
2.805890742727538620e-02
-5.011888269907607135e-02
4.463175739667422093e-01
1.053036698481780498e+00
-4.766734961069697962e-01
-7.469780936930269129e-03
-9.302325935512969352e-03
-3.845880366389173299e-02
4.571360663055056839e-01
4.096970002373974573e+00
9.225859435840130240e-01
1.047711989589268297e-02
-4.936034708010348521e-02
-9.259395164117519839e-01
4.657766009801251883e-01
4.492653039293114658e-01
2.479534838476416588e-03
1.111947017448524028e-03
1.419866522684968935e+00
-4.810926641868317200e-01
-2.139591001089693328e-02
5.821652830973839121e-02
2.444603780214661626e+00
7.856923675190919942e-01
-4.506912451681244214e-01
-4.797993612338931624e-01
-1.735619925808840752e-02
-1.782541571043929851e+00
4.564660526953980280e-01
-4.943578238638540179e-01
-9.732212374542997813e-01
-4.533428581147965208e-01
-1.957957765143487905e-02
-9.297339404496873794e-01
4.669258705454417679e-01
-4.222389364694110331e-02
-1.034100573402316980e+00
-9.401287199292346353e-01
4.764735330234604049e+00
-4.742348267393370898e-01
-9.649478829498481583e-03
-2.821883425819526336e-01
-4.411740186036965938e-01
4.674394294082743206e-01
4.915966946882893152e-01
-4.691629894826519487e-01
-4.589266494644095307e-01
4.785589547330783289e-02
3.809382634307872245e-02
1.466399593825561398e+00
1.439987216616580440e-02
-1.117994877482107741e-02
-5.085806986345009495e-01
-4.702145034533290746e-03
-4.826399168651121507e-01
-1.282005940731316407e-02
-4.428862889532279024e-01
1.894608618836116198e+00
-9.666144082291259210e-01
-5.035704270046263975e-01
-3.531375188022804756e-02
1.837007924660987584e-02
-4.830727952245519874e-01
-1.266622768949371945e-02
-4.746761262992131303e-01
-1.255229532158719415e-02
1.376945705058728375e+00
1.845735102863461652e+00
3.363039632417700986e+00
-4.928774705199440165e-01
-2.132191614141461591e-02
7.907635607633488606e-01
4.670482860657885205e-01
8.426257446506415505e-01
-4.708011125863346136e-01
4.591655470250431970e-01
-5.097456922986318695e-01
6.765318290724181560e-01
-1.399358512199751388e-02
-2.374919212546744429e+00
-1.685441944259123345e-02
-4.726952237286700109e-01
-1.427583305553313808e+00
-9.354941755129665415e-01
-4.709222578433851503e-01
-1.801165941770577206e-02
-4.676831880091393279e-01
-4.619894116796853800e-01
-7.192517785039415253e-03
-8.350096252164823651e-01
-4.778005276024917536e-01
-4.470136405159419457e-02
8.988433579376191584e-01
-9.765990990980329967e-01
1.648151185126775845e-02
-8.769118805034704488e-04
1.519493198459001437e+00
-4.744194169406675265e-01
-4.860807559911770603e-01
-9.212827526679174817e-01
-4.104850764193943569e-01
-1.542685980977557755e-02
-9.754372573491998377e-01
-4.869797937987714875e-01
4.894211310729634778e-01
-4.464934357356855309e-03
-2.240048047345541676e-03
-4.707207906397545272e-01
1.915038362724976739e+00
-4.539293468314503088e-01
-1.509938103815523097e-02
-2.966118887628360276e-02
-4.760933101543747270e-01
3.884682340040474635e+00
-4.695607140946912450e-01
2.238334483398652708e+00
1.449456983112275443e+00
1.005332291641765963e+00
5.453925142338830190e-01
-4.974647441435419704e-01
1.013019929405105213e+00
1.919209377212394818e+00
4.682824523650849780e-01
1.740505704663249054e+00
-4.723180917685002034e-01
1.529721617916890430e+00
-2.769269601660437601e-03
-4.786378826338799630e-01
-4.185483596423381081e-02
2.747525315823235559e+00
1.904495414218695171e+00
2.164947945035228596e-02
-1.888913955832250524e+00
2.492839902418656772e-01
-9.596744179497057603e-01
1.592756183552652971e-02
4.615995542306345900e-01
-4.449938313834851944e-01
9.135455031156375361e-01
4.700305804684081212e-01
4.172817232369847140e+00
9.509907802501980090e-01
-3.059020334637523736e-02
-5.840945224366596647e-03
-1.033480936729477828e-02
-7.083979208590709606e-03
-4.428230107868941223e-01
1.415813631265381289e+00
-4.600625035033317767e-01
9.351522763260670112e-01
3.356298206830335751e+00
-4.818185713474527065e-01
-4.419101644180434274e-01
-4.852419038896820247e-01
1.467779050373194449e+00
-4.259880703969711191e-01
-4.425305708117244774e-01
3.364727279070946153e+00
4.999348921422681613e-01
-1.732036301635296940e-02
-9.410399239999208687e-01
9.229466963684079123e-03
-4.670492117876501315e-01
1.509869586309019462e+00
-3.404055992015109916e-02
-1.720667661440837382e+00
5.755587434479647081e-03
-9.467238053209693360e-01
-6.278153599668516091e-03
-4.449074540975491154e-01
-1.369387368469445268e-02
-6.031536291356655484e-03
-1.259434344178524687e-03
-8.657031649307565108e-03
-1.428779378966405812e-02
6.282736728021524712e-03
-2.115617933369808024e-02
2.340666874944508438e-02
1.454762969418974095e+00
-9.570954494647709865e-01
-1.987483909578703981e-02
9.431145863772214533e-01
-2.934958271660748075e-02
-4.398927118054793417e-01
-1.202107896410283851e-02
4.419059308779830220e-01
-1.091905327700124273e+00
-5.526282002942072280e-01
1.448861968483168949e+00
3.405062305762761310e-02
4.668944687939065585e-01
-4.634636496991781929e-01
-4.507306787344955712e-01
-4.984563873265735467e-01
-8.703561861327605009e-03
6.005993374234873394e-03
-2.580286218875127782e-02
2.631629392717713817e-02
-5.835270997030644717e-03
5.051394118890125684e-01
-4.509407515201228067e-01
-6.017647376181058105e-02
1.160352946908484477e-03
-4.680127985447060102e-01
-2.187169593822895289e-02
-4.621322672743610749e-01
-4.636514151002946726e-01
7.878521744455710060e-03
-1.497380958953305197e-02
4.742230254779321585e-01
-1.631280600180860407e+00
-1.444106908003771859e-02
6.116475397093456765e-03
1.891942239937674186e+00
3.022759610983906560e-03
4.417355859033174070e-01
9.239102698514302103e-01
-1.726769895692464515e-02
-9.887003306789583501e-01
4.252052420914149283e-02
-1.325439205072545187e-02
-1.458813635643666951e+00
-3.954844941065152608e-02
4.329091452842168231e+00
4.680046824879178224e-01
2.943863811629735316e+00
4.478193441009683390e-02
1.081330206657712178e+00
2.391920244577015353e+00
-7.592151322535900526e-01
1.531337135698801390e-03
1.228942967524713215e+00
-9.438644268094469325e-01
-4.703213924022143222e-01
4.979819977777507067e-01
1.518418966921775181e-03
4.959402202926856407e-01
3.166172077182761307e-02
-4.912376266775536071e-01
-4.636244488645942519e-01
-2.357553583333221389e-02
-1.451975355023189973e+00
-4.564116475114312066e-01
4.847195482385551202e-01
1.555724091737408443e+00
-8.709918709204062318e-03
-2.041781788242254952e-02
-2.413642146980358838e+00
-4.674105300647540817e-02
-2.876399619564654841e+00
1.169045438014340230e-02
-4.521802981102926444e-01
-2.429245783715185514e+00
-5.104194775788993832e-01
-1.871221611684916519e+00
-2.619780856835575086e-02
-1.062808486863004775e+00
-2.161426197817713835e+00
-4.689240256601528989e-01
-3.832301491374696337e-03
-4.563896770456180585e-01
1.441635869497530198e+00
4.807815143865665775e-01
4.579163187155293468e-01
9.400623886349353600e-03
2.195149249335538299e-03
-9.746079764073812823e-01
1.438964333660622957e-02
-1.942262544330717766e+00
7.592463607211025201e-01
4.521944094771341849e-01
-4.850273936593335611e-01
-2.549188012443580429e-03
-4.808832862961551768e-01
-4.729380649064483522e-01
-4.886119768549564424e-01
1.939006090059207432e+00
-2.221219981172605808e-03
-4.780784830807665031e-01
4.422269555040000966e-01
2.696334532390856978e-02
-5.356175395646118886e-01
9.413081654821331412e-01
-1.408861572367733128e+00
1.396337645190815976e-02
-1.092971753692283388e+00
-3.294384487182157317e-02
4.742629371756173495e-01
-5.565190994545817253e-04
4.481952864884443666e-01
2.118164931083316160e-02
3.115257313230896052e+00
-3.461420380551041842e-03
9.013682477038457638e-03
-4.908002370340323051e-01
4.538018676181018729e-01
-2.102332190453632066e+00
-1.450135975116207510e+00
-4.619851242203975028e-01
-4.563594654016118191e-01
-4.854126498416835855e-03
-4.698144512125445038e-01
4.266194667887467616e-03
-4.610188431342304161e-01
-6.980186728753674796e-03
-1.013888265948508817e-02
-1.221483672945029983e-03
4.835648856537370088e-01
4.928500355013120116e-01
2.009668755252523198e+00
9.827436674918392165e-03
-1.323381678569803682e-02
-8.585176796243690692e-03
-4.393446949162217452e-01
1.926076951979622393e-02
1.423067559767967616e+00
8.307688916069382382e-03
5.526135110266425059e-03
1.523388184785528843e+00
-4.953194133750267181e-01
-4.562050294446022281e-01
-4.559389659748450674e-01
8.376066770886168023e-01
-3.140543614736968341e-03
1.320425978023409552e+00
-1.092395048349249775e-02
4.306474958639179285e+00
-6.013571036524913843e-02
-9.169068383185031701e-01
4.488475874478444760e-01
4.678723915482682072e-01
-4.913575806156780246e-01
1.441518086646950580e+00
-9.278443328784848898e-01
2.326624339754013171e+00
-7.489563708971707159e-03
-4.747175650230019972e-01
9.655872559612671546e-01
-1.048802169387056615e+00
4.688297890041675520e-01
-7.806316837840077474e-03
1.935719157668939872e+00
9.072973427587303075e-01
2.886290112609611658e+00
-3.872816797020923931e-03
-4.644190325456405422e-01
-2.791748218269889462e-02
-4.734303125376901900e-01
-2.688153513333708597e-02
-8.201899005943414506e-03
2.450355089417991294e+00
9.609047576767330012e-01
-5.220975718731886150e-01
5.869416678832961587e-01
4.613345732167170588e-01
2.419628243027004633e+00
-3.837636380098393557e-02
1.164212332353966152e-03
4.637724422311646499e-01
-5.018428752009354010e-01
1.515774705030608835e-02
2.340289128606126479e+00
-4.903170900015447753e-01
-9.624548553757559244e-01
-1.001385138459672364e+00
-5.000522196171203193e-01
-3.455052793383209947e-02
-1.431549325078272261e+00
1.458405973241605702e+00
-2.225199846846848822e-02
1.080259659919332975e-02
-1.460911853578098940e+00
-4.680067019814759255e-01
-4.587596397436073670e-02
1.611014003640704795e+00
1.164139321431620876e-02
-3.342471986921143057e-02
4.707213464596249342e-01
-4.910215672966401490e-01
-1.791603885169991070e-02
4.416137472023454885e-02
-4.592280210961025011e-01
-2.212630936084623468e+00
-4.881447418417770856e-01
-4.699492266714789257e-01
-1.435473077365655332e-02
-4.696355013191584882e-01
1.326674325789381159e+00
4.861993743604965945e-01
5.071861157166941414e-01
-9.650457756104157125e-01
1.088651456734578415e-01
2.681386761974915434e-01
-4.960175279405202864e-01
-5.022334675264191750e-01
4.439025794432410188e-01
9.493369390242477612e-01
2.107318908610561828e-02
1.928974724827905662e+00
-9.568203827211321094e-03
9.415940366063656475e-01
1.412054026395722417e+00
-4.886368565079987625e-01
-4.926440150021377251e-01
3.726510633760796498e+00
-4.628239925260156928e-01
2.368872466294148077e-02
2.106556444036001771e-02
-4.559498677094097618e-01
-4.439395797418539957e-01
4.540467109656653455e-01
1.377408587900921466e+00
-5.045219037741562884e-01
6.486199222428061864e-03
4.572346391434178869e-01
-5.377453725892772374e-02
-2.172259192207633305e+00
1.415416669382440151e+00
-4.958292403846223384e-01
-1.681259515104583172e-02
-2.249488321688466325e-02
-5.089543957669149243e-01
-4.614173545213672289e-01
4.727607226080260405e-01
-7.917970630606980566e-04
9.309574308291227451e-01
2.707317333027134398e-02
-1.735434196597370957e-02
-5.169515298325262354e-01
2.443314934002605909e+00
1.153381240258347616e-02
-3.266754444540753352e-03
-5.001805050377658990e-01
-1.492865105318124552e+00
-4.967101608470761986e-01
-2.359944111105559406e-02
-4.858367924587435049e-01
-4.721781783636158636e-01
2.329432694210929800e+00
1.079006195461025497e+00
2.039677255029691327e+00
-1.353391470276449349e-02
9.134200005246831955e-01
