# time shift (tau) 	 correlation coefficient 	 number of simulations: 10000	 FR: True	 RSS: True
-1.000000000000000000e+01 1.218000000000000000e+03
-9.000000000000000000e+00 4.200000000000000000e+01
-8.000000000000000000e+00 1.600000000000000000e+01
-7.000000000000000000e+00 7.000000000000000000e+00
-6.000000000000000000e+00 1.300000000000000000e+01
-5.000000000000000000e+00 6.000000000000000000e+01
-4.000000000000000000e+00 1.520000000000000000e+02
-3.000000000000000000e+00 1.360000000000000000e+02
-2.000000000000000000e+00 1.520000000000000000e+02
-1.000000000000000000e+00 1.530000000000000000e+02
0.000000000000000000e+00 2.170000000000000000e+02
1.000000000000000000e+00 4.180000000000000000e+02
2.000000000000000000e+00 9.550000000000000000e+02
3.000000000000000000e+00 6.360000000000000000e+02
4.000000000000000000e+00 5.830000000000000000e+02
5.000000000000000000e+00 7.060000000000000000e+02
6.000000000000000000e+00 8.310000000000000000e+02
7.000000000000000000e+00 6.020000000000000000e+02
8.000000000000000000e+00 4.230000000000000000e+02
9.000000000000000000e+00 3.520000000000000000e+02
1.000000000000000000e+01 4.710000000000000000e+02
1.100000000000000000e+01 7.980000000000000000e+02
1.200000000000000000e+01 7.420000000000000000e+02
1.300000000000000000e+01 1.930000000000000000e+02
1.400000000000000000e+01 2.500000000000000000e+01
1.500000000000000000e+01 8.500000000000000000e+01
