# # time shift (tau) HDelta HGamma HeII4685 HBeta HeI5875 HAlpha HeI5015 OI8446 HeI4471 HeI7065 OIII5007 LyALpha
-1.000000000000000000e+01 6.106563790384836321e-03 7.169157920013347063e-02 4.605498735774808672e-03 1.775529938525234053e-01 -1.780483590434388808e-01 -2.124319552048810900e-01 -4.649028815313965834e-02 1.451169319270213809e-01 -1.544208175548991424e-01 5.466214508474340206e-02 -8.125660202833685786e-02 -2.877620949651813476e-01
-9.000000000000000000e+00 -7.373489368854811710e-02 -1.708551401548222270e-02 -3.675919307676528414e-02 4.723191009546215402e-02 -2.465388141958105295e-01 -2.343042907381158724e-01 -1.707784933135448602e-01 1.231733773886276584e-01 -2.447600831356377682e-01 -1.766489588419076044e-03 -2.115121521253912062e-01 -2.877168773729521511e-01
-8.000000000000000000e+00 -1.394757203235580389e-01 -6.142136331327989474e-02 5.447226522908103774e-02 1.621248570309697518e-02 -2.834123317148132815e-01 -2.574616961031472862e-01 -2.461036057151244627e-01 4.150871432792634791e-02 -3.551855044804538286e-01 -6.736529702793339625e-02 -3.254550465764086686e-01 -2.376317606204264021e-01
-7.000000000000000000e+00 -8.275475036267948559e-02 -6.339233976471317367e-02 1.978282832073327002e-01 -8.861530392011696122e-02 -3.321097201298245372e-01 -3.281336220646879909e-01 -3.408632692438254286e-01 -1.721021747840146832e-01 -4.663265877878304821e-01 -8.191808933340860577e-02 -4.397928279843240085e-01 -8.493110124261626925e-02
-6.000000000000000000e+00 1.235017213592950677e-02 6.740638418971306445e-02 3.147003171160753787e-01 3.159038420426236310e-02 -2.138046414047359289e-01 -2.513027259879716535e-01 -3.718415169832643974e-01 -1.467786902355293632e-01 -4.513180068660817001e-01 6.515151989550424516e-02 -4.734231710032102969e-01 8.226724831212525735e-02
-5.000000000000000000e+00 9.325161490091167515e-02 1.233496529929414415e-01 3.687022739650799297e-01 2.029353309127989169e-01 -7.942362192142767008e-02 -1.466579619692330028e-01 -3.396683697483905973e-01 -1.483282295231718173e-01 -3.004188045190070433e-01 1.443388811113416603e-01 -4.187171692998203354e-01 1.862441917439444650e-01
-4.000000000000000000e+00 5.059278677981347838e-02 7.508029649866068689e-02 2.972659312441143231e-01 2.149770024387711032e-01 -1.141990711012006166e-01 -1.532074619705514062e-01 -4.187961585746822202e-01 -2.192499205938067963e-01 -1.832728653696410470e-01 2.199012370014514495e-01 -4.870049305203996148e-01 1.507004023086749855e-01
-3.000000000000000000e+00 8.700457063259754709e-02 1.422913871999649804e-01 3.060666065528644397e-01 2.653745775481878288e-01 1.227220541843124513e-01 -1.353152837910885642e-02 -4.676057858385951338e-01 -7.639833280455231301e-02 -1.747155497952068981e-01 1.402815782654869836e-01 -5.562490029565847482e-01 2.830801706067220813e-01
-2.000000000000000000e+00 3.092044801557770617e-01 2.735859402686393049e-01 4.612865222195456361e-01 3.581022171174348401e-01 3.335601751911868029e-01 1.162504150393962460e-01 -4.378091239667949441e-01 -5.926223342336855993e-02 -1.537519577946062643e-01 5.870410347273606610e-02 -6.074104772273617447e-01 4.314932046481341765e-01
-1.000000000000000000e+00 5.688236594142270786e-01 4.830336273426608096e-01 6.798432933461685534e-01 4.816777258867300238e-01 4.709407645054961011e-01 2.518124442516117001e-01 -3.197788891838020953e-01 5.050693559158198065e-02 -8.035858592418428092e-02 5.426439292181186452e-02 -5.775073615150109196e-01 6.271518837605500885e-01
0.000000000000000000e+00 7.823477185088576480e-01 7.261303748164361638e-01 8.526372683514542583e-01 7.011559969418313942e-01 6.474532468278052511e-01 5.302638928979805932e-01 -2.666631477643349735e-02 3.021428000349937748e-01 2.179673135908193893e-01 1.968442182725354261e-01 -3.390520163894562011e-01 8.235282506039760531e-01
1.000000000000000000e+00 8.769979838652686155e-01 8.244589873139396285e-01 8.026032089910630773e-01 8.089461023411768092e-01 7.010248347032529415e-01 6.357610522516734530e-01 1.471570253405776740e-01 3.788346048727298521e-01 3.124776587313374820e-01 4.430240302719695156e-01 -1.885802817559875666e-01 8.344963727013332555e-01
2.000000000000000000e+00 8.344231179835146506e-01 8.714802458754495884e-01 6.625968215614946866e-01 8.776698945477674485e-01 7.267841089431956725e-01 7.018156226968799150e-01 1.886972858609254067e-01 5.065834280755797669e-01 5.796805047016999612e-01 6.337586681941016487e-01 -1.531651117496077297e-01 8.256082244642832801e-01
3.000000000000000000e+00 6.634980001437708053e-01 7.768447614472702156e-01 3.221288140295775482e-01 8.741090335594285943e-01 7.495647798729383471e-01 7.386310068784167626e-01 1.971267783474087154e-01 5.903647495753985286e-01 4.075457083731653940e-01 5.591071456953741192e-01 -1.242876886382397739e-01 6.741376129969514075e-01
4.000000000000000000e+00 5.273330420435200505e-01 5.486302547676202845e-01 2.325084188399541285e-01 7.334604387818022264e-01 6.420983665293792386e-01 6.214102533093133207e-01 2.102635536643378267e-01 4.787696592151389208e-01 2.773332859498011671e-01 3.463629381894348658e-01 -1.251560101840755168e-01 5.703977743656830635e-01
5.000000000000000000e+00 5.298217404976595102e-01 5.059250173582084953e-01 3.806080132522631221e-01 6.646067295842279510e-01 4.920895864929818453e-01 6.406876557400824623e-01 2.062704075557068584e-01 4.910329975356616528e-01 2.521563565457090039e-01 5.509979141576536177e-02 -9.873859805105626719e-02 5.597143048647523766e-01
6.000000000000000000e+00 6.293338781574935314e-01 5.051017831931486901e-01 5.669363233930651003e-01 5.633790849262869660e-01 3.451901245030849497e-01 5.173737024853903854e-01 9.146261476783933142e-02 3.675182982114113539e-01 2.839289070229417122e-01 -2.802870667315500441e-02 -1.073264524507821505e-01 5.356365661537615397e-01
7.000000000000000000e+00 6.113966910224786222e-01 5.520293366948985092e-01 5.785997960663818995e-01 5.012443882030817033e-01 2.984434119847127476e-01 3.569304866709263058e-01 9.975307579710596118e-02 3.348186152260193005e-01 4.871709953672000992e-01 -1.242272435528514740e-01 -6.220621575630187056e-02 3.836310809494863916e-01
8.000000000000000000e+00 5.109062374511719185e-01 5.430870173498923981e-01 5.183865535033858052e-01 5.054184001361208267e-01 2.172358726796396189e-01 2.006265256487380633e-01 1.075370303654403642e-01 3.386564494364218136e-01 7.911709137866680397e-01 5.968166815447510654e-02 1.322738508403120683e-02 2.762318754197265469e-01
9.000000000000000000e+00 3.240572209393718373e-01 2.242664055733044060e-01 9.355390370102253939e-02 3.478893647449599058e-01 2.282263708050786266e-01 6.766988563134437862e-02 -5.040388040063402408e-02 1.559777371853315608e-01 6.060593907402863634e-01 -2.080325728450540396e-02 -2.161026588220428812e-01 1.113731099723299089e-01
1.000000000000000000e+01 1.087710852253673810e-01 4.089641994030490668e-02 -9.244806696769247711e-02 2.012746447027340402e-01 1.266171646058786016e-01 2.174490220536069718e-01 9.751164286018518257e-02 1.051393943916594936e-01 2.972501183065771047e-01 1.896990909920502344e-01 -1.199878452509806764e-01 1.256807134730658360e-01
1.100000000000000000e+01 -1.878887285039257740e-02 2.053887735192914260e-03 -1.569443669746743153e-01 8.982882447317894203e-02 8.024670515192168507e-02 3.382536916798499216e-01 1.447667480503519177e-01 1.903829601909017011e-01 -3.589316392968510683e-01 2.171489029127513792e-01 -3.018079755629634597e-01 1.668972457853351021e-01
1.200000000000000000e+01 -2.184703246245864316e-02 1.984670723900315917e-02 1.060079895816657125e-01 -1.334505491432519675e-01 -5.902527462406195052e-02 2.030321294093073159e-01 4.025563370784977779e-02 -2.739069045481682188e-02 -5.606871714790357952e-01 2.129524464586400254e-02 -3.958323277689248521e-01 2.346874836725139635e-01
1.300000000000000000e+01 -7.808248872446965638e-03 1.503138789971657785e-01 3.011766870316979761e-01 -1.016179124241778226e-01 -2.412279176172198863e-02 6.697241238922410980e-03 -1.783126848899600492e-01 -8.272722000054123087e-03 -4.223704761444531108e-01 1.208296483729340565e-01 -3.671297446512641338e-01 2.497416133906620317e-01
1.400000000000000000e+01 6.941415564813929739e-02 2.781773471932042982e-02 4.059266412833038573e-01 -9.470461577303376441e-03 6.798222412461464581e-02 -2.926025284292788076e-01 -3.007918563747477014e-01 -2.210199338284488668e-01 6.157678485075632202e-03 -1.649784117117050475e-01 -1.122819635775049174e-01 1.579747154609250082e-01
1.500000000000000000e+01 1.757400697716625104e-01 5.493913920349424718e-02 5.244903516195609239e-01 1.541983379692131728e-01 2.667342589785010043e-01 -1.889573465235291627e-01 -2.890556106555703386e-01 -2.267968467027673130e-01 3.094969209717667313e-01 1.309114058703948202e-01 5.024205646297729561e-02 2.142699372827444049e-01
