# time shift (tau) 	 correlation coefficient 	 number of simulations: 10000	 FR: True	 RSS: True
-1.000000000000000000e+01 7.600000000000000000e+01
-9.000000000000000000e+00 6.000000000000000000e+00
-8.000000000000000000e+00 4.000000000000000000e+00
-7.000000000000000000e+00 0.000000000000000000e+00
-6.000000000000000000e+00 1.000000000000000000e+00
-5.000000000000000000e+00 2.000000000000000000e+00
-4.000000000000000000e+00 0.000000000000000000e+00
-3.000000000000000000e+00 0.000000000000000000e+00
-2.000000000000000000e+00 0.000000000000000000e+00
-1.000000000000000000e+00 0.000000000000000000e+00
0.000000000000000000e+00 6.700000000000000000e+01
1.000000000000000000e+00 4.920000000000000000e+02
2.000000000000000000e+00 2.842000000000000000e+03
3.000000000000000000e+00 3.281000000000000000e+03
4.000000000000000000e+00 6.070000000000000000e+02
5.000000000000000000e+00 1.869000000000000000e+03
6.000000000000000000e+00 3.190000000000000000e+02
7.000000000000000000e+00 2.600000000000000000e+01
8.000000000000000000e+00 2.600000000000000000e+01
9.000000000000000000e+00 3.800000000000000000e+01
1.000000000000000000e+01 4.600000000000000000e+01
1.100000000000000000e+01 1.160000000000000000e+02
1.200000000000000000e+01 8.800000000000000000e+01
1.300000000000000000e+01 5.100000000000000000e+01
1.400000000000000000e+01 3.000000000000000000e+00
1.500000000000000000e+01 4.000000000000000000e+01
