# time shift (tau) 	 correlation coefficient 	 number of simulations: 10000	 FR: True	 RSS: True
-1.000000000000000000e+01 5.000000000000000000e+00
-9.000000000000000000e+00 0.000000000000000000e+00
-8.000000000000000000e+00 0.000000000000000000e+00
-7.000000000000000000e+00 0.000000000000000000e+00
-6.000000000000000000e+00 0.000000000000000000e+00
-5.000000000000000000e+00 1.000000000000000000e+00
-4.000000000000000000e+00 5.000000000000000000e+00
-3.000000000000000000e+00 2.000000000000000000e+00
-2.000000000000000000e+00 6.000000000000000000e+00
-1.000000000000000000e+00 1.500000000000000000e+01
0.000000000000000000e+00 2.100000000000000000e+01
1.000000000000000000e+00 2.600000000000000000e+01
2.000000000000000000e+00 2.130000000000000000e+02
3.000000000000000000e+00 1.410000000000000000e+02
4.000000000000000000e+00 1.460000000000000000e+02
5.000000000000000000e+00 3.970000000000000000e+02
6.000000000000000000e+00 7.480000000000000000e+02
7.000000000000000000e+00 4.670000000000000000e+02
8.000000000000000000e+00 2.306000000000000000e+03
9.000000000000000000e+00 5.059000000000000000e+03
1.000000000000000000e+01 2.920000000000000000e+02
1.100000000000000000e+01 7.400000000000000000e+01
1.200000000000000000e+01 3.000000000000000000e+01
1.300000000000000000e+01 2.000000000000000000e+00
1.400000000000000000e+01 0.000000000000000000e+00
1.500000000000000000e+01 4.400000000000000000e+01
