# time shift (tau) 	 correlation coefficient 	 number of simulations: 10000	 FR: True	 RSS: True
-1.000000000000000000e+01 2.350000000000000000e+02
-9.000000000000000000e+00 1.025000000000000000e+03
-8.000000000000000000e+00 9.320000000000000000e+02
-7.000000000000000000e+00 3.770000000000000000e+02
-6.000000000000000000e+00 2.570000000000000000e+02
-5.000000000000000000e+00 6.330000000000000000e+02
-4.000000000000000000e+00 6.460000000000000000e+02
-3.000000000000000000e+00 5.690000000000000000e+02
-2.000000000000000000e+00 5.670000000000000000e+02
-1.000000000000000000e+00 5.650000000000000000e+02
0.000000000000000000e+00 6.610000000000000000e+02
1.000000000000000000e+00 5.120000000000000000e+02
2.000000000000000000e+00 5.510000000000000000e+02
3.000000000000000000e+00 4.140000000000000000e+02
4.000000000000000000e+00 3.130000000000000000e+02
5.000000000000000000e+00 2.220000000000000000e+02
6.000000000000000000e+00 1.440000000000000000e+02
7.000000000000000000e+00 1.080000000000000000e+02
8.000000000000000000e+00 6.230000000000000000e+02
9.000000000000000000e+00 3.130000000000000000e+02
1.000000000000000000e+01 2.000000000000000000e+02
1.100000000000000000e+01 4.300000000000000000e+01
1.200000000000000000e+01 6.700000000000000000e+01
1.300000000000000000e+01 2.100000000000000000e+01
1.400000000000000000e+01 1.000000000000000000e+00
1.500000000000000000e+01 1.000000000000000000e+00
