# time shift (tau) 	 correlation coefficient 	 number of simulations: 10000	 FR: True	 RSS: True
-1.000000000000000000e+01 1.660000000000000000e+02
-9.000000000000000000e+00 3.410000000000000000e+02
-8.000000000000000000e+00 1.140000000000000000e+02
-7.000000000000000000e+00 2.900000000000000000e+01
-6.000000000000000000e+00 6.000000000000000000e+01
-5.000000000000000000e+00 1.480000000000000000e+02
-4.000000000000000000e+00 1.920000000000000000e+02
-3.000000000000000000e+00 2.380000000000000000e+02
-2.000000000000000000e+00 2.830000000000000000e+02
-1.000000000000000000e+00 3.220000000000000000e+02
0.000000000000000000e+00 4.070000000000000000e+02
1.000000000000000000e+00 3.600000000000000000e+02
2.000000000000000000e+00 3.840000000000000000e+02
3.000000000000000000e+00 6.710000000000000000e+02
4.000000000000000000e+00 1.171000000000000000e+03
5.000000000000000000e+00 1.803000000000000000e+03
6.000000000000000000e+00 1.252000000000000000e+03
7.000000000000000000e+00 8.350000000000000000e+02
8.000000000000000000e+00 6.280000000000000000e+02
9.000000000000000000e+00 1.900000000000000000e+02
1.000000000000000000e+01 1.330000000000000000e+02
1.100000000000000000e+01 1.450000000000000000e+02
1.200000000000000000e+01 5.700000000000000000e+01
1.300000000000000000e+01 6.000000000000000000e+01
1.400000000000000000e+01 0.000000000000000000e+00
1.500000000000000000e+01 1.100000000000000000e+01
