# time shift (tau) 	 correlation coefficient 	 number of simulations: 10000	 FR: True	 RSS: True
-1.000000000000000000e+01 1.960000000000000000e+02
-9.000000000000000000e+00 1.000000000000000000e+01
-8.000000000000000000e+00 1.000000000000000000e+00
-7.000000000000000000e+00 1.000000000000000000e+01
-6.000000000000000000e+00 7.000000000000000000e+00
-5.000000000000000000e+00 5.000000000000000000e+00
-4.000000000000000000e+00 3.000000000000000000e+00
-3.000000000000000000e+00 0.000000000000000000e+00
-2.000000000000000000e+00 0.000000000000000000e+00
-1.000000000000000000e+00 0.000000000000000000e+00
0.000000000000000000e+00 1.400000000000000000e+01
1.000000000000000000e+00 2.740000000000000000e+02
2.000000000000000000e+00 5.858000000000000000e+03
3.000000000000000000e+00 2.594000000000000000e+03
4.000000000000000000e+00 2.020000000000000000e+02
5.000000000000000000e+00 3.450000000000000000e+02
6.000000000000000000e+00 1.200000000000000000e+02
7.000000000000000000e+00 1.940000000000000000e+02
8.000000000000000000e+00 8.500000000000000000e+01
9.000000000000000000e+00 2.000000000000000000e+00
1.000000000000000000e+01 2.000000000000000000e+00
1.100000000000000000e+01 2.000000000000000000e+00
1.200000000000000000e+01 1.000000000000000000e+00
1.300000000000000000e+01 1.300000000000000000e+01
1.400000000000000000e+01 1.700000000000000000e+01
1.500000000000000000e+01 4.500000000000000000e+01
