# time shift (tau) 	 correlation coefficient 	 number of simulations: 10000	 FR: True	 RSS: True
-1.000000000000000000e+01 6.180000000000000000e+02
-9.000000000000000000e+00 8.220000000000000000e+02
-8.000000000000000000e+00 2.930000000000000000e+02
-7.000000000000000000e+00 3.900000000000000000e+01
-6.000000000000000000e+00 2.600000000000000000e+01
-5.000000000000000000e+00 3.900000000000000000e+01
-4.000000000000000000e+00 2.900000000000000000e+01
-3.000000000000000000e+00 7.000000000000000000e+00
-2.000000000000000000e+00 3.000000000000000000e+00
-1.000000000000000000e+00 1.000000000000000000e+00
0.000000000000000000e+00 6.000000000000000000e+00
1.000000000000000000e+00 6.000000000000000000e+00
2.000000000000000000e+00 8.300000000000000000e+01
3.000000000000000000e+00 9.660000000000000000e+02
4.000000000000000000e+00 1.273000000000000000e+03
5.000000000000000000e+00 1.969000000000000000e+03
6.000000000000000000e+00 7.280000000000000000e+02
7.000000000000000000e+00 7.540000000000000000e+02
8.000000000000000000e+00 1.273000000000000000e+03
9.000000000000000000e+00 1.940000000000000000e+02
1.000000000000000000e+01 2.870000000000000000e+02
1.100000000000000000e+01 2.950000000000000000e+02
1.200000000000000000e+01 1.360000000000000000e+02
1.300000000000000000e+01 1.260000000000000000e+02
1.400000000000000000e+01 1.000000000000000000e+00
1.500000000000000000e+01 2.600000000000000000e+01
