# time shift (tau) 	 correlation coefficient 	 number of simulations: 10000	 FR: True	 RSS: True
-1.000000000000000000e+01 1.586000000000000000e+03
-9.000000000000000000e+00 1.137000000000000000e+03
-8.000000000000000000e+00 1.535000000000000000e+03
-7.000000000000000000e+00 4.750000000000000000e+02
-6.000000000000000000e+00 7.160000000000000000e+02
-5.000000000000000000e+00 6.300000000000000000e+01
-4.000000000000000000e+00 6.400000000000000000e+01
-3.000000000000000000e+00 1.000000000000000000e+01
-2.000000000000000000e+00 0.000000000000000000e+00
-1.000000000000000000e+00 2.000000000000000000e+00
0.000000000000000000e+00 1.800000000000000000e+02
1.000000000000000000e+00 2.570000000000000000e+02
2.000000000000000000e+00 4.060000000000000000e+02
3.000000000000000000e+00 1.020000000000000000e+02
4.000000000000000000e+00 5.700000000000000000e+01
5.000000000000000000e+00 3.700000000000000000e+01
6.000000000000000000e+00 2.700000000000000000e+01
7.000000000000000000e+00 5.100000000000000000e+01
8.000000000000000000e+00 1.353000000000000000e+03
9.000000000000000000e+00 7.170000000000000000e+02
1.000000000000000000e+01 6.890000000000000000e+02
1.100000000000000000e+01 1.910000000000000000e+02
1.200000000000000000e+01 2.300000000000000000e+02
1.300000000000000000e+01 9.400000000000000000e+01
1.400000000000000000e+01 1.400000000000000000e+01
1.500000000000000000e+01 7.000000000000000000e+00
