# # time shift (tau) HDelta HGamma HeII4685 HBeta HeI5875 HAlpha HeI5015 OI8446 HeI4471 HeI7065 OIII5007 LyALpha
-5.000000000000000000e+00 -1.639137778024291059e-02 -1.682866274046677657e-01 3.417403699544067919e-03 -1.857003112144602341e-01 -2.424842384323104560e-03 1.457242555895949254e-01 -1.329566152007219393e-01 -3.276187806852304263e-01 2.609756302786176985e-01 -8.369280949515733870e-02 -5.751864351841604051e-02 6.803390808221539132e-02
-4.500000000000000000e+00 1.273879919768593216e-02 -4.491341027123617324e-02 -5.332558356840927383e-02 -1.877554501262601594e-01 1.099532025565606863e-01 2.121575727438867465e-01 -1.023575027420924044e-01 -2.473579677192512816e-01 1.948965908053156837e-01 1.429175351543862660e-02 -3.482063331180657029e-02 1.287488328848124808e-01
-4.000000000000000000e+00 1.636939253033681263e-01 1.431166621360427937e-01 -8.043146965332959031e-02 -9.938068933762236878e-02 3.135944082839295932e-01 2.348287901031932134e-01 7.017415476611553113e-03 -2.063467040368173466e-02 -1.244268831967465169e-03 6.643366940441222668e-02 2.632815960317050341e-02 2.777006166406106313e-01
-3.500000000000000000e+00 2.126580505216562333e-01 2.405657851006802739e-01 8.788150200690996589e-03 6.861671172322265921e-02 4.552339496163364529e-01 3.173574254454938348e-01 2.904237534798576048e-01 4.571578515138934734e-02 8.476294636226924806e-02 3.453031692776226125e-02 2.495108418269757489e-01 2.989572558104424682e-01
-3.000000000000000000e+00 1.599885302741975712e-01 2.187311062783165450e-01 6.720077845383817805e-02 1.454678710669590203e-01 4.400746563601402039e-01 3.239064079040809840e-01 5.026072337611371399e-01 6.684231575018750870e-02 1.600773452224512616e-01 -1.066087390090309506e-01 4.424638037814847547e-01 1.867137262402024378e-01
-2.500000000000000000e+00 2.316957619888471986e-01 2.230280810631884436e-01 1.320282175168010774e-01 9.861433852907065811e-02 3.411320495203006287e-01 2.612209484115187719e-01 4.832521742553294031e-01 -4.462095979608322882e-02 1.703909669983997288e-01 -4.817319320720236941e-02 4.265192420790584471e-01 2.322708493467567914e-01
-2.000000000000000000e+00 2.625742157639366359e-01 1.677756430303075363e-01 1.345850426663603439e-01 -3.839215457462233361e-02 1.546906571750693293e-01 9.585704469230640901e-02 2.016104177956479782e-01 -1.235843566594614501e-01 7.286904937076782440e-02 4.454128752267355607e-02 2.103651395604728691e-01 2.224218180897845065e-01
-1.500000000000000000e+00 3.066162837936430297e-01 2.353660193006028856e-01 8.273581014197875505e-02 4.701429351731176848e-02 2.608184202775532534e-01 2.066843020138634246e-01 1.945652871904187675e-01 1.039532322281369325e-01 1.015805210499867023e-01 1.694267155122023416e-01 1.901556174579240310e-01 2.483757950110309365e-01
-1.000000000000000000e+00 1.689054077921324504e-01 1.424375401749554682e-01 -9.219072606101982870e-02 4.702552542815128384e-02 2.334480320742288173e-01 2.215532782622710029e-01 1.456702145179052943e-01 2.314512649241688147e-01 7.554014519841760478e-02 1.958364611753259932e-01 1.737023336823613207e-01 1.411175151635789549e-01
-5.000000000000000000e-01 1.487940363580536884e-01 1.773449152534418150e-01 -1.554814805953310675e-01 1.992778632225298274e-01 2.136086105306180816e-01 3.144993781143616829e-01 6.929380614699942598e-01 3.008214554863407608e-01 3.121452062239956637e-01 2.735817379486715217e-01 7.560513114046486516e-01 3.875252757554053379e-02
0.000000000000000000e+00 5.801639383919984100e-02 1.219362057099799002e-01 -1.632864682570417669e-01 2.643061921420536420e-01 1.020497030192276666e-01 2.793551129253071252e-01 8.977089557730539848e-01 2.133589535771907020e-01 4.263597113749676981e-01 2.265875559805314854e-01 1.000000000000000000e+00 -7.622971765019351253e-02
5.000000000000000000e-01 -1.390113305729143711e-01 -8.441977426840796550e-02 -3.678227621010174420e-01 -1.495250413245707496e-02 -9.720151001938609481e-02 7.513040127593165196e-02 5.982611883584227908e-01 1.476470997118789485e-01 2.398206505160936919e-01 1.721893193745195061e-01 7.560513114046486516e-01 -2.674463217356100597e-01
1.000000000000000000e+00 -3.026079009333819680e-01 -2.503155104650374163e-01 -4.492464004995218585e-01 -2.487550508105942360e-01 -2.597370588693432292e-01 -1.226066760175090337e-01 5.167665288933112611e-02 6.307286989580070113e-02 6.739041590353475608e-02 5.165177617262906723e-02 1.737023336823613207e-01 -3.602432696187408689e-01
1.500000000000000000e+00 -4.341670222951486968e-01 -3.431044651006852630e-01 -6.745343560847463227e-01 -3.815362648678148894e-01 -3.279385812846886683e-01 -1.742648827604209305e-01 -6.203023814062826047e-03 2.967641042667600731e-02 -4.113121449903048288e-02 -6.143992476482738885e-02 1.901556174579240310e-01 -5.126297875857968034e-01
2.000000000000000000e+00 -3.951964206775918642e-01 -3.030963649372396818e-01 -6.731150789145341484e-01 -3.550469494101963219e-01 -2.731562120782472514e-01 -1.279679390734480837e-01 2.660587323595479253e-02 1.319776012418152206e-02 -8.643103147849745538e-02 -1.339936835101654955e-01 2.103651395604729246e-01 -4.896477222458619494e-01
2.500000000000000000e+00 -5.038255784017905414e-01 -4.026749064443166937e-01 -6.739874833334782434e-01 -3.466058932789261027e-01 -3.056776352634821281e-01 -2.782042446213268128e-01 2.419091377263633547e-01 5.395452197970839608e-02 -1.762455511569861466e-01 -3.414747659072683295e-01 4.265192420790583361e-01 -5.972381080569810763e-01
3.000000000000000000e+00 -5.242394645601714531e-01 -4.364885237458138167e-01 -5.128357398718271787e-01 -2.872128104825823480e-01 -2.859210074848840266e-01 -3.477611239641669183e-01 3.186118147874362760e-01 6.659918683975873943e-02 -2.271553912672650277e-01 -4.403295015346703201e-01 4.424638037814846436e-01 -5.867950775293968579e-01
3.500000000000000000e+00 -5.923415173651501719e-01 -6.579519111863566527e-01 -4.641396673400914330e-01 -5.307834843203691477e-01 -6.082494154643289797e-01 -5.299089802855723175e-01 5.930480795398916649e-02 -2.372736401506439219e-01 -1.922867181218586019e-01 -6.612234619413701608e-01 2.495108418269757489e-01 -7.205874524874888998e-01
4.000000000000000000e+00 -5.057719659905007825e-01 -6.615083720806601564e-01 -3.171848004027099099e-01 -6.040204208312618395e-01 -7.173595115911370890e-01 -5.336884295451322924e-01 -1.634666962318636063e-01 -3.675502125903757911e-01 -8.371904494402951369e-02 -6.880716458552973425e-01 2.632815960317049647e-02 -6.694965567995647682e-01
4.500000000000000000e+00 -4.732366623938494832e-01 -5.995772851102643131e-01 -3.370071759451146454e-01 -6.908375861916697946e-01 -7.399900096879189482e-01 -5.398569527363774601e-01 -3.182946998508116021e-01 -3.700265014943107111e-01 -2.406231536740885413e-01 -5.134235121999528584e-01 -3.482063331180657029e-02 -5.994927426454585984e-01
5.000000000000000000e+00 -3.839186950576360946e-01 -4.165894632203868686e-01 -3.253217460232862845e-01 -5.822192208588750084e-01 -5.732979695057026648e-01 -4.079604689408323770e-01 -3.276561051262049662e-01 -2.170232136694592862e-01 -2.957500826380003445e-01 -2.073676600526282998e-01 -5.751864351841604744e-02 -4.477824862539244166e-01
5.500000000000000000e+00 -5.108581222874541972e-01 -4.706782248905950761e-01 -3.964751261560314211e-01 -5.531520111783543303e-01 -5.393782768093406954e-01 -4.823256486437385582e-01 -1.669314084790782804e-01 -2.007451704860062081e-01 -2.531078717930148603e-01 -3.055969567913224827e-01 9.470126010133673999e-02 -5.683396703686889317e-01
6.000000000000000000e+00 -5.479596023834554241e-01 -4.620942592605215005e-01 -3.533345490265950573e-01 -4.641137899314804471e-01 -4.534622045553402536e-01 -4.951917603463535933e-01 -1.167682940144935434e-02 -2.090956921477100661e-01 -1.946824136790411275e-01 -3.859851734978078097e-01 1.878133315073202414e-01 -5.571076934591270291e-01
6.500000000000000000e+00 -6.235975571125877970e-01 -5.094493185720482265e-01 -3.463592944824868680e-01 -5.573047503736754393e-01 -5.773919337971386012e-01 -5.928615757801094510e-01 -1.264045587366214585e-01 -4.648968104737026819e-01 -2.859312143891293845e-01 -2.837604061982279546e-01 6.962688763859906094e-02 -5.844860194241394691e-01
7.000000000000000000e+00 -5.536716187592043426e-01 -4.874186082020786071e-01 -2.705329501944205850e-01 -5.531049135726273658e-01 -5.758450636011169799e-01 -5.968535831853871709e-01 -3.039468637632588011e-01 -6.016392510236763247e-01 -2.854148452975926453e-01 -1.792030278038383162e-01 -1.480911171527628800e-01 -4.895323657718329002e-01
7.500000000000000000e+00 -6.238861780504493249e-01 -5.734597079880279225e-01 -4.826222286859715438e-01 -6.533617384636269954e-01 -5.102932911872185562e-01 -6.483758183561658672e-01 -6.068176034976560107e-01 -5.658522838075781269e-01 -5.165739867741219182e-01 -1.000571830034219512e-01 -4.500972940937714162e-01 -4.797694311769490905e-01
8.000000000000000000e+00 -5.350886468862360301e-01 -4.856161999305614319e-01 -4.747490709240009266e-01 -5.280098813086714360e-01 -3.124814421647976737e-01 -4.739072207493229549e-01 -6.158847694453035704e-01 -3.300348459439002013e-01 -5.049935509118861354e-01 -4.999221417114322469e-02 -4.771135984636505345e-01 -3.244250947742375324e-01
8.500000000000000000e+00 -4.748383154273834172e-01 -4.983363399640574065e-01 -3.806750471757044951e-01 -4.512075098886683122e-01 -2.009584383400674634e-01 -3.164563592819990001e-01 -2.689914045586387914e-01 -3.738212640863826097e-01 -4.756004016036325943e-01 -1.229280384457325653e-01 -7.337634532774653384e-02 -2.601270409186775545e-01
9.000000000000000000e+00 -3.587143807180052102e-01 -4.315255112758817901e-01 -2.299018368666512213e-01 -3.284227392347515151e-01 -1.294450055316910819e-01 -1.764609383824950195e-01 -3.587335779912880634e-02 -3.400544826810811827e-01 -4.481306075730272509e-01 -1.416912469156132448e-01 1.385829007679398317e-01 -1.671951289548611608e-01
9.500000000000000000e+00 -4.422636613201993971e-01 -4.483488184645419983e-01 -2.058295853039251999e-01 -3.751263379966733869e-01 -3.077416497026373432e-01 -2.564964829732034879e-01 -2.390799750162165838e-01 -4.043204202027322891e-01 -6.595510279366414430e-01 -3.492476728094752458e-02 -1.220970147461211408e-01 -2.420792028269017071e-01
1.000000000000000000e+01 -3.178366942034356324e-01 -2.911005345009253786e-01 -2.562776176216960411e-04 -3.086826706283866684e-01 -2.937545008304976446e-01 -2.299486145644379365e-01 -3.919173681184752733e-01 -4.001072748874072715e-01 -5.893178970874680678e-01 5.971830996290979771e-02 -3.800754368333875144e-01 -1.009912255222449595e-01
