# time shift (tau) 	 correlation coefficient 	 number of simulations: 20000	 FR: True	 RSS: True
-1.000000000000000000e+01 0.000000000000000000e+00
-9.000000000000000000e+00 1.000000000000000000e+00
-8.000000000000000000e+00 5.000000000000000000e+00
-7.000000000000000000e+00 9.000000000000000000e+00
-6.000000000000000000e+00 2.800000000000000000e+01
-5.000000000000000000e+00 5.100000000000000000e+01
-4.000000000000000000e+00 1.150000000000000000e+02
-3.000000000000000000e+00 1.260000000000000000e+02
-2.000000000000000000e+00 9.100000000000000000e+01
-1.000000000000000000e+00 8.500000000000000000e+01
0.000000000000000000e+00 3.900000000000000000e+02
1.000000000000000000e+00 1.743800000000000000e+04
2.000000000000000000e+00 1.421000000000000000e+03
3.000000000000000000e+00 2.140000000000000000e+02
4.000000000000000000e+00 1.500000000000000000e+01
5.000000000000000000e+00 1.000000000000000000e+00
6.000000000000000000e+00 7.000000000000000000e+00
7.000000000000000000e+00 3.000000000000000000e+00
8.000000000000000000e+00 0.000000000000000000e+00
9.000000000000000000e+00 0.000000000000000000e+00
1.000000000000000000e+01 0.000000000000000000e+00
1.100000000000000000e+01 0.000000000000000000e+00
1.200000000000000000e+01 0.000000000000000000e+00
1.300000000000000000e+01 0.000000000000000000e+00
