# time shift (tau) 	 correlation coefficient 	 number of simulations: 20000	 FR: True	 RSS: True
-1.000000000000000000e+01 1.000000000000000000e+00
-9.500000000000000000e+00 1.000000000000000000e+01
-9.000000000000000000e+00 5.000000000000000000e+00
-8.500000000000000000e+00 1.500000000000000000e+01
-8.000000000000000000e+00 1.300000000000000000e+01
-7.500000000000000000e+00 1.000000000000000000e+01
-7.000000000000000000e+00 1.600000000000000000e+01
-6.500000000000000000e+00 9.000000000000000000e+00
-6.000000000000000000e+00 7.000000000000000000e+00
-5.500000000000000000e+00 7.000000000000000000e+00
-5.000000000000000000e+00 1.100000000000000000e+01
-4.500000000000000000e+00 1.200000000000000000e+01
-4.000000000000000000e+00 8.000000000000000000e+00
-3.500000000000000000e+00 1.800000000000000000e+01
-3.000000000000000000e+00 2.200000000000000000e+01
-2.500000000000000000e+00 1.900000000000000000e+01
-2.000000000000000000e+00 1.700000000000000000e+01
-1.500000000000000000e+00 1.180000000000000000e+02
-1.000000000000000000e+00 2.470000000000000000e+02
-5.000000000000000000e-01 5.990000000000000000e+02
0.000000000000000000e+00 8.610000000000000000e+02
5.000000000000000000e-01 4.890000000000000000e+02
1.000000000000000000e+00 3.450000000000000000e+02
1.500000000000000000e+00 4.020000000000000000e+02
2.000000000000000000e+00 4.220000000000000000e+02
2.500000000000000000e+00 3.730000000000000000e+02
3.000000000000000000e+00 4.110000000000000000e+02
3.500000000000000000e+00 3.350000000000000000e+02
4.000000000000000000e+00 4.890000000000000000e+02
4.500000000000000000e+00 6.830000000000000000e+02
5.000000000000000000e+00 2.790000000000000000e+02
5.500000000000000000e+00 2.940000000000000000e+02
6.000000000000000000e+00 2.940000000000000000e+02
6.500000000000000000e+00 5.890000000000000000e+02
7.000000000000000000e+00 8.480000000000000000e+02
7.500000000000000000e+00 3.117000000000000000e+03
8.000000000000000000e+00 1.394000000000000000e+03
8.500000000000000000e+00 5.070000000000000000e+02
9.000000000000000000e+00 5.060000000000000000e+02
9.500000000000000000e+00 5.210000000000000000e+02
1.000000000000000000e+01 3.480000000000000000e+02
1.050000000000000000e+01 8.130000000000000000e+02
1.100000000000000000e+01 1.144000000000000000e+03
1.150000000000000000e+01 1.640000000000000000e+03
1.200000000000000000e+01 3.140000000000000000e+02
1.250000000000000000e+01 2.970000000000000000e+02
1.300000000000000000e+01 1.121000000000000000e+03
