# time shift (tau) 	 correlation coefficient 	 number of simulations: 20000	 FR: True	 RSS: True
-1.000000000000000000e+01 0.000000000000000000e+00
-9.500000000000000000e+00 0.000000000000000000e+00
-9.000000000000000000e+00 0.000000000000000000e+00
-8.500000000000000000e+00 0.000000000000000000e+00
-8.000000000000000000e+00 0.000000000000000000e+00
-7.500000000000000000e+00 2.000000000000000000e+00
-7.000000000000000000e+00 1.000000000000000000e+00
-6.500000000000000000e+00 3.000000000000000000e+00
-6.000000000000000000e+00 6.000000000000000000e+00
-5.500000000000000000e+00 5.000000000000000000e+00
-5.000000000000000000e+00 3.000000000000000000e+00
-4.500000000000000000e+00 1.400000000000000000e+01
-4.000000000000000000e+00 1.300000000000000000e+01
-3.500000000000000000e+00 1.400000000000000000e+01
-3.000000000000000000e+00 4.300000000000000000e+01
-2.500000000000000000e+00 3.500000000000000000e+01
-2.000000000000000000e+00 6.400000000000000000e+01
-1.500000000000000000e+00 1.000000000000000000e+02
-1.000000000000000000e+00 9.900000000000000000e+01
-5.000000000000000000e-01 1.160000000000000000e+02
0.000000000000000000e+00 2.320000000000000000e+02
5.000000000000000000e-01 4.591000000000000000e+03
1.000000000000000000e+00 9.914000000000000000e+03
1.500000000000000000e+00 1.515000000000000000e+03
2.000000000000000000e+00 1.580000000000000000e+02
2.500000000000000000e+00 1.360000000000000000e+02
3.000000000000000000e+00 4.510000000000000000e+02
3.500000000000000000e+00 4.180000000000000000e+02
4.000000000000000000e+00 3.110000000000000000e+02
4.500000000000000000e+00 3.560000000000000000e+02
5.000000000000000000e+00 3.040000000000000000e+02
5.500000000000000000e+00 2.740000000000000000e+02
6.000000000000000000e+00 1.500000000000000000e+02
6.500000000000000000e+00 4.400000000000000000e+01
7.000000000000000000e+00 1.390000000000000000e+02
7.500000000000000000e+00 6.300000000000000000e+01
8.000000000000000000e+00 3.100000000000000000e+01
8.500000000000000000e+00 1.200000000000000000e+01
9.000000000000000000e+00 6.200000000000000000e+01
9.500000000000000000e+00 2.300000000000000000e+01
1.000000000000000000e+01 1.600000000000000000e+01
1.050000000000000000e+01 0.000000000000000000e+00
1.100000000000000000e+01 0.000000000000000000e+00
1.150000000000000000e+01 0.000000000000000000e+00
1.200000000000000000e+01 3.800000000000000000e+01
1.250000000000000000e+01 8.100000000000000000e+01
1.300000000000000000e+01 1.630000000000000000e+02
