# time shift (tau) 	 correlation coefficient 	 number of simulations: 20000	 FR: True	 RSS: True
-1.000000000000000000e+01 1.700000000000000000e+02
-9.500000000000000000e+00 1.000000000000000000e+01
-9.000000000000000000e+00 6.000000000000000000e+00
-8.500000000000000000e+00 3.000000000000000000e+00
-8.000000000000000000e+00 2.100000000000000000e+01
-7.500000000000000000e+00 3.300000000000000000e+01
-7.000000000000000000e+00 0.000000000000000000e+00
-6.500000000000000000e+00 1.000000000000000000e+00
-6.000000000000000000e+00 7.000000000000000000e+00
-5.500000000000000000e+00 3.000000000000000000e+01
-5.000000000000000000e+00 1.310000000000000000e+02
-4.500000000000000000e+00 2.400000000000000000e+01
-4.000000000000000000e+00 3.200000000000000000e+01
-3.500000000000000000e+00 2.000000000000000000e+00
-3.000000000000000000e+00 3.000000000000000000e+00
-2.500000000000000000e+00 1.000000000000000000e+00
-2.000000000000000000e+00 0.000000000000000000e+00
-1.500000000000000000e+00 0.000000000000000000e+00
-1.000000000000000000e+00 0.000000000000000000e+00
-5.000000000000000000e-01 9.000000000000000000e+00
0.000000000000000000e+00 3.480000000000000000e+02
5.000000000000000000e-01 9.830000000000000000e+03
1.000000000000000000e+00 8.515000000000000000e+03
1.500000000000000000e+00 5.640000000000000000e+02
2.000000000000000000e+00 5.700000000000000000e+01
2.500000000000000000e+00 8.000000000000000000e+00
3.000000000000000000e+00 1.000000000000000000e+00
3.500000000000000000e+00 3.000000000000000000e+00
4.000000000000000000e+00 0.000000000000000000e+00
4.500000000000000000e+00 1.000000000000000000e+00
5.000000000000000000e+00 0.000000000000000000e+00
5.500000000000000000e+00 2.000000000000000000e+00
6.000000000000000000e+00 0.000000000000000000e+00
6.500000000000000000e+00 0.000000000000000000e+00
7.000000000000000000e+00 1.000000000000000000e+00
7.500000000000000000e+00 4.000000000000000000e+00
8.000000000000000000e+00 1.000000000000000000e+00
8.500000000000000000e+00 1.000000000000000000e+00
9.000000000000000000e+00 0.000000000000000000e+00
9.500000000000000000e+00 0.000000000000000000e+00
1.000000000000000000e+01 0.000000000000000000e+00
1.050000000000000000e+01 0.000000000000000000e+00
1.100000000000000000e+01 0.000000000000000000e+00
1.150000000000000000e+01 0.000000000000000000e+00
1.200000000000000000e+01 1.000000000000000000e+00
1.250000000000000000e+01 4.000000000000000000e+00
1.300000000000000000e+01 2.900000000000000000e+01
1.350000000000000000e+01 8.500000000000000000e+01
1.400000000000000000e+01 1.700000000000000000e+01
1.450000000000000000e+01 0.000000000000000000e+00
1.500000000000000000e+01 4.500000000000000000e+01
