# time shift (tau) 	 correlation coefficient 	 number of simulations: 20000	 FR: True	 RSS: True
-1.000000000000000000e+01 2.000000000000000000e+00
-9.500000000000000000e+00 3.200000000000000000e+01
-9.000000000000000000e+00 3.700000000000000000e+01
-8.500000000000000000e+00 1.300000000000000000e+01
-8.000000000000000000e+00 0.000000000000000000e+00
-7.500000000000000000e+00 5.800000000000000000e+01
-7.000000000000000000e+00 1.900000000000000000e+01
-6.500000000000000000e+00 4.200000000000000000e+01
-6.000000000000000000e+00 4.000000000000000000e+00
-5.500000000000000000e+00 0.000000000000000000e+00
-5.000000000000000000e+00 0.000000000000000000e+00
-4.500000000000000000e+00 2.000000000000000000e+00
-4.000000000000000000e+00 5.000000000000000000e+00
-3.500000000000000000e+00 2.000000000000000000e+00
-3.000000000000000000e+00 0.000000000000000000e+00
-2.500000000000000000e+00 1.000000000000000000e+00
-2.000000000000000000e+00 6.000000000000000000e+00
-1.500000000000000000e+00 2.660000000000000000e+02
-1.000000000000000000e+00 3.390000000000000000e+02
-5.000000000000000000e-01 1.081000000000000000e+03
0.000000000000000000e+00 6.500000000000000000e+02
5.000000000000000000e-01 6.040000000000000000e+02
1.000000000000000000e+00 2.320000000000000000e+02
1.500000000000000000e+00 3.180000000000000000e+02
2.000000000000000000e+00 1.500000000000000000e+02
2.500000000000000000e+00 7.600000000000000000e+01
3.000000000000000000e+00 1.970000000000000000e+02
3.500000000000000000e+00 1.030000000000000000e+02
4.000000000000000000e+00 4.730000000000000000e+02
4.500000000000000000e+00 8.200000000000000000e+02
5.000000000000000000e+00 1.450000000000000000e+02
5.500000000000000000e+00 1.090000000000000000e+02
6.000000000000000000e+00 5.300000000000000000e+01
6.500000000000000000e+00 6.010000000000000000e+02
7.000000000000000000e+00 1.069000000000000000e+03
7.500000000000000000e+00 3.415000000000000000e+03
8.000000000000000000e+00 1.435000000000000000e+03
8.500000000000000000e+00 4.960000000000000000e+02
9.000000000000000000e+00 1.230000000000000000e+02
9.500000000000000000e+00 4.230000000000000000e+02
1.000000000000000000e+01 2.730000000000000000e+02
1.050000000000000000e+01 7.880000000000000000e+02
1.100000000000000000e+01 1.175000000000000000e+03
1.150000000000000000e+01 2.343000000000000000e+03
1.200000000000000000e+01 4.100000000000000000e+02
1.250000000000000000e+01 2.580000000000000000e+02
1.300000000000000000e+01 1.352000000000000000e+03
