# time shift (tau) 	 correlation coefficient 	 number of simulations: 20000	 FR: True	 RSS: True
-1.000000000000000000e+01 1.008000000000000000e+03
-9.500000000000000000e+00 7.190000000000000000e+02
-9.000000000000000000e+00 1.600000000000000000e+02
-8.500000000000000000e+00 1.270000000000000000e+02
-8.000000000000000000e+00 5.000000000000000000e+01
-7.500000000000000000e+00 1.100000000000000000e+01
-7.000000000000000000e+00 5.000000000000000000e+00
-6.500000000000000000e+00 5.000000000000000000e+00
-6.000000000000000000e+00 7.000000000000000000e+00
-5.500000000000000000e+00 6.000000000000000000e+00
-5.000000000000000000e+00 1.400000000000000000e+01
-4.500000000000000000e+00 5.000000000000000000e+00
-4.000000000000000000e+00 1.000000000000000000e+00
-3.500000000000000000e+00 7.000000000000000000e+00
-3.000000000000000000e+00 0.000000000000000000e+00
-2.500000000000000000e+00 1.000000000000000000e+00
-2.000000000000000000e+00 1.000000000000000000e+00
-1.500000000000000000e+00 3.000000000000000000e+00
-1.000000000000000000e+00 0.000000000000000000e+00
-5.000000000000000000e-01 0.000000000000000000e+00
0.000000000000000000e+00 1.000000000000000000e+00
5.000000000000000000e-01 0.000000000000000000e+00
1.000000000000000000e+00 1.300000000000000000e+01
1.500000000000000000e+00 2.000000000000000000e+00
2.000000000000000000e+00 2.000000000000000000e+00
2.500000000000000000e+00 7.060000000000000000e+02
3.000000000000000000e+00 2.626000000000000000e+03
3.500000000000000000e+00 4.845000000000000000e+03
4.000000000000000000e+00 2.008000000000000000e+03
4.500000000000000000e+00 3.590000000000000000e+02
5.000000000000000000e+00 1.029000000000000000e+03
5.500000000000000000e+00 7.370000000000000000e+02
6.000000000000000000e+00 7.710000000000000000e+02
6.500000000000000000e+00 2.160000000000000000e+03
7.000000000000000000e+00 7.110000000000000000e+02
7.500000000000000000e+00 4.910000000000000000e+02
8.000000000000000000e+00 3.100000000000000000e+01
8.500000000000000000e+00 1.300000000000000000e+01
9.000000000000000000e+00 8.000000000000000000e+00
9.500000000000000000e+00 8.600000000000000000e+01
1.000000000000000000e+01 3.480000000000000000e+02
1.050000000000000000e+01 3.040000000000000000e+02
1.100000000000000000e+01 1.270000000000000000e+02
1.150000000000000000e+01 1.130000000000000000e+02
1.200000000000000000e+01 4.500000000000000000e+01
1.250000000000000000e+01 5.700000000000000000e+01
1.300000000000000000e+01 1.800000000000000000e+01
1.350000000000000000e+01 4.000000000000000000e+00
1.400000000000000000e+01 4.000000000000000000e+00
1.450000000000000000e+01 4.400000000000000000e+01
1.500000000000000000e+01 2.070000000000000000e+02
